3.261000e+01  2.000000e+01
3.263866e+01  2.010000e+01
3.266733e+01  2.020000e+01
3.269599e+01  2.030000e+01
3.272466e+01  2.040000e+01
3.275333e+01  2.050000e+01
3.278200e+01  2.060000e+01
3.281068e+01  2.070000e+01
3.283936e+01  2.080000e+01
3.286805e+01  2.090000e+01
3.289674e+01  2.100000e+01
3.292544e+01  2.110000e+01
3.295415e+01  2.120000e+01
3.298287e+01  2.130000e+01
3.301159e+01  2.140000e+01
3.304032e+01  2.150000e+01
3.306907e+01  2.160000e+01
3.309782e+01  2.170000e+01
3.312657e+01  2.180000e+01
3.315533e+01  2.190000e+01
3.318410e+01  2.200000e+01
3.321287e+01  2.210000e+01
3.324165e+01  2.220000e+01
3.327043e+01  2.230000e+01
3.329921e+01  2.240000e+01
3.332799e+01  2.250000e+01
3.335678e+01  2.260000e+01
3.338556e+01  2.270000e+01
3.341434e+01  2.280000e+01
3.344313e+01  2.290000e+01
3.347191e+01  2.300000e+01
3.350068e+01  2.310000e+01
3.352946e+01  2.320000e+01
3.355823e+01  2.330000e+01
3.358699e+01  2.340000e+01
3.361575e+01  2.350000e+01
3.364450e+01  2.360000e+01
3.367325e+01  2.370000e+01
3.370198e+01  2.380000e+01
3.373071e+01  2.390000e+01
3.375943e+01  2.400000e+01
3.378814e+01  2.410000e+01
3.381684e+01  2.420000e+01
3.384552e+01  2.430000e+01
3.387420e+01  2.440000e+01
3.390286e+01  2.450000e+01
3.393151e+01  2.460000e+01
3.396014e+01  2.470000e+01
3.398876e+01  2.480000e+01
3.401736e+01  2.490000e+01
3.404594e+01  2.500000e+01
3.407451e+01  2.510000e+01
3.410307e+01  2.520000e+01
3.413161e+01  2.530000e+01
3.416014e+01  2.540000e+01
3.418865e+01  2.550000e+01
3.421715e+01  2.560000e+01
3.424563e+01  2.570000e+01
3.427411e+01  2.580000e+01
3.430257e+01  2.590000e+01
3.433102e+01  2.600000e+01
3.435946e+01  2.610000e+01
3.438789e+01  2.620000e+01
3.441631e+01  2.630000e+01
3.444472e+01  2.640000e+01
3.447312e+01  2.650000e+01
3.450151e+01  2.660000e+01
3.452990e+01  2.670000e+01
3.455827e+01  2.680000e+01
3.458664e+01  2.690000e+01
3.461500e+01  2.700000e+01
3.464336e+01  2.710000e+01
3.467171e+01  2.720000e+01
3.470005e+01  2.730000e+01
3.472839e+01  2.740000e+01
3.475673e+01  2.750000e+01
3.478506e+01  2.760000e+01
3.481339e+01  2.770000e+01
3.484171e+01  2.780000e+01
3.487004e+01  2.790000e+01
3.489836e+01  2.800000e+01
3.492668e+01  2.810000e+01
3.495499e+01  2.820000e+01
3.498331e+01  2.830000e+01
