25.0  20.00  0.00  1.170000  373.564014  1172590.589840  1071336.000000  0.239170  4.128200  0.000020
25.0  20.00  -120.00  1.170000  226.665590  1105138.338680  1015433.000000  0.132780  7.340600  0.000001
25.0  20.00  -160.00  1.170000  181.724463  1082147.238543  994977.000000  0.103149  8.891101  0.000009
mu   292
25.0  20.00  -200.00  1.170000  160.950458  1053869.428662  970143.000000  0.087800  10.432200  0.000071
25.0  20.00  -40.00  1.170000  356.052045  1157597.231746  1059770.000000  0.223600  4.771000  0.000010
25.0  20.00  40.00  1.170000  385.330021  1176918.062477  1074414.000000  0.248070  3.764400  0.000109
25.0  20.00  -80.00  1.170000  320.358465  1123809.928114  1032112.000000  0.192441  5.749410  0.000000
25.0  30.00  0.00  1.170000  321.779056  1181954.631957  1083845.000000  0.208488  5.372520  0.000050
25.0  30.00  -120.00  1.170000  132.216726  1121419.496798  1030029.000000  0.079170  9.531889  0.000011
25.0  30.00  -160.00  1.170000  119.759305  1103850.078251  1013986.000000  0.070032  10.660798  0.000097
25.0  30.00  -200.00  1.170000  116.971171  1081231.662243  993840.000000  0.066310  11.831611  0.000089
25.0  30.00  -40.00  1.170000  213.338530  1175407.605122  1076742.000000  0.137080  6.423521  0.000079
25.0  30.00  40.00  1.170000  350.267227  1193940.619982  1092560.000000  0.230407  4.610110  0.000020
25.0  30.00  -80.00  1.170000  158.290629  1158488.283926  1061543.000000  0.099521  7.858320  0.000110
25.0  40.00  0.00  1.170000  159.212824  1199181.514468  1099992.000000  0.105421  7.014109  0.000009
25.0  40.00  -120.00  1.170000  92.300379  1159534.129224  1063047.000000  0.058110  10.215710  0.000021
25.0  40.00  -160.00  1.170000  93.713074  1121627.121764  1030675.000000  0.056130  11.391300  0.000000
25.0  40.00  -200.00  1.170000  100.929596  1100345.002551  1010612.000000  0.058740  11.661699  0.000101
25.0  40.00  -40.00  1.170000  120.490236  1178142.578136  1081796.000000  0.077691  8.465310  0.000000
25.0  40.00  -80.00  1.170000  100.259647  1176361.986845  1078522.000000  0.064500  9.308220  0.000069
25.0  50.00  0.00  1.170000  96.776167  1219069.374202  1119596.000000  0.065680  8.139511  0.000012
25.0  50.00  -40.00  1.170000  80.761764  1196405.897752  1099796.000000  0.053290  9.216420  0.000010
25.0  50.00  40.00  1.170000  128.770853  1227552.953986  1127506.000000  0.088308  7.018699  0.000069
25.0  50.00  -80.00  1.170000  74.549234  1192986.812786  1095170.000000  0.048980  9.636000  0.000000
26.0  20.00  0.00  1.170000  382.572835  1179324.938187  1071779.000000  0.247051  3.604900  0.000070
26.0  20.00  -120.00  1.170000  253.345439  1107828.465265  1013477.000000  0.148951  6.659300  0.000000
26.0  20.00  -160.00  1.170000  205.562773  1097796.085319  1003810.000000  0.119220  7.915101  0.000079
26.0  20.00  -200.00  1.170000  182.690323  1061966.037857  973124.000000  0.100810  9.539900  0.000000
26.0  20.00  -40.00  1.170000  364.735612  1161222.105302  1057739.000000  0.230130  4.261731  0.000031
26.0  20.00  40.00  1.170000  395.117023  1182618.231851  1073915.000000  0.256221  3.242200  0.000020
26.0  20.00  -80.00  1.170000  334.598097  1130238.806484  1032895.000000  0.202722  5.207300  0.000010
WARNING: -ve dp/drho occurs in EoSs/eos_LQDROP_SkXi450_26.0_30.00_0.00_2.2_Imid_.dat
WARNING: -ve dp/drho occurs in EoSs/eos_LQDROP_SkXi450_26.0_30.00_0.00_2.2_Imid_.dat
WARNING: -ve dp/drho occurs in EoSs/eos_LQDROP_SkXi450_26.0_30.00_0.00_2.2_Imid_.dat
WARNING: -ve dp/drho occurs in EoSs/eos_LQDROP_SkXi450_26.0_30.00_0.00_2.2_Imid_.dat
WARNING: -ve dp/drho occurs in EoSs/eos_LQDROP_SkXi450_26.0_30.00_0.00_2.2_Imid_.dat
WARNING: -ve dp/drho occurs in EoSs/eos_LQDROP_SkXi450_26.0_30.00_0.00_2.2_Imid_.dat
WARNING: -ve dp/drho occurs in EoSs/eos_LQDROP_SkXi450_26.0_30.00_0.00_2.2_Imid_.dat
WARNING: -ve dp/drho occurs in EoSs/eos_LQDROP_SkXi450_26.0_30.00_0.00_2.2_Imid_.dat
WARNING: -ve dp/drho occurs in EoSs/eos_LQDROP_SkXi450_26.0_30.00_0.00_2.2_Imid_.dat
WARNING: -ve dp/drho occurs in EoSs/eos_LQDROP_SkXi450_26.0_30.00_0.00_2.2_Imid_.dat
26.0  30.00  0.00  1.170000  337.622403  1184545.705998  1080569.000000  0.219473  4.681500  0.000010
26.0  30.00  -120.00  1.170000  151.197218  1126901.477821  1029741.000000  0.091200  8.793390  0.000000
26.0  30.00  -160.00  1.170000  136.777191  1108779.914134  1013357.000000  0.080520  9.950771  0.000051
26.0  30.00  -200.00  1.170000  132.720330  1084792.016752  992608.000000  0.075610  11.231291  0.000089
26.0  30.00  -40.00  1.170000  232.523375  1181289.119234  1076346.000000  0.150530  5.841310  0.000020
26.0  30.00  40.00  1.169999  357.444486  1197096.044766  1090023.000000  0.236061  4.119381  0.000019
26.0  30.00  -80.00  1.170000  177.733091  1164735.216724  1061661.000000  0.112650  7.195199  0.000001
26.0  40.00  0.00  1.170000  172.750236  1200196.489916  1095653.000000  0.114530  6.709110  0.000000
26.0  40.00  -120.00  1.170000  105.295368  1165574.562921  1063026.000000  0.066810  9.803511  0.000020
26.0  40.00  -160.00  1.170000  107.487609  1128581.230543  1031096.000000  0.064980  10.884800  0.000090
26.0  40.00  -200.00  1.170000  114.457997  1107893.165702  1011734.000000  0.067300  11.401010  0.000099
26.0  40.00  -40.00  1.170000  134.475010  1186928.552550  1083676.000000  0.087680  7.940010  0.000010
26.0  40.00  40.00  1.170000  244.355271  1214463.735610  1107897.000000  0.164900  5.306200  0.000010
26.0  40.00  -80.00  1.170000  114.427268  1179295.562434  1076008.000000  0.073890  8.944990  0.000021
26.0  50.00  0.00  1.170000  105.265611  1223029.364417  1117348.000000  0.071790  8.032198  0.000078
26.0  50.00  -120.00  1.170000  86.290053  1183373.390256  1080081.000000  0.056010  10.175490  0.000000
26.0  50.00  -160.00  1.170000  94.788017  1167084.788815  1063587.000000  0.060260  10.207591  0.000090
26.0  50.00  -40.00  1.170000  90.975806  1200791.238146  1097991.000000  0.060360  9.127899  0.000088
26.0  50.00  40.00  1.170000  134.823364  1237731.454527  1130400.000000  0.093611  6.875880  0.000020
26.0  50.00  -80.00  1.170000  85.475774  1197247.239289  1093343.000000  0.056460  9.732819  0.000001
26.0  60.00  0.00  1.170000  75.170491  1235950.286812  1131427.000000  0.052080  8.527499  0.000001
26.0  60.00  -40.00  1.170000  72.573445  1219661.581466  1115977.000000  0.049290  8.935890  0.000020
26.0  60.00  40.00  1.170000  87.977414  1248719.504290  1142992.000000  0.061900  7.771900  0.000061
27.0  20.00  0.00  1.170000  391.651054  1181831.497277  1068866.000000  0.253720  3.109110  0.000010
27.0  20.00  -120.00  1.169999  279.845589  1114817.190161  1014837.000000  0.166091  5.858100  0.000018
27.0  20.00  -160.00  1.170000  232.951777  1093812.355198  996323.000000  0.134370  7.157470  0.000030
27.0  20.00  -200.00  1.170000  206.250911  1065751.609217  972235.000000  0.114420  8.581100  0.000000
27.0  20.00  -40.00  1.170000  372.677759  1170090.433457  1059889.000000  0.237840  3.681990  0.000090
27.0  20.00  40.00  1.170000  403.709736  1190639.321785  1075559.000000  0.264461  2.712000  0.000010
27.0  20.00  -80.00  1.170000  341.172978  1150216.014279  1044058.000000  0.212210  4.475211  0.000000
27.0  30.00  0.00  1.170000  342.504013  1190336.617183  1079987.000000  0.224281  4.223890  0.000089
27.0  30.00  -120.00  1.170000  172.105285  1133683.421969  1030656.000000  0.104750  7.997700  0.000080
27.0  30.00  -160.00  1.170000  154.366227  1115654.154415  1015042.000000  0.091721  9.269109  0.000081
27.0  30.00  -200.00  1.170000  149.263346  1093072.951437  995071.000000  0.086010  10.355320  0.000030
27.0  30.00  -40.00  1.170000  253.112491  1186627.999706  1075828.000000  0.164971  5.248500  0.000020
27.0  30.00  40.00  1.170000  364.869365  1201945.017997  1088687.000000  0.242430  3.620720  0.000010
27.0  30.00  -80.00  1.170000  200.069419  1167567.916906  1059327.000000  0.127270  6.565010  0.000010
27.0  40.00  0.00  1.170000  189.454684  1205193.624310  1094147.000000  0.126390  6.144310  0.000010
27.0  40.00  -120.00  1.170000  120.072822  1168374.660981  1060619.000000  0.076461  9.383599  0.000001
27.0  40.00  -160.00  1.170000  119.727295  1134619.701921  1031927.000000  0.072961  10.582290  0.000080
27.0  40.00  -200.00  1.170000  125.222530  1114709.741113  1013321.000000  0.074310  11.127090  0.000090
27.0  40.00  -40.00  1.170000  151.991503  1188755.887522  1080033.000000  0.099330  7.436100  0.000022
27.0  40.00  40.00  1.170000  255.407959  1218970.707271  1106073.000000  0.173319  4.890580  0.000030
27.0  40.00  -80.00  1.170000  130.171172  1184934.169223  1075470.000000  0.084660  8.383501  0.000003
27.0  50.00  0.00  1.170000  118.666695  1221624.751581  1110787.000000  0.080790  7.788510  0.000610
27.0  50.00  -120.00  1.170000  97.657137  1188629.005829  1079074.000000  0.063811  10.067510  0.000010
27.0  50.00  -160.00  1.169999  103.116993  1170346.091124  1061367.000000  0.065830  10.251090  0.000089
27.0  50.00  -200.00  1.170000  114.896077  1132816.047875  1028239.000000  0.069850  10.601821  0.000068
27.0  50.00  -40.00  1.170000  103.203288  1205666.016080  1096429.000000  0.068890  8.755511  0.000011
27.0  50.00  40.00  1.170000  146.072712  1235275.832581  1122834.000000  0.101120  6.669090  0.000020
27.0  50.00  -80.00  1.169999  96.989315  1202410.202479  1092129.000000  0.064480  9.425011  0.000001
27.0  60.00  0.00  1.170000  82.705945  1246271.382061  1134286.000000  0.058020  8.526600  0.000001
27.0  60.00  -40.00  1.170000  78.927710  1222910.639363  1114146.000000  0.053820  9.283308  0.000007
27.0  60.00  40.00  1.170000  95.472392  1251526.264188  1139891.000000  0.067400  7.818510  0.000009
27.0  60.00  -80.00  1.170000  83.987397  1208788.720679  1099712.000000  0.056281  9.514610  0.000092
27.0  70.00  40.00  1.170000  70.957142  1278315.739550  1165066.000000  0.051710  7.751900  0.000200
28.0  20.00  0.00  1.170000  399.772503  1187631.343120  1068575.000000  0.260890  2.563600  0.000000
28.0  20.00  -120.00  1.170000  305.035368  1119617.809524  1014309.000000  0.182212  5.117932  0.000111
28.0  20.00  -160.00  1.169999  258.454488  1101427.366655  998452.000000  0.150640  6.338900  0.000119
28.0  20.00  -200.00  1.170000  231.334814  1074340.026938  975606.000000  0.129890  7.675409  0.000509
28.0  20.00  -40.00  1.170000  381.184747  1176210.210092  1059648.000000  0.245180  3.090000  0.000011
28.0  20.00  40.00  1.170000  411.940462  1195770.338917  1074759.000000  0.271599  2.184420  0.000020
28.0  20.00  -80.00  1.170000  351.643914  1158709.282379  1045972.000000  0.221150  3.842590  0.000100
28.0  30.00  0.00  1.170000  344.452139  1192247.427561  1076295.000000  0.226100  3.785810  0.000020
28.0  30.00  -120.00  1.170000  193.519954  1141915.292426  1032678.000000  0.119069  7.152102  0.000069
28.0  30.00  -160.00  1.170000  175.674501  1119634.449909  1013536.000000  0.104941  8.351020  0.000008
28.0  30.00  -200.00  1.170000  166.930133  1106515.512004  1001446.000000  0.097970  9.312700  0.000010
28.0  30.00  -40.00  1.170000  275.809401  1192767.210442  1075426.000000  0.181161  4.553301  0.000018
28.0  30.00  40.00  1.170000  370.679745  1212529.318463  1091576.000000  0.249551  3.016190  0.000000
28.0  30.00  -80.00  1.170000  223.556893  1173695.216528  1059477.000000  0.143332  5.824110  0.000020
28.0  40.00  0.00  1.170000  208.318981  1209676.719988  1092630.000000  0.139751  5.595201  0.000009
28.0  40.00  -120.00  1.170000  136.265994  1176863.370622  1062270.000000  0.087720  8.627000  0.000011
28.0  40.00  -160.00  1.170000  134.555325  1138149.180315  1030121.000000  0.082380  9.930211  0.000000
28.0  40.00  -200.00  1.170000  138.021336  1118017.909451  1011852.000000  0.082270  10.645700  0.000000
28.0  40.00  -40.00  1.170000  170.276499  1193887.550055  1079113.000000  0.112001  6.812280  0.000009
28.0  40.00  40.00  1.170000  270.766258  1223251.672007  1104042.000000  0.184710  4.371100  0.000020
28.0  40.00  -80.00  1.170000  148.210634  1190480.706277  1074831.000000  0.097070  7.725800  0.000011
28.0  50.00  0.00  1.170000  132.757359  1227446.408961  1109957.000000  0.091030  7.308520  0.000011
28.0  50.00  -120.00  1.170000  109.164009  1191395.693725  1076418.000000  0.071579  9.789401  0.000081
28.0  50.00  -160.00  1.169999  114.115358  1175466.588221  1061132.000000  0.073330  10.244990  0.000020
28.0  50.00  -200.00  1.170000  125.660776  1138795.920357  1028684.000000  0.077000  10.687700  0.000000
28.0  50.00  -40.00  1.170000  116.930258  1211806.071586  1096255.000000  0.078650  8.339010  0.000020
28.0  50.00  40.00  1.170000  161.745630  1239833.789750  1120359.000000  0.112590  6.149592  0.000038
28.0  50.00  -80.00  1.170000  110.198529  1196357.564433  1082423.000000  0.072709  9.209000  0.000790
28.0  60.00  0.00  1.170000  94.027715  1249513.022045  1131236.000000  0.066220  8.343910  0.000000
28.0  60.00  -120.00  1.169999  98.571460  1213018.776999  1094346.000000  0.066401  9.532700  0.000090
28.0  60.00  -40.00  1.170000  90.709932  1226280.258734  1111322.000000  0.062110  9.324900  0.000012
28.0  60.00  40.00  1.170000  106.719097  1255744.910366  1137684.000000  0.075721  7.627991  0.000000
28.0  60.00  -80.00  1.170000  91.202573  1217791.340116  1102162.000000  0.061800  9.548311  0.000021
28.0  70.00  0.00  1.170000  76.001001  1258918.832128  1142230.000000  0.054130  8.645099  0.000019
28.0  70.00  -40.00  1.170000  79.418278  1246067.977132  1129130.000000  0.055700  8.728680  0.000010
28.0  70.00  40.00  1.170000  77.513635  1270032.452345  1152969.000000  0.055940  8.161280  0.000020
29.0  20.00  0.00  1.170000  407.593212  1193245.139538  1068143.000000  0.267882  1.994111  0.000011
29.0  20.00  -120.00  1.170000  327.195604  1126902.661229  1015763.000000  0.197360  4.351420  0.000010
29.0  20.00  -160.00  1.170000  283.996293  1105784.204043  998105.000000  0.166510  5.488601  0.000009
29.0  20.00  -200.00  1.170000  255.887148  1082675.440453  978472.000000  0.145351  6.661900  0.000011
29.0  20.00  -40.00  1.170000  390.415545  1179435.172145  1057524.000000  0.252151  2.530410  0.000000
29.0  20.00  40.00  1.170000  420.464755  1196632.252656  1070445.000000  0.277519  1.648111  0.000011
29.0  20.00  -80.00  1.170000  363.939100  1163185.385044  1044765.000000  0.230210  3.225902  0.000009
29.0  30.00  0.00  1.170000  352.477109  1197269.385101  1075048.000000  0.232831  3.214800  0.000020
29.0  30.00  -120.00  1.170000  216.791793  1148135.172696  1033164.000000  0.134479  6.310402  0.000092
29.0  30.00  -160.00  1.170000  196.870454  1126841.700564  1014854.000000  0.118740  7.442100  0.000000
29.0  30.00  -200.00  1.170000  186.882933  1105168.370158  996236.000000  0.109480  8.502299  0.000099
29.0  30.00  -40.00  1.169999  297.741874  1198103.943587  1074907.000000  0.196881  3.908510  0.000009
29.0  30.00  40.00  1.170000  377.725201  1220199.849290  1092476.000000  0.256711  2.440000  0.000099
29.0  30.00  -80.00  1.169999  246.789979  1179736.151851  1059403.000000  0.159451  5.049780  0.000060
29.0  40.00  0.00  1.170000  229.096315  1214501.979582  1091233.000000  0.154610  4.947003  0.000073
29.0  40.00  -120.00  1.170000  154.358076  1180992.265216  1060367.000000  0.099890  7.858220  0.000010
29.0  40.00  -160.00  1.170000  151.389373  1146513.038715  1032037.000000  0.093710  9.075100  0.000299
29.0  40.00  -200.00  1.170000  151.920579  1125127.369643  1013304.000000  0.091420  9.950120  0.000010
29.0  40.00  -40.00  1.170000  191.645778  1199072.889876  1077935.000000  0.126879  6.058501  0.000001
29.0  40.00  40.00  1.170000  289.244658  1228719.697523  1103370.000000  0.198640  3.827911  0.000020
29.0  40.00  -80.00  1.169999  166.413700  1196153.449949  1074262.000000  0.109772  6.970500  0.000001
29.0  50.00  0.00  1.170000  149.709930  1231873.262482  1107854.000000  0.103210  6.697090  0.000019
29.0  50.00  -120.00  1.170000  122.438498  1200055.432715  1077942.000000  0.081160  9.150882  0.000050
29.0  50.00  -160.00  1.170000  125.677164  1182543.839368  1061102.000000  0.081490  9.518902  0.000022
29.0  50.00  -200.00  1.170000  136.342586  1145552.453098  1029440.000000  0.084290  10.239190  0.000100
29.0  50.00  -40.00  1.170000  133.491520  1216395.049287  1094602.000000  0.090300  7.762001  0.000000
29.0  50.00  40.00  1.169999  177.633531  1244318.671490  1118799.000000  0.124321  5.653899  0.000022
29.0  50.00  -80.00  1.170000  124.798145  1205029.716561  1084062.000000  0.083239  8.599501  0.000071
29.0  60.00  0.00  1.170000  107.086512  1246144.220683  1122978.000000  0.075112  8.094201  0.000081
29.0  60.00  -120.00  1.170000  107.051704  1213999.131677  1090815.000000  0.072201  9.569210  0.000040
29.0  60.00  -160.00  1.169999  115.573341  1201628.174620  1077288.000000  0.076760  9.592500  0.000020
29.0  60.00  -40.00  1.170000  102.261964  1230598.837066  1109184.000000  0.070390  8.872600  0.000000
29.0  60.00  40.00  1.170000  119.617468  1266828.506901  1140455.000000  0.085999  7.088500  0.000001
29.0  60.00  -80.00  1.170000  102.129902  1219497.731604  1098532.000000  0.069350  9.563699  0.000001
29.0  70.00  0.00  1.170000  83.350892  1270292.406752  1146005.000000  0.060171  8.589490  0.000079
29.0  70.00  -40.00  1.170000  85.816711  1256844.371716  1132577.000000  0.060970  8.826400  0.000000
29.0  70.00  40.00  1.170000  87.516463  1273798.960018  1150473.000000  0.063440  8.138779  0.000031
29.0  70.00  -80.00  1.170000  94.124825  1235798.077599  1112229.000000  0.065200  9.064000  0.000011
29.0  80.00  40.00  1.170000  72.402207  1290510.325062  1167762.000000  0.053520  8.160999  0.000001
30.0  20.00  0.00  1.170000  414.315139  1202051.950997  1069537.000000  0.275320  1.286110  0.000001
30.0  20.00  -120.00  1.170000  347.112163  1129113.983463  1013411.000000  0.209990  3.667930  0.000030
30.0  20.00  -160.00  1.170000  307.658010  1112585.904657  999403.000000  0.182050  4.623300  0.000000
30.0  20.00  -200.00  1.170000  279.786515  1087137.512200  978201.000000  0.159910  5.730890  0.000000
30.0  20.00  -40.00  1.169999  398.583183  1188921.811525  1059205.000000  0.260538  1.776201  0.000000
30.0  20.00  40.00  1.170000  426.887396  1204156.485151  1071068.000000  0.284420  0.971011  0.000009
30.0  20.00  -80.00  1.169999  374.847418  1171607.557005  1046561.000000  0.239690  2.520700  0.000010
30.0  30.00  0.00  1.170000  361.917677  1202485.344548  1073971.000000  0.240631  2.594000  0.000090
30.0  30.00  -120.00  1.170000  238.907595  1154233.240174  1033807.000000  0.149380  5.549709  0.000009
30.0  30.00  -160.00  1.170000  218.608938  1129852.085972  1013434.000000  0.132380  6.681000  0.000000
30.0  30.00  -200.00  1.169999  207.462443  1112758.478384  998251.000000  0.122790  7.696800  0.000020
30.0  30.00  -40.00  1.170000  317.384662  1201604.167997  1072466.000000  0.210790  3.222900  0.000001
30.0  30.00  40.00  1.170000  385.797447  1222999.431039  1089469.000000  0.263100  1.863192  0.000082
30.0  30.00  -80.00  1.170000  270.317267  1185799.260645  1059250.000000  0.176000  4.257099  0.000999
30.0  40.00  0.00  1.170000  251.128778  1219422.374938  1089852.000000  0.170510  4.261600  0.000100
30.0  40.00  -120.00  1.170000  171.649250  1186375.339326  1060322.000000  0.111840  7.207499  0.000002
30.0  40.00  -160.00  1.170000  167.619082  1150367.773079  1030405.000000  0.104280  8.256411  0.000102
30.0  40.00  -200.00  1.169999  166.739618  1129924.980910  1012939.000000  0.100980  9.205400  0.000089
30.0  40.00  -40.00  1.170000  212.122193  1204557.263172  1077057.000000  0.141400  5.292199  0.000009
30.0  40.00  40.00  1.170000  306.936428  1234581.230474  1102480.000000  0.212300  3.178310  0.000012
30.0  40.00  -80.00  1.169999  187.089526  1202088.474627  1073591.000000  0.124330  6.130601  0.000081
30.0  50.00  0.00  1.170000  168.211619  1240744.748166  1109246.000000  0.117220  6.013910  0.000010
30.0  50.00  -120.00  1.170000  135.956909  1205465.719539  1077250.000000  0.090731  8.551400  0.000000
30.0  50.00  -160.00  1.170000  137.408615  1189817.037016  1062720.000000  0.089920  9.142770  0.000030
30.0  50.00  -200.00  1.170000  148.146354  1148324.434476  1027893.000000  0.091920  9.923808  0.000092
30.0  50.00  -40.00  1.170000  149.008731  1225969.477331  1096331.000000  0.101989  6.939579  0.000030
30.0  50.00  40.00  1.169999  196.081718  1253890.976494  1120517.000000  0.138819  4.955900  0.000011
30.0  50.00  -80.00  1.170000  140.252298  1207031.885222  1080144.000000  0.093780  7.872410  0.000009
30.0  60.00  0.00  1.170000  120.299101  1257250.018313  1125446.000000  0.085510  7.379110  0.000011
30.0  60.00  -120.00  1.170000  117.664066  1218395.678291  1089567.000000  0.079790  9.454410  0.000020
30.0  60.00  -160.00  1.170000  126.422983  1203764.635458  1074179.000000  0.084190  9.541700  0.000080
30.0  60.00  -200.00  1.169999  137.605991  1189383.761083  1057983.000000  0.090000  9.246210  0.000020
30.0  60.00  -40.00  1.170000  114.318050  1234893.001584  1107039.000000  0.079101  8.359882  0.000572
30.0  60.00  40.00  1.170000  133.497000  1271165.520113  1138125.000000  0.096471  6.599312  0.000007
30.0  60.00  -80.00  1.170000  114.260669  1223923.490503  1096772.000000  0.078010  9.150200  0.000700
30.0  70.00  0.00  1.169999  94.557119  1272885.374711  1142147.000000  0.068470  8.388010  0.000009
30.0  70.00  -40.00  1.170000  95.376609  1251868.484831  1124202.000000  0.067360  9.176500  0.000000
30.0  70.00  40.00  1.170000  98.945666  1277538.280341  1147462.000000  0.072041  7.859700  0.000011
30.0  70.00  -80.00  1.170000  101.265489  1239362.406054  1110891.000000  0.070450  9.212811  0.000011
30.0  80.00  0.00  1.170000  83.425038  1282432.187118  1152005.000000  0.061090  8.355019  0.000018
30.0  80.00  -40.00  1.170000  91.370904  1269011.452893  1137629.000000  0.065861  8.446622  0.000008
30.0  80.00  40.00  1.170000  80.536969  1294217.965862  1164192.000000  0.059790  8.144501  0.000011
31.0  20.00  0.00  1.170000  424.538334  1195727.525391  1058702.000000  0.279890  0.577020  0.000001
31.0  20.00  -120.00  1.170000  363.614742  1137436.486842  1015561.000000  0.222410  2.875500  0.000001
31.0  20.00  -160.00  1.170000  330.589717  1117092.204843  998955.000000  0.196809  3.797510  0.000019
31.0  20.00  -200.00  1.170000  302.574807  1095860.398072  981267.000000  0.175020  4.780090  0.000010
31.0  20.00  -40.00  1.170000  407.157127  1191655.974773  1057212.000000  0.267061  1.177100  0.000000
31.0  20.00  40.00  1.170000  433.069919  1209933.694669  1070227.000000  0.290618  0.234900  0.000000
31.0  20.00  -80.00  1.170000  387.230877  1173473.115977  1042938.000000  0.248200  1.817300  0.000001
31.0  30.00  0.00  1.170000  371.263859  1211677.777076  1075691.000000  0.249681  1.857300  0.000010
31.0  30.00  -120.00  1.170000  262.040712  1156138.026199  1031070.000000  0.164250  4.731210  0.000010
31.0  30.00  -160.00  1.170000  240.870643  1135784.405188  1013939.000000  0.147011  5.733500  0.000600
31.0  30.00  -200.00  1.169999  227.260914  1116070.947477  997208.000000  0.135109  6.766710  0.000820
31.0  30.00  -40.00  1.170000  334.809315  1204295.233839  1069803.000000  0.223110  2.550610  0.000010
31.0  30.00  40.00  1.170000  394.339104  1222802.032439  1084248.000000  0.268860  1.266520  0.000010
31.0  30.00  -80.00  1.170000  292.591435  1190933.579641  1058576.000000  0.191741  3.450410  0.000021
31.0  40.00  0.00  1.170000  271.370798  1227642.405768  1091038.000000  0.186120  3.483109  0.000001
31.0  40.00  -120.00  1.170000  192.308380  1189908.741621  1057780.000000  0.125861  6.398920  0.000020
31.0  40.00  -160.00  1.170000  184.523375  1156402.782800  1031171.000000  0.115701  7.573700  0.000020
31.0  40.00  -200.00  1.170000  183.986052  1137114.190100  1014097.000000  0.112490  8.332610  0.000080
31.0  40.00  -40.00  1.170000  233.857484  1210223.898955  1076805.000000  0.156990  4.566811  0.000010
31.0  40.00  40.00  1.170000  323.274214  1238735.583138  1100386.000000  0.224730  2.540800  0.000020
31.0  40.00  -80.00  1.170000  208.019005  1207076.172740  1072849.000000  0.139100  5.391230  0.000030
31.0  50.00  0.00  1.170000  186.122782  1240231.438512  1103829.000000  0.129621  5.388791  0.000019
31.0  50.00  -120.00  1.169999  150.374486  1211594.758509  1076529.000000  0.101119  7.700210  0.000120
31.0  50.00  -160.00  1.170000  151.607048  1190365.146175  1058562.000000  0.099280  8.557921  0.000021
31.0  50.00  -200.00  1.170000  158.670748  1156319.512772  1030022.000000  0.099480  9.357201  0.000090
31.0  50.00  -40.00  1.170000  168.517452  1226098.986613  1091378.000000  0.115360  6.427220  0.000020
31.0  50.00  40.00  1.170000  215.309413  1257559.724954  1117954.000000  0.153101  4.324700  0.000080
31.0  50.00  -80.00  1.170000  156.812626  1215505.072586  1081574.000000  0.105959  7.102940  0.000040
mu   237
31.0  60.00  0.00  1.170000  136.691962  1253518.448799  1117666.000000  0.096730  7.035122  0.000028
31.0  60.00  -120.00  1.170000  129.446331  1223685.023432  1088308.000000  0.088352  8.819319  0.000081
31.0  60.00  -160.00  1.169999  136.322513  1208855.514020  1073773.000000  0.091359  9.348291  0.000090
31.0  60.00  -200.00  1.170000  146.279885  1193829.631980  1057434.000000  0.096210  9.009321  0.000189
31.0  60.00  -40.00  1.170000  129.471596  1238693.673168  1104756.000000  0.090000  7.868710  0.000691
31.0  60.00  40.00  1.170000  150.108233  1274491.239065  1134729.000000  0.108901  6.058200  0.000010
31.0  60.00  -80.00  1.170000  126.457946  1230836.953520  1096503.000000  0.087070  8.374970  0.000041
31.0  70.00  0.00  1.169999  106.131190  1278610.527677  1140603.000000  0.077370  7.917300  0.000011
31.0  70.00  -40.00  1.170000  106.708303  1255608.431596  1121181.000000  0.075701  8.775520  0.000080
31.0  70.00  40.00  1.170000  112.025579  1282406.863948  1145523.000000  0.082031  7.430490  0.000050
31.0  70.00  -80.00  1.170000  112.774857  1243602.584418  1107959.000000  0.078860  8.860400  0.000009
31.0  80.00  0.00  1.170000  91.798622  1294970.423219  1156013.000000  0.068210  8.238211  0.000001
31.0  80.00  -40.00  1.170000  97.855270  1280929.808040  1140593.000000  0.071531  8.285511  0.000079
31.0  80.00  40.00  1.170000  88.264763  1307796.842768  1169532.000000  0.066561  8.014000  0.000000
31.0  80.00  -80.00  1.170000  106.558199  1259995.957024  1120509.000000  0.075991  8.304701  0.000081
32.0  20.00  0.00  1.170000  430.480353  1201597.934395  1059831.000000  0.285900  0.002100  0.000410
32.0  20.00  -120.00  1.169999  378.602016  1142907.751002  1015556.000000  0.233250  2.105130  0.000080
32.0  20.00  -160.00  1.170000  349.951627  1124384.434692  1000172.000000  0.210379  2.899510  0.000110
32.0  20.00  -200.00  1.170000  324.171794  1103555.565599  983512.000000  0.189491  3.828690  0.000010
32.0  20.00  -40.00  1.170000  414.849793  1199075.420053  1056863.000000  0.274652  0.238400  0.000000
32.0  20.00  40.00  1.170000  438.733085  1214263.082426  1069221.000000  0.296000  -0.443989  0.000000
32.0  20.00  -80.00  1.169999  397.403738  1181382.300671  1044634.000000  0.257300  1.044080  0.000099
32.0  30.00  0.00  1.170000  381.255940  1214512.422758  1073100.000000  0.257301  1.186410  0.000070
32.0  30.00  -120.00  1.170000  285.198171  1162530.343001  1031559.000000  0.180250  3.813901  0.000009
32.0  30.00  -160.00  1.170000  262.536960  1142844.572342  1015297.000000  0.161731  4.787990  0.000089
32.0  30.00  -200.00  1.170000  247.514829  1123898.396464  999274.000000  0.148701  5.704200  0.000010
32.0  30.00  -40.00  1.169999  349.726295  1210421.589826  1068966.000000  0.234831  1.721210  0.000009
32.0  30.00  40.00  1.170000  402.227826  1227792.446910  1082741.000000  0.275919  0.524000  0.000000
32.0  30.00  -80.00  1.170000  313.542232  1196874.928973  1058463.000000  0.207010  2.612120  0.000010
32.0  40.00  0.00  1.170000  292.293435  1232288.816877  1089484.000000  0.201609  2.709200  0.000000
32.0  40.00  -120.00  1.170000  210.337538  1195322.227505  1057835.000000  0.138601  5.491800  0.000099
32.0  40.00  -160.00  1.170000  202.141700  1164004.468572  1032654.000000  0.128000  6.608000  0.001400
32.0  40.00  -200.00  1.170000  199.052040  1143134.689799  1014780.000000  0.122669  7.372601  0.000012
32.0  40.00  -40.00  1.170000  256.456649  1211952.877788  1073264.000000  0.172530  3.791020  0.000019
32.0  40.00  40.00  1.170000  337.229630  1243095.098245  1098353.000000  0.235670  1.840710  0.000080
32.0  40.00  -80.00  1.170000  228.672644  1210022.244881  1070302.000000  0.153471  4.575799  0.000001
32.0  50.00  0.00  1.170000  207.285265  1249097.573525  1105059.000000  0.145910  4.541700  0.000789
32.0  50.00  -120.00  1.170000  166.722395  1210787.702971  1071726.000000  0.112000  7.203500  0.000000
32.0  50.00  -160.00  1.169999  165.843886  1196255.974496  1058453.000000  0.109410  7.840100  0.000000
32.0  50.00  -200.00  1.170000  170.825939  1162933.508953  1030866.000000  0.108021  8.557410  0.000080
32.0  50.00  -40.00  1.170000  186.338673  1230211.571806  1089821.000000  0.128202  5.624510  0.000200
32.0  50.00  40.00  1.170000  236.503812  1257550.845134  1112421.000000  0.168170  3.648210  0.000081
32.0  50.00  -80.00  1.170000  173.944392  1216434.832404  1077877.000000  0.117670  6.538590  0.000001
32.0  60.00  0.00  1.170000  151.680318  1263638.792619  1119743.000000  0.108639  6.349010  0.000010
32.0  60.00  -120.00  1.169999  140.399847  1232198.759434  1089962.000000  0.096830  8.205690  0.000010
32.0  60.00  -160.00  1.169999  146.519757  1212063.570379  1071556.000000  0.098584  8.608900  0.000010
32.0  60.00  -200.00  1.170000  156.338645  1199197.034570  1057902.000000  0.103520  8.758800  0.000020
32.0  60.00  -40.00  1.170000  144.292384  1242795.165672  1102671.000000  0.100801  7.224830  0.000030
32.0  60.00  40.00  1.169999  167.374305  1271716.234471  1127265.000000  0.121031  5.454100  0.000009
32.0  60.00  -80.00  1.170000  140.321379  1230527.071367  1091472.000000  0.096579  7.917321  0.000021
32.0  70.00  0.00  1.170000  119.296664  1273531.681372  1131461.000000  0.086450  7.655891  0.000010
32.0  70.00  -40.00  1.169999  119.977600  1259376.993972  1118517.000000  0.085498  8.242710  0.000011
32.0  70.00  40.00  1.169999  124.490780  1285418.495812  1142049.000000  0.091480  6.936920  0.000060
32.0  70.00  -80.00  1.170000  122.916886  1246859.497374  1106047.000000  0.086290  8.718631  0.000321
32.0  80.00  0.00  1.170000  101.661624  1287443.974188  1145575.000000  0.074881  8.421480  0.000080
32.0  80.00  -40.00  1.170000  106.467768  1274604.778535  1132435.000000  0.077251  8.695600  0.000081
32.0  80.00  40.00  1.169999  99.976193  1310424.351612  1165242.000000  0.075620  7.720700  0.000400
32.0  80.00  -80.00  1.170000  114.891919  1267538.318068  1121732.000000  0.082671  8.574980  0.000000
33.0  20.00  0.00  1.170000  436.356712  1206900.195472  1059170.000000  0.291723  -0.827699  0.000002
33.0  20.00  -120.00  1.170000  392.446836  1149517.251841  1015062.000000  0.243880  1.100600  0.000100
33.0  20.00  -160.00  1.170000  367.424514  1131424.965590  1001958.000000  0.222961  2.035410  0.000071
33.0  20.00  -200.00  1.170000  344.760012  1107951.650612  983170.000000  0.202731  2.912807  0.000015
33.0  20.00  -40.00  1.169999  422.338193  1201279.135974  1054805.000000  0.280381  -0.437580  0.000081
33.0  20.00  40.00  1.170000  443.124581  1222071.100177  1069779.000000  0.301851  -1.409300  0.000009
33.0  20.00  -80.00  1.170000  406.543743  1187270.398613  1044794.000000  0.265188  0.234000  0.000000
33.0  30.00  0.00  1.170000  389.657628  1223237.227391  1074652.000000  0.265810  0.334309  0.000000
33.0  30.00  -120.00  1.170000  306.265772  1167122.055918  1030765.000000  0.194713  2.913000  0.000010
33.0  30.00  -160.00  1.170000  284.119751  1146338.714805  1013815.000000  0.175830  3.883510  0.000010
33.0  30.00  -200.00  1.170000  267.235633  1132841.512525  1001923.000000  0.162469  4.684621  0.000621
33.0  30.00  -40.00  1.170000  363.895487  1215451.815551  1068253.000000  0.245870  0.938700  0.000111
33.0  30.00  40.00  1.169999  407.863029  1236277.228364  1084308.000000  0.282690  -0.301200  0.000000
33.0  30.00  -80.00  1.170000  332.640406  1200765.961357  1056540.000000  0.220691  1.754000  0.000011
33.0  40.00  0.00  1.170000  312.491120  1233426.898580  1085169.000000  0.215839  1.949000  0.000002
33.0  40.00  -120.00  1.170000  230.475351  1203395.771856  1059041.000000  0.153412  4.505920  0.000020
33.0  40.00  -160.00  1.170000  221.627147  1170472.889405  1033127.000000  0.141510  5.625110  0.000130
33.0  40.00  -200.00  1.169999  215.340784  1147677.105896  1014366.000000  0.133499  6.529199  0.000002
33.0  40.00  -40.00  1.170000  276.775836  1220189.775925  1074519.000000  0.188101  2.892110  0.000001
33.0  40.00  40.00  1.170000  349.574025  1247376.555261  1096312.000000  0.245560  1.090689  0.000011
33.0  40.00  -80.00  1.170000  248.340860  1218375.601054  1071700.000000  0.168400  3.657809  0.000010
33.0  50.00  0.00  1.170000  227.768028  1249107.902849  1099565.000000  0.160330  3.811700  0.000000
33.0  50.00  -120.00  1.169999  183.219781  1216142.104014  1071000.000000  0.123900  6.319090  0.000010
33.0  50.00  -160.00  1.170000  179.423500  1204468.986885  1060135.000000  0.119590  6.975399  0.000029
33.0  50.00  -200.00  1.170000  184.990336  1166458.069989  1029359.000000  0.117510  7.802209  0.000010
33.0  50.00  -40.00  1.170000  206.357456  1234914.940699  1087951.000000  0.142790  4.773199  0.000001
33.0  50.00  40.00  1.170000  255.927584  1266832.127646  1114008.000000  0.184000  2.816111  0.000020
33.0  50.00  -80.00  1.170000  191.361430  1222489.558467  1077609.000000  0.130420  5.658910  0.000010
33.0  60.00  0.00  1.170000  168.688754  1268507.466083  1118161.000000  0.121520  5.562600  0.000211
33.0  60.00  -120.00  1.170000  153.700836  1234651.631219  1086915.000000  0.106320  7.610620  0.000020
33.0  60.00  -160.00  1.170000  157.755106  1217298.737675  1071081.000000  0.106832  8.036100  0.000080
33.0  60.00  -200.00  1.170000  165.401126  1203560.132011  1056905.000000  0.110119  8.082710  0.000310
33.0  60.00  -40.00  1.170000  158.992142  1252027.336203  1104375.000000  0.112310  6.436702  0.000002
33.0  60.00  40.00  1.170000  185.540620  1275156.963132  1124363.000000  0.134712  4.740700  0.000580
33.0  60.00  -80.00  1.170000  155.026888  1234979.585595  1089807.000000  0.107280  7.202981  0.000071
33.0  70.00  0.00  1.170000  132.164332  1284282.022389  1133918.000000  0.096990  6.977700  0.000000
33.0  70.00  -40.00  1.170000  131.810828  1265353.697348  1116881.000000  0.094600  7.487408  0.000008
33.0  70.00  40.00  1.170000  140.213166  1290209.757738  1139384.000000  0.103610  6.173100  0.000012
33.0  70.00  -80.00  1.170000  134.669463  1250905.863576  1104172.000000  0.095001  8.207301  0.000010
33.0  80.00  0.00  1.170000  112.777623  1291566.195334  1142752.000000  0.083468  7.953391  0.000009
33.0  80.00  -160.00  1.170000  143.665279  1240706.257310  1083345.000000  0.100110  6.347700  0.000910
33.0  80.00  -40.00  1.170000  116.198640  1286054.229519  1135351.000000  0.085450  8.265430  0.000040
33.0  80.00  40.00  1.170000  110.676049  1313019.954747  1161248.000000  0.083962  7.258010  0.000001
33.0  80.00  -80.00  1.170000  122.906885  1267077.523068  1117184.000000  0.088390  8.477030  0.000060
34.0  20.00  0.00  1.170000  441.348983  1211069.841705  1058469.000000  0.296591  -1.636400  0.000001
34.0  20.00  -120.00  1.170000  404.026750  1155263.405714  1015954.000000  0.252961  0.288909  0.000209
34.0  20.00  -160.00  1.169999  383.899049  1135216.220052  1000656.000000  0.234130  1.103609  0.000011
34.0  20.00  -200.00  1.170000  362.208730  1116557.992207  985930.000000  0.215478  1.916920  0.000120
34.0  20.00  -40.00  1.169999  429.290305  1207189.156534  1054668.000000  0.287102  -1.379600  0.000010
34.0  20.00  40.00  1.170000  449.076952  1224534.274321  1067604.000000  0.306831  -2.217400  0.000019
34.0  20.00  -80.00  1.170000  415.578671  1194708.815904  1043732.000000  0.273633  -1.043498  0.000001
34.0  30.00  0.00  1.169999  399.208518  1224781.055493  1070701.000000  0.272841  -0.540700  0.000000
34.0  30.00  -120.00  1.169999  322.287744  1193595.046804  1044979.000000  0.211910  1.553710  0.000000
34.0  30.00  -160.00  1.169999  304.126028  1153433.276900  1015052.000000  0.189961  2.869400  0.000007
34.0  30.00  -200.00  1.170000  287.319123  1135965.843388  1000778.000000  0.175402  3.709000  0.000010
34.0  30.00  -40.00  1.170000  374.509220  1223507.486325  1069563.000000  0.255561  0.004300  0.000110
34.0  30.00  40.00  1.170000  414.806097  1240664.876741  1082695.000000  0.289034  -1.188011  0.000001
34.0  30.00  -80.00  1.170000  348.652822  1206422.856624  1056353.000000  0.232951  0.846220  0.000001
34.0  40.00  0.00  1.170000  329.096794  1241518.178746  1086372.000000  0.229549  1.043100  0.000100
34.0  40.00  -120.00  1.170000  250.047900  1207055.688855  1057390.000000  0.167200  3.593000  0.000690
34.0  40.00  -160.00  1.170000  239.986968  1170820.495204  1029201.000000  0.153301  4.686901  0.000092
34.0  40.00  -200.00  1.170000  234.001633  1153378.568768  1014397.000000  0.146150  5.449100  0.000010
34.0  40.00  -40.00  1.170000  297.074698  1225918.449028  1073454.000000  0.203320  1.936900  0.000010
34.0  40.00  40.00  1.170000  361.061880  1253007.730914  1094096.000000  0.255349  0.088689  0.000089
34.0  40.00  -80.00  1.170000  269.017898  1221529.951990  1068855.000000  0.183130  2.693409  0.000009
34.0  50.00  0.00  1.170000  247.190597  1252637.834603  1097465.000000  0.174740  2.990713  0.000103
34.0  50.00  -120.00  1.169999  200.709287  1221892.744894  1069989.000000  0.136691  5.391310  0.000001
34.0  50.00  -160.00  1.170000  194.719146  1210309.165844  1059906.000000  0.130730  6.031500  0.000020
34.0  50.00  -200.00  1.170000  198.345054  1173033.065597  1030133.000000  0.127060  6.913210  0.000298
34.0  50.00  -40.00  1.170000  224.564034  1239218.328464  1086592.000000  0.156201  3.936400  0.000011
34.0  50.00  40.00  1.170000  276.664659  1265231.453013  1107518.000000  0.198532  2.048501  0.000009
34.0  50.00  -80.00  1.170000  210.057268  1223958.331020  1073959.000000  0.143420  4.816010  0.000001
34.0  60.00  0.00  1.170000  187.173462  1266085.258856  1110977.000000  0.134450  4.850899  0.000090
34.0  60.00  -120.00  1.169999  166.677851  1239740.385995  1085892.000000  0.116010  6.869699  0.000509
34.0  60.00  -160.00  1.170000  169.269401  1225430.401435  1072521.000000  0.115780  7.279500  0.000200
34.0  60.00  -200.00  1.170000  176.352869  1211342.876494  1058350.000000  0.118551  7.366220  0.000071
34.0  60.00  -40.00  1.170000  177.975150  1251832.424145  1098075.000000  0.125690  5.671900  0.000107
34.0  60.00  40.00  1.170000  204.413719  1278448.768504  1121236.000000  0.148990  3.937310  0.000010
34.0  60.00  -80.00  1.170000  170.286722  1239587.650262  1088162.000000  0.118500  6.363000  0.000600
34.0  70.00  0.00  1.170000  146.876176  1288675.617645  1131621.000000  0.108340  6.298900  0.000001
34.0  70.00  -40.00  1.170000  144.792004  1274457.524471  1118770.000000  0.105040  6.881300  0.000001
34.0  70.00  40.00  1.170000  156.481281  1292282.978349  1135693.000000  0.115910  5.628310  0.000010
34.0  70.00  -80.00  1.170000  145.215601  1254975.684998  1102220.000000  0.102941  7.612710  0.000010
34.0  80.00  0.00  1.170000  124.754796  1294730.660066  1139535.000000  0.092672  7.397290  0.000080
34.0  80.00  -160.00  1.170000  152.019344  1245633.710374  1082447.000000  0.106563  6.151100  0.000611
34.0  80.00  -40.00  1.170000  125.279024  1289434.695053  1132761.000000  0.092491  7.788199  0.000000
34.0  80.00  40.00  1.170000  124.874900  1305026.672345  1149525.000000  0.093870  6.889900  0.000110
34.0  80.00  -80.00  1.170000  132.452985  1272081.381446  1114792.000000  0.095820  7.757320  0.000029
35.0  20.00  0.00  1.169999  447.192705  1215098.800483  1056711.000000  0.302019  -2.700500  0.000198
35.0  20.00  -120.00  1.170000  414.307788  1160910.338638  1016033.000000  0.261302  -0.700090  0.000010
35.0  20.00  -160.00  1.170000  396.515210  1144198.673675  1003087.000000  0.244700  0.016500  0.000000
35.0  20.00  -200.00  1.170000  377.168404  1130423.887282  991960.000000  0.228570  0.681799  0.000001
35.0  20.00  -40.00  1.170000  434.797418  1213587.787506  1054272.000000  0.293100  -2.587689  0.000099
35.0  20.00  40.00  1.170000  452.788363  1231264.842357  1066696.000000  0.311921  -3.590099  0.000321
35.0  20.00  -80.00  1.170000  423.481179  1198087.578422  1042826.000000  0.280020  -1.915690  0.000019
35.0  30.00  0.00  1.169999  407.256096  1231986.481126  1069646.000000  0.280801  -1.844300  0.000011
35.0  30.00  -120.00  1.170000  339.472903  1199866.306239  1044245.000000  0.224971  0.362300  0.000000
35.0  30.00  -160.00  1.170000  322.464824  1160273.680857  1016045.000000  0.203210  1.808398  0.000001
35.0  30.00  -200.00  1.170000  307.117249  1138637.036613  999061.000000  0.188150  2.689180  0.000000
35.0  30.00  -40.00  1.170000  384.937568  1229842.911870  1068697.000000  0.264720  -1.146200  0.000000
35.0  30.00  40.00  1.170000  421.652236  1242059.781900  1078076.000000  0.294300  -2.302110  0.000019
35.0  30.00  -80.00  1.170000  363.448292  1212223.393595  1056064.000000  0.244590  -0.186900  0.000010
35.0  40.00  0.00  1.170000  343.806300  1246214.524087  1084712.000000  0.241171  0.076490  0.000079
35.0  40.00  -120.00  1.170000  269.154724  1213056.700910  1057195.000000  0.181320  2.575810  0.000010
35.0  40.00  -160.00  1.170000  258.849632  1178505.526258  1030920.000000  0.166981  3.662400  0.000010
35.0  40.00  -200.00  1.170000  249.187329  1161829.308146  1016880.000000  0.157348  4.422601  0.000009
35.0  40.00  -40.00  1.170000  317.116323  1227173.870839  1069973.000000  0.217370  1.036801  0.000009
35.0  40.00  40.00  1.170000  371.580215  1255718.200264  1092122.000000  0.263641  -0.702600  0.000210
35.0  40.00  -80.00  1.170000  288.668790  1226923.642355  1068273.000000  0.197810  1.702190  0.000091
35.0  50.00  0.00  1.169999  267.254238  1257124.419871  1095592.000000  0.189939  2.072500  0.000000
35.0  50.00  -120.00  1.169999  215.689776  1229798.471579  1071639.000000  0.148321  4.419309  0.000209
35.0  50.00  -160.00  1.169999  211.175818  1210829.003327  1055888.000000  0.141870  5.129111  0.000011
35.0  50.00  -200.00  1.170000  211.638920  1182209.204658  1032878.000000  0.137170  5.874000  0.000000
35.0  50.00  -40.00  1.169999  245.432153  1243775.465085  1084934.000000  0.171659  2.976198  0.000008
35.0  50.00  40.00  1.170000  295.470304  1268742.220351  1105151.000000  0.212910  1.182690  0.000010
35.0  50.00  -80.00  1.170000  229.564163  1228905.864982  1072579.000000  0.157690  3.825000  0.000200
35.0  60.00  0.00  1.170000  205.084047  1272348.562607  1109613.000000  0.148410  3.941700  0.000080
35.0  60.00  -120.00  1.170000  180.810224  1244559.370134  1084598.000000  0.126581  5.982410  0.000190
35.0  60.00  -160.00  1.170000  182.542221  1230864.374956  1071743.000000  0.125690  6.390190  0.000010
35.0  60.00  -200.00  1.170000  186.594371  1214208.531743  1056404.000000  0.125881  6.518809  0.000002
35.0  60.00  -40.00  1.170000  193.163610  1255106.659665  1096418.000000  0.136952  4.873309  0.000001
35.0  60.00  40.00  1.170000  224.258762  1281870.366437  1118277.000000  0.164111  3.084280  0.000009
35.0  60.00  -80.00  1.170000  184.846216  1248745.784628  1089573.000000  0.130060  5.516500  0.000000
35.0  70.00  0.00  1.170000  162.852454  1291787.887830  1128153.000000  0.120560  5.564901  0.000181
35.0  70.00  -40.00  1.169999  158.299863  1271952.186017  1111972.000000  0.114501  6.276200  0.000012
35.0  70.00  40.00  1.170000  171.912388  1304551.929281  1139034.000000  0.129158  4.760001  0.000009
35.0  70.00  -80.00  1.170000  158.535112  1259052.922888  1100050.000000  0.112931  6.836310  0.000010
35.0  80.00  0.00  1.170000  136.645020  1298357.161199  1136810.000000  0.101931  6.943110  0.000000
35.0  80.00  -160.00  1.170000  159.269311  1248353.781054  1082414.000000  0.112011  6.300500  0.000020
35.0  80.00  -40.00  1.170000  137.452317  1293342.785926  1129381.000000  0.101940  7.026412  0.000088
35.0  80.00  40.00  1.170000  136.847541  1318954.060156  1154096.000000  0.104521  6.252390  0.000019
35.0  80.00  -80.00  1.170000  141.826803  1275457.396184  1112785.000000  0.103010  7.316489  0.000211
