0.000001   0.000000
0.000001   0.000000
0.000001   0.000000
0.000001   0.000000
0.000001   0.000000
0.000001   0.000000
0.000001   0.000000
0.000001   0.000000
0.000001   0.000000
0.000001   0.000000
0.000001   0.000000
0.000001   0.000000
0.000001   0.000000
0.000001   0.000000
0.000001   0.000000
0.000001   0.000000
0.000001   0.000000
0.000001   0.000000
0.000001   0.000000
0.000001   0.000000
0.000001   0.000000
0.000001   0.000000
0.000001   0.000000
0.000001   0.000000
0.000001   0.000000
0.000001   0.000000
0.000001   0.000000
0.000001   0.000000
0.000001   0.000000
0.000001   0.000000
0.000001   0.000000
0.000001   0.000000
0.000001   0.000000
0.000001   0.000000
0.000001   0.000000
0.000001   0.000000
0.000001   0.000000
0.000001   0.000000
0.000001   0.000000
0.000001   0.000000
0.000001   0.000000
0.000001   0.000000
0.000001   0.000000
0.000001   0.000000
0.000001   0.000000
0.000001   0.000000
0.000001   0.000000
0.000001   0.000000
0.000001   0.000000
0.000001   0.000000
0.000001   0.000000
0.000001   0.000000
0.000001   0.000000
0.000001   0.000000
0.000001   0.000000
0.000001   0.000000
0.000001   0.000000
0.000001   0.000000
0.000001   0.000000
0.000001   0.000000
0.000001   0.000000
0.000001   0.000000
0.000001   0.000000
0.000001   0.000000
0.000001   0.000000
0.000001   0.000000
0.000001   0.000000
0.299770   0.000008
0.654969   0.000087
0.858354   0.000196
1.026920   0.000336
1.170949   0.000498
1.297077   0.000678
1.411965   0.000876
1.517068   0.001087
1.616837   0.001318
1.707186   0.001553
1.798983   0.001820
1.875845   0.002066
1.957576   0.002350
2.031579   0.002630
2.098894   0.002904
2.166012   0.003195
2.230742   0.003494
2.294306   0.003806
2.358750   0.004140
2.415768   0.004453
2.472220   0.004778
2.526954   0.005108
2.581149   0.005450
2.634276   0.005800
2.684750   0.006147
3.133096   0.009879
3.501997   0.013944
3.809797   0.018144
4.078343   0.022486
4.312804   0.026857
4.527900   0.031371
4.711854   0.035693
4.880650   0.040036
5.039125   0.044447
5.179560   0.048691
5.313223   0.052991
5.423587   0.056869
5.537841   0.061013
5.637931   0.064904
5.733747   0.068795
5.819119   0.072479
5.902513   0.076198
5.978132   0.079751
6.058696   0.083557
6.124110   0.086941
6.195107   0.090599
6.252814   0.093856
6.314650   0.097328
6.374436   0.100786
6.432219   0.104228
6.488934   0.107685
6.542765   0.111082
6.596394   0.114519
6.648042   0.117924
6.696860   0.121257
6.748904   0.124766
6.794256   0.128032
6.839769   0.131341
6.883451   0.134606
6.925737   0.137840
6.966728   0.141046
7.007794   0.144286
7.047612   0.147496
7.086844   0.150706
7.125015   0.153891
7.161772   0.157034
7.197782   0.160164
7.233996   0.163326
7.270312   0.166513
7.303161   0.169552
7.336166   0.172617
7.372307   0.175857
7.399877   0.178683
7.430979   0.181702
7.461623   0.184714
7.496426   0.187958
7.521593   0.190715
7.550516   0.193681
7.578568   0.196613
7.606439   0.199549
7.633661   0.202462
7.660927   0.205389
7.687312   0.208279
7.712806   0.211131
7.738737   0.214017
7.763774   0.216864
7.788428   0.219699
7.812751   0.222524
7.836511   0.225325
7.859571   0.228095
7.890785   0.231342
7.905576   0.233652
7.928247   0.236423
7.950218   0.239160
7.971974   0.241890
7.993434   0.244610
8.014722   0.247327
8.039358   0.250249
8.056241   0.252714
8.076704   0.255399
8.098838   0.258189
8.118223   0.260819
8.136891   0.263411
8.154197   0.265922
8.172848   0.268520
8.191101   0.271098
8.211087   0.273787
8.228876   0.276344
8.245725   0.278845
8.263289   0.281395
8.280488   0.283925
8.297675   0.286458
8.314971   0.289000
8.331757   0.291513
8.350039   0.294125
8.503940   0.318510
8.646301   0.342298
8.768571   0.364791
8.882476   0.386718
8.988063   0.408027
9.082122   0.428426
9.170717   0.448335
9.251812   0.467572
9.329125   0.486409
9.398685   0.504511
9.465081   0.522233
9.526670   0.539433
9.585583   0.556280
9.640527   0.572660
9.691810   0.588593
9.740950   0.604206
9.787303   0.619440
9.831592   0.634359
9.873801   0.648961
9.913030   0.663162
9.951718   0.677185
9.987673   0.690828
10.022060   0.704200
10.054690   0.717284
10.086778   0.730193
10.116653   0.742772
10.145507   0.755136
10.173289   0.767279
10.200044   0.779208
10.225570   0.790906
10.250244   0.802409
10.274554   0.813768
10.296607   0.824798
10.318619   0.835718
10.339641   0.846437
10.360174   0.857005
10.380000   0.867403
10.398690   0.877589
10.417116   0.887652
10.434824   0.897548
10.453051   0.907404
10.468262   0.916863
10.484230   0.926309
10.500261   0.935673
10.515675   0.944888
10.529081   0.953812
10.543216   0.962727
10.556764   0.971500
10.569896   0.980149
10.582709   0.988686
10.596128   0.997208
10.606816   1.005370
10.619206   1.013634
10.630598   1.021720
10.640710   1.029599
10.651303   1.037457
10.661656   1.045220
10.671467   1.052857
10.681871   1.060488
10.691038   1.067922
10.699849   1.075253
10.709313   1.082588
10.718027   1.089781
10.725759   1.096806
10.734429   1.103871
10.741771   1.110741
10.749870   1.117640
10.757244   1.124411
10.764582   1.131129
10.772629   1.137875
10.778432   1.144332
10.785356   1.150862
10.792036   1.157319
10.798547   1.163711
10.804826   1.170033
10.811006   1.176299
10.817057   1.182505
10.823194   1.188677
10.828786   1.194746
10.834207   1.200752
10.840124   1.206771
10.845622   1.212701
10.851106   1.218587
10.855505   1.224314
10.860544   1.230070
10.865402   1.235765
10.870344   1.241429
10.874870   1.247008
10.879365   1.252545
10.884399   1.258102
10.923391   1.310387
10.954415   1.358358
10.979081   1.402542
10.998613   1.443381
11.013388   1.481187
11.024686   1.516336
11.032865   1.549075
11.038527   1.579654
11.042050   1.608278
11.043171   1.635058
11.043066   1.660254
11.041430   1.683947
11.038953   1.706315
11.034982   1.727377
11.029963   1.747265
11.024283   1.766098
11.018040   1.783955
11.011142   1.800886
11.003703   1.816961
10.995831   1.832243
10.987796   1.846808
10.978850   1.860616
10.970060   1.873827
10.960682   1.886392
10.951240   1.898404
10.941565   1.909876
10.931664   1.920836
10.921738   1.931333
10.911600   1.941372
10.901390   1.950990
10.891131   1.960212
10.880765   1.969050
10.870344   1.977530
10.859876   1.985669
10.849440   1.993493
10.838861   2.000997
10.828307   2.008213
10.818074   2.015188
10.807240   2.021834
10.796968   2.028289
10.786164   2.034445
10.775696   2.040406
10.765531   2.046180
10.754808   2.051682
10.744467   2.057023
10.734016   2.062158
10.723853   2.067138
10.713587   2.071927
10.703175   2.076530
10.692950   2.080987
10.682801   2.085293
10.672675   2.089450
10.662651   2.093470
10.652786   2.097366
10.642664   2.101099
10.632783   2.104726
10.623003   2.108237
10.613211   2.111625
10.603500   2.114904
10.593847   2.118075
10.584742   2.121193
10.574691   2.124108
10.565427   2.127002
10.555831   2.129763
10.546533   2.132459
10.537212   2.135060
10.527951   2.137577
10.518777   2.140015
10.509670   2.142376
10.500679   2.144666
10.491698   2.146877
10.482667   2.149005
10.473851   2.151079
10.465009   2.153078
10.456319   2.155020
10.447585   2.156888
10.438937   2.158697
10.430364   2.160448
10.421899   2.162145
10.413500   2.163787
10.405004   2.165359
10.396643   2.166885
10.388331   2.168358
10.380131   2.169787
10.371954   2.171163
10.363826   2.172492
10.355781   2.173776
10.347716   2.175008
10.339758   2.176202
10.331842   2.177352
10.255475   2.186742
10.183958   2.192946
10.116356   2.196645
10.052759   2.198434
9.992947   2.198739
9.935831   2.197809
9.881878   2.195959
9.830655   2.193367
9.781833   2.190176
9.735380   2.186525
9.691145   2.182512
9.648616   2.178186
9.608038   2.173645
9.569179   2.168931
9.531898   2.164086
9.496123   2.159147
9.461716   2.154139
9.428642   2.149091
9.396778   2.144018
9.366135   2.138943
9.336466   2.133865
9.308222   2.128836
9.280345   2.123785
9.253638   2.118788
9.227837   2.113834
9.202876   2.108926
9.179007   2.104091
9.155326   2.099266
9.132586   2.094512
9.110578   2.089821
9.089188   2.085185
9.068445   2.080612
9.048305   2.076099
9.028709   2.071647
9.009672   2.067257
8.991167   2.062929
8.973107   2.058658
8.955575   2.054453
8.938605   2.050315
8.921801   2.046217
8.905587   2.042190
8.889768   2.038222
8.874322   2.034310
8.859291   2.030458
8.844645   2.026664
8.830346   2.022925
8.816374   2.019240
8.802611   2.015600
8.789275   2.012022
8.776205   2.008492
8.763446   2.005015
8.750949   2.001586
8.738753   1.998209
8.726890   1.994884
8.715164   1.991599
8.703750   1.988364
8.692598   1.985177
8.681612   1.982030
8.670887   1.978929
8.660360   1.975870
8.650095   1.972857
8.639997   1.969882
8.630129   1.966951
8.620538   1.964064
8.610947   1.961204
8.601624   1.958389
8.592506   1.955613
