25.0  10.59  -162.22  1.400000
25.0  10.78  -192.45  1.400000
25.0  10.88  -222.68  1.400000
25.0  11.69  -171.93  1.400000
25.0  11.88  -202.26  1.400000
25.0  12.69  -151.51  1.400000
25.0  12.88  -181.74  1.400000
25.0  13.08  -211.98  1.400000
25.0  13.89  -161.23  1.400000
25.0  14.08  -191.56  1.400000
25.0  14.89  -140.71  1.400000
25.0  14.99  -171.04  1.400000
25.0  15.99  -150.52  1.400000
25.0  16.19  -180.75  1.400000
25.0  16.99  -130.00  1.400000
25.0  17.19  -160.33  1.400000
25.0  18.19  -139.81  1.400000
25.0  19.09  -119.29  1.400000
25.0  19.29  -149.63  1.400000
25.0  20.29  -129.11  1.400000
25.0  21.30  -108.59  1.400000
25.0  22.49  -118.40  1.400000
25.0  23.40  -97.88  1.400000
25.0  25.60  -87.18  1.400000
25.0  7.48  -193.34  1.400000
25.0  7.58  -223.68  1.400000
25.0  7.78  -253.91  1.400000
25.0  8.38  -172.92  1.400000
25.0  8.58  -203.16  1.400000
25.0  8.78  -233.39  1.400000
25.0  9.58  -182.64  1.400000
25.0  9.78  -212.97  1.400000
25.0  9.98  -243.20  1.400000
26.4  10.58  -229.98  1.400000
26.4  10.78  -260.31  1.400000
26.4  11.58  -209.56  1.400000
26.4  11.78  -239.79  1.400000
26.4  11.87  -270.03  1.400000
26.4  12.68  -219.27  1.400000
26.4  12.88  -249.61  1.400000
26.4  13.07  -279.84  1.400000
26.4  13.68  -198.85  1.400000
26.4  13.88  -229.09  1.400000
26.4  14.08  -259.32  1.400000
26.4  14.69  -178.33  1.400000
26.4  14.88  -208.57  1.400000
26.4  15.08  -238.90  1.400000
26.4  15.89  -188.15  1.400000
26.4  15.98  -218.38  1.400000
26.4  16.18  -248.61  1.400000
26.4  16.79  -167.63  1.400000
26.4  16.98  -197.86  1.400000
26.4  17.18  -228.19  1.400000
26.4  17.79  -147.11  1.400000
26.4  17.99  -177.34  1.400000
26.4  18.18  -207.68  1.400000
26.4  18.99  -156.92  1.400000
26.4  19.19  -187.16  1.400000
26.4  19.38  -217.39  1.400000
26.4  19.99  -136.40  1.400000
26.4  20.09  -166.64  1.400000
26.4  20.29  -196.97  1.400000
26.4  21.09  -146.22  1.400000
26.4  21.29  -176.45  1.400000
26.4  22.09  -125.70  1.400000
26.4  22.29  -155.93  1.400000
26.4  22.49  -186.26  1.400000
26.4  23.29  -135.51  1.400000
26.4  23.39  -165.74  1.400000
26.4  24.20  -114.99  1.400000
26.4  24.39  -145.22  1.400000
26.4  25.39  -124.81  1.400000
26.4  25.59  -155.04  1.400000
26.4  26.40  -104.29  1.400000
26.4  26.59  -134.52  1.400000
26.4  27.50  -114.00  1.400000
26.4  28.50  -93.58  1.400000
26.4  28.70  -123.81  1.400000
26.4  29.70  -103.29  1.400000
26.4  30.70  -82.87  1.400000
26.4  31.80  -92.59  1.400000
26.4  32.80  -72.17  1.400000
26.4  35.00  -61.36  1.400000
27.8  11.57  -277.42  1.400000
27.8  12.77  -287.14  1.400000
27.8  13.68  -266.62  1.400000
27.8  14.68  -246.20  1.400000
27.8  14.88  -276.43  1.400000
27.8  15.88  -255.91  1.400000  218.074760  1070267.911061  992541.000000  0.111300  11.688910  0.000410
27.8  16.07  -286.24  1.400000  212.841195  1045632.861509  970924.000000  0.104900  12.892300  0.000701
27.8  16.88  -235.49  1.400000  216.608120  1089854.250530  1009434.000000  0.113600  11.118701  0.001102
27.8  16.98  -265.72  1.400000  207.790361  1071941.931297  993294.000000  0.106300  12.157890  0.000379
27.8  17.78  -214.97  1.400000  223.074063  1064359.184211  989087.000000  0.112910  11.428889  0.000810
27.8  17.98  -245.20  1.400000  205.595301  1085778.095310  1005580.000000  0.107220  11.743300  0.000801
27.8  18.18  -275.54  1.400000  199.658084  1066759.969302  988564.000000  0.101400  12.816520  0.000521
27.8  18.98  -224.78  1.400000  209.675416  1058278.202460  984030.000000  0.105220  12.278711  0.001090
27.8  19.18  -255.02  1.400000  194.767582  1084543.165215  1004205.000000  0.101400  12.370200  0.000610
27.8  19.38  -285.25  1.400000  193.121821  1061747.726076  984020.000000  0.097390  13.438779  0.001289
27.8  19.98  -204.27  1.400000  210.382611  1072432.372664  996487.000000  0.107700  11.748200  0.000000
27.8  20.18  -234.50  1.400000
27.8  20.28  -264.83  1.400000
27.8  20.99  -183.75  1.400000
27.8  21.08  -213.98  1.400000
27.8  21.28  -244.31  1.400000
27.8  22.09  -193.56  1.400000
27.8  22.28  -223.79  1.400000
27.8  22.48  -254.02  1.400000
27.8  23.09  -173.04  1.400000
27.8  23.29  -203.27  1.400000
27.8  23.48  -233.61  1.400000
27.8  24.09  -152.52  1.400000
27.8  24.29  -182.85  1.400000
27.8  24.39  -213.09  1.400000
27.8  25.19  -162.33  1.400000  190.463057  1107254.919060  1026826.000000  0.102290  11.440309  0.001009
27.8  25.39  -192.57  1.400000  176.967311  1093058.410988  1014063.000000  0.093220  12.603900  0.001100
27.8  25.58  -222.90  1.400000  170.280024  1079143.196329  1001480.000000  0.087990  13.653210  0.001000
27.8  26.19  -141.81  1.400000  194.167645  1120033.676714  1038104.000000  0.106090  10.913099  0.000899
27.8  26.39  -172.15  1.400000  178.258007  1106983.772304  1026310.000000  0.095700  12.045689  0.000620
27.8  26.59  -202.38  1.400000  168.375115  1092943.908780  1013690.000000  0.088680  13.173499  0.000799
27.8  27.20  -121.40  1.400000  201.049242  1128514.330545  1045751.000000  0.111100  10.389910  0.000980
27.8  27.39  -151.63  1.400000  180.770903  1114885.151947  1033729.000000  0.098090  11.656300  0.000990
27.8  27.59  -181.86  1.400000  167.851359  1106057.683516  1025383.000000  0.090000  12.677390  0.001090
27.8  28.40  -131.11  1.400000  183.534163  1127615.508993  1044900.000000  0.101300  11.084000  0.000890
27.8  28.49  -161.44  1.400000  170.489054  1114797.939071  1033296.000000  0.092500  12.174210  0.000408
27.8  28.69  -191.67  1.400000  158.825085  1115042.530754  1032345.000000  0.086200  12.945700  0.000707
27.8  29.30  -110.59  1.400000  189.654526  1143516.268990  1058768.000000  0.106900  10.452230  0.000130
27.8  29.49  -140.92  1.400000  171.522736  1122285.710546  1040453.000000  0.094000  11.822581  0.000481
27.8  29.69  -171.15  1.400000  159.894326  1113497.418473  1032101.000000  0.086600  12.797600  0.000391
27.8  30.50  -120.40  1.400000  175.270444  1131893.851321  1049140.000000  0.097290  11.332511  0.000911
27.8  30.69  -150.64  1.400000  161.478238  1123170.831447  1040764.000000  0.088600  12.315310  0.001011
27.8  31.50  -99.88  1.400000  177.403290  1168504.552159  1079899.000000  0.103290  10.302110  0.001009
27.8  31.70  -130.22  1.400000  163.176461  1129753.276526  1047218.000000  0.090320  11.974801  0.001009
27.8  31.89  -160.45  1.400000  152.434256  1121041.457136  1038915.000000  0.083400  12.924200  0.000111
27.8  32.60  -109.70  1.400000  164.541432  1161978.822982  1074448.000000  0.095000  10.980591  0.000510
27.8  32.80  -139.93  1.400000  153.976514  1128624.325340  1045983.000000  0.085100  12.490800  0.000591
27.8  33.60  -89.18  1.400000  168.990966  1174260.751886  1085319.000000  0.099120  10.467010  0.000791
27.8  33.80  -119.51  1.400000  153.775568  1162116.673922  1074231.000000  0.088800  11.508700  0.000210
27.8  34.80  -98.99  1.400000  156.609162  1172064.531168  1083236.000000  0.091600  11.035280  0.000481
27.8  35.00  -129.22  1.400000  145.262977  1142972.304020  1058524.000000  0.081820  12.505100  0.000630
27.8  35.80  -78.47  1.400000  160.825520  1181464.487938  1091916.000000  0.095200  10.577210  0.000500
27.8  35.90  -108.80  1.400000  145.932692  1169725.603513  1081219.000000  0.085100  11.623330  0.000520
27.8  36.90  -88.28  1.400000  148.803266  1179823.227613  1090369.000000  0.087900  11.141220  0.000202
27.8  37.90  -67.77  1.400000  154.489731  1186200.561473  1096305.000000  0.092000  10.682290  0.000420
27.8  38.10  -98.00  1.400000  138.888903  1179406.547129  1090070.000000  0.082000  11.696480  0.000552
27.8  39.10  -77.58  1.400000  142.757780  1183282.395632  1093964.000000  0.084700  11.310710  0.000690
mu   230
27.8  40.01  -57.06  1.400000  147.475741  1192287.909145  1102267.000000  0.088500  10.824700  0.000798
27.8  41.21  -66.87  1.400000  136.579262  1191695.890034  1101644.000000  0.081900  11.357410  0.000999
27.8  42.21  -46.35  1.400000  141.998581  1181975.406940  1094520.000000  0.084110  11.241400  0.000910
27.8  44.31  -35.65  1.400000  136.061116  1191800.075580  1103409.000000  0.081600  11.242711  0.000801
29.2  17.88  -282.83  1.400000  229.085897  1070024.947005  986805.000000  0.116880  11.265710  0.001000
29.2  18.97  -292.55  1.400000  222.673996  1061666.100692  979858.000000  0.112280  11.947199  0.000889
29.2  19.98  -272.13  1.400000  217.187650  1085359.318505  999322.000000  0.113200  11.306610  0.000901
29.2  20.17  -302.36  1.400000  639.725799  1065167.146315  956244.000000  0.324169  17.863100  0.000911
29.2  20.98  -251.61  1.400000  220.228969  1053062.432879  974842.000000  0.109700  12.106000  0.000398
29.2  21.18  -281.84  1.400000  209.247265  1079636.747031  994918.000000  0.108200  12.020600  0.000300
29.2  22.08  -261.42  1.400000  206.448394  1092055.945814  1005523.000000  0.108600  11.620410  0.000389
29.2  22.28  -291.65  1.400000  204.724932  1073771.093646  989747.000000  0.105000  12.556700  0.000413
29.2  23.08  -240.90  1.400000  208.856039  1067689.384565  987112.000000  0.106210  12.147911  0.001189
29.2  23.28  -271.13  1.400000  200.728004  1090808.655079  1004406.000000  0.105410  12.121710  0.001189
29.2  24.08  -220.38  1.400000  207.509224  1082309.661804  999860.000000  0.107700  11.675080  0.001050
29.2  24.28  -250.62  1.400000  202.260207  1060231.399512  980686.000000  0.101780  12.836109  0.001198
29.2  24.48  -280.95  1.400000  194.513930  1089122.494625  1002560.000000  0.101910  12.600810  0.001191
29.2  25.28  -230.20  1.400000  198.562552  1081213.292481  998609.000000  0.102900  12.232100  0.000000
29.2  25.38  -260.43  1.400000  195.436040  1059900.836503  979951.000000  0.098300  13.299120  0.000310
29.2  26.19  -209.68  1.400000  197.478287  1094987.892845  1010467.000000  0.104300  11.731290  0.000911
29.2  26.38  -239.91  1.400000  191.878570  1074561.530887  992931.000000  0.098520  12.883601  0.000909
29.2  26.58  -270.24  1.400000  192.806349  1054229.543995  974582.000000  0.096200  13.787900  0.000690
29.2  27.19  -189.16  1.400000  196.988639  1107850.542961  1022028.000000  0.105880  11.316300  0.000699
29.2  27.39  -219.49  1.400000  188.557968  1089199.355599  1005829.000000  0.098800  12.448800  0.000492
29.2  27.58  -249.72  1.400000  187.831091  1069044.119919  987948.000000  0.095700  13.433090  0.001180
29.2  28.39  -198.97  1.400000  185.493934  1116709.788058  1028512.000000  0.100900  11.628410  0.000810
29.2  28.58  -229.20  1.400000  182.957876  1088626.031725  1004930.000000  0.095790  12.902210  0.001191
29.2  28.78  -259.54  1.400000  182.324513  1068473.309603  987183.000000  0.092820  13.864189  0.001321
29.2  29.39  -178.45  1.400000  187.983636  1116460.103760  1029272.000000  0.102220  11.443300  0.001000
29.2  29.49  -208.78  1.400000  180.298182  1102440.500803  1017031.000000  0.096200  12.458910  0.000709
29.2  29.68  -239.02  1.400000  178.230854  1082979.244458  1000000.000000  0.092590  13.456731  0.001021
29.2  30.29  -158.03  1.400000  188.267645  1126800.714284  1038863.000000  0.103800  11.064709  0.000710
29.2  30.49  -188.26  1.400000  180.276924  1109545.240782  1023658.000000  0.097120  12.129500  0.000900
29.2  30.69  -218.50  1.400000  174.302956  1100929.127701  1015516.000000  0.092810  12.947100  0.001110
29.2  31.49  -167.75  1.400000  178.860754  1122885.083903  1035446.000000  0.098100  11.685800  0.001100
29.2  31.69  -198.08  1.400000  173.547694  1109586.530071  1023316.000000  0.093500  12.602200  0.000604
29.2  31.89  -228.31  1.400000  170.164139  1096012.849481  1011036.000000  0.090000  13.477001  0.000481
29.2  32.49  -147.23  1.400000  179.873232  1133820.693601  1045291.000000  0.100100  11.260410  0.000600
29.2  32.69  -177.56  1.400000  170.920502  1120927.781343  1033662.000000  0.093500  12.241290  0.001119
29.2  32.79  -207.79  1.400000  166.923976  1108505.193354  1022328.000000  0.089800  13.097309  0.001009
29.2  33.50  -126.81  1.400000  180.708620  1149812.572011  1059055.000000  0.102700  10.714500  0.000590
29.2  33.59  -157.04  1.400000  172.217642  1128770.206233  1040778.000000  0.095200  11.838410  0.000810
29.2  33.79  -187.27  1.400000  164.945919  1120665.465656  1033159.000000  0.090200  12.683801  0.000600
29.2  34.60  -136.52  1.400000  171.739825  1137978.978870  1049355.000000  0.096100  11.484901  0.000209
29.2  34.79  -166.85  1.400000  163.627570  1128341.708427  1040393.000000  0.090400  12.377400  0.000101
29.2  34.99  -197.09  1.400000  160.048565  1115350.459688  1028565.000000  0.086900  13.235491  0.000519
29.2  35.60  -116.10  1.400000  170.796841  1174423.131557  1079627.000000  0.100200  10.521102  0.001001
29.2  35.80  -146.33  1.400000  163.433829  1135885.646734  1047433.000000  0.091200  12.036600  0.000909
29.2  35.99  -176.57  1.400000  157.539104  1128978.798214  1040560.000000  0.087110  12.807903  0.000807
29.2  36.60  -95.58  1.400000  175.098645  1178126.700129  1083511.000000  0.103210  10.192611  0.000999
29.2  36.80  -125.81  1.400000  161.807392  1170078.805919  1075964.000000  0.094400  11.110990  0.000989
29.2  36.90  -156.15  1.400000  157.022458  1134828.349016  1046297.000000  0.087500  12.509100  0.000090
29.2  37.70  -105.39  1.400000  164.198842  1179868.894514  1084731.000000  0.097000  10.669700  0.000910
29.2  37.90  -135.63  1.400000  154.488068  1168088.777725  1074149.000000  0.089900  11.614611  0.000089
29.2  38.09  -165.86  1.400000  150.973061  1134477.615391  1045872.000000  0.084090  12.966520  0.000799
29.2  38.70  -84.88  1.400000  167.927503  1187052.041048  1091469.000000  0.100110  10.267920  0.000990
29.2  38.90  -115.11  1.400000  155.602215  1179684.331616  1084440.000000  0.091900  11.161299  0.000099
29.2  39.10  -145.44  1.400000  149.885638  1148887.850800  1058457.000000  0.085080  12.477620  0.000730
29.2  39.90  -94.59  1.400000  156.914538  1189211.563861  1093018.000000  0.093800  10.758400  0.000810
29.2  40.10  -124.92  1.400000  148.066574  1173746.896173  1079473.000000  0.086790  11.765790  0.000789
29.2  40.91  -74.17  1.400000  159.899429  1196050.259096  1098859.000000  0.096410  10.306211  0.000819
29.2  41.00  -104.40  1.400000  148.951873  1180021.815371  1085552.000000  0.088010  11.428101  0.000749
29.2  41.20  -134.63  1.400000  141.125710  1175434.000249  1080647.000000  0.082900  12.168099  0.000599
29.2  42.00  -83.88  1.400000  150.702249  1192057.396016  1096042.000000  0.090410  10.929002  0.001008
29.2  42.20  -114.22  1.400000  141.303919  1184999.895770  1089349.000000  0.084020  11.778710  0.000690
29.2  43.01  -63.46  1.400000  152.914850  1197876.996614  1101767.000000  0.092410  10.602290  0.000921
29.2  43.20  -93.70  1.400000  142.088397  1190730.054778  1095065.000000  0.085100  11.464410  0.000189
29.2  44.21  -73.18  1.400000  143.478988  1200567.689959  1103763.000000  0.087000  11.025401  0.000689
29.2  44.40  -103.51  1.400000  135.249104  1190692.855608  1094807.000000  0.081000  11.906610  0.001000
29.2  45.11  -52.76  1.400000  149.168259  1186992.640066  1093648.000000  0.088920  10.993400  0.000799
29.2  45.31  -82.99  1.400000  137.418723  1193590.744113  1098037.000000  0.082600  11.603390  0.000690
29.2  46.31  -62.47  1.400000  138.955298  1188788.018305  1095140.000000  0.083020  11.481290  0.001000
29.2  47.31  -42.05  1.400000  142.335460  1193261.785363  1099722.000000  0.085520  11.130720  0.000890
29.2  47.51  -72.28  1.400000  131.709202  1187873.777127  1094331.000000  0.078600  11.966930  0.000241
29.2  48.41  -51.76  1.400000  133.957851  1198430.878823  1103755.000000  0.081010  11.477709  0.001091
29.2  49.41  -31.25  1.400000  136.886802  1199576.557129  1105559.000000  0.082900  11.194501  0.001091
29.2  50.61  -41.06  1.400000  127.218762  1201081.781492  1106859.000000  0.077190  11.667489  0.000989
29.2  51.61  -20.54  1.400000  130.160389  1210544.842275  1115406.000000  0.079910  11.201000  0.001090
29.2  53.72  -9.83  1.400000  125.292343  1214514.283322  1119512.000000  0.077300  11.304100  0.000891
30.6  23.07  -308.76  1.400000  226.781739  1074924.325404  986042.000000  0.116500  11.446200  0.000900
30.6  24.08  -288.24  1.400000  221.537355  1091697.385068  1000440.000000  0.116480  11.117000  0.000200
30.6  25.28  -298.06  1.400000  217.439690  1088986.783549  997572.000000  0.113900  11.518010  0.000283
30.6  26.28  -277.54  1.400000  211.023133  1103265.315157  1010117.000000  0.112720  11.283000  0.000910
30.6  27.18  -257.02  1.400000  213.659934  1076495.980373  989816.000000  0.110000  11.848309  0.001009
30.6  27.38  -287.25  1.400000  207.752083  1096143.853153  1003617.000000  0.109900  11.740110  0.000880
30.6  28.38  -266.83  1.400000  208.405418  1071709.632770  985252.000000  0.106580  12.343400  0.001010
30.6  29.38  -246.31  1.400000  203.590066  1085953.647633  997696.000000  0.106200  12.004700  0.000801
30.6  29.58  -276.55  1.400000  205.091345  1064304.830898  978899.000000  0.103800  12.900100  0.000800
30.6  30.39  -225.79  1.400000  200.715354  1103169.182152  1012721.000000  0.107200  11.567389  0.000979
30.6  30.48  -256.13  1.400000  198.619383  1084506.010441  996573.000000  0.103400  12.472009  0.001101
30.6  31.48  -235.61  1.400000  195.455296  1098298.100686  1008108.000000  0.103700  12.051801  0.001099
30.6  31.68  -265.84  1.400000  195.823210  1078367.357491  990813.000000  0.101080  12.932010  0.001220
30.6  32.49  -215.09  1.400000  192.744281  1110567.266531  1019292.000000  0.103980  11.753720  0.001018
30.6  32.68  -245.42  1.400000  190.826345  1092257.658661  1003330.000000  0.100410  12.651509  0.001203
30.6  33.49  -194.67  1.400000  189.740914  1122399.774447  1029752.000000  0.104000  11.415079  0.001140
30.6  33.69  -224.90  1.400000  187.153159  1105033.077827  1014566.000000  0.100210  12.316209  0.001001
30.6  33.78  -255.13  1.400000  188.688006  1091635.317640  1002303.000000  0.099200  12.957300  0.001110
30.6  34.59  -204.38  1.400000  184.553932  1122126.616270  1028760.000000  0.101120  11.772200  0.000920
30.6  34.79  -234.71  1.400000  183.690496  1103864.782840  1013070.000000  0.098200  12.676990  0.000580
30.6  35.59  -183.86  1.400000  182.789565  1130080.267163  1035884.000000  0.101220  11.465500  0.000890
30.6  35.79  -214.19  1.400000  179.875635  1117136.498631  1024731.000000  0.097900  12.330211  0.001189
30.6  35.99  -244.43  1.400000  180.452895  1104938.663939  1013499.000000  0.096610  12.978509  0.000992
30.6  36.59  -163.44  1.400000  181.612431  1140781.282509  1045635.000000  0.102000  11.141690  0.000420
30.6  36.79  -193.68  1.400000  177.219880  1128423.114231  1035002.000000  0.097920  12.016299  0.000903
30.6  36.99  -223.91  1.400000  176.148230  1117980.713220  1024592.000000  0.095980  12.610280  0.000980
30.6  37.79  -173.16  1.400000  176.594458  1136239.496720  1041866.000000  0.098590  11.690410  0.000900
30.6  37.89  -203.49  1.400000  173.337271  1123038.418542  1030431.000000  0.095090  12.517719  0.001109
30.6  38.09  -233.72  1.400000  172.395765  1125621.642037  1030860.000000  0.094900  12.792002  0.001018
30.6  38.70  -152.74  1.400000  175.663339  1150406.248837  1053788.000000  0.099910  11.185500  0.000890
30.6  38.89  -182.97  1.400000  170.539247  1135209.156744  1040912.000000  0.095080  12.147020  0.000520
30.6  39.09  -213.20  1.400000  169.834016  1123133.413695  1030103.000000  0.093180  12.856021  0.001120
30.6  39.70  -132.22  1.400000  172.431270  1178530.522773  1077751.000000  0.101690  10.548010  0.001000
30.6  39.90  -162.45  1.400000  169.005809  1142305.798253  1046833.000000  0.095110  11.773410  0.001100
30.6  40.09  -192.78  1.400000  166.798165  1131835.454083  1037673.000000  0.092580  12.573311  0.000810
30.6  40.90  -142.03  1.400000  165.710649  1174293.239408  1074198.000000  0.097200  11.089100  0.000700
30.6  41.09  -172.26  1.400000  164.134228  1141741.295357  1047048.000000  0.092300  12.293980  0.001010
30.6  41.29  -202.50  1.400000  163.993255  1130814.272660  1036298.000000  0.090900  12.900810  0.000902
30.6  41.90  -121.51  1.400000  164.985772  1183377.930610  1082580.000000  0.097900  10.761779  0.000921
30.6  42.00  -151.74  1.400000  163.324646  1153770.129399  1057494.000000  0.093300  11.872700  0.000611
30.6  42.19  -182.08  1.400000  159.888135  1140790.967021  1046042.000000  0.089800  12.675990  0.000000
30.6  42.80  -100.99  1.400000  166.637171  1194681.176230  1092433.000000  0.100300  10.318419  0.000219
30.6  43.00  -131.22  1.400000  158.847991  1185403.053266  1083889.000000  0.094500  11.125001  0.000291
30.6  43.20  -161.56  1.400000  156.853774  1155456.428447  1058445.000000  0.089800  12.258612  0.001012
30.6  44.00  -110.81  1.400000  159.878725  1191931.512912  1090093.000000  0.095900  10.819210  0.000600
30.6  44.20  -141.04  1.400000  153.296061  1181265.032798  1080387.000000  0.090720  11.622009  0.001001
30.6  44.40  -171.27  1.400000  153.974121  1152383.937844  1056052.000000  0.087800  12.677100  0.001900
30.6  45.00  -90.29  1.400000  160.301300  1198092.861935  1095397.000000  0.096900  10.464300  0.000710
30.6  45.20  -120.52  1.400000  152.981624  1187919.462527  1086737.000000  0.091300  11.343990  0.000390
30.6  45.30  -150.85  1.400000  149.370214  1181205.400338  1080147.000000  0.088390  11.975290  0.000980
30.6  46.01  -69.77  1.400000  162.097458  1191679.244344  1091774.000000  0.097200  10.451200  0.000100
30.6  46.10  -100.10  1.400000  152.221109  1199692.747090  1097058.000000  0.092200  10.942900  0.000089
30.6  46.30  -130.33  1.400000  148.049288  1188310.619435  1086661.000000  0.088400  11.712500  0.000601
30.6  47.11  -79.58  1.400000  153.493361  1202438.846016  1100338.000000  0.093290  10.701100  0.000591
30.6  47.30  -109.81  1.400000  146.977263  1196781.835116  1094636.000000  0.088700  11.417299  0.000899
30.6  47.50  -140.15  1.400000  144.956214  1184067.797451  1083190.000000  0.086090  12.141600  0.000680
30.6  48.11  -59.06  1.400000  156.554607  1194586.237528  1094961.000000  0.094220  10.631010  0.000880
30.6  48.31  -89.39  1.400000  146.713708  1201994.010438  1099940.000000  0.089120  11.157892  0.000898
30.6  48.50  -119.63  1.400000  142.320892  1193157.094151  1091640.000000  0.085500  11.867800  0.000600
30.6  49.31  -68.87  1.400000  148.395807  1193607.414547  1094162.000000  0.089200  11.131500  0.000990
30.6  49.41  -99.11  1.400000  141.295944  1201536.356310  1099469.000000  0.085780  11.562810  0.000930
30.6  50.21  -48.35  1.400000  150.221276  1200670.820019  1100666.000000  0.091100  10.749600  0.000110
30.6  50.41  -78.69  1.400000  143.262351  1192550.844414  1093232.000000  0.086000  11.554520  0.000810
30.6  50.60  -108.92  1.400000  137.415037  1198423.984194  1096249.000000  0.083100  11.952800  0.000391
30.6  51.41  -58.17  1.400000  142.336591  1203280.594167  1102724.000000  0.086600  11.164001  0.000892
30.6  51.61  -88.40  1.400000  137.307749  1195197.512624  1095169.000000  0.082700  11.908320  0.001450
30.6  52.41  -37.65  1.400000  145.465535  1210487.251066  1109378.000000  0.089300  10.771101  0.000009
30.6  52.61  -67.88  1.400000  136.200797  1202633.010080  1101982.000000  0.082800  11.589000  0.000198
30.6  53.51  -47.46  1.400000  137.779545  1207798.639268  1107314.000000  0.084300  11.277100  0.000920
30.6  53.71  -77.70  1.400000  131.999736  1195067.117690  1096078.000000  0.079490  12.124300  0.000998
30.6  54.51  -26.94  1.400000  140.237387  1212450.487335  1111745.000000  0.086300  10.937589  0.000831
30.6  54.71  -57.18  1.400000  132.253676  1204422.905016  1104587.000000  0.080580  11.757500  0.000790
30.6  55.71  -36.76  1.400000  131.933391  1211356.628841  1111208.000000  0.081080  11.444800  0.000789
30.6  56.72  -16.24  1.400000  132.728905  1223613.346903  1121863.000000  0.082810  10.983378  0.001023
30.6  56.91  -46.47  1.400000  126.703912  1214815.975544  1113850.000000  0.078200  11.756600  0.000100
30.6  57.82  -26.05  1.400000  126.678536  1222217.962520  1120735.000000  0.078900  11.415311  0.000198
30.6  58.82  -5.53  1.400000  127.937159  1224426.551280  1123444.000000  0.079900  11.156800  0.000609
30.6  60.02  -15.24  1.400000  121.798892  1223712.811056  1122757.000000  0.076000  11.572110  0.000990
30.6  60.92  5.17  1.400000  122.750078  1234409.652652  1132445.000000  0.077600  11.144001  0.000479
30.6  63.12  15.88  1.400000  117.867480  1236470.429980  1135121.000000  0.074700  11.292809  0.000692
32.0  30.38  -293.66  1.400000  225.659795  1066726.208849  976571.000000  0.114600  11.770200  0.000291
32.0  32.48  -282.95  1.400000  217.115574  1080478.790464  988001.000000  0.112400  11.805401  0.000410
32.0  33.48  -262.43  1.400000  211.295297  1094349.468562  1000110.000000  0.111500  11.562410  0.000100
32.0  34.68  -272.24  1.400000  208.330846  1094245.466688  999482.000000  0.109920  11.858100  0.000910
32.0  35.58  -251.72  1.400000  203.579077  1106349.461788  1010176.000000  0.109200  11.621320  0.000790
32.0  36.59  -231.30  1.400000  200.957882  1118128.231006  1020559.000000  0.109520  11.314900  0.000900
32.0  36.78  -261.54  1.400000  201.180798  1100096.646461  1004829.000000  0.107000  12.078390  0.000500
32.0  37.79  -241.02  1.400000  194.817535  1127421.389340  1027387.000000  0.107500  11.489600  0.000608
32.0  38.79  -220.50  1.400000  192.648527  1124427.557390  1026483.000000  0.105880  11.585190  0.000980
32.0  38.89  -250.83  1.400000  193.825478  1112879.526231  1015574.000000  0.104890  12.107200  0.000981
32.0  39.69  -200.08  1.400000  189.882619  1136178.219461  1036477.000000  0.106000  11.245900  0.000381
32.0  39.89  -230.31  1.400000  189.355988  1124640.687467  1025980.000000  0.104100  11.872221  0.000800
32.0  40.89  -209.79  1.400000  186.240167  1135692.587568  1035733.000000  0.103900  11.603599  0.000609
32.0  41.09  -240.13  1.400000  187.824030  1119859.339662  1021917.000000  0.102600  12.254990  0.000901
32.0  41.89  -189.37  1.400000  182.732837  1142564.646937  1042323.000000  0.102870  11.442500  0.000720
32.0  42.09  -219.61  1.400000  183.533728  1131324.676092  1031914.000000  0.101800  12.021110  0.000020
32.0  42.90  -168.85  1.400000  180.379355  1156362.018294  1054246.000000  0.103390  11.073800  0.001080
32.0  42.99  -199.09  1.400000  179.307589  1141645.693345  1041434.000000  0.100820  11.807211  0.000689
32.0  43.19  -229.42  1.400000  181.395491  1125966.192956  1027314.000000  0.099900  12.420710  0.000390
32.0  44.00  -178.67  1.400000  176.695608  1145921.375986  1045726.000000  0.099910  11.661220  0.000780
32.0  44.19  -208.90  1.400000  176.688564  1138829.450492  1038243.000000  0.098980  12.108000  0.000991
32.0  45.00  -158.15  1.400000  171.793603  1182296.855140  1075387.000000  0.101800  10.831610  0.000270
32.0  45.19  -188.38  1.400000  173.219705  1147912.568963  1047132.000000  0.098200  11.966800  0.000500
32.0  45.39  -218.71  1.400000  175.099816  1137358.384239  1036812.000000  0.097900  12.427700  0.000500
32.0  46.00  -137.63  1.400000  172.398673  1188780.109063  1081574.000000  0.103000  10.572290  0.000781
32.0  46.20  -167.86  1.400000  169.540422  1160425.453316  1057708.000000  0.097690  11.620600  0.000900
32.0  46.29  -198.19  1.400000  170.553072  1148796.791413  1047300.000000  0.096800  12.219700  0.000400
32.0  47.10  -147.44  1.400000  166.629121  1189154.514093  1081502.000000  0.099600  10.937610  0.000099
32.0  47.30  -177.67  1.400000  167.425096  1154233.302704  1052758.000000  0.095700  12.088500  0.000320
32.0  47.49  -207.91  1.400000  169.822788  1143343.319795  1042505.000000  0.095700  12.578910  0.001030
32.0  48.10  -126.92  1.400000  164.128401  1197179.514724  1089194.000000  0.099100  10.723189  0.000111
32.0  48.30  -157.16  1.400000  163.691977  1187173.799694  1079507.000000  0.097600  11.297621  0.000159
32.0  48.50  -187.49  1.400000  164.575871  1156919.690158  1054526.000000  0.094400  12.322208  0.001212
32.0  49.10  -106.40  1.400000  163.725156  1202369.091475  1094091.000000  0.099500  10.468600  0.000010
32.0  49.30  -136.74  1.400000  160.178555  1193668.901946  1085960.000000  0.096290  11.140721  0.000911
32.0  49.50  -166.97  1.400000  159.110431  1185769.347839  1078149.000000  0.094700  11.672000  0.000699
32.0  50.30  -116.22  1.400000  158.784247  1204799.344398  1095978.000000  0.096790  10.824210  0.000901
32.0  50.40  -146.45  1.400000  157.169286  1193997.276413  1085693.000000  0.094520  11.418720  0.001080
32.0  50.60  -176.78  1.400000  160.414381  1159156.845447  1057029.000000  0.092280  12.501501  0.000791
32.0  51.21  -95.70  1.400000  158.504557  1210449.624235  1101263.000000  0.097300  10.547690  0.000690
32.0  51.40  -126.03  1.400000  154.218581  1202004.611770  1093465.000000  0.093680  11.232001  0.000780
32.0  51.60  -156.26  1.400000  154.727882  1190043.997665  1082310.000000  0.092590  11.809400  0.000991
32.0  52.21  -75.28  1.400000  159.884271  1198523.323125  1093159.000000  0.096700  10.646001  0.000189
32.0  52.41  -105.51  1.400000  152.584266  1209883.085121  1100744.000000  0.093600  10.969802  0.000292
32.0  52.60  -135.74  1.400000  151.131697  1198468.020346  1090428.000000  0.091400  11.629798  0.000811
32.0  53.41  -84.99  1.400000  153.073586  1200414.323680  1094605.000000  0.092800  11.043219  0.000592
32.0  53.60  -115.32  1.400000  149.334656  1206476.783059  1098050.000000  0.091220  11.366990  0.001030
32.0  53.80  -145.56  1.400000  148.825929  1195665.230095  1088080.000000  0.089690  11.947511  0.000800
32.0  54.41  -64.47  1.400000  153.658124  1206811.317957  1100568.000000  0.093900  10.740190  0.000210
32.0  54.51  -94.80  1.400000  148.968750  1202881.193561  1096361.000000  0.090590  11.322799  0.001099
32.0  54.70  -125.04  1.400000  146.532300  1206223.328345  1097551.000000  0.089480  11.661420  0.000220
32.0  55.31  -44.05  1.400000  154.854296  1217576.497617  1109727.000000  0.095900  10.299310  0.000410
32.0  55.51  -74.29  1.400000  148.129961  1205728.942508  1099718.000000  0.090400  11.142690  0.001020
32.0  55.71  -104.52  1.400000  144.752668  1214276.958962  1105079.000000  0.089280  11.421099  0.000899
32.0  56.51  -53.77  1.400000  148.115817  1213795.581495  1107029.000000  0.091300  10.820312  0.000520
32.0  56.71  -84.10  1.400000  144.165973  1202429.612128  1096883.000000  0.087620  11.590089  0.000941
32.0  56.91  -114.33  1.400000  141.960032  1210968.764907  1102190.000000  0.087200  11.783180  0.000120
32.0  57.51  -33.35  1.400000  150.435059  1215282.076638  1109097.000000  0.092900  10.598200  0.000590
32.0  57.71  -63.58  1.400000  143.019350  1211421.862434  1105119.000000  0.087900  11.258900  0.000210
32.0  57.81  -93.81  1.400000  140.695076  1201393.658149  1096004.000000  0.085400  11.910690  0.000500
32.0  58.61  -43.06  1.400000  143.715830  1217740.215280  1111065.000000  0.089020  10.946100  0.001000
32.0  58.81  -73.39  1.400000  139.390833  1208120.938378  1102321.000000  0.085320  11.658210  0.001000
32.0  59.62  -22.64  1.400000  143.013241  1224377.216020  1117402.000000  0.089310  10.670500  0.000897
32.0  59.81  -52.87  1.400000  137.846721  1216935.932670  1110402.000000  0.085300  11.385709  0.000009
32.0  60.01  -83.11  1.400000  135.416877  1207269.840796  1101609.000000  0.082800  12.049490  0.000690
32.0  60.82  -32.35  1.400000  138.190160  1223449.691868  1116548.000000  0.086200  11.066191  0.000929
32.0  61.01  -62.69  1.400000  134.581474  1218109.983364  1111181.000000  0.083400  11.694092  0.000499
32.0  61.82  -11.83  1.400000  136.772872  1235695.041788  1127307.000000  0.086600  10.696399  0.000611
32.0  61.92  -42.17  1.400000  132.981479  1218913.191469  1112951.000000  0.082490  11.555300  0.001090
32.0  62.92  -21.65  1.400000  133.128438  1226957.431769  1120291.000000  0.083400  11.223090  0.000480
32.0  63.11  -51.88  1.400000  129.766404  1224099.993918  1116938.000000  0.081010  11.768590  0.001109
32.0  63.92  -1.13  1.400000  132.990093  1239752.925585  1131394.000000  0.084620  10.794320  0.000890
32.0  64.12  -31.46  1.400000  128.327447  1228052.361077  1121220.000000  0.080500  11.575920  0.001120
32.0  65.12  -10.94  1.400000  127.907566  1232776.136815  1125949.000000  0.080700  11.321310  0.000589
32.0  66.02  9.58  1.400000  128.449847  1239438.478531  1132188.000000  0.081700  10.991690  0.000289
32.0  66.22  -20.76  1.400000  123.518183  1233507.565934  1126606.000000  0.078000  11.655630  0.001130
32.0  67.22  -.24  1.400000  123.094949  1238445.794386  1131518.000000  0.078200  11.398601  0.000501
32.0  68.22  20.28  1.400000  122.718599  1250479.957049  1142041.000000  0.079100  10.966791  0.000720
32.0  69.42  10.47  1.400000  118.124784  1242375.523268  1135764.000000  0.075400  11.516500  0.000511
32.0  70.33  30.99  1.400000  118.653931  1255053.250909  1146901.000000  0.076900  11.061808  0.000502
32.0  72.53  41.69  1.400000  114.115000  1260045.186552  1151782.000000  0.074400  11.139700  0.000100
33.4  39.78  -267.94  1.400000  213.900067  1109970.911029  1008254.000000  0.115300  11.081200  0.000701
33.4  41.89  -257.13  1.400000  205.310861  1135235.219849  1028894.000000  0.114470  10.871221  0.000930
33.4  42.89  -236.72  1.400000  202.566064  1131683.131258  1027361.000000  0.112410  11.003611  0.001070
33.4  43.99  -246.43  1.400000  199.827718  1133312.680368  1027763.000000  0.111130  11.199199  0.000511
33.4  44.99  -226.01  1.400000  195.874771  1138151.171906  1032989.000000  0.109630  11.197299  0.000821
33.4  45.99  -205.49  1.400000  192.016134  1150400.670042  1043621.000000  0.109210  10.951790  0.000710
33.4  46.19  -235.72  1.400000  194.092412  1138413.593459  1032651.000000  0.108670  11.421601  0.000511
33.4  47.19  -215.30  1.400000  189.857469  1144125.976256  1038597.000000  0.107100  11.363300  0.000920
33.4  48.09  -194.78  1.400000  186.451523  1153110.378187  1046535.000000  0.106420  11.187600  0.000800
33.4  48.29  -225.02  1.400000  188.420543  1144345.440249  1038028.000000  0.106320  11.581002  0.001099
33.4  49.10  -174.26  1.400000  180.812832  1186306.102932  1073412.000000  0.107690  10.498101  0.001001
33.4  49.29  -204.50  1.400000  183.477027  1155808.244207  1048265.000000  0.105090  11.414010  0.000570
33.4  50.30  -184.08  1.400000  179.732425  1163839.157677  1055895.000000  0.104020  11.283590  0.000910
33.4  50.49  -214.31  1.400000  182.568460  1151533.429128  1044223.000000  0.103990  11.697890  0.000790
33.4  51.30  -163.56  1.400000  174.056855  1194940.038734  1081005.000000  0.104800  10.632600  0.000210
33.4  51.40  -193.79  1.400000  178.414512  1161679.573809  1053537.000000  0.102970  11.544210  0.000898
33.4  52.20  -143.04  1.400000  172.383701  1202659.658271  1088084.000000  0.104800  10.404709  0.000893
33.4  52.40  -173.37  1.400000  172.581633  1190398.999703  1077298.000000  0.103320  10.985200  0.000700
33.4  52.60  -203.61  1.400000  176.994222  1162965.887075  1053993.000000  0.102320  11.724211  0.000889
33.4  53.40  -152.85  1.400000  169.356737  1198920.572318  1084901.000000  0.102480  10.798499  0.000989
33.4  53.60  -183.09  1.400000  170.236196  1191287.739698  1077341.000000  0.102030  11.212000  0.000400
33.4  54.40  -132.33  1.400000  166.118553  1206696.158203  1092429.000000  0.101500  10.643010  0.000290
33.4  54.60  -162.67  1.400000  166.522984  1199196.141862  1084795.000000  0.100800  11.079901  0.000919
33.4  54.70  -192.90  1.400000  172.061790  1164769.058424  1056329.000000  0.099700  11.956000  0.001097
33.4  55.41  -111.91  1.400000  164.553047  1215055.288785  1099814.000000  0.101590  10.384201  0.000703
33.4  55.50  -142.15  1.400000  164.099363  1206966.861992  1091978.000000  0.100300  10.882799  0.000512
33.4  55.70  -172.38  1.400000  165.255208  1197336.597529  1082841.000000  0.099800  11.329900  0.000803
33.4  56.51  -121.63  1.400000  161.632988  1211096.740385  1096718.000000  0.099300  10.790000  0.000590
33.4  56.70  -151.96  1.400000  161.856248  1203393.888473  1088909.000000  0.098490  11.233700  0.000889
33.4  56.90  -182.19  1.400000  164.357167  1197596.675718  1082485.000000  0.099290  11.510899  0.000998
33.4  57.51  -101.11  1.400000  160.799412  1207924.388891  1095198.000000  0.098400  10.756500  0.000910
33.4  57.70  -131.44  1.400000  158.642341  1211240.219221  1096358.000000  0.097480  11.073000  0.000900
33.4  57.90  -161.67  1.400000  160.868237  1200943.741997  1086508.000000  0.097590  11.497799  0.000799
33.4  58.51  -80.69  1.400000  159.561793  1213339.740559  1100526.000000  0.098300  10.551702  0.000392
33.4  58.71  -110.92  1.400000  157.381668  1207267.611093  1094467.000000  0.096230  11.098010  0.000680
33.4  58.80  -141.15  1.400000  157.054138  1211205.789173  1095860.000000  0.096500  11.304500  0.000701
33.4  59.61  -90.40  1.400000  155.496250  1213378.839988  1100367.000000  0.095800  10.890400  0.000900
33.4  59.81  -120.74  1.400000  153.251735  1219221.928995  1103237.000000  0.095100  11.129000  0.000210
33.4  60.00  -150.97  1.400000  156.581228  1207599.011657  1092583.000000  0.095780  11.579411  0.000691
33.4  60.61  -69.98  1.400000  154.120981  1218206.904597  1105265.000000  0.095520  10.698000  0.000910
33.4  60.81  -100.22  1.400000  152.449303  1208871.935448  1096950.000000  0.093400  11.313400  0.000680
33.4  61.01  -130.45  1.400000  152.523703  1216229.610774  1100228.000000  0.094300  11.384819  0.000309
33.4  61.61  -49.46  1.400000  154.060772  1224385.288428  1111042.000000  0.096210  10.434220  0.000791
33.4  61.81  -79.70  1.400000  150.892186  1215262.206008  1102808.000000  0.093180  11.093708  0.000727
33.4  62.01  -110.03  1.400000  149.497520  1211672.369160  1098782.000000  0.091910  11.550111  0.001079
33.4  62.81  -59.28  1.400000  148.774348  1223606.216867  1110467.000000  0.092820  10.841911  0.000798
33.4  62.91  -89.51  1.400000  147.909048  1214216.807607  1101798.000000  0.091220  11.416600  0.000989
33.4  63.11  -119.74  1.400000  148.850049  1207944.952278  1095485.000000  0.091090  11.817610  0.001101
33.4  63.72  -38.76  1.400000  148.981364  1229399.002826  1116182.000000  0.093610  10.585599  0.001001
33.4  63.91  -68.99  1.400000  146.012328  1220050.552536  1107739.000000  0.090700  11.237309  0.000607
33.4  64.11  -99.32  1.400000  145.562521  1213560.043007  1101078.000000  0.089700  11.710500  0.000300
33.4  64.72  -18.24  1.400000  148.899976  1235883.066413  1121979.000000  0.094300  10.289790  0.000369
33.4  64.92  -48.47  1.400000  143.592650  1230088.536709  1116551.000000  0.090300  10.942440  0.000021
33.4  65.11  -78.80  1.400000  142.790409  1223728.584460  1110232.000000  0.089100  11.456809  0.000909
33.4  65.92  -28.05  1.400000  142.992735  1237894.012446  1123857.000000  0.090780  10.671701  0.000692
33.4  66.11  -58.28  1.400000  140.483025  1230511.055283  1116747.000000  0.088390  11.253991  0.001002
33.4  66.31  -88.52  1.400000  142.052966  1218755.027159  1106099.000000  0.088100  11.743200  0.000200
33.4  66.92  -7.53  1.400000  143.289345  1239088.548281  1125777.000000  0.091100  10.492810  0.001000
33.4  67.02  -37.77  1.400000  140.121019  1233651.926495  1120417.000000  0.088500  11.066111  0.000988
33.4  67.21  -68.10  1.400000  139.598302  1224495.084009  1111849.000000  0.087190  11.579999  0.001108
33.4  68.02  -17.35  1.400000  138.424565  1243710.799503  1129497.000000  0.088500  10.737410  0.000018
33.4  68.22  -47.58  1.400000  136.732485  1235938.368761  1121892.000000  0.086600  11.329100  0.000201
33.4  69.02  3.17  1.400000  138.784386  1244270.936996  1130909.000000  0.088790  10.597980  0.000860
33.4  69.22  -27.06  1.400000  135.286448  1237052.147238  1124162.000000  0.085800  11.184690  0.001000
mu   257
33.4  69.42  -57.39  1.400000  134.451901  1228519.434938  1116048.000000  0.084390  11.716100  0.001000
33.4  70.22  -6.64  1.400000  134.917903  1243248.739029  1130071.000000  0.086210  10.931210  0.001091
33.4  70.32  -36.87  1.400000  131.758460  1241464.576766  1127448.000000  0.084010  11.389000  0.000819
33.4  71.12  13.88  1.400000  134.464807  1249795.194609  1136185.000000  0.086600  10.676199  0.000710
33.4  71.32  -16.35  1.400000  129.521181  1248535.014783  1134258.000000  0.083290  11.172801  0.001090
33.4  72.32  4.07  1.400000  129.181420  1252824.683274  1138672.000000  0.083500  10.955510  0.000900
33.4  72.52  -26.17  1.400000  128.143712  1245460.372301  1131390.000000  0.082100  11.523200  0.000499
33.4  73.33  24.59  1.400000  129.077746  1253495.362808  1140232.000000  0.083500  10.828099  0.000011
33.4  73.52  -5.65  1.400000  126.060884  1247869.401963  1134689.000000  0.081000  11.354910  0.000100
33.4  74.43  14.87  1.400000  126.630354  1252303.702770  1139243.000000  0.081800  11.114210  0.000900
33.4  75.43  35.29  1.400000  125.550178  1257422.520989  1144287.000000  0.081600  10.882110  0.000490
33.4  75.62  5.06  1.400000  122.602930  1253374.631321  1139857.000000  0.079300  11.440600  0.000100
33.4  76.63  25.58  1.400000  120.957393  1256196.245725  1143524.000000  0.078500  11.286990  0.000191
33.4  77.63  46.00  1.400000  120.602061  1259838.091690  1147511.000000  0.078610  11.059500  0.000800
33.4  78.73  36.28  1.400000  117.578201  1264775.691397  1151154.000000  0.077090  11.261700  0.000890
33.4  79.73  56.70  1.400000  118.127272  1265319.898865  1152891.000000  0.077500  11.086100  0.000279
33.4  81.93  67.51  1.400000  111.907210  1269691.444517  1157596.000000  0.073800  11.202170  0.000230
34.8  49.09  -242.13  1.400000  206.916916  1145410.601074  1033886.000000  0.116920  10.503009  0.000781
34.8  51.29  -231.42  1.400000  201.179390  1150925.882556  1038726.000000  0.114500  10.681910  0.000210
34.8  52.29  -210.90  1.400000  197.419419  1157812.428643  1045423.000000  0.113370  10.641011  0.001011
34.8  53.39  -220.71  1.400000  195.679925  1160207.898135  1046683.000000  0.112720  10.766201  0.000709
34.8  54.40  -200.20  1.400000  190.947334  1168674.255176  1053671.000000  0.111200  10.582300  0.000500
34.8  55.40  -179.68  1.400000  184.306509  1200236.738313  1080015.000000  0.111710  10.142700  0.001800
34.8  55.60  -210.01  1.400000  191.900637  1166894.604603  1052170.000000  0.111500  10.827301  0.000791
34.8  56.50  -189.49  1.400000  183.115853  1198084.973612  1077818.000000  0.110690  10.379610  0.000910
34.8  57.50  -168.97  1.400000  179.293434  1207871.004752  1086669.000000  0.109710  10.247199  0.000903
34.8  57.70  -199.30  1.400000  182.093307  1196692.155392  1076241.000000  0.109880  10.569301  0.000591
34.8  58.50  -148.55  1.400000  176.365058  1211464.005037  1090807.000000  0.108400  10.209810  0.000913
34.8  58.70  -178.78  1.400000  177.764783  1206726.094190  1085051.000000  0.108620  10.456400  0.000400
34.8  59.70  -158.26  1.400000  174.330501  1212070.685265  1090558.000000  0.107230  10.413610  0.000690
34.8  59.80  -188.60  1.400000  177.515104  1200283.862251  1079819.000000  0.107600  10.742999  0.000889
34.8  60.60  -137.74  1.400000  170.869773  1222188.028394  1099690.000000  0.106420  10.235301  0.000599
34.8  60.80  -168.08  1.400000  173.571155  1211745.706442  1089959.000000  0.106720  10.609720  0.000581
34.8  61.61  -117.33  1.400000  170.559448  1209061.620444  1090616.000000  0.104520  10.432001  0.000599
34.8  61.80  -147.56  1.400000  169.749899  1215840.620296  1094359.000000  0.104900  10.587220  0.001011
34.8  62.00  -177.79  1.400000  172.507700  1208192.901085  1086487.000000  0.105600  10.834909  0.000609
34.8  62.81  -127.04  1.400000  167.520324  1208530.677379  1090419.000000  0.102590  10.779410  0.000990
34.8  63.00  -157.37  1.400000  168.694790  1218420.803018  1095969.000000  0.104580  10.729120  0.000711
34.8  63.81  -106.62  1.400000  165.039296  1215928.067993  1097321.000000  0.102000  10.614800  0.000201
34.8  63.91  -136.85  1.400000  164.446939  1226005.365555  1103259.000000  0.102900  10.602799  0.000311
34.8  64.10  -167.08  1.400000  168.043978  1212358.550430  1090599.000000  0.103400  10.988210  0.000500
34.8  64.71  -86.10  1.400000  163.201094  1221034.635728  1102582.000000  0.101500  10.456101  0.000691
34.8  64.91  -116.33  1.400000  162.776290  1212691.707798  1094381.000000  0.100200  10.924100  0.000830
34.8  65.11  -146.67  1.400000  163.900464  1219956.657683  1097931.000000  0.101800  10.936190  0.000591
34.8  65.91  -95.91  1.400000  159.905435  1220622.747206  1101914.000000  0.099400  10.768399  0.000199
34.8  66.11  -126.15  1.400000  161.575599  1212115.384176  1093642.000000  0.099390  11.161000  0.001000
34.8  66.30  -156.38  1.400000  162.770840  1223024.745971  1099494.000000  0.101480  11.003001  0.000691
34.8  66.91  -75.39  1.400000  158.315528  1226967.503190  1107544.000000  0.099180  10.540890  0.001000
34.8  67.11  -105.63  1.400000  157.747210  1217646.543104  1099198.000000  0.097700  11.079100  0.000000
34.8  67.21  -135.96  1.400000  160.391787  1214801.950176  1095009.000000  0.098990  11.266630  0.000740
34.8  67.92  -54.87  1.400000  156.199116  1230691.739547  1112256.000000  0.098300  10.460998  0.000489
34.8  68.01  -85.11  1.400000  154.682077  1229551.200514  1109910.000000  0.097210  10.822930  0.000772
34.8  68.21  -115.44  1.400000  156.885904  1217090.469349  1098305.000000  0.097100  11.285100  0.001080
34.8  69.02  -64.69  1.400000  153.609758  1227545.657000  1109528.000000  0.096300  10.815411  0.000621
34.8  69.21  -94.92  1.400000  154.051646  1222566.311175  1103818.000000  0.095990  11.177770  0.000570
34.8  69.41  -125.15  1.400000  156.002841  1216557.186410  1097604.000000  0.096490  11.454609  0.001089
34.8  70.02  -44.17  1.400000  152.819650  1236799.138651  1117874.000000  0.096890  10.536390  0.000999
34.8  70.21  -74.40  1.400000  150.293316  1230836.409126  1111682.000000  0.094600  11.028100  0.000989
34.8  70.41  -104.73  1.400000  152.807042  1228427.389261  1107865.000000  0.095900  11.256101  0.001011
34.8  71.02  -23.65  1.400000  150.101839  1244870.753837  1125301.000000  0.096100  10.313700  0.001021
34.8  71.22  -53.98  1.400000  147.583276  1238912.562537  1119181.000000  0.093810  10.833400  0.000921
34.8  71.31  -84.21  1.400000  149.014499  1230004.533788  1110622.000000  0.093700  11.259020  0.000650
34.8  72.12  -33.46  1.400000  146.952116  1242369.119276  1122891.000000  0.093800  10.654690  0.000519
34.8  72.32  -63.70  1.400000  146.178040  1234314.727524  1115260.000000  0.092400  11.161610  0.000409
34.8  72.51  -94.03  1.400000  148.168882  1229403.515972  1109705.000000  0.093100  11.464610  0.000520
34.8  73.12  -12.94  1.400000  145.541053  1247807.855113  1128685.000000  0.093510  10.477690  0.000600
34.8  73.32  -43.28  1.400000  143.669276  1241424.694050  1122040.000000  0.091600  10.980711  0.000599
34.8  73.52  -73.51  1.400000  145.565526  1235988.031561  1116156.000000  0.092200  11.331589  0.000010
34.8  74.12  7.48  1.400000  143.908874  1260718.129148  1139711.000000  0.093900  10.124400  0.000299
34.8  74.32  -22.76  1.400000  141.757890  1247174.536536  1127975.000000  0.091010  10.814100  0.000787
34.8  74.52  -52.99  1.400000  141.543985  1240828.871517  1121440.000000  0.090180  11.259690  0.000980
34.8  75.32  -2.24  1.400000  141.341899  1250535.737178  1131636.000000  0.091110  10.632500  0.000901
34.8  75.42  -32.57  1.400000  140.500203  1246413.517645  1126859.000000  0.090120  11.059990  0.001020
34.8  75.62  -62.80  1.400000  140.652100  1239796.933546  1120235.000000  0.089500  11.475200  0.000899
34.8  76.23  18.28  1.400000  141.183622  1259606.850999  1139480.000000  0.092000  10.301720  0.001020
34.8  76.42  -12.05  1.400000  137.908160  1252442.573820  1132806.000000  0.089100  10.886221  0.000091
34.8  76.62  -42.28  1.400000  137.756570  1245659.526561  1126127.000000  0.088280  11.344999  0.001099
34.8  77.43  8.47  1.400000  136.519095  1257147.237718  1137448.000000  0.088700  10.679000  0.000300
34.8  77.62  -21.76  1.400000  135.233082  1251566.344294  1132041.000000  0.087280  11.187800  0.000992
34.8  78.43  28.99  1.400000  134.811409  1270598.173595  1149440.000000  0.089000  10.356400  0.000590
34.8  78.63  -1.35  1.400000  133.056750  1257627.836189  1138060.000000  0.086500  11.008500  0.000201
34.8  78.82  -31.58  1.400000  135.289788  1248539.173236  1129567.000000  0.087000  11.451600  0.000220
34.8  79.53  19.17  1.400000  132.006176  1262342.054852  1142498.000000  0.086300  10.775119  0.000382
34.8  79.72  -11.06  1.400000  131.798863  1253884.638290  1134842.000000  0.085300  11.310300  0.000990
34.8  80.53  39.69  1.400000  132.108251  1262666.109784  1144301.000000  0.086400  10.629900  0.000191
34.8  80.73  9.36  1.400000  128.218662  1268119.412712  1147375.000000  0.084400  10.950910  0.000480
34.8  81.73  29.88  1.400000  129.023805  1265629.759217  1146425.000000  0.084680  10.911101  0.000791
34.8  81.93  -.35  1.400000  126.900984  1266776.599337  1146124.000000  0.083400  11.239100  0.000800
34.8  82.73  50.40  1.400000  128.344346  1270292.654142  1151329.000000  0.084700  10.664200  0.000389
34.8  82.83  20.07  1.400000  125.587996  1264144.692995  1145382.000000  0.082280  11.234089  0.000899
34.8  83.83  40.59  1.400000  124.762054  1268894.597315  1150144.000000  0.082200  10.979101  0.000681
34.8  84.83  61.11  1.400000  122.796583  1274064.541323  1155501.000000  0.081400  10.794509  0.000989
34.8  85.03  30.87  1.400000  121.288544  1275117.131264  1154833.000000  0.080500  11.188501  0.001088
34.8  86.03  51.29  1.400000  119.478143  1272881.789134  1154570.000000  0.079090  11.104789  0.000989
34.8  86.94  71.81  1.400000  119.224221  1278017.121214  1159670.000000  0.079400  10.872490  0.000489
34.8  88.13  62.00  1.400000  116.193121  1277010.941586  1158890.000000  0.077290  11.165700  0.001070
34.8  89.14  82.52  1.400000  114.231067  1291703.530264  1171658.000000  0.077300  10.830399  0.000511
34.8  91.24  93.22  1.400000  111.678047  1285287.429645  1167617.000000  0.075010  11.033000  0.000721
36.2  100.64  119.04  1.400000  112.103072  1294426.614079  1172620.000000  0.076100  10.985100  0.000900
36.2  58.50  -216.31  1.400000  204.523308  1173208.890340  1052393.000000  0.119800  9.863100  0.000400
36.2  60.70  -205.61  1.400000  194.688521  1202252.256915  1075333.000000  0.118300  9.640300  0.000599
36.2  61.60  -185.19  1.400000  189.824695  1211444.911076  1083886.000000  0.116670  9.628110  0.000100
36.2  62.80  -194.90  1.400000  189.601779  1209898.894871  1081930.000000  0.116310  9.757300  0.000810
36.2  63.80  -174.38  1.400000  184.480033  1219373.534762  1090744.000000  0.114500  9.751221  0.000381
36.2  64.80  -153.96  1.400000  181.012198  1223944.825734  1095690.000000  0.112980  9.765100  0.000398
36.2  64.90  -184.19  1.400000  184.638182  1217115.581376  1088245.000000  0.114280  9.882710  0.000721
36.2  65.90  -163.68  1.400000  180.934243  1224007.288990  1094987.000000  0.112940  9.877820  0.000479
36.2  66.91  -143.26  1.400000  176.771830  1230419.491431  1101336.000000  0.111210  9.866511  0.000579
36.2  67.10  -173.49  1.400000  180.037068  1220519.688740  1091750.000000  0.111900  10.081600  0.000990
36.2  67.91  -122.74  1.400000  174.651450  1223346.653078  1097532.000000  0.108930  10.067800  0.000800
36.2  68.11  -152.97  1.400000  175.825152  1227492.731919  1098765.000000  0.110220  10.055201  0.000519
36.2  69.01  -132.55  1.400000  174.029745  1216331.954654  1091732.000000  0.107610  10.388100  0.000812
36.2  69.20  -162.78  1.400000  175.104418  1227729.866675  1098157.000000  0.109800  10.195400  0.000691
36.2  70.01  -112.03  1.400000  172.337001  1224283.756799  1099110.000000  0.107610  10.243700  0.000600
36.2  70.21  -142.26  1.400000  172.922290  1216140.739908  1091219.000000  0.106900  10.518100  0.000100
36.2  71.01  -91.51  1.400000  167.370966  1232010.020334  1106428.000000  0.105500  10.166000  0.000790
36.2  71.21  -121.74  1.400000  168.520933  1227715.970566  1101140.000000  0.105670  10.403310  0.000799
36.2  71.41  -152.08  1.400000  173.434999  1213591.329159  1088326.000000  0.106880  10.689600  0.000888
36.2  72.21  -101.32  1.400000  166.140093  1229466.467065  1103798.000000  0.104400  10.399799  0.000709
36.2  72.31  -131.56  1.400000  168.875142  1223367.370708  1097328.000000  0.105330  10.622310  0.000710
36.2  73.11  -80.81  1.400000  161.877363  1240710.715452  1114334.000000  0.103120  10.268890  0.000311
36.2  73.31  -111.04  1.400000  164.641033  1231936.956015  1105423.000000  0.103770  10.560000  0.001000
36.2  73.51  -141.37  1.400000  168.607665  1220238.686103  1094535.000000  0.104760  10.805701  0.000493
36.2  74.12  -60.29  1.400000  159.481741  1248969.411227  1121936.000000  0.102610  10.094800  0.000909
36.2  74.31  -90.62  1.400000  161.339108  1233803.123807  1108191.000000  0.101920  10.563910  0.000990
36.2  74.51  -120.85  1.400000  163.717411  1231476.450434  1104539.000000  0.103130  10.719590  0.000921
36.2  75.32  -70.10  1.400000  158.344151  1240962.842971  1115435.000000  0.100900  10.480800  0.000900
36.2  75.51  -100.33  1.400000  160.059044  1235337.128681  1109296.000000  0.101300  10.752290  0.000270
36.2  75.71  -130.66  1.400000  164.816162  1224728.846134  1098618.000000  0.102970  10.917910  0.001001
36.2  76.32  -49.58  1.400000  154.999735  1254671.454289  1126708.000000  0.100410  10.168100  0.001010
36.2  76.42  -79.91  1.400000  157.396749  1236865.673736  1111668.000000  0.099800  10.741600  0.000200
36.2  76.61  -110.15  1.400000  160.002269  1236198.491823  1108988.000000  0.101370  10.826081  0.000771
36.2  77.22  -29.16  1.400000  153.818926  1251773.240953  1126330.000000  0.099300  10.215089  0.000911
36.2  77.42  -59.39  1.400000  154.996080  1246263.264456  1119958.000000  0.099400  10.530800  0.000911
36.2  77.62  -89.63  1.400000  156.326796  1240011.714594  1113576.000000  0.099500  10.852499  0.000799
36.2  78.42  -38.87  1.400000  152.287809  1253372.278656  1126992.000000  0.098500  10.410410  0.001000
36.2  78.62  -69.21  1.400000  153.359892  1247524.160801  1120724.000000  0.098500  10.738500  0.000170
36.2  78.81  -99.44  1.400000  157.059534  1236980.055905  1110664.000000  0.099600  11.002301  0.000091
36.2  79.42  -18.35  1.400000  149.841924  1256405.167401  1130969.000000  0.097270  10.338000  0.000289
36.2  79.62  -48.69  1.400000  149.385232  1250407.679445  1124749.000000  0.096280  10.751400  0.000711
36.2  79.72  -78.92  1.400000  151.829702  1249082.730292  1121397.000000  0.097700  10.874420  0.000881
36.2  80.43  2.06  1.400000  147.269519  1262704.554803  1136752.000000  0.096320  10.162101  0.001010
36.2  80.52  -28.17  1.400000  147.064326  1255914.477830  1130127.000000  0.095411  10.606599  0.001679
36.2  80.72  -58.40  1.400000  148.581719  1249779.673608  1123643.000000  0.095690  10.929699  0.000899
36.2  81.53  -7.65  1.400000  146.088554  1261403.833798  1135686.000000  0.095400  10.441120  0.000370
36.2  81.72  -37.98  1.400000  145.733883  1252920.834806  1127648.000000  0.094210  10.888311  0.000989
36.2  81.92  -68.21  1.400000  149.884542  1249528.936386  1122566.000000  0.096500  11.014402  0.000099
36.2  82.53  12.77  1.400000  143.287476  1267141.687714  1141407.000000  0.094210  10.293600  0.001010
36.2  82.72  -17.46  1.400000  143.501341  1257717.609513  1132819.000000  0.093300  10.767411  0.000789
36.2  82.92  -47.69  1.400000  144.477153  1254551.740996  1128283.000000  0.093580  11.037100  0.000981
36.2  83.53  33.29  1.400000  142.795106  1271759.903533  1145798.000000  0.094400  10.081699  0.000511
36.2  83.73  3.06  1.400000  140.161751  1273871.488945  1146269.000000  0.092890  10.440370  0.000778
36.2  83.82  -27.28  1.400000  142.057588  1259883.488468  1133795.000000  0.092600  10.930990  0.000790
36.2  84.63  23.48  1.400000  138.271871  1278246.581201  1150959.000000  0.092110  10.290481  0.000848
36.2  84.83  -6.76  1.400000  139.114150  1265607.381118  1139605.000000  0.091300  10.813100  0.000888
36.2  85.02  -36.99  1.400000  140.902918  1259450.570642  1132827.000000  0.091800  11.102398  0.000498
36.2  85.63  44.00  1.400000  139.220434  1273262.563886  1148270.000000  0.092200  10.255900  0.000130
36.2  85.83  13.76  1.400000  135.718353  1277030.603364  1150069.000000  0.090280  10.578810  0.000831
36.2  86.03  -16.57  1.400000  138.529190  1264622.535567  1138616.000000  0.090810  10.960709  0.000783
36.2  86.83  34.28  1.400000  136.116377  1272091.761633  1147462.000000  0.090020  10.566879  0.000831
36.2  87.03  3.95  1.400000  135.385824  1276285.552364  1148900.000000  0.089980  10.800300  0.000880
36.2  87.83  54.70  1.400000  133.035662  1287634.561890  1160641.000000  0.089600  10.235200  0.000900
36.2  87.93  24.47  1.400000  132.826525  1274752.297177  1148851.000000  0.088120  10.766500  0.001000
36.2  88.13  -5.76  1.400000  134.380958  1267580.885414  1141898.000000  0.088400  11.075600  0.000590
36.2  88.93  44.99  1.400000  130.743154  1286113.408227  1159210.000000  0.087900  10.512210  0.000110
36.2  89.13  14.66  1.400000  130.750077  1281284.095274  1154053.000000  0.087410  10.877011  0.000769
36.2  89.94  65.41  1.400000  129.632565  1281649.661650  1157261.000000  0.086700  10.508511  0.000129
36.2  90.13  35.18  1.400000  129.267001  1276153.754743  1151515.000000  0.085900  10.950489  0.000179
36.2  91.14  55.69  1.400000  127.464430  1282251.729596  1157388.000000  0.085310  10.761910  0.000891
36.2  91.33  25.36  1.400000  127.774112  1275071.880123  1150411.000000  0.084800  11.158600  0.000000
36.2  92.04  76.11  1.400000  126.115714  1284404.653244  1160417.000000  0.084620  10.632300  0.000720
36.2  92.23  45.88  1.400000  125.241709  1281003.504878  1156385.000000  0.083700  11.028010  0.000089
36.2  93.24  66.40  1.400000  124.186222  1285993.220575  1161421.000000  0.083480  10.849491  0.000761
36.2  94.24  86.82  1.400000  121.817796  1288212.792205  1164632.000000  0.082100  10.731911  0.000619
36.2  94.44  56.59  1.400000  121.920832  1294794.761022  1168324.000000  0.082800  10.905910  0.000290
36.2  95.34  77.11  1.400000  120.327669  1287199.020999  1163432.000000  0.081000  10.920220  0.000391
36.2  96.34  97.63  1.400000  117.663915  1304401.750761  1178194.000000  0.080800  10.545202  0.000470
36.2  97.54  87.81  1.400000  116.881659  1291772.647116  1167857.000000  0.079100  11.041611  0.000488
36.2  98.54  108.33  1.400000  114.178073  1302113.049088  1177656.000000  0.078200  10.737900  0.000000
