0.215952  14.961718     5.067418e+06
0.246953  14.174013     5.035908e+06
0.276553  13.680643     5.012664e+06
0.304899  13.349261     4.994905e+06
0.332118  13.115646     4.980778e+06
0.358307  12.945100     4.969123e+06
0.383560  12.817247     4.959405e+06
0.407950  12.719435     4.951087e+06
0.431541  12.643403     4.943972e+06
0.454390  12.583552     4.937795e+06
0.476547  12.535966     4.932339e+06
0.497856  12.497926     4.927429e+06
0.518260  12.466955     4.923143e+06
0.537863  12.441267     4.919286e+06
0.556733  12.419631     4.915888e+06
0.574931  12.401160     4.912676e+06
0.592506  12.385192     4.909654e+06
0.609506  12.371227     4.907101e+06
0.625968  12.358882     4.905778e+06
0.641928  12.347856     4.902826e+06
0.657419  12.337915     4.900532e+06
0.728720  12.299038     4.891877e+06
0.847745  12.245593     4.880432e+06
0.944697  12.201722     4.872910e+06
1.026136  12.159947     4.867499e+06
1.096001  12.118578     4.863426e+06
1.158262  12.078060     4.860098e+06
1.215405  12.040289     4.857361e+06
1.268029  12.005338     4.854437e+06
1.316621  11.972774     4.852860e+06
1.361606  11.942154     4.851137e+06
1.403353  11.913107     4.849472e+06
1.442186  11.885347     4.848127e+06
1.478388  11.858656     4.846978e+06
1.512210  11.832867     4.845848e+06
1.543870  11.807851     4.844720e+06
1.573561  11.783512     4.843919e+06
1.601455  11.759772     4.843058e+06
1.627702  11.736572     4.842192e+06
1.652439  11.713864     4.841394e+06
1.675786  11.691610     4.840823e+06
1.697852  11.669777     4.840195e+06
1.718733  11.648341     4.839857e+06
1.738518  11.627279     4.839015e+06
1.823513  11.527005     4.836913e+06
1.943918  11.347447     4.834096e+06
2.023447  11.190311     4.831935e+06
2.078432  11.051090     4.830773e+06
2.117610  10.926517     4.829560e+06
2.145933  10.814200     4.828820e+06
2.166361  10.712152     4.828470e+06
2.180922  10.618715     4.827970e+06
2.191061  10.532595     4.827628e+06
2.197825  10.452778     4.827044e+06
2.201988  10.378456     4.826867e+06
2.204128  10.308975     4.826769e+06
2.204685  10.243795     4.826736e+06
2.193229  9.968799     4.825991e+06
2.145929  9.582839     4.825430e+06
2.096738  9.320236     4.825486e+06
2.053008  9.128223     4.825880e+06
2.015159  8.981247     4.825580e+06
1.982431  8.865106     4.825827e+06
1.954268  8.772113     4.825836e+06
