2.500000e+01  1.599158e+01  -1.791445e+02
2.500000e+01  1.883861e+01  -1.456003e+02
2.500000e+01  2.202575e+01  -1.145729e+02
 
2.640000e+01  1.529646e+01  -2.408107e+02
2.640000e+01  1.654359e+01  -2.229873e+02
2.640000e+01  1.781071e+01  -2.046580e+02
2.640000e+01  1.896194e+01  -1.852937e+02
2.640000e+01  2.027597e+01  -1.681603e+02
2.640000e+01  2.167720e+01  -1.509714e+02
2.640000e+01  2.311788e+01  -1.341029e+02
2.640000e+01  2.459315e+01  -1.182343e+02
 
2.780000e+01  1.903518e+01  -2.824599e+02
2.780000e+01  1.915424e+01  -2.548092e+02
2.780000e+01  2.053149e+01  -2.376347e+02
2.780000e+01  2.142641e+01  -2.168119e+02
2.780000e+01  2.243272e+01  -1.963332e+02
2.780000e+01  2.361843e+01  -1.773599e+02
2.780000e+01  2.484834e+01  -1.592830e+02
2.780000e+01  2.761445e+01  -1.247536e+02
 
2.920000e+01  2.438614e+01  -2.801819e+02
2.920000e+01  2.557898e+01  -2.620566e+02
2.920000e+01  2.586630e+01  -2.353754e+02
2.920000e+01  2.652339e+01  -2.124055e+02
2.920000e+01  2.739761e+01  -1.908572e+02
 
3.060000e+01  3.159803e+01  -2.365749e+02
 
3.200000e+01  3.775434e+01  -2.407312e+02
 
3.340000e+01  4.557895e+01  -2.307756e+02
 
 
