58.586318   0.089758
56.956377   0.090224
45.182971   0.094931
38.195099   0.099660
33.577902   0.104372
30.307461   0.109047
27.873844   0.113673
25.992752   0.118250
24.497942   0.122770
23.281104   0.127239
22.272654   0.131651
21.423388   0.136011
20.698534   0.140320
20.073427   0.144575
19.528256   0.148784
19.049427   0.152942
18.625257   0.157055
18.247051   0.161124
17.908132   0.165146
17.602468   0.169126
17.325635   0.173062
17.073934   0.176954
16.843893   0.180808
16.633008   0.184621
16.439116   0.188394
16.260070   0.192130
16.094348   0.195830
15.940625   0.199493
15.797546   0.203121
15.664065   0.206718
15.539338   0.210280
15.422544   0.213809
15.312877   0.217309
15.209774   0.220779
15.112711   0.224217
15.021137   0.227627
14.934591   0.231011
14.852711   0.234367
14.775168   0.237694
14.701588   0.240997
14.631676   0.244274
14.565200   0.247527
14.501932   0.250754
14.441629   0.253957
14.384076   0.257139
14.329119   0.260297
14.276599   0.263433
14.226360   0.266545
14.178238   0.269638
14.132116   0.272710
14.087889   0.275761
14.045451   0.278790
14.004684   0.281800
13.965489   0.284792
13.927790   0.287764
13.891511   0.290718
13.856582   0.293652
13.822915   0.296568
13.790446   0.299467
13.759122   0.302349
13.728890   0.305214
13.699699   0.308060
13.671487   0.310890
13.644207   0.313705
13.617820   0.316503
13.592288   0.319286
13.567576   0.322052
13.543641   0.324802
13.520444   0.327538
13.497954   0.330260
13.476147   0.332966
13.454993   0.335658
13.434468   0.338335
13.414536   0.340998
13.395176   0.343647
13.376365   0.346283
13.358084   0.348906
13.340314   0.351514
13.323034   0.354109
13.306222   0.356692
13.289857   0.359262
13.273928   0.361819
13.258418   0.364364
13.243313   0.366896
13.228598   0.369415
13.214256   0.371923
13.200277   0.374419
13.186639   0.376904
13.173341   0.379376
13.160369   0.381838
13.147714   0.384287
13.135361   0.386725
13.026461   0.410520
12.939020   0.433318
12.867536   0.455214
12.808197   0.476290
12.758284   0.496612
12.715791   0.516258
12.679270   0.535307
12.647642   0.553781
12.620031   0.571715
12.595749   0.589141
12.574248   0.606088
12.555086   0.622582
12.537903   0.638649
12.522406   0.654309
12.508352   0.669583
12.495540   0.684489
12.483798   0.699046
12.472988   0.713268
12.462987   0.727170
12.453693   0.740766
12.445020   0.754069
12.436892   0.767091
12.429244   0.779842
12.422021   0.792334
12.415175   0.804577
12.408662   0.816579
12.402447   0.828349
12.396496   0.839895
12.390782   0.851225
12.385280   0.862348
12.379967   0.873268
12.374825   0.883993
12.369835   0.894531
12.364983   0.904884
12.360255   0.915062
12.355639   0.925067
12.351124   0.934906
12.346699   0.944583
12.342358   0.954103
12.338091   0.963470
12.333892   0.972690
12.329755   0.981765
12.325673   0.990700
12.321643   0.999499
12.317658   1.008164
12.313716   1.016701
12.309812   1.025111
12.305942   1.033398
12.302105   1.041566
12.298296   1.049617
12.294515   1.057553
12.290757   1.065379
12.287022   1.073096
12.283307   1.080707
12.279611   1.088214
12.275933   1.095620
12.272269   1.102927
12.268621   1.110137
12.264986   1.117253
12.261363   1.124276
12.257751   1.131209
12.254150   1.138054
12.250559   1.144811
12.246977   1.151484
12.243403   1.158074
12.239837   1.164588
12.236279   1.171030
12.232732   1.177402
12.229195   1.183712
12.225671   1.189960
12.222162   1.196147
12.218669   1.202276
12.215193   1.208346
12.211733   1.214359
12.208292   1.220315
12.204867   1.226216
12.201460   1.232061
12.198071   1.237853
12.194699   1.243591
12.191345   1.249276
12.188009   1.254910
12.184689   1.260493
12.181387   1.266025
12.178101   1.271508
12.174831   1.276942
12.171579   1.282327
12.168342   1.287664
12.165120   1.292955
12.161915   1.298199
12.158724   1.303397
12.127593   1.352985
12.097692   1.398586
12.068807   1.440662
12.040774   1.479601
12.013472   1.515738
11.986811   1.549360
11.960724   1.580714
11.935159   1.610018
11.910079   1.637460
11.885452   1.663207
11.861254   1.687404
11.837465   1.710183
11.814068   1.731658
11.791050   1.751932
11.768397   1.771099
11.746098   1.789241
11.724144   1.806433
11.702524   1.822743
11.681231   1.838232
11.660255   1.852956
11.639589   1.866966
11.619226   1.880309
11.599159   1.893026
11.579380   1.905157
11.559883   1.916737
11.540662   1.927800
11.521710   1.938376
11.503021   1.948492
11.484589   1.958176
11.466409   1.967450
11.448475   1.976337
11.430782   1.984859
11.413324   1.993034
11.396096   2.000880
11.379093   2.008414
11.362311   2.015651
11.345745   2.022608
11.329389   2.029296
11.313241   2.035729
11.297294   2.041919
11.281546   2.047878
11.265991   2.053615
11.250626   2.059142
11.235447   2.064467
11.220450   2.069599
11.205632   2.074548
11.190989   2.079320
11.176517   2.083923
11.162212   2.088365
11.148073   2.092652
11.134095   2.096790
11.120274   2.100785
11.106609   2.104644
11.093097   2.108372
11.079733   2.111973
11.066516   2.115452
11.053443   2.118815
11.040510   2.122066
11.027716   2.125209
11.015057   2.128247
11.002532   2.131186
10.990138   2.134027
10.977872   2.136776
10.965732   2.139435
10.953716   2.142008
10.941822   2.144497
10.930048   2.146905
10.918392   2.149235
10.906854   2.151489
10.895430   2.153670
10.884119   2.155779
10.872919   2.157818
10.861829   2.159791
10.850846   2.161699
10.839970   2.163543
10.829197   2.165326
10.818526   2.167049
10.807956   2.168714
10.797484   2.170323
10.787110   2.171877
10.776832   2.173378
10.766647   2.174828
10.756555   2.176227
10.746554   2.177577
10.736642   2.178880
10.726818   2.180137
10.717081   2.181349
10.707429   2.182517
10.697860   2.183643
10.688374   2.184728
10.597774   2.193530
10.514149   2.199234
10.436568   2.202545
10.364277   2.203993
10.296658   2.203981
10.233198   2.202819
10.173464   2.200749
10.117089   2.197961
10.063759   2.194604
10.013200   2.190797
9.965176   2.186636
9.919478   2.182199
9.875922   2.177547
9.834346   2.172732
9.794603   2.167796
9.756563   2.162772
9.720110   2.157688
9.685137   2.152567
9.651549   2.147430
9.619258   2.142290
9.588186   2.137161
9.558259   2.132054
9.529412   2.126977
9.501583   2.121938
9.474715   2.116943
9.448758   2.111995
9.423663   2.107100
9.399386   2.102259
9.375885   2.097476
9.353122   2.092752
9.331062   2.088089
9.309671   2.083487
9.288918   2.078948
9.268774   2.074471
9.249212   2.070057
9.230206   2.065705
9.211733   2.061416
9.193770   2.057189
9.176295   2.053023
9.159288   2.048919
9.142732   2.044874
9.126607   2.040889
9.110897   2.036963
9.095586   2.033095
9.080659   2.029284
9.066103   2.025529
9.051902   2.021829
9.038044   2.018184
9.024518   2.014592
9.011311   2.011053
8.998413   2.007565
8.985812   2.004127
8.973499   2.000740
8.961465   1.997401
8.949699   1.994110
8.938194   1.990866
8.926941   1.987668
8.915931   1.984516
8.905159   1.981408
8.894615   1.978343
8.884294   1.975321
8.874188   1.972341
8.864291   1.969402
8.854597   1.966503
8.845099   1.963643
8.835793   1.960823
8.826673   1.958040
8.817733   1.955295
