2.500000e+01  2.724000e+01  -4.000000e+01
2.600000e+01  2.862000e+01  -4.000000e+01
2.700000e+01  3.040000e+01  -4.000000e+01
2.800000e+01  3.245000e+01  -4.000000e+01
2.900000e+01  3.455000e+01  -4.000000e+01
3.000000e+01  3.654000e+01  -4.000000e+01
3.100000e+01  3.871000e+01  -4.000000e+01
3.152000e+01  4.000000e+01  -4.000000e+01
3.200000e+01  4.127000e+01  -4.000000e+01
3.300000e+01  4.420000e+01  -4.000000e+01
3.400000e+01  4.696000e+01  -4.000000e+01
3.500000e+01  5.029000e+01  -4.000000e+01
