2.839000e+01  2.000000e+01
2.840302e+01  2.010000e+01
2.841604e+01  2.020000e+01
2.842907e+01  2.030000e+01
2.844209e+01  2.040000e+01
2.845512e+01  2.050000e+01
2.846815e+01  2.060000e+01
2.848119e+01  2.070000e+01
2.849423e+01  2.080000e+01
2.850728e+01  2.090000e+01
2.852034e+01  2.100000e+01
2.853340e+01  2.110000e+01
2.854647e+01  2.120000e+01
2.855956e+01  2.130000e+01
2.857265e+01  2.140000e+01
2.858575e+01  2.150000e+01
2.859886e+01  2.160000e+01
2.861199e+01  2.170000e+01
2.862513e+01  2.180000e+01
2.863828e+01  2.190000e+01
2.865145e+01  2.200000e+01
2.866463e+01  2.210000e+01
2.867783e+01  2.220000e+01
2.869105e+01  2.230000e+01
2.870428e+01  2.240000e+01
2.871753e+01  2.250000e+01
2.873081e+01  2.260000e+01
2.874410e+01  2.270000e+01
2.875741e+01  2.280000e+01
2.877075e+01  2.290000e+01
2.878410e+01  2.300000e+01
2.879748e+01  2.310000e+01
2.881089e+01  2.320000e+01
2.882431e+01  2.330000e+01
2.883777e+01  2.340000e+01
2.885125e+01  2.350000e+01
2.886476e+01  2.360000e+01
2.887829e+01  2.370000e+01
2.889185e+01  2.380000e+01
2.890545e+01  2.390000e+01
2.891907e+01  2.400000e+01
2.893272e+01  2.410000e+01
2.894641e+01  2.420000e+01
2.896013e+01  2.430000e+01
2.897388e+01  2.440000e+01
2.898766e+01  2.450000e+01
2.900148e+01  2.460000e+01
2.901534e+01  2.470000e+01
2.902923e+01  2.480000e+01
2.904315e+01  2.490000e+01
2.905711e+01  2.500000e+01
2.907110e+01  2.510000e+01
2.908513e+01  2.520000e+01
2.909919e+01  2.530000e+01
2.911328e+01  2.540000e+01
2.912741e+01  2.550000e+01
2.914156e+01  2.560000e+01
2.915575e+01  2.570000e+01
2.916997e+01  2.580000e+01
2.918422e+01  2.590000e+01
2.919850e+01  2.600000e+01
2.921281e+01  2.610000e+01
2.922715e+01  2.620000e+01
2.924152e+01  2.630000e+01
2.925591e+01  2.640000e+01
2.927034e+01  2.650000e+01
2.928479e+01  2.660000e+01
2.929928e+01  2.670000e+01
2.931379e+01  2.680000e+01
2.932832e+01  2.690000e+01
2.934288e+01  2.700000e+01
2.935747e+01  2.710000e+01
2.937209e+01  2.720000e+01
2.938673e+01  2.730000e+01
2.940139e+01  2.740000e+01
2.941608e+01  2.750000e+01
2.943080e+01  2.760000e+01
2.944553e+01  2.770000e+01
2.946030e+01  2.780000e+01
2.947508e+01  2.790000e+01
2.948989e+01  2.800000e+01
2.950472e+01  2.810000e+01
2.951957e+01  2.820000e+01
2.953444e+01  2.830000e+01
2.954933e+01  2.840000e+01
2.956425e+01  2.850000e+01
2.957918e+01  2.860000e+01
2.959414e+01  2.870000e+01
2.960911e+01  2.880000e+01
2.962411e+01  2.890000e+01
2.963912e+01  2.900000e+01
2.965415e+01  2.910000e+01
2.966920e+01  2.920000e+01
2.968427e+01  2.930000e+01
2.969935e+01  2.940000e+01
2.971445e+01  2.950000e+01
2.972957e+01  2.960000e+01
2.974470e+01  2.970000e+01
2.975985e+01  2.980000e+01
2.977502e+01  2.990000e+01
2.979020e+01  3.000000e+01
2.980540e+01  3.010000e+01
2.982061e+01  3.020000e+01
2.983584e+01  3.030000e+01
2.985108e+01  3.040000e+01
2.986635e+01  3.050000e+01
2.988164e+01  3.060000e+01
2.989696e+01  3.070000e+01
2.991230e+01  3.080000e+01
2.992767e+01  3.090000e+01
2.994306e+01  3.100000e+01
2.995849e+01  3.110000e+01
2.997395e+01  3.120000e+01
2.998944e+01  3.130000e+01
3.000496e+01  3.140000e+01
3.002052e+01  3.150000e+01
3.003611e+01  3.160000e+01
3.005174e+01  3.170000e+01
3.006739e+01  3.180000e+01
3.008307e+01  3.190000e+01
3.009877e+01  3.200000e+01
3.011450e+01  3.210000e+01
3.013025e+01  3.220000e+01
3.014602e+01  3.230000e+01
3.016180e+01  3.240000e+01
3.017760e+01  3.250000e+01
3.019341e+01  3.260000e+01
3.020923e+01  3.270000e+01
3.022506e+01  3.280000e+01
3.024090e+01  3.290000e+01
3.025674e+01  3.300000e+01
3.027259e+01  3.310000e+01
3.028843e+01  3.320000e+01
3.030427e+01  3.330000e+01
3.032011e+01  3.340000e+01
3.033595e+01  3.350000e+01
3.035178e+01  3.360000e+01
3.036759e+01  3.370000e+01
3.038340e+01  3.380000e+01
3.039919e+01  3.390000e+01
3.041497e+01  3.400000e+01
3.043072e+01  3.410000e+01
3.044646e+01  3.420000e+01
3.046218e+01  3.430000e+01
3.047787e+01  3.440000e+01
3.049354e+01  3.450000e+01
3.050918e+01  3.460000e+01
3.052479e+01  3.470000e+01
3.054037e+01  3.480000e+01
3.055591e+01  3.490000e+01
3.057142e+01  3.500000e+01
3.058689e+01  3.510000e+01
3.060232e+01  3.520000e+01
3.061770e+01  3.530000e+01
3.063305e+01  3.540000e+01
3.064834e+01  3.550000e+01
3.066359e+01  3.560000e+01
3.067879e+01  3.570000e+01
3.069394e+01  3.580000e+01
3.070903e+01  3.590000e+01
3.072406e+01  3.600000e+01
3.073904e+01  3.610000e+01
3.075396e+01  3.620000e+01
3.076881e+01  3.630000e+01
3.078360e+01  3.640000e+01
3.079833e+01  3.650000e+01
3.081298e+01  3.660000e+01
3.082757e+01  3.670000e+01
3.084208e+01  3.680000e+01
3.085652e+01  3.690000e+01
3.087088e+01  3.700000e+01
3.088516e+01  3.710000e+01
3.089936e+01  3.720000e+01
3.091348e+01  3.730000e+01
3.092751e+01  3.740000e+01
3.094146e+01  3.750000e+01
3.095532e+01  3.760000e+01
3.096909e+01  3.770000e+01
3.098276e+01  3.780000e+01
3.099634e+01  3.790000e+01
3.100983e+01  3.800000e+01
3.102322e+01  3.810000e+01
3.103653e+01  3.820000e+01
3.104976e+01  3.830000e+01
3.106292e+01  3.840000e+01
3.107602e+01  3.850000e+01
3.108907e+01  3.860000e+01
3.110207e+01  3.870000e+01
3.111504e+01  3.880000e+01
3.112797e+01  3.890000e+01
3.114089e+01  3.900000e+01
3.115378e+01  3.910000e+01
3.116668e+01  3.920000e+01
3.117957e+01  3.930000e+01
3.119247e+01  3.940000e+01
3.120539e+01  3.950000e+01
3.121833e+01  3.960000e+01
3.123131e+01  3.970000e+01
3.124432e+01  3.980000e+01
3.125738e+01  3.990000e+01
3.127050e+01  4.000000e+01
3.128368e+01  4.010000e+01
3.129692e+01  4.020000e+01
3.131023e+01  4.030000e+01
3.132359e+01  4.040000e+01
3.133702e+01  4.050000e+01
3.135050e+01  4.060000e+01
3.136404e+01  4.070000e+01
3.137764e+01  4.080000e+01
3.139130e+01  4.090000e+01
3.140502e+01  4.100000e+01
3.141879e+01  4.110000e+01
3.143261e+01  4.120000e+01
3.144649e+01  4.130000e+01
3.146043e+01  4.140000e+01
3.147441e+01  4.150000e+01
3.148845e+01  4.160000e+01
3.150254e+01  4.170000e+01
3.151668e+01  4.180000e+01
3.153087e+01  4.190000e+01
3.154511e+01  4.200000e+01
3.155940e+01  4.210000e+01
3.157373e+01  4.220000e+01
3.158811e+01  4.230000e+01
3.160254e+01  4.240000e+01
3.161702e+01  4.250000e+01
3.163153e+01  4.260000e+01
3.164609e+01  4.270000e+01
3.166070e+01  4.280000e+01
3.167534e+01  4.290000e+01
3.169003e+01  4.300000e+01
3.170476e+01  4.310000e+01
3.171953e+01  4.320000e+01
3.173434e+01  4.330000e+01
3.174919e+01  4.340000e+01
3.176407e+01  4.350000e+01
3.177899e+01  4.360000e+01
3.179395e+01  4.370000e+01
3.180894e+01  4.380000e+01
3.182397e+01  4.390000e+01
3.183903e+01  4.400000e+01
3.185413e+01  4.410000e+01
3.186926e+01  4.420000e+01
3.188442e+01  4.430000e+01
3.189961e+01  4.440000e+01
3.191483e+01  4.450000e+01
3.193008e+01  4.460000e+01
3.194536e+01  4.470000e+01
3.196067e+01  4.480000e+01
3.197601e+01  4.490000e+01
3.199137e+01  4.500000e+01
3.200676e+01  4.510000e+01
3.202217e+01  4.520000e+01
3.203761e+01  4.530000e+01
3.205306e+01  4.540000e+01
3.206854e+01  4.550000e+01
3.208403e+01  4.560000e+01
3.209953e+01  4.570000e+01
3.211505e+01  4.580000e+01
3.213058e+01  4.590000e+01
3.214611e+01  4.600000e+01
3.216165e+01  4.610000e+01
3.217720e+01  4.620000e+01
3.219275e+01  4.630000e+01
3.220829e+01  4.640000e+01
3.222384e+01  4.650000e+01
3.223938e+01  4.660000e+01
3.225492e+01  4.670000e+01
3.227044e+01  4.680000e+01
3.228596e+01  4.690000e+01
3.230147e+01  4.700000e+01
3.231696e+01  4.710000e+01
3.233243e+01  4.720000e+01
3.234789e+01  4.730000e+01
3.236332e+01  4.740000e+01
3.237873e+01  4.750000e+01
3.239412e+01  4.760000e+01
3.240948e+01  4.770000e+01
3.242481e+01  4.780000e+01
3.244012e+01  4.790000e+01
3.245538e+01  4.800000e+01
3.247062e+01  4.810000e+01
3.248581e+01  4.820000e+01
3.250097e+01  4.830000e+01
3.251609e+01  4.840000e+01
3.253116e+01  4.850000e+01
3.254619e+01  4.860000e+01
3.256117e+01  4.870000e+01
3.257610e+01  4.880000e+01
3.259098e+01  4.890000e+01
3.260581e+01  4.900000e+01
3.262058e+01  4.910000e+01
3.263530e+01  4.920000e+01
3.264995e+01  4.930000e+01
3.266455e+01  4.940000e+01
3.267908e+01  4.950000e+01
3.269354e+01  4.960000e+01
3.270794e+01  4.970000e+01
3.272226e+01  4.980000e+01
3.273652e+01  4.990000e+01
3.275070e+01  5.000000e+01
3.276481e+01  5.010000e+01
3.277884e+01  5.020000e+01
3.279281e+01  5.030000e+01
3.280671e+01  5.040000e+01
3.282055e+01  5.050000e+01
3.283433e+01  5.060000e+01
3.284807e+01  5.070000e+01
3.286175e+01  5.080000e+01
3.287539e+01  5.090000e+01
3.288899e+01  5.100000e+01
3.290255e+01  5.110000e+01
3.291608e+01  5.120000e+01
3.292958e+01  5.130000e+01
3.294305e+01  5.140000e+01
3.295651e+01  5.150000e+01
3.296994e+01  5.160000e+01
3.298336e+01  5.170000e+01
3.299678e+01  5.180000e+01
3.301018e+01  5.190000e+01
3.302359e+01  5.200000e+01
3.303699e+01  5.210000e+01
3.305038e+01  5.220000e+01
3.306377e+01  5.230000e+01
3.307716e+01  5.240000e+01
3.309054e+01  5.250000e+01
3.310392e+01  5.260000e+01
3.311730e+01  5.270000e+01
3.313068e+01  5.280000e+01
3.314405e+01  5.290000e+01
3.315743e+01  5.300000e+01
3.317080e+01  5.310000e+01
3.318417e+01  5.320000e+01
3.319753e+01  5.330000e+01
3.321090e+01  5.340000e+01
3.322427e+01  5.350000e+01
3.323763e+01  5.360000e+01
3.325100e+01  5.370000e+01
3.326436e+01  5.380000e+01
3.327773e+01  5.390000e+01
3.329110e+01  5.400000e+01
3.330446e+01  5.410000e+01
3.331783e+01  5.420000e+01
3.333120e+01  5.430000e+01
3.334457e+01  5.440000e+01
3.335794e+01  5.450000e+01
3.337132e+01  5.460000e+01
3.338469e+01  5.470000e+01
3.339807e+01  5.480000e+01
3.341145e+01  5.490000e+01
3.342483e+01  5.500000e+01
3.343822e+01  5.510000e+01
3.345161e+01  5.520000e+01
3.346500e+01  5.530000e+01
3.347840e+01  5.540000e+01
3.349180e+01  5.550000e+01
3.350521e+01  5.560000e+01
3.351862e+01  5.570000e+01
3.353203e+01  5.580000e+01
3.354545e+01  5.590000e+01
3.355888e+01  5.600000e+01
3.357231e+01  5.610000e+01
3.358575e+01  5.620000e+01
3.359919e+01  5.630000e+01
3.361264e+01  5.640000e+01
3.362609e+01  5.650000e+01
3.363955e+01  5.660000e+01
3.365302e+01  5.670000e+01
3.366650e+01  5.680000e+01
3.367998e+01  5.690000e+01
3.369347e+01  5.700000e+01
3.370697e+01  5.710000e+01
3.372047e+01  5.720000e+01
3.373399e+01  5.730000e+01
3.374751e+01  5.740000e+01
3.376104e+01  5.750000e+01
3.377458e+01  5.760000e+01
3.378813e+01  5.770000e+01
3.380169e+01  5.780000e+01
3.381526e+01  5.790000e+01
3.382884e+01  5.800000e+01
3.384243e+01  5.810000e+01
3.385603e+01  5.820000e+01
3.386964e+01  5.830000e+01
3.388327e+01  5.840000e+01
3.389690e+01  5.850000e+01
3.391054e+01  5.860000e+01
3.392420e+01  5.870000e+01
3.393787e+01  5.880000e+01
3.395155e+01  5.890000e+01
3.396524e+01  5.900000e+01
3.397895e+01  5.910000e+01
3.399266e+01  5.920000e+01
3.400639e+01  5.930000e+01
3.402014e+01  5.940000e+01
3.403390e+01  5.950000e+01
3.404767e+01  5.960000e+01
3.406145e+01  5.970000e+01
3.407524e+01  5.980000e+01
3.408905e+01  5.990000e+01
3.410287e+01  6.000000e+01
3.411670e+01  6.010000e+01
3.413054e+01  6.020000e+01
3.414440e+01  6.030000e+01
3.415826e+01  6.040000e+01
3.417214e+01  6.050000e+01
3.418603e+01  6.060000e+01
3.419992e+01  6.070000e+01
3.421383e+01  6.080000e+01
3.422775e+01  6.090000e+01
3.424168e+01  6.100000e+01
3.425562e+01  6.110000e+01
3.426957e+01  6.120000e+01
3.428353e+01  6.130000e+01
3.429750e+01  6.140000e+01
3.431148e+01  6.150000e+01
3.432546e+01  6.160000e+01
3.433946e+01  6.170000e+01
3.435346e+01  6.180000e+01
3.436747e+01  6.190000e+01
3.438150e+01  6.200000e+01
3.439552e+01  6.210000e+01
3.440956e+01  6.220000e+01
3.442361e+01  6.230000e+01
3.443766e+01  6.240000e+01
3.445172e+01  6.250000e+01
3.446579e+01  6.260000e+01
3.447986e+01  6.270000e+01
3.449394e+01  6.280000e+01
3.450803e+01  6.290000e+01
3.452212e+01  6.300000e+01
3.453622e+01  6.310000e+01
3.455033e+01  6.320000e+01
3.456444e+01  6.330000e+01
3.457856e+01  6.340000e+01
3.459268e+01  6.350000e+01
3.460681e+01  6.360000e+01
3.462095e+01  6.370000e+01
3.463509e+01  6.380000e+01
3.464923e+01  6.390000e+01
3.466338e+01  6.400000e+01
3.467753e+01  6.410000e+01
3.469169e+01  6.420000e+01
3.470585e+01  6.430000e+01
3.472001e+01  6.440000e+01
3.473418e+01  6.450000e+01
3.474835e+01  6.460000e+01
3.476253e+01  6.470000e+01
3.477671e+01  6.480000e+01
3.479089e+01  6.490000e+01
3.480508e+01  6.500000e+01
3.481926e+01  6.510000e+01
3.483345e+01  6.520000e+01
3.484764e+01  6.530000e+01
3.486184e+01  6.540000e+01
3.487603e+01  6.550000e+01
3.489023e+01  6.560000e+01
3.490443e+01  6.570000e+01
3.491863e+01  6.580000e+01
3.493283e+01  6.590000e+01
3.494703e+01  6.600000e+01
3.496123e+01  6.610000e+01
3.497543e+01  6.620000e+01
3.498964e+01  6.630000e+01
