2.500000e+01  3.764000e+01
2.502017e+01  3.774000e+01
2.504034e+01  3.784000e+01
2.506049e+01  3.794000e+01
2.508062e+01  3.804000e+01
2.510072e+01  3.814000e+01
2.512078e+01  3.824000e+01
2.514080e+01  3.834000e+01
2.516077e+01  3.844000e+01
2.518068e+01  3.854000e+01
2.520052e+01  3.864000e+01
2.522029e+01  3.874000e+01
2.523998e+01  3.884000e+01
2.525959e+01  3.894000e+01
2.527909e+01  3.904000e+01
2.529850e+01  3.914000e+01
2.531779e+01  3.924000e+01
2.533697e+01  3.934000e+01
2.535603e+01  3.944000e+01
2.537495e+01  3.954000e+01
2.539374e+01  3.964000e+01
2.541238e+01  3.974000e+01
2.543086e+01  3.984000e+01
2.544919e+01  3.994000e+01
2.546734e+01  4.004000e+01
2.548533e+01  4.014000e+01
2.550314e+01  4.024000e+01
2.552079e+01  4.034000e+01
2.553828e+01  4.044000e+01
2.555560e+01  4.054000e+01
2.557276e+01  4.064000e+01
2.558977e+01  4.074000e+01
2.560662e+01  4.084000e+01
2.562331e+01  4.094000e+01
2.563985e+01  4.104000e+01
2.565625e+01  4.114000e+01
2.567250e+01  4.124000e+01
2.568860e+01  4.134000e+01
2.570457e+01  4.144000e+01
2.572039e+01  4.154000e+01
2.573607e+01  4.164000e+01
2.575162e+01  4.174000e+01
2.576704e+01  4.184000e+01
2.578233e+01  4.194000e+01
2.579749e+01  4.204000e+01
2.581252e+01  4.214000e+01
2.582743e+01  4.224000e+01
2.584221e+01  4.234000e+01
2.585688e+01  4.244000e+01
2.587143e+01  4.254000e+01
2.588587e+01  4.264000e+01
2.590019e+01  4.274000e+01
2.591440e+01  4.284000e+01
2.592851e+01  4.294000e+01
2.594251e+01  4.304000e+01
2.595640e+01  4.314000e+01
2.597020e+01  4.324000e+01
2.598389e+01  4.334000e+01
2.599749e+01  4.344000e+01
2.601100e+01  4.354000e+01
2.602441e+01  4.364000e+01
2.603773e+01  4.374000e+01
2.605097e+01  4.384000e+01
2.606413e+01  4.394000e+01
2.607720e+01  4.404000e+01
2.609020e+01  4.414000e+01
2.610313e+01  4.424000e+01
2.611598e+01  4.434000e+01
2.612877e+01  4.444000e+01
2.614149e+01  4.454000e+01
2.615414e+01  4.464000e+01
2.616674e+01  4.474000e+01
2.617928e+01  4.484000e+01
2.619177e+01  4.494000e+01
2.620421e+01  4.504000e+01
2.621660e+01  4.514000e+01
2.622894e+01  4.524000e+01
2.624124e+01  4.534000e+01
2.625351e+01  4.544000e+01
2.626573e+01  4.554000e+01
2.627793e+01  4.564000e+01
2.629009e+01  4.574000e+01
2.630223e+01  4.584000e+01
2.631434e+01  4.594000e+01
2.632643e+01  4.604000e+01
2.633850e+01  4.614000e+01
2.635055e+01  4.624000e+01
2.636260e+01  4.634000e+01
2.637463e+01  4.644000e+01
2.638665e+01  4.654000e+01
2.639867e+01  4.664000e+01
2.641069e+01  4.674000e+01
2.642272e+01  4.684000e+01
2.643474e+01  4.694000e+01
2.644678e+01  4.704000e+01
2.645882e+01  4.714000e+01
2.647088e+01  4.724000e+01
2.648295e+01  4.734000e+01
2.649505e+01  4.744000e+01
2.650716e+01  4.754000e+01
2.651930e+01  4.764000e+01
2.653147e+01  4.774000e+01
2.654367e+01  4.784000e+01
2.655590e+01  4.794000e+01
2.656817e+01  4.804000e+01
2.658048e+01  4.814000e+01
2.659283e+01  4.824000e+01
2.660523e+01  4.834000e+01
2.661767e+01  4.844000e+01
2.663017e+01  4.854000e+01
2.664272e+01  4.864000e+01
2.665533e+01  4.874000e+01
2.666800e+01  4.884000e+01
2.668073e+01  4.894000e+01
2.669353e+01  4.904000e+01
2.670639e+01  4.914000e+01
2.671933e+01  4.924000e+01
2.673234e+01  4.934000e+01
2.674543e+01  4.944000e+01
2.675860e+01  4.954000e+01
2.677185e+01  4.964000e+01
2.678519e+01  4.974000e+01
2.679862e+01  4.984000e+01
2.681214e+01  4.994000e+01
2.682576e+01  5.004000e+01
2.683947e+01  5.014000e+01
2.685326e+01  5.024000e+01
2.686712e+01  5.034000e+01
2.688104e+01  5.044000e+01
2.689501e+01  5.054000e+01
2.690903e+01  5.064000e+01
2.692307e+01  5.074000e+01
2.693714e+01  5.084000e+01
2.695121e+01  5.094000e+01
2.696529e+01  5.104000e+01
2.697935e+01  5.114000e+01
2.699339e+01  5.124000e+01
2.700740e+01  5.134000e+01
2.702137e+01  5.144000e+01
2.703531e+01  5.154000e+01
2.704922e+01  5.164000e+01
2.706309e+01  5.174000e+01
2.707694e+01  5.184000e+01
2.709075e+01  5.194000e+01
2.710455e+01  5.204000e+01
2.711832e+01  5.214000e+01
2.713206e+01  5.224000e+01
2.714579e+01  5.234000e+01
2.715949e+01  5.244000e+01
2.717318e+01  5.254000e+01
2.718686e+01  5.264000e+01
2.720052e+01  5.274000e+01
2.721417e+01  5.284000e+01
2.722781e+01  5.294000e+01
2.724144e+01  5.304000e+01
2.725507e+01  5.314000e+01
2.726869e+01  5.324000e+01
2.728231e+01  5.334000e+01
2.729593e+01  5.344000e+01
2.730955e+01  5.354000e+01
2.732317e+01  5.364000e+01
2.733680e+01  5.374000e+01
2.735043e+01  5.384000e+01
2.736407e+01  5.394000e+01
2.737772e+01  5.404000e+01
2.739138e+01  5.414000e+01
2.740505e+01  5.424000e+01
2.741874e+01  5.434000e+01
2.743245e+01  5.444000e+01
2.744617e+01  5.454000e+01
2.745992e+01  5.464000e+01
2.747368e+01  5.474000e+01
2.748748e+01  5.484000e+01
2.750129e+01  5.494000e+01
2.751514e+01  5.504000e+01
2.752901e+01  5.514000e+01
2.754291e+01  5.524000e+01
2.755685e+01  5.534000e+01
2.757082e+01  5.544000e+01
2.758483e+01  5.554000e+01
2.759887e+01  5.564000e+01
2.761296e+01  5.574000e+01
2.762708e+01  5.584000e+01
2.764125e+01  5.594000e+01
2.765547e+01  5.604000e+01
2.766973e+01  5.614000e+01
2.768404e+01  5.624000e+01
2.769840e+01  5.634000e+01
2.771281e+01  5.644000e+01
2.772728e+01  5.654000e+01
2.774180e+01  5.664000e+01
2.775638e+01  5.674000e+01
2.777102e+01  5.684000e+01
2.778572e+01  5.694000e+01
2.780049e+01  5.704000e+01
2.781531e+01  5.714000e+01
2.783021e+01  5.724000e+01
2.784517e+01  5.734000e+01
2.786020e+01  5.744000e+01
2.787530e+01  5.754000e+01
2.789048e+01  5.764000e+01
2.790573e+01  5.774000e+01
2.792106e+01  5.784000e+01
2.793647e+01  5.794000e+01
2.795196e+01  5.804000e+01
2.796753e+01  5.814000e+01
2.798318e+01  5.824000e+01
2.799892e+01  5.834000e+01
2.801475e+01  5.844000e+01
2.803066e+01  5.854000e+01
2.804665e+01  5.864000e+01
2.806272e+01  5.874000e+01
2.807887e+01  5.884000e+01
2.809509e+01  5.894000e+01
2.811138e+01  5.904000e+01
2.812773e+01  5.914000e+01
2.814415e+01  5.924000e+01
2.816062e+01  5.934000e+01
2.817715e+01  5.944000e+01
2.819373e+01  5.954000e+01
2.821037e+01  5.964000e+01
2.822704e+01  5.974000e+01
2.824376e+01  5.984000e+01
2.826053e+01  5.994000e+01
2.827732e+01  6.004000e+01
2.829415e+01  6.014000e+01
2.831101e+01  6.024000e+01
2.832789e+01  6.034000e+01
2.834479e+01  6.044000e+01
2.836170e+01  6.054000e+01
2.837862e+01  6.064000e+01
2.839554e+01  6.074000e+01
2.841246e+01  6.084000e+01
2.842938e+01  6.094000e+01
2.844628e+01  6.104000e+01
2.846317e+01  6.114000e+01
2.848003e+01  6.124000e+01
2.849687e+01  6.134000e+01
2.851368e+01  6.144000e+01
2.853045e+01  6.154000e+01
2.854719e+01  6.164000e+01
2.856387e+01  6.174000e+01
2.858051e+01  6.184000e+01
2.859709e+01  6.194000e+01
2.861361e+01  6.204000e+01
2.863007e+01  6.214000e+01
2.864645e+01  6.224000e+01
2.866276e+01  6.234000e+01
2.867899e+01  6.244000e+01
2.869514e+01  6.254000e+01
2.871119e+01  6.264000e+01
2.872715e+01  6.274000e+01
2.874302e+01  6.284000e+01
2.875877e+01  6.294000e+01
2.877442e+01  6.304000e+01
2.878996e+01  6.314000e+01
2.880537e+01  6.324000e+01
2.882067e+01  6.334000e+01
2.883583e+01  6.344000e+01
2.885086e+01  6.354000e+01
2.886575e+01  6.364000e+01
2.888050e+01  6.374000e+01
2.889510e+01  6.384000e+01
2.890954e+01  6.394000e+01
2.892383e+01  6.404000e+01
2.893796e+01  6.414000e+01
2.895192e+01  6.424000e+01
2.896570e+01  6.434000e+01
2.897931e+01  6.444000e+01
2.899273e+01  6.454000e+01
2.900597e+01  6.464000e+01
2.901902e+01  6.474000e+01
2.903189e+01  6.484000e+01
2.904459e+01  6.494000e+01
2.905712e+01  6.504000e+01
2.906948e+01  6.514000e+01
2.908169e+01  6.524000e+01
2.909376e+01  6.534000e+01
2.910568e+01  6.544000e+01
2.911747e+01  6.554000e+01
2.912913e+01  6.564000e+01
2.914067e+01  6.574000e+01
2.915209e+01  6.584000e+01
2.916340e+01  6.594000e+01
2.917462e+01  6.604000e+01
2.918574e+01  6.614000e+01
2.919677e+01  6.624000e+01
2.920772e+01  6.634000e+01
2.921859e+01  6.644000e+01
2.922940e+01  6.654000e+01
2.924014e+01  6.664000e+01
2.925083e+01  6.674000e+01
2.926147e+01  6.684000e+01
2.927206e+01  6.694000e+01
2.928262e+01  6.704000e+01
2.929316e+01  6.714000e+01
2.930367e+01  6.724000e+01
2.931416e+01  6.734000e+01
2.932465e+01  6.744000e+01
2.933514e+01  6.754000e+01
2.934562e+01  6.764000e+01
2.935612e+01  6.774000e+01
2.936664e+01  6.784000e+01
2.937718e+01  6.794000e+01
2.938775e+01  6.804000e+01
2.939836e+01  6.814000e+01
2.940902e+01  6.824000e+01
2.941972e+01  6.834000e+01
2.943048e+01  6.844000e+01
2.944131e+01  6.854000e+01
2.945220e+01  6.864000e+01
2.946317e+01  6.874000e+01
2.947423e+01  6.884000e+01
2.948538e+01  6.894000e+01
2.949662e+01  6.904000e+01
2.950797e+01  6.914000e+01
2.951943e+01  6.924000e+01
2.953100e+01  6.934000e+01
2.954270e+01  6.944000e+01
2.955453e+01  6.954000e+01
2.956649e+01  6.964000e+01
2.957860e+01  6.974000e+01
2.959086e+01  6.984000e+01
2.960327e+01  6.994000e+01
2.961585e+01  7.004000e+01
2.962860e+01  7.014000e+01
2.964152e+01  7.024000e+01
2.965463e+01  7.034000e+01
2.966794e+01  7.044000e+01
2.968144e+01  7.054000e+01
2.969515e+01  7.064000e+01
2.970907e+01  7.074000e+01
2.972322e+01  7.084000e+01
2.973759e+01  7.094000e+01
2.975220e+01  7.104000e+01
2.976705e+01  7.114000e+01
2.978216e+01  7.124000e+01
2.979752e+01  7.134000e+01
2.981315e+01  7.144000e+01
2.982906e+01  7.154000e+01
2.984524e+01  7.164000e+01
2.986171e+01  7.174000e+01
2.987848e+01  7.184000e+01
2.989555e+01  7.194000e+01
2.991293e+01  7.204000e+01
2.993062e+01  7.214000e+01
2.994865e+01  7.224000e+01
2.996700e+01  7.234000e+01
2.998570e+01  7.244000e+01
3.000474e+01  7.254000e+01
3.002413e+01  7.264000e+01
3.004385e+01  7.274000e+01
3.006389e+01  7.284000e+01
3.008424e+01  7.294000e+01
3.010488e+01  7.304000e+01
3.012579e+01  7.314000e+01
3.014696e+01  7.324000e+01
3.016838e+01  7.334000e+01
3.019003e+01  7.344000e+01
3.021189e+01  7.354000e+01
3.023395e+01  7.364000e+01
3.025619e+01  7.374000e+01
3.027860e+01  7.384000e+01
3.030117e+01  7.394000e+01
3.032388e+01  7.404000e+01
3.034671e+01  7.414000e+01
3.036965e+01  7.424000e+01
3.039268e+01  7.434000e+01
3.041579e+01  7.444000e+01
3.043897e+01  7.454000e+01
3.046220e+01  7.464000e+01
3.048545e+01  7.474000e+01
3.050873e+01  7.484000e+01
3.053201e+01  7.494000e+01
3.055528e+01  7.504000e+01
3.057853e+01  7.514000e+01
3.060173e+01  7.524000e+01
3.062487e+01  7.534000e+01
3.064795e+01  7.544000e+01
3.067093e+01  7.554000e+01
3.069382e+01  7.564000e+01
3.071659e+01  7.574000e+01
3.073922e+01  7.584000e+01
3.076171e+01  7.594000e+01
3.078404e+01  7.604000e+01
3.080619e+01  7.614000e+01
3.082815e+01  7.624000e+01
3.084990e+01  7.634000e+01
3.087143e+01  7.644000e+01
3.089272e+01  7.654000e+01
3.091376e+01  7.664000e+01
3.093454e+01  7.674000e+01
3.095503e+01  7.684000e+01
3.097522e+01  7.694000e+01
3.099510e+01  7.704000e+01
3.101465e+01  7.714000e+01
3.103388e+01  7.724000e+01
3.105279e+01  7.734000e+01
3.107140e+01  7.744000e+01
3.108970e+01  7.754000e+01
3.110772e+01  7.764000e+01
3.112545e+01  7.774000e+01
3.114292e+01  7.784000e+01
3.116012e+01  7.794000e+01
3.117706e+01  7.804000e+01
3.119376e+01  7.814000e+01
3.121023e+01  7.824000e+01
3.122647e+01  7.834000e+01
3.124249e+01  7.844000e+01
3.125831e+01  7.854000e+01
3.127392e+01  7.864000e+01
3.128934e+01  7.874000e+01
3.130458e+01  7.884000e+01
3.131965e+01  7.894000e+01
3.133456e+01  7.904000e+01
3.134931e+01  7.914000e+01
3.136392e+01  7.924000e+01
3.137838e+01  7.934000e+01
3.139273e+01  7.944000e+01
3.140695e+01  7.954000e+01
3.142106e+01  7.964000e+01
3.143507e+01  7.974000e+01
3.144899e+01  7.984000e+01
3.146283e+01  7.994000e+01
3.147660e+01  8.004000e+01
3.149030e+01  8.014000e+01
3.150394e+01  8.024000e+01
3.151753e+01  8.034000e+01
3.153107e+01  8.044000e+01
3.154457e+01  8.054000e+01
3.155804e+01  8.064000e+01
3.157148e+01  8.074000e+01
3.158491e+01  8.084000e+01
3.159832e+01  8.094000e+01
3.161172e+01  8.104000e+01
3.162512e+01  8.114000e+01
3.163853e+01  8.124000e+01
3.165196e+01  8.134000e+01
3.166540e+01  8.144000e+01
3.167886e+01  8.154000e+01
3.169236e+01  8.164000e+01
3.170590e+01  8.174000e+01
3.171949e+01  8.184000e+01
3.173312e+01  8.194000e+01
3.174682e+01  8.204000e+01
3.176058e+01  8.214000e+01
3.177441e+01  8.224000e+01
3.178832e+01  8.234000e+01
3.180231e+01  8.244000e+01
3.181639e+01  8.254000e+01
3.183057e+01  8.264000e+01
3.184486e+01  8.274000e+01
3.185926e+01  8.284000e+01
3.187377e+01  8.294000e+01
3.188841e+01  8.304000e+01
3.190317e+01  8.314000e+01
3.191808e+01  8.324000e+01
3.193313e+01  8.334000e+01
3.194832e+01  8.344000e+01
3.196368e+01  8.354000e+01
3.197919e+01  8.364000e+01
3.199488e+01  8.374000e+01
3.201074e+01  8.384000e+01
3.202677e+01  8.394000e+01
3.204298e+01  8.404000e+01
3.205936e+01  8.414000e+01
3.207591e+01  8.424000e+01
3.209262e+01  8.434000e+01
3.210949e+01  8.444000e+01
3.212651e+01  8.454000e+01
3.214369e+01  8.464000e+01
3.216101e+01  8.474000e+01
3.217849e+01  8.484000e+01
3.219610e+01  8.494000e+01
3.221386e+01  8.504000e+01
3.223175e+01  8.514000e+01
3.224977e+01  8.524000e+01
3.226792e+01  8.534000e+01
3.228619e+01  8.544000e+01
3.230459e+01  8.554000e+01
3.232311e+01  8.564000e+01
3.234174e+01  8.574000e+01
3.236049e+01  8.584000e+01
3.237934e+01  8.594000e+01
3.239830e+01  8.604000e+01
3.241736e+01  8.614000e+01
3.243652e+01  8.624000e+01
3.245578e+01  8.634000e+01
3.247512e+01  8.644000e+01
3.249456e+01  8.654000e+01
3.251408e+01  8.664000e+01
3.253368e+01  8.674000e+01
3.255336e+01  8.684000e+01
3.257311e+01  8.694000e+01
3.259294e+01  8.704000e+01
3.261283e+01  8.714000e+01
3.263279e+01  8.724000e+01
3.265281e+01  8.734000e+01
3.267289e+01  8.744000e+01
3.269302e+01  8.754000e+01
3.271321e+01  8.764000e+01
3.273344e+01  8.774000e+01
3.275371e+01  8.784000e+01
3.277403e+01  8.794000e+01
3.279438e+01  8.804000e+01
3.281477e+01  8.814000e+01
3.283519e+01  8.824000e+01
3.285564e+01  8.834000e+01
3.287611e+01  8.844000e+01
3.289660e+01  8.854000e+01
3.291711e+01  8.864000e+01
3.293763e+01  8.874000e+01
3.295816e+01  8.884000e+01
3.297870e+01  8.894000e+01
3.299925e+01  8.904000e+01
