872.221310   0.585721
885.053726   0.587505
896.621965   0.589247
907.105276   0.590943
916.661158   0.592591
925.391275   0.594188
933.411143   0.595736
940.800232   0.597235
947.634178   0.598687
953.977523   0.600093
959.857910   0.601454
965.348870   0.602774
970.495549   0.604055
975.301888   0.605298
979.835305   0.606505
984.111428   0.607678
988.154193   0.608819
991.987018   0.609930
995.624590   0.611011
999.069410   0.612061
1002.345362   0.613085
1005.480192   0.614086
1008.486553   0.615063
1011.378689   0.616020
1014.165150   0.616956
1016.851712   0.617872
1019.454560   0.618770
1021.974242   0.619650
1024.422398   0.620513
1026.803954   0.621360
1029.126068   0.622191
1031.390163   0.623008
1033.609923   0.623811
1035.770200   0.624599
1037.883803   0.625373
1039.956554   0.626135
1041.992332   0.626885
1044.000386   0.627624
1045.972768   0.628354
1047.926946   0.629073
1049.852908   0.629782
1051.760523   0.630483
1053.651843   0.631174
1055.522184   0.631857
1057.376790   0.632529
1059.158736   0.633182
1060.860080   0.633812
1062.476373   0.634422
1064.005393   0.635013
1065.451841   0.635586
1066.880173   0.636160
1068.330857   0.636740
1069.815088   0.637327
1071.343405   0.637918
1072.915625   0.638515
1074.540779   0.639117
1076.219114   0.639723
1077.960348   0.640335
1079.763388   0.640950
1081.633737   0.641570
1083.567049   0.642193
1085.568685   0.642820
1087.641825   0.643451
1089.789084   0.644086
1092.006989   0.644724
1094.301745   0.645366
1096.669339   0.646010
1099.118542   0.646657
1101.635059   0.647308
1104.235238   0.647962
1106.917940   0.648619
1109.676472   0.649279
1112.518314   0.649941
1115.438089   0.650607
1118.441034   0.651274
1121.524796   0.651945
1124.693542   0.652618
1127.946799   0.653294
1131.285632   0.653973
1134.707930   0.654654
1138.217082   0.655338
1141.817248   0.656024
1145.488764   0.656712
1149.258662   0.657404
1153.120331   0.658098
1157.064519   0.658794
1161.104239   0.659493
1165.226295   0.660194
1169.447175   0.660898
1173.748957   0.661604
1178.145931   0.662313
1182.639950   0.663024
1232.858467   0.670286
1293.326187   0.677846
1365.157339   0.685779
1449.772068   0.694185
1548.957330   0.703168
1665.020052   0.712839
1800.772638   0.723320
1959.262502   0.734621
2143.641172   0.746028
2359.206543   0.754969
2619.156103   0.756577
2948.883977   0.745031
3389.128673   0.711305
4026.945284   0.639326
5035.683458   0.498155
5364.237251   0.166398
528.375770   0.066866
228.718262   0.066185
145.128126   0.066593
106.575914   0.067271
84.193357   0.068088
69.607023   0.068999
59.401403   0.069979
51.889507   0.071013
46.147737   0.072092
41.629580   0.073209
37.989676   0.074358
34.998217   0.075537
32.501260   0.076742
30.389426   0.077969
28.581627   0.079217
27.018232   0.080484
25.654692   0.081769
24.456625   0.083069
23.396124   0.084384
22.451440   0.085713
21.605536   0.087054
20.844433   0.088407
20.156325   0.089769
19.531388   0.091142
18.961819   0.092525
18.440905   0.093915
17.963087   0.095313
17.523215   0.096719
17.117149   0.098132
16.741403   0.099551
16.392907   0.100976
16.069009   0.102406
15.767112   0.103841
15.485235   0.105282
15.221581   0.106727
14.974575   0.108176
14.742804   0.109629
14.524888   0.111085
14.319680   0.112545
14.126198   0.114008
13.943542   0.115475
13.770912   0.116943
13.607773   0.118414
13.452725   0.119888
13.305831   0.121364
13.166334   0.122842
13.033745   0.124322
12.907610   0.125803
12.787504   0.127285
12.672993   0.128770
12.563735   0.130256
12.459407   0.131743
12.359727   0.133231
12.264418   0.134720
12.173232   0.136210
12.085908   0.137701
12.002216   0.139192
11.921962   0.140685
11.844960   0.142178
11.771045   0.143671
11.700056   0.145165
11.631842   0.146658
11.566246   0.148152
11.503116   0.149647
11.442350   0.151142
11.383830   0.152636
11.327452   0.154131
11.273115   0.155626
11.220727   0.157120
11.170187   0.158614
11.121402   0.160108
11.074295   0.161603
11.028796   0.163097
10.984835   0.164590
10.616773   0.179500
10.347273   0.194343
10.145475   0.209099
9.991885   0.223752
9.873635   0.238291
9.781909   0.252709
9.710487   0.267000
9.654864   0.281160
9.611711   0.295188
9.578513   0.309082
9.553347   0.322842
9.534720   0.336467
9.521455   0.349956
9.512615   0.363313
9.507448   0.376535
9.505342   0.389624
9.505799   0.402584
9.508408   0.415412
9.512827   0.428112
9.518772   0.440685
9.526006   0.453132
9.534324   0.465455
9.543561   0.477655
9.553570   0.489734
9.564226   0.501694
9.575424   0.513535
9.587076   0.525261
9.599100   0.536871
9.611432   0.548369
9.624011   0.559754
9.636788   0.571030
9.649719   0.582197
9.662763   0.593256
9.675892   0.604211
9.689072   0.615061
9.702281   0.625809
9.715496   0.636456
9.728695   0.647002
9.741867   0.657451
9.754993   0.667802
9.768042   0.678045
9.780969   0.688164
9.793754   0.698157
9.806370   0.708017
9.818801   0.717744
9.831043   0.727343
9.843092   0.736817
9.854946   0.746169
9.866603   0.755403
9.878062   0.764521
9.889326   0.773526
9.900394   0.782421
9.911269   0.791208
9.921953   0.799891
9.932446   0.808471
9.942752   0.816951
9.952873   0.825333
9.962814   0.833619
9.972574   0.841811
9.982158   0.849911
9.991569   0.857921
10.000811   0.865843
10.009885   0.873678
10.018795   0.881429
10.027544   0.889097
10.036135   0.896683
10.044572   0.904190
10.052856   0.911618
10.060991   0.918969
10.068981   0.926245
10.076827   0.933446
10.084533   0.940575
10.092101   0.947633
10.099534   0.954619
10.106835   0.961537
10.114007   0.968387
10.121052   0.975171
10.127972   0.981888
10.134771   0.988542
10.141450   0.995131
10.148011   1.001659
10.154458   1.008125
10.160792   1.014530
10.167016   1.020876
10.173132   1.027164
10.179142   1.033394
10.185047   1.039567
10.190851   1.045684
10.196555   1.051747
10.202161   1.057755
10.253222   1.115026
10.296307   1.167663
10.332747   1.216248
10.363603   1.261259
10.389732   1.303096
10.411833   1.342096
10.430476   1.378546
10.446136   1.412693
10.459207   1.444752
10.470022   1.474910
10.478863   1.503331
10.485968   1.530161
10.491543   1.555527
10.495764   1.579545
10.498785   1.602317
10.500738   1.623935
10.501738   1.644481
10.501888   1.664032
10.501276   1.682654
10.499982   1.700410
10.498076   1.717355
10.495618   1.733542
10.492664   1.749017
10.489264   1.763823
10.485461   1.778001
10.481294   1.791587
10.476800   1.804614
10.472010   1.817114
10.466953   1.829116
10.461654   1.840647
10.456138   1.851731
10.450426   1.862392
10.444537   1.872652
10.438488   1.882531
10.432296   1.892047
10.425975   1.901219
10.419539   1.910062
10.413000   1.918593
10.406369   1.926825
10.399656   1.934773
10.392870   1.942449
10.386020   1.949866
10.379115   1.957034
10.372160   1.963965
10.365163   1.970668
10.358130   1.977154
10.351067   1.983431
10.343978   1.989507
10.336869   1.995390
10.329743   2.001086
10.322605   2.006603
10.315457   2.011945
10.308304   2.017120
10.301146   2.022132
10.293988   2.026989
10.286830   2.031693
10.279676   2.036252
10.272526   2.040669
10.265384   2.044950
10.258250   2.049098
10.251125   2.053119
10.244013   2.057015
10.236912   2.060792
10.229826   2.064453
10.222754   2.068002
10.215698   2.071442
10.208659   2.074776
10.201637   2.078009
10.194634   2.081142
10.187650   2.084180
10.180687   2.087125
10.173744   2.089979
10.166821   2.092747
10.159921   2.095429
10.153043   2.098030
10.146188   2.100550
10.139356   2.102994
10.132548   2.105362
10.125763   2.107657
10.119003   2.109882
10.112268   2.112037
10.105558   2.114126
10.098872   2.116151
10.092213   2.118112
10.085579   2.120012
10.078970   2.121852
10.072388   2.123635
10.065832   2.125362
10.059303   2.127034
10.052800   2.128653
9.989246   2.142220
9.928391   2.151825
9.870199   2.158378
9.814584   2.162556
9.761436   2.164868
9.710628   2.165706
9.662037   2.165372
9.615534   2.164102
9.570999   2.162083
9.528316   2.159463
9.487374   2.156360
9.448071   2.152872
9.410311   2.149076
9.374004   2.145034
9.339067   2.140801
9.305424   2.136417
9.272998   2.131920
9.241729   2.127337
9.211549   2.122694
9.182403   2.118011
9.154236   2.113304
9.127000   2.108589
9.100646   2.103876
9.075131   2.099175
9.050414   2.094495
9.026457   2.089843
9.003226   2.085223
8.980685   2.080641
8.958804   2.076101
8.937553   2.071605
8.916906   2.067156
8.896835   2.062757
8.877316   2.058408
8.858327   2.054111
8.839845   2.049867
8.821850   2.045676
8.804322   2.041539
8.787244   2.037456
8.770598   2.033427
8.754367   2.029452
8.738536   2.025531
8.723090   2.021664
8.708015   2.017849
8.693297   2.014087
8.678925   2.010376
8.664885   2.006718
8.651167   2.003109
8.637759   1.999551
8.624651   1.996043
8.611833   1.992582
8.599296   1.989170
8.587030   1.985805
8.575027   1.982487
8.563279   1.979214
8.551776   1.975986
8.540513   1.972803
8.529482   1.969662
8.518675   1.966565
8.508086   1.963509
8.497709   1.960495
8.487537   1.957521
8.477564   1.954587
8.467786   1.951692
8.458195   1.948835
