925.043318   0.590632
954.030761   0.591793
983.346848   0.592954
1013.141595   0.594113
1043.526789   0.595270
1074.630306   0.596425
1106.540215   0.597579
1139.364795   0.598735
1173.189983   0.599893
1208.111579   0.601058
1244.215537   0.602232
1281.595009   0.603417
1320.339053   0.604617
1360.540412   0.605835
1402.286497   0.607073
1445.674642   0.608332
1490.796861   0.609615
1537.754563   0.610919
1586.636351   0.612242
1637.563846   0.613579
1690.613604   0.614922
1745.886570   0.616259
1803.537209   0.617571
1863.598892   0.618834
1926.242711   0.620012
1991.568892   0.621058
2059.683112   0.621911
2130.789210   0.622494
2205.068221   0.622710
2282.765265   0.622442
2364.111742   0.621557
2449.487672   0.619901
2539.449092   0.617297
2634.581525   0.613549
2735.483797   0.608434
2843.023818   0.601701
2958.076777   0.593059
3081.685335   0.582171
3215.017680   0.568645
3359.344046   0.552021
3515.832058   0.531757
3685.239571   0.507192
3867.164489   0.477501
4057.373160   0.441623
4243.517905   0.398192
4390.891417   0.345806
4410.935689   0.283109
4090.470555   0.213156
3160.387357   0.152390
2003.454469   0.120178
1256.475906   0.108050
857.710634   0.103141
633.329294   0.100779
495.444524   0.099507
404.059571   0.098790
339.849883   0.098394
292.638573   0.098201
256.646067   0.098146
228.398982   0.098190
205.707493   0.098308
187.122696   0.098481
171.648861   0.098699
158.581371   0.098952
147.412977   0.099234
137.766047   0.099540
129.356460   0.099866
121.972744   0.100209
115.442594   0.100566
109.626392   0.100935
104.413600   0.101314
99.714466   0.101702
95.457612   0.102099
91.585006   0.102503
88.047786   0.102913
84.804777   0.103328
81.821620   0.103749
79.068743   0.104174
76.520987   0.104602
74.156612   0.105034
71.956928   0.105469
69.905443   0.105906
67.988064   0.106346
66.192264   0.106788
64.507054   0.107231
62.922659   0.107677
61.430585   0.108123
60.022963   0.108570
58.693014   0.109019
57.434797   0.109468
56.243023   0.109917
55.113924   0.110367
54.041644   0.110816
45.740234   0.115264
40.198747   0.119667
36.180328   0.124089
33.136955   0.128518
30.760361   0.132931
28.852249   0.137331
27.291178   0.141701
25.989072   0.146048
24.889333   0.150359
23.947372   0.154640
23.132985   0.158884
22.422146   0.163091
21.796498   0.167261
21.242408   0.171388
20.747693   0.175479
20.303879   0.179530
19.903593   0.183542
19.540527   0.187519
19.209935   0.191458
18.907787   0.195360
18.630340   0.199229
18.374979   0.203063
18.139161   0.206862
17.920563   0.210631
17.717548   0.214368
17.528600   0.218072
17.352128   0.221747
17.187026   0.225394
17.032340   0.229010
16.887063   0.232597
16.750307   0.236159
16.621427   0.239694
16.499828   0.243201
16.384836   0.246682
16.275921   0.250140
16.172674   0.253573
16.074705   0.256980
15.981571   0.260364
15.892914   0.263726
15.808459   0.267066
15.727943   0.270382
15.651093   0.273675
15.577635   0.276949
15.507351   0.280202
15.440093   0.283434
15.375674   0.286644
15.313889   0.289835
15.254580   0.293008
15.197622   0.296162
15.142894   0.299296
15.090278   0.302410
15.039626   0.305507
14.990835   0.308587
14.943822   0.311649
14.898499   0.314693
14.854788   0.317719
14.812585   0.320729
14.771816   0.323723
14.732415   0.326701
14.694329   0.329662
14.657497   0.332607
14.621856   0.335536
14.587334   0.338450
14.553892   0.341350
14.521487   0.344234
14.490074   0.347104
14.459616   0.349957
14.430059   0.352797
14.401362   0.355624
14.373498   0.358436
14.346429   0.361235
14.320131   0.364020
14.294574   0.366790
14.269719   0.369547
14.245536   0.372292
14.222004   0.375024
14.199100   0.377744
14.176802   0.380450
14.155092   0.383143
14.133939   0.385824
14.113321   0.388493
14.093221   0.391150
14.073623   0.393795
14.054511   0.396429
14.035868   0.399050
14.017679   0.401659
13.999924   0.404257
13.982586   0.406845
13.965655   0.409421
13.949116   0.411986
13.802818   0.437051
13.684559   0.461124
13.587283   0.484295
13.506081   0.506639
13.437426   0.528219
13.378727   0.549092
13.328039   0.569307
13.284070   0.588720
13.245327   0.607294
13.210681   0.625171
13.179392   0.642405
13.150885   0.659042
13.124709   0.675125
13.100502   0.690690
13.077978   0.705770
13.056899   0.720396
13.037074   0.734594
13.018340   0.748388
13.000566   0.761802
12.983639   0.774854
12.967462   0.787564
12.951956   0.799949
12.937048   0.812025
12.922680   0.823805
12.908802   0.835305
12.895365   0.846535
12.882332   0.857509
12.869666   0.868237
12.857339   0.878728
12.845322   0.888993
12.833591   0.899041
12.822126   0.908879
12.810907   0.918516
12.799916   0.927959
12.789140   0.937215
12.778563   0.946292
12.768172   0.955194
12.757958   0.963928
12.747909   0.972500
12.738016   0.980915
12.728271   0.989178
12.718665   0.997294
12.709192   1.005267
12.699844   1.013102
12.690616   1.020803
12.681503   1.028375
12.672499   1.035820
12.663598   1.043142
12.654798   1.050345
12.646094   1.057433
12.637481   1.064408
12.628957   1.071273
12.620519   1.078032
12.612162   1.084687
12.603884   1.091241
12.595683   1.097696
12.587556   1.104056
12.579500   1.110321
12.571514   1.116496
12.563590   1.122587
12.555722   1.128608
12.547915   1.134563
12.540161   1.140466
12.532469   1.146319
12.524842   1.152125
12.517283   1.157884
12.509796   1.163597
12.502383   1.169264
12.495043   1.174887
12.487778   1.180465
12.480588   1.185999
12.473473   1.191491
12.466434   1.196939
12.459469   1.202344
12.452577   1.207709
12.445760   1.213031
12.439015   1.218312
12.432341   1.223553
12.425739   1.228754
12.419207   1.233914
12.412744   1.239035
12.406348   1.244118
12.400020   1.249161
12.393758   1.254167
12.387560   1.259134
12.381426   1.264064
12.375354   1.268957
12.369344   1.273813
12.363394   1.278632
12.357504   1.283415
12.301623   1.329341
12.250563   1.372023
12.203485   1.411765
12.159720   1.448837
12.118725   1.483481
12.080088   1.515914
12.043469   1.546329
12.008598   1.574899
11.975257   1.601776
11.943267   1.627100
11.912480   1.650993
11.882775   1.673567
11.854049   1.694922
11.826213   1.715148
11.799196   1.734325
11.772932   1.752530
11.747366   1.769828
11.722450   1.786281
11.698141   1.801945
11.674402   1.816870
11.651199   1.831104
11.628503   1.844690
11.606287   1.857667
11.584526   1.870071
11.563198   1.881936
11.542284   1.893294
11.521764   1.904171
11.501623   1.914597
11.481843   1.924594
11.462412   1.934186
11.443315   1.943394
11.424540   1.952239
11.406075   1.960738
11.387909   1.968909
11.370034   1.976769
11.352436   1.984332
11.335110   1.991612
11.318046   1.998624
11.301235   2.005380
11.284671   2.011891
11.268346   2.018168
11.252252   2.024222
11.236384   2.030063
11.220735   2.035700
11.205300   2.041142
11.190072   2.046397
11.175046   2.051473
11.160217   2.056378
11.145579   2.061118
11.131129   2.065700
11.116861   2.070130
11.102771   2.074415
11.088855   2.078560
11.075108   2.082570
11.061528   2.086451
11.048108   2.090208
11.034848   2.093845
11.021742   2.097366
11.008788   2.100776
10.995983   2.104079
10.983323   2.107278
10.970807   2.110377
10.958431   2.113378
10.946193   2.116285
10.934090   2.119100
10.922119   2.121827
10.910278   2.124468
10.898564   2.127026
10.886975   2.129503
10.875508   2.131902
10.864160   2.134224
10.852930   2.136473
10.841815   2.138650
10.830813   2.140758
10.819921   2.142798
10.809137   2.144773
10.798460   2.146683
10.787887   2.148532
10.777417   2.150321
10.767047   2.152051
10.756775   2.153725
10.746601   2.155343
10.736521   2.156908
10.726535   2.158421
10.716640   2.159883
10.706835   2.161295
10.697119   2.162659
10.687489   2.163977
10.677945   2.165250
10.668485   2.166478
10.578201   2.176575
10.494953   2.183357
10.417767   2.187577
10.345869   2.189801
10.278628   2.190457
10.215526   2.189876
10.156130   2.188315
10.100072   2.185976
10.047036   2.183018
9.996753   2.179569
9.948986   2.175729
9.903528   2.171581
9.860196   2.167192
9.818829   2.162617
9.779283   2.157899
9.741427   2.153076
9.705146   2.148177
9.670335   2.143227
9.636900   2.138247
9.604753   2.133253
9.573817   2.128260
9.544018   2.123280
9.515292   2.118322
9.487577   2.113393
9.460819   2.108501
9.434965   2.103651
9.409968   2.098847
9.385783   2.094092
9.362371   2.089390
9.339693   2.084743
9.317714   2.080152
9.296400   2.075619
9.275720   2.071144
9.255647   2.066729
9.236152   2.062373
9.217211   2.058077
9.198799   2.053840
9.180895   2.049663
9.163476   2.045546
9.146524   2.041486
9.130020   2.037485
9.113945   2.033542
9.098284   2.029655
9.083020   2.025825
9.068138   2.022050
9.053624   2.018330
9.039465   2.014663
9.025647   2.011049
9.012159   2.007488
8.998990   2.003977
8.986128   2.000518
8.973561   1.997107
8.961282   1.993745
8.949280   1.990431
8.937546   1.987164
8.926071   1.983943
8.914847   1.980767
8.903866   1.977635
8.893121   1.974547
8.882604   1.971502
8.872308   1.968498
8.862227   1.965536
8.852354   1.962614
8.842683   1.959732
8.833209   1.956889
8.823924   1.954084
8.814825   1.951316
8.805906   1.948585
8.797162   1.945890
