922.657222   0.577084
942.582473   0.578607
961.466219   0.580134
979.475486   0.581656
996.751808   0.583167
1013.403525   0.584662
1029.532156   0.586140
1045.214248   0.587600
1060.519323   0.589040
1075.496412   0.590460
1090.213129   0.591862
1104.693771   0.593244
1118.990733   0.594609
1133.133893   0.595957
1147.154641   0.597288
1161.081424   0.598604
1174.934406   0.599905
1188.713796   0.601191
1202.456359   0.602464
1216.190250   0.603725
1229.932299   0.604975
1243.698204   0.606215
1257.503782   0.607446
1271.364042   0.608668
1285.284232   0.609882
1299.283488   0.611088
1313.370910   0.612288
1327.563100   0.613482
1341.851603   0.614671
1356.217802   0.615852
1370.675233   0.617028
1385.270799   0.618201
1400.014708   0.619372
1414.911637   0.620541
1429.981261   0.621709
1445.220573   0.622875
1460.647936   0.624041
1476.243421   0.625206
1492.046605   0.626372
1508.053336   0.627538
1524.258788   0.628704
1540.693279   0.629872
1557.335956   0.631040
1574.209168   0.632210
1591.318668   0.633382
1608.670055   0.634555
1626.265641   0.635730
1644.124102   0.636906
1662.196751   0.638082
1680.504969   0.639259
1699.059879   0.640437
1717.885485   0.641615
1736.986762   0.642795
1756.384391   0.643976
1776.073609   0.645157
1796.051479   0.646338
1816.344575   0.647517
1836.934960   0.648695
1857.846434   0.649870
1879.077585   0.651041
1900.628889   0.652206
1922.515319   0.653364
1944.731998   0.654512
1967.248600   0.655647
1989.964862   0.656763
2012.890990   0.657857
2035.990434   0.658927
2059.270995   0.659969
2082.731878   0.660981
2106.378023   0.661960
2130.168114   0.662903
2154.154398   0.663807
2178.366848   0.664671
2203.115515   0.665497
2228.434244   0.666281
2254.330372   0.667016
2280.850819   0.667693
2307.989965   0.668305
2335.795606   0.668843
2364.268659   0.669299
2393.457202   0.669662
2423.386004   0.669924
2454.114810   0.670073
2485.682874   0.670099
2518.159605   0.669988
2551.562739   0.669728
2585.951203   0.669305
2621.383785   0.668707
2657.886710   0.667917
2695.505429   0.666920
2734.340450   0.665700
2774.458248   0.664239
3267.712252   0.631121
4036.522055   0.538373
5047.735731   0.296366
748.147043   0.086526
249.618695   0.083540
145.509329   0.084008
102.516761   0.085175
79.425717   0.086649
65.148750   0.088297
55.510706   0.090055
48.591964   0.091891
43.404195   0.093781
39.377321   0.095711
36.169187   0.097669
33.555820   0.099650
31.389962   0.101646
29.566692   0.103655
28.013184   0.105669
26.673850   0.107690
25.508939   0.109712
24.486411   0.111735
23.582602   0.113757
22.778228   0.115776
22.057935   0.117792
21.409765   0.119803
20.823243   0.121810
20.290400   0.123810
19.804299   0.125804
19.359020   0.127791
18.949968   0.129771
18.572783   0.131743
18.224011   0.133707
17.900725   0.135663
17.600148   0.137611
17.320061   0.139551
17.058565   0.141481
16.813789   0.143404
16.584249   0.145317
16.368661   0.147222
16.165737   0.149117
15.974424   0.151005
15.793833   0.152882
15.623066   0.154751
15.461344   0.156612
15.308003   0.158463
15.162453   0.160305
15.024062   0.162139
14.892367   0.163964
14.766917   0.165779
14.647260   0.167586
14.533010   0.169385
14.423832   0.171175
14.319422   0.172956
14.219438   0.174728
14.123631   0.176492
14.031761   0.178248
13.943595   0.179995
13.858895   0.181734
13.777480   0.183465
13.699182   0.185187
13.623609   0.186906
13.550405   0.188628
13.479490   0.190353
13.410801   0.192080
13.344263   0.193809
13.279803   0.195539
13.217389   0.197269
13.156979   0.198998
13.098492   0.200724
13.041854   0.202449
12.986991   0.204171
12.933829   0.205891
12.882283   0.207609
12.832287   0.209325
12.783784   0.211038
12.736725   0.212749
12.691052   0.214457
12.646705   0.216162
12.603626   0.217866
12.561767   0.219566
12.521091   0.221265
12.481554   0.222960
12.443118   0.224652
12.405732   0.226342
12.369357   0.228029
12.333962   0.229713
12.299501   0.231395
12.265960   0.233074
12.233302   0.234749
12.201492   0.236422
11.924180   0.252990
11.706272   0.269257
11.532099   0.285222
11.390892   0.300885
11.275045   0.316253
11.179043   0.331332
11.098802   0.346129
11.031246   0.360653
10.974014   0.374914
10.925272   0.388918
10.883575   0.402674
10.847768   0.416191
10.816923   0.429476
10.790285   0.442536
10.767234   0.455379
10.747257   0.468011
10.729928   0.480439
10.714887   0.492669
10.701835   0.504707
10.690515   0.516559
10.680709   0.528230
10.672230   0.539726
10.664918   0.551051
10.658634   0.562209
10.653257   0.573207
10.648683   0.584047
10.644820   0.594735
10.641588   0.605274
10.638917   0.615667
10.636745   0.625919
10.635016   0.636033
10.633684   0.646013
10.632704   0.655861
10.632038   0.665581
10.631653   0.675177
10.631517   0.684649
10.631605   0.694003
10.631890   0.703239
10.632352   0.712362
10.632972   0.721374
10.633735   0.730284
10.634631   0.739096
10.635652   0.747820
10.636790   0.756460
10.638036   0.765016
10.639383   0.773491
10.640822   0.781883
10.642343   0.790197
10.643941   0.798431
10.645606   0.806587
10.647333   0.814667
10.649114   0.822671
10.650945   0.830600
10.652819   0.838456
10.654732   0.846239
10.656679   0.853951
10.658654   0.861592
10.660655   0.869163
10.662678   0.876666
10.664717   0.884101
10.666772   0.891469
10.668837   0.898771
10.670911   0.906008
10.672991   0.913181
10.675074   0.920291
10.677159   0.927338
10.679243   0.934324
10.681324   0.941249
10.683400   0.948113
10.685471   0.954919
10.687533   0.961666
10.689587   0.968355
10.691630   0.974988
10.693662   0.981564
10.695680   0.988085
10.697685   0.994551
10.699676   1.000963
10.701651   1.007322
10.703610   1.013628
10.705552   1.019882
10.707477   1.026085
10.709383   1.032237
10.711271   1.038339
10.713139   1.044392
10.714988   1.050396
10.716817   1.056351
10.718626   1.062259
10.720414   1.068120
10.722181   1.073935
10.723927   1.079703
10.740192   1.134981
10.754255   1.186225
10.766180   1.233868
10.776098   1.278282
10.784170   1.319787
10.790563   1.358660
10.795441   1.395145
10.798954   1.429453
10.801243   1.461772
10.802435   1.492269
10.802642   1.521090
10.801970   1.548367
10.800508   1.574217
10.798339   1.598747
10.795536   1.622052
10.792165   1.644219
10.788285   1.665325
10.783947   1.685441
10.779199   1.704633
10.774083   1.722960
10.768638   1.740475
10.762896   1.757229
10.756890   1.773267
10.750646   1.788632
10.744191   1.803362
10.737546   1.817493
10.730732   1.831058
10.723768   1.844089
10.716670   1.856613
10.709454   1.868658
10.702134   1.880247
10.694722   1.891406
10.687231   1.902154
10.679669   1.912512
10.672048   1.922499
10.664376   1.932133
10.656661   1.941430
10.648909   1.950406
10.641129   1.959074
10.633326   1.967446
10.625504   1.975534
10.617668   1.983348
10.609822   1.990900
10.601969   1.998198
10.594113   2.005253
10.586255   2.012073
10.578398   2.018668
10.570546   2.025044
10.562698   2.031211
10.554859   2.037176
10.547030   2.042947
10.539210   2.048529
10.531404   2.053930
10.523612   2.059156
10.515836   2.064213
10.508076   2.069108
10.500334   2.073845
10.492611   2.078430
10.484907   2.082869
10.477225   2.087166
10.469564   2.091326
10.461926   2.095353
10.454310   2.099253
10.446719   2.103029
10.439153   2.106685
10.431611   2.110226
10.424096   2.113655
10.416606   2.116975
10.409144   2.120190
10.401709   2.123304
10.394301   2.126319
10.386921   2.129239
10.379570   2.132066
10.372248   2.134805
10.364954   2.137456
10.357690   2.140024
10.350455   2.142510
10.343250   2.144917
10.336075   2.147247
10.328930   2.149503
10.321816   2.151687
10.314731   2.153801
10.307678   2.155848
10.300655   2.157828
10.293663   2.159744
10.286701   2.161599
10.279771   2.163393
10.272871   2.165128
10.266002   2.166807
10.259165   2.168430
10.192491   2.181940
10.128876   2.191357
10.068222   2.197641
10.010396   2.201500
9.955253   2.203468
9.902639   2.203948
9.852404   2.203252
9.804402   2.201622
9.758496   2.199249
9.714553   2.196284
9.672454   2.192847
9.632084   2.189036
9.593340   2.184927
9.556122   2.180586
9.520341   2.176064
9.485914   2.171404
9.452763   2.166641
9.420816   2.161803
9.390007   2.156916
9.360275   2.151998
9.331561   2.147067
9.303814   2.142135
9.276983   2.137215
9.251022   2.132315
9.225888   2.127444
9.201542   2.122608
9.177945   2.117812
9.155063   2.113060
9.132863   2.108356
9.111313   2.103703
9.090385   2.099103
9.070051   2.094557
9.050287   2.090067
9.031068   2.085635
9.012371   2.081260
8.994175   2.076943
8.976459   2.072684
8.959205   2.068483
8.942395   2.064341
8.926011   2.060256
8.910037   2.056228
8.894458   2.052258
8.879260   2.048344
8.864428   2.044485
8.849949   2.040682
8.835811   2.036933
8.822002   2.033237
8.808511   2.029595
8.795326   2.026004
8.782438   2.022464
8.769837   2.018975
8.757513   2.015535
8.745457   2.012144
8.733661   2.008801
8.722116   2.005505
8.710816   2.002255
8.699751   1.999050
8.688916   1.995890
8.678303   1.992773
8.667905   1.989700
8.657716   1.986668
8.647731   1.983678
8.637943   1.980729
8.628347   1.977819
8.618937   1.974949
8.609708   1.972117
8.600655   1.969323
8.591773   1.966565
8.583058   1.963844
8.574505   1.961159
8.566111   1.958509
