931.371233   0.561407
952.086111   0.562798
971.542963   0.564223
989.952431   0.565666
1007.477637   0.567115
1024.266716   0.568562
1040.433971   0.570002
1056.076739   0.571431
1071.275002   0.572848
1086.120035   0.574250
1100.665423   0.575638
1114.972126   0.577010
1129.085151   0.578367
1143.055475   0.579709
1156.922979   0.581037
1170.710851   0.582351
1184.444522   0.583651
1198.159161   0.584938
1211.890890   0.586214
1225.705982   0.587480
1239.506153   0.588736
1253.429371   0.589982
1267.458411   0.591221
1281.615195   0.592451
1295.912389   0.593675
1310.371186   0.594893
1325.002072   0.596105
1339.792433   0.597311
1354.719938   0.598509
1369.863701   0.599705
1385.234726   0.600899
1400.846390   0.602092
1416.723628   0.603283
1432.867392   0.604474
1449.296065   0.605664
1466.017560   0.606856
1483.045102   0.608047
1500.395392   0.609240
1518.076627   0.610435
1536.080007   0.611631
1554.456404   0.612830
1573.172903   0.614030
1592.264082   0.615233
1611.745947   0.616439
1631.613868   0.617647
1651.879980   0.618856
1672.494810   0.620065
1693.525516   0.621276
1714.981470   0.622489
1736.887510   0.623702
1759.257930   0.624917
1782.108389   0.626130
1805.426199   0.627343
1829.253558   0.628552
1853.568752   0.629756
1878.415576   0.630953
1903.795362   0.632141
1929.716565   0.633317
1956.170711   0.634477
1983.193574   0.635617
2010.768131   0.636731
2038.817476   0.637814
2067.355260   0.638859
2096.389955   0.639860
2125.911847   0.640811
2155.934627   0.641706
2186.476086   0.642536
2217.500365   0.643293
2249.068833   0.643970
2281.157725   0.644557
2314.116576   0.645047
2348.070875   0.645428
2383.066370   0.645682
2419.139760   0.645794
2456.367772   0.645744
2494.805632   0.645513
2534.514018   0.645081
2575.563999   0.644425
2618.075240   0.643521
2662.038874   0.642344
2707.631416   0.640867
2755.012898   0.639056
2804.320066   0.636880
2855.661464   0.634300
2909.153223   0.631277
2965.027131   0.627768
3023.439244   0.623727
3084.567869   0.619100
3148.461886   0.613832
3215.617857   0.607862
3286.147327   0.601123
3360.348464   0.593542
4370.804781   0.446350
1929.558018   0.106041
309.412434   0.088982
154.626003   0.089196
102.515201   0.090709
77.015290   0.092707
62.099052   0.094961
52.380293   0.097376
45.588457   0.099898
40.591482   0.102497
36.776393   0.105148
33.771204   0.107841
31.351489   0.110561
29.361823   0.113304
27.700891   0.116061
26.294383   0.118829
25.088922   0.121604
24.046202   0.124380
23.135015   0.127160
22.332974   0.129938
21.622353   0.132712
20.988058   0.135484
20.419105   0.138250
19.906320   0.141010
19.441550   0.143764
19.018737   0.146510
18.632804   0.149247
18.278956   0.151977
17.953510   0.154699
17.653443   0.157411
17.375947   0.160112
17.118485   0.162806
16.879146   0.165490
16.656233   0.168162
16.448050   0.170825
16.253204   0.173479
16.070569   0.176123
15.899131   0.178755
15.737838   0.181378
15.585823   0.183992
15.442403   0.186595
15.306931   0.189187
15.178747   0.191768
15.057265   0.194341
14.942031   0.196904
14.832628   0.199456
14.728638   0.201997
14.629641   0.204529
14.535315   0.207052
14.445374   0.209565
14.359553   0.212067
14.277572   0.214559
14.199164   0.217043
14.124127   0.219517
14.052277   0.221981
13.983436   0.224435
13.917415   0.226880
13.854036   0.229316
13.793162   0.231744
13.734667   0.234162
13.678431   0.236570
13.624330   0.238969
13.572232   0.241359
13.522041   0.243741
13.473668   0.246114
13.427032   0.248478
13.382045   0.250833
13.338618   0.253180
13.296671   0.255518
13.256141   0.257848
13.216968   0.260170
13.179093   0.262483
13.142462   0.264787
13.107000   0.267083
13.072660   0.269372
13.039401   0.271653
13.007175   0.273925
12.975946   0.276190
12.945669   0.278446
12.916299   0.280694
12.887797   0.282935
12.860133   0.285169
12.833272   0.287395
12.807188   0.289613
12.781853   0.291823
12.757233   0.294025
12.733297   0.296221
12.710020   0.298410
12.687381   0.300591
12.665358   0.302765
12.474526   0.324116
12.326126   0.344776
12.209065   0.364594
12.114531   0.383710
12.036988   0.402190
11.972548   0.420083
11.918391   0.437431
11.872429   0.454272
11.833085   0.470639
11.799147   0.486562
11.769666   0.502068
11.743897   0.517179
11.721241   0.531917
11.701217   0.546303
11.683429   0.560352
11.667553   0.574082
11.653322   0.587508
11.640511   0.600643
11.628931   0.613500
11.618423   0.626092
11.608852   0.638428
11.600102   0.650518
11.592075   0.662374
11.584684   0.674004
11.577857   0.685415
11.571528   0.696616
11.565643   0.707615
11.560151   0.718418
11.555011   0.729031
11.550184   0.739463
11.545638   0.749717
11.541343   0.759800
11.537273   0.769717
11.533405   0.779473
11.529718   0.789073
11.526194   0.798522
11.522818   0.807824
11.519573   0.816983
11.516447   0.826002
11.513429   0.834887
11.510507   0.843640
11.507673   0.852266
11.504916   0.860767
11.502231   0.869146
11.499610   0.877407
11.497046   0.885553
11.494534   0.893587
11.492068   0.901510
11.489645   0.909327
11.487259   0.917039
11.484908   0.924658
11.482595   0.932196
11.480321   0.939654
11.478090   0.947043
11.475903   0.954364
11.473760   0.961617
11.471664   0.968804
11.469610   0.975926
11.467601   0.982983
11.465634   0.989977
11.463708   0.996907
11.461822   1.003776
11.459974   1.010583
11.458163   1.017330
11.456387   1.024017
11.454645   1.030646
11.452936   1.037216
11.451257   1.043728
11.449608   1.050184
11.447987   1.056584
11.446393   1.062928
11.444825   1.069218
11.443281   1.075453
11.441760   1.081636
11.440261   1.087765
11.438783   1.093843
11.437324   1.099869
11.435885   1.105845
11.434462   1.111770
11.433057   1.117646
11.431667   1.123473
11.430293   1.129251
11.428933   1.134982
11.427585   1.140666
11.426251   1.146303
11.424928   1.151894
11.423616   1.157439
11.422315   1.162940
11.421023   1.168396
11.419741   1.173808
11.407307   1.225625
11.395298   1.273578
11.383436   1.318077
11.371556   1.359480
11.359568   1.398096
11.347423   1.434194
11.335106   1.468008
11.322614   1.499744
11.309956   1.529585
11.297149   1.557691
11.284211   1.584205
11.271160   1.609254
11.258017   1.632952
11.244802   1.655402
11.231530   1.676694
11.218221   1.696913
11.204888   1.716134
11.191547   1.734425
11.178209   1.751847
11.164887   1.768459
11.151591   1.784311
11.138329   1.799451
11.125112   1.813922
11.111945   1.827765
11.098835   1.841017
11.085788   1.853712
11.072810   1.865880
11.059904   1.877552
11.047074   1.888755
11.034324   1.899513
11.021656   1.909851
11.009074   1.919789
10.996579   1.929349
10.984172   1.938548
10.971856   1.947406
10.959632   1.955938
10.947500   1.964161
10.935461   1.972087
10.923517   1.979733
10.911666   1.987109
10.899911   1.994229
10.888249   2.001104
10.876683   2.007745
10.865210   2.014161
10.853832   2.020363
10.842548   2.026358
10.831357   2.032157
10.820259   2.037767
10.809253   2.043196
10.798340   2.048450
10.787519   2.053536
10.776789   2.058460
10.766149   2.063227
10.755600   2.067842
10.745139   2.072311
10.734766   2.076639
10.724480   2.080830
10.714280   2.084889
10.704163   2.088820
10.694130   2.092627
10.684179   2.096315
10.674309   2.099887
10.664519   2.103346
10.654807   2.106697
10.645172   2.109943
10.635614   2.113087
10.626132   2.116132
10.616723   2.119082
10.607388   2.121939
10.598124   2.124706
10.588932   2.127386
10.579810   2.129981
10.570757   2.132495
10.561772   2.134929
10.552854   2.137286
10.544002   2.139569
10.535216   2.141778
10.526495   2.143918
10.517837   2.145989
10.509242   2.147993
10.500709   2.149933
10.492237   2.151811
10.483826   2.153627
10.475474   2.155385
10.467181   2.157085
10.458946   2.158729
10.450769   2.160319
10.442649   2.161856
10.434586   2.163343
10.426575   2.164779
10.349386   2.176683
10.277067   2.184874
10.209114   2.190207
10.145098   2.193322
10.084651   2.194700
10.027451   2.194709
9.973221   2.193635
9.921714   2.191699
9.872712   2.189079
9.826022   2.185912
9.781472   2.182311
9.738905   2.178366
9.698182   2.174149
9.659179   2.169720
9.621779   2.165128
9.585879   2.160412
9.551386   2.155604
9.518212   2.150733
9.486280   2.145820
9.455515   2.140884
9.425852   2.135940
9.397229   2.131001
9.369590   2.126078
9.342882   2.121179
9.317056   2.116312
9.292068   2.111483
9.267876   2.106695
9.244440   2.101955
9.221725   2.097263
9.199696   2.092624
9.178322   2.088039
9.157572   2.083510
9.137419   2.079038
9.117838   2.074623
9.098803   2.070266
9.080291   2.065968
9.062280   2.061728
9.044750   2.057547
9.027682   2.053425
9.011058   2.049360
8.994859   2.045352
8.979070   2.041402
8.963675   2.037508
8.948660   2.033669
8.934011   2.029886
8.919713   2.026157
8.905755   2.022481
8.892126   2.018858
8.878812   2.015287
8.865804   2.011766
8.853092   2.008296
8.840665   2.004876
8.828514   2.001504
8.816630   1.998179
8.805004   1.994901
8.793629   1.991669
8.782496   1.988483
8.771598   1.985340
8.760928   1.982242
8.750479   1.979186
8.740244   1.976171
8.730217   1.973198
8.720392   1.970266
8.710763   1.967373
8.701324   1.964519
8.692070   1.961703
8.682997   1.958925
8.674097   1.956183
8.665369   1.953477
