884.334531   0.603760
911.850028   0.605049
939.937652   0.606324
968.715088   0.607587
998.286324   0.608841
1028.750928   0.610089
1060.198645   0.611332
1092.724929   0.612573
1126.434502   0.613816
1161.392308   0.615064
1197.713613   0.616321
1235.501178   0.617591
1274.847575   0.618880
1315.861777   0.620192
1358.648043   0.621532
1403.316285   0.622904
1449.975664   0.624312
1498.753600   0.625756
1549.758006   0.627238
1603.125570   0.628754
1658.976249   0.630298
1717.448799   0.631860
1778.666997   0.633422
1842.766125   0.634959
1909.899285   0.636431
1980.181573   0.637783
2053.804709   0.638938
2130.964402   0.639797
2211.900601   0.640231
2296.961454   0.640082
2386.554504   0.639165
2481.265275   0.637266
2581.756540   0.634146
2688.732509   0.629544
2803.348600   0.623151
2926.789946   0.614614
3060.367962   0.603518
3205.794462   0.589370
3364.989197   0.571590
3539.933174   0.549482
3732.368957   0.522188
3942.513101   0.488605
4166.393547   0.447245
4387.177544   0.396080
4550.364522   0.332527
4487.941736   0.255217
3788.119503   0.174358
2387.073823   0.123248
1367.451577   0.105792
872.257469   0.099994
618.721965   0.097558
472.453634   0.096374
379.504910   0.095776
316.045754   0.095501
270.330993   0.095424
236.007356   0.095478
209.374564   0.095624
188.163706   0.095837
170.902109   0.096102
156.607370   0.096407
144.592286   0.096744
134.364543   0.097107
125.557913   0.097490
117.900729   0.097892
111.186067   0.098307
105.252105   0.098736
99.972939   0.099175
95.248214   0.099623
90.996329   0.100078
87.155915   0.100540
83.669513   0.101007
80.490478   0.101478
77.577966   0.101954
74.900176   0.102433
72.430202   0.102915
70.145090   0.103401
68.025220   0.103889
66.053519   0.104379
64.215121   0.104870
62.497285   0.105364
60.888534   0.105858
59.379076   0.106354
57.960058   0.106850
56.623588   0.107347
55.362921   0.107845
54.171820   0.108343
53.044976   0.108841
51.976783   0.109340
50.963463   0.109838
50.000722   0.110336
49.084964   0.110834
48.212948   0.111332
41.231405   0.116387
36.312508   0.121699
32.710541   0.127193
29.990710   0.132798
27.882755   0.138457
26.212272   0.144127
24.862979   0.149775
23.754954   0.155377
22.831858   0.160912
22.053008   0.166368
21.388486   0.171733
20.815814   0.176999
20.317869   0.182161
19.881386   0.187216
19.495975   0.192161
19.153393   0.196995
18.847022   0.201718
18.571495   0.206330
18.322435   0.210832
18.096228   0.215225
17.889855   0.219511
17.700818   0.223692
17.526983   0.227770
17.366568   0.231747
17.218027   0.235625
17.080058   0.239407
16.951524   0.243096
16.831448   0.246692
16.718978   0.250200
16.613373   0.253621
16.513933   0.256958
16.419077   0.260257
16.328156   0.263535
16.241027   0.266792
16.157518   0.270026
16.077367   0.273242
16.000412   0.276439
15.926511   0.279617
15.855522   0.282774
15.787238   0.285914
15.721522   0.289037
15.658264   0.292142
15.597357   0.295228
15.538653   0.298296
15.482026   0.301349
15.427389   0.304385
15.374660   0.307404
15.323757   0.310405
15.274546   0.313391
15.226965   0.316362
15.180950   0.319317
15.136429   0.322256
15.093342   0.325178
15.051599   0.328086
15.011147   0.330980
14.971935   0.333860
14.933919   0.336723
14.897049   0.339572
14.861257   0.342407
14.826501   0.345229
14.792746   0.348037
14.759955   0.350830
14.728094   0.353610
14.697116   0.356376
14.666977   0.359129
14.637654   0.361870
14.609117   0.364597
14.581342   0.367311
14.554300   0.370012
14.527952   0.372701
14.502274   0.375378
14.477244   0.378043
14.452844   0.380696
14.429053   0.383336
14.405847   0.385963
14.383201   0.388580
14.361094   0.391185
14.339511   0.393779
14.318438   0.396361
14.297857   0.398932
14.277755   0.401491
14.258109   0.404039
14.238902   0.406577
14.220123   0.409104
14.201761   0.411621
14.183804   0.414127
14.166240   0.416621
14.149054   0.419105
14.132234   0.421579
14.115764   0.424044
13.968469   0.448144
13.847151   0.471320
13.745663   0.493650
13.659631   0.515199
13.585849   0.536025
13.521918   0.556178
13.466108   0.575642
13.416946   0.594369
13.373133   0.612420
13.333713   0.629844
13.297951   0.646684
13.265263   0.662981
13.235189   0.678769
13.207353   0.694080
13.181450   0.708942
13.157227   0.723380
13.134475   0.737420
13.113016   0.751080
13.092702   0.764382
13.073406   0.777344
13.055019   0.789981
13.037447   0.802310
13.020610   0.814345
13.004438   0.826098
12.988869   0.837582
12.973849   0.848809
12.959331   0.859788
12.945273   0.870531
12.931638   0.881047
12.918392   0.891343
12.905506   0.901429
12.892954   0.911313
12.880712   0.921001
12.868758   0.930501
12.857073   0.939819
12.845641   0.948961
12.834443   0.957934
12.823466   0.966743
12.812698   0.975392
12.802126   0.983888
12.791739   0.992235
12.781527   1.000438
12.771481   1.008500
12.761592   1.016427
12.751852   1.024222
12.742254   1.031888
12.732792   1.039431
12.723458   1.046852
12.714248   1.054155
12.705156   1.061345
12.696176   1.068422
12.687305   1.075391
12.678538   1.082255
12.669870   1.089016
12.661299   1.095676
12.652819   1.102239
12.644429   1.108706
12.636125   1.115080
12.627904   1.121363
12.619762   1.127558
12.611698   1.133667
12.603697   1.139706
12.595761   1.145685
12.587892   1.151607
12.580091   1.157479
12.572360   1.163302
12.564705   1.169078
12.557125   1.174807
12.549622   1.180489
12.542198   1.186125
12.534852   1.191717
12.527584   1.197264
12.520394   1.202767
12.513282   1.208226
12.506247   1.213643
12.499288   1.219016
12.492404   1.224348
12.485596   1.229638
12.478860   1.234887
12.472197   1.240095
12.465606   1.245263
12.459085   1.250390
12.452633   1.255478
12.446249   1.260527
12.439932   1.265537
12.433681   1.270509
12.427494   1.275443
12.421370   1.280339
12.415309   1.285198
12.409309   1.290020
12.352420   1.336295
12.300480   1.379268
12.252619   1.419251
12.208143   1.456525
12.166504   1.491339
12.127270   1.523914
12.090094   1.554449
12.054702   1.583118
12.020870   1.610079
11.988416   1.635472
11.957190   1.659423
11.927067   1.682044
11.897941   1.703436
11.869725   1.723692
11.842343   1.742893
11.815729   1.761114
11.789827   1.778424
11.764587   1.794884
11.739967   1.810551
11.715928   1.825476
11.692435   1.839706
11.669460   1.853285
11.646973   1.866253
11.624950   1.878646
11.603368   1.890499
11.582208   1.901841
11.561450   1.912703
11.541077   1.923110
11.521073   1.933089
11.501423   1.942661
11.482113   1.951849
11.463132   1.960672
11.444466   1.969149
11.426105   1.977298
11.408038   1.985134
11.390255   1.992674
11.372748   1.999930
11.355507   2.006918
11.338524   2.013649
11.321791   2.020135
11.305302   2.026387
11.289048   2.032416
11.273023   2.038232
11.257220   2.043844
11.241635   2.049260
11.226260   2.054490
11.211090   2.059541
11.196120   2.064420
11.181345   2.069134
11.166760   2.073691
11.152360   2.078096
11.138141   2.082356
11.124098   2.086476
11.110227   2.090461
11.096525   2.094318
11.082986   2.098049
11.069609   2.101662
11.056388   2.105159
11.043320   2.108545
11.030404   2.111823
11.017636   2.114998
11.005013   2.118073
10.992532   2.121051
10.980191   2.123934
10.967987   2.126726
10.955917   2.129430
10.943978   2.132048
10.932168   2.134582
10.920485   2.137037
10.908925   2.139413
10.897486   2.141713
10.886166   2.143939
10.874963   2.146094
10.863874   2.148180
10.852897   2.150198
10.842029   2.152151
10.831269   2.154041
10.820615   2.155868
10.810065   2.157636
10.799616   2.159345
10.789267   2.160998
10.779016   2.162596
10.768861   2.164141
10.758800   2.165633
10.748833   2.167075
10.738956   2.168467
10.729169   2.169812
10.719469   2.171110
10.709857   2.172364
10.700329   2.173573
10.609418   2.183487
10.525623   2.190102
10.447956   2.194170
10.375631   2.196253
10.308010   2.196781
10.244568   2.196082
10.184865   2.194412
10.128530   2.191973
10.075243   2.188921
10.024732   2.185385
9.976756   2.181464
9.931108   2.177241
9.887601   2.172781
9.846073   2.168140
9.806378   2.163360
9.768386   2.158478
9.731978   2.153524
9.697051   2.148522
9.663507   2.143493
9.631259   2.138453
9.600229   2.133416
9.570344   2.128394
9.541537   2.123396
9.513747   2.118430
9.486918   2.113503
9.460999   2.108618
9.435941   2.103782
9.411700   2.098996
9.388234   2.094265
9.365507   2.089589
9.343481   2.084971
9.322124   2.080412
9.301404   2.075913
9.281293   2.071474
9.261764   2.067095
9.242789   2.062777
9.224347   2.058520
9.206414   2.054322
9.188970   2.050185
9.171993   2.046107
9.155466   2.042088
9.139370   2.038128
9.123689   2.034224
9.108407   2.030378
9.093508   2.026587
9.078979   2.022852
9.064806   2.019171
9.050975   2.015544
9.037476   2.011969
9.024296   2.008445
9.011423   2.004973
8.998849   2.001550
8.986562   1.998176
8.974553   1.994851
8.962812   1.991573
8.951332   1.988341
8.940104   1.985155
8.929119   1.982013
8.918371   1.978916
8.907851   1.975861
8.897554   1.972849
8.887471   1.969878
8.877597   1.966947
8.867926   1.964057
8.858452   1.961205
8.849169   1.958393
8.840071   1.955617
8.831154   1.952879
8.822412   1.950177
