1072.635093   0.553017
1112.476109   0.553418
1151.908568   0.553921
1191.102158   0.554505
1230.193880   0.555154
1269.314184   0.555857
1308.571776   0.556603
1348.018509   0.557386
1387.774539   0.558198
1427.912160   0.559035
1468.483305   0.559890
1509.509591   0.560759
1551.116019   0.561636
1593.292985   0.562515
1636.131292   0.563390
1679.629352   0.564254
1723.869800   0.565097
1768.864468   0.565911
1814.661072   0.566684
1861.288206   0.567404
1908.787795   0.568056
1957.217327   0.568623
2006.569816   0.569084
2056.922673   0.569418
2108.328361   0.569601
2160.824702   0.569603
2214.384034   0.569394
2269.110204   0.568942
2325.127349   0.568210
2382.516129   0.567155
2441.369749   0.565735
2501.807924   0.563902
2563.953697   0.561606
2627.949613   0.558792
2693.853597   0.555401
2761.911935   0.551371
2832.255706   0.546633
2905.061889   0.541112
2980.459621   0.534729
3058.687177   0.527395
3139.759562   0.519015
3223.846921   0.509495
3310.574616   0.498765
3400.390622   0.486655
3492.959694   0.473021
3587.889392   0.457705
3684.147912   0.440527
3780.074990   0.421291
3872.757943   0.399777
3957.361888   0.375752
4025.694703   0.348996
4064.424234   0.319383
4052.247105   0.287002
3956.765884   0.252456
3735.543419   0.217336
3354.307827   0.184568
2832.639659   0.157713
2268.798706   0.138736
1772.982600   0.126707
1390.319806   0.119341
1110.684123   0.114728
907.898785   0.111706
758.697248   0.109632
646.557753   0.108150
560.319980   0.107058
492.576971   0.106235
438.423333   0.105605
394.241486   0.105117
357.675262   0.104738
327.000358   0.104442
300.940853   0.104214
278.571036   0.104041
259.190567   0.103913
242.259650   0.103822
227.358928   0.103763
214.156810   0.103732
202.388244   0.103724
191.840568   0.103737
182.337654   0.103767
173.737586   0.103814
165.921584   0.103874
158.790598   0.103947
152.260747   0.104030
146.261950   0.104124
140.733331   0.104227
135.624325   0.104337
130.891641   0.104455
126.504399   0.104579
122.432942   0.104709
118.644956   0.104843
115.112757   0.104982
111.812648   0.105124
87.795703   0.106677
72.724100   0.108450
62.263740   0.110405
54.624895   0.112497
48.827103   0.114693
44.294108   0.116968
40.667354   0.119303
37.704808   0.121685
35.245323   0.124102
33.174057   0.126546
31.407581   0.129011
29.885840   0.131491
28.561673   0.133983
27.400662   0.136482
26.374615   0.138986
25.462107   0.141492
24.645857   0.143998
23.911366   0.146503
23.247808   0.149003
22.645008   0.151501
22.095641   0.153993
21.592901   0.156479
21.131116   0.158958
20.705899   0.161429
20.312857   0.163893
19.948680   0.166348
19.610508   0.168793
19.295468   0.171231
19.001443   0.173658
18.726554   0.176076
18.468825   0.178484
18.226828   0.180882
17.999295   0.183269
17.784849   0.185647
17.582447   0.188015
17.391212   0.190372
17.210214   0.192718
17.038617   0.195054
16.875789   0.197380
16.721126   0.199695
16.573953   0.202000
16.433777   0.204295
16.300162   0.206580
16.172668   0.208853
16.050836   0.211117
15.934333   0.213371
15.822863   0.215614
15.716094   0.217847
15.613701   0.220070
15.515462   0.222284
15.421151   0.224487
15.330537   0.226680
15.243376   0.228864
15.159500   0.231038
15.078747   0.233202
15.000956   0.235356
14.925934   0.237502
14.853553   0.239638
14.783691   0.241764
14.716232   0.243881
14.651038   0.245989
14.587995   0.248088
14.527006   0.250178
14.467989   0.252259
14.410854   0.254330
14.355493   0.256393
14.301832   0.258448
14.249803   0.260493
14.199340   0.262530
14.150376   0.264558
14.102830   0.266578
14.056649   0.268590
14.011780   0.270593
13.968176   0.272588
13.925786   0.274575
13.884552   0.276553
13.844419   0.278524
13.805362   0.280487
13.767339   0.282441
13.730312   0.284388
13.694234   0.286327
13.659070   0.288258
13.624790   0.290182
13.591365   0.292098
13.558766   0.294006
13.526964   0.295907
13.495916   0.297801
13.465607   0.299687
13.436013   0.301566
13.407109   0.303438
13.149826   0.321925
12.940374   0.340004
12.767746   0.357651
12.623664   0.374878
12.502082   0.391700
12.398489   0.408129
12.309454   0.424181
12.232341   0.439871
12.165084   0.455213
12.106055   0.470222
12.053951   0.484912
12.007718   0.499293
11.966498   0.513380
11.929580   0.527182
11.896382   0.540711
11.866412   0.553977
11.839260   0.566991
11.814575   0.579760
11.792062   0.592294
11.771468   0.604600
11.752574   0.616686
11.735192   0.628561
11.719159   0.640230
11.704333   0.651700
11.690589   0.662979
11.677817   0.674070
11.665924   0.684981
11.654822   0.695717
11.644438   0.706283
11.634705   0.716683
11.625562   0.726923
11.616959   0.737006
11.608846   0.746938
11.601181   0.756723
11.593927   0.766364
11.587048   0.775865
11.580514   0.785230
11.574296   0.794462
11.568369   0.803564
11.562711   0.812541
11.557299   0.821395
11.552115   0.830128
11.547142   0.838744
11.542363   0.847246
11.537765   0.855636
11.533332   0.863916
11.529054   0.872090
11.524921   0.880160
11.520919   0.888127
11.517042   0.895996
11.513279   0.903773
11.509627   0.911476
11.506086   0.919107
11.502652   0.926666
11.499324   0.934156
11.496097   0.941576
11.492967   0.948929
11.489932   0.956214
11.486985   0.963432
11.484125   0.970586
11.481348   0.977675
11.478648   0.984700
11.476024   0.991662
11.473471   0.998562
11.470987   1.005401
11.468567   1.012179
11.466210   1.018897
11.463911   1.025556
11.461669   1.032158
11.459481   1.038701
11.457343   1.045188
11.455254   1.051618
11.453212   1.057994
11.451213   1.064314
11.449256   1.070581
11.447339   1.076794
11.445460   1.082954
11.443617   1.089063
11.441809   1.095120
11.440032   1.101126
11.438287   1.107083
11.436571   1.112990
11.434884   1.118847
11.433223   1.124657
11.431587   1.130419
11.429975   1.136134
11.428387   1.141802
11.426820   1.147424
11.425273   1.153001
11.423747   1.158533
11.409358   1.211496
11.396083   1.260510
11.383433   1.305999
11.371108   1.348329
11.358920   1.387815
11.346757   1.424733
11.334554   1.459321
11.322275   1.491792
11.309906   1.522329
11.297441   1.551097
11.284885   1.578241
11.272246   1.603891
11.259537   1.628163
11.246769   1.651161
11.233956   1.672978
11.221110   1.693701
11.208243   1.713404
11.195368   1.732158
11.182495   1.750026
11.169635   1.767065
11.156796   1.783329
11.143987   1.798866
11.131216   1.813720
11.118490   1.827932
11.105813   1.841540
11.093194   1.854579
11.080635   1.867080
11.068141   1.879074
11.055716   1.890588
11.043364   1.901648
11.031087   1.912277
11.018888   1.922499
11.006769   1.932333
10.994732   1.941799
10.982779   1.950915
10.970910   1.959698
10.959128   1.968164
10.947432   1.976328
10.935823   1.984204
10.924303   1.991805
10.912871   1.999143
10.901528   2.006230
10.890274   2.013077
10.879108   2.019695
10.868032   2.026093
10.857043   2.032280
10.846143   2.038265
10.835332   2.044054
10.824610   2.049655
10.813975   2.055074
10.803426   2.060319
10.792964   2.065394
10.782587   2.070306
10.772294   2.075061
10.762084   2.079663
10.751955   2.084119
10.741908   2.088432
10.731940   2.092608
10.722050   2.096650
10.712239   2.100565
10.702503   2.104355
10.692843   2.108025
10.683258   2.111579
10.673745   2.115020
10.664305   2.118352
10.654936   2.121579
10.645638   2.124704
10.636408   2.127729
10.627248   2.130659
10.618154   2.133496
10.609128   2.136243
10.600167   2.138902
10.591271   2.141477
10.582439   2.143970
10.573671   2.146384
10.564965   2.148720
10.556320   2.150981
10.547736   2.153170
10.539213   2.155289
10.530749   2.157339
10.522343   2.159322
10.513996   2.161242
10.505706   2.163098
10.497472   2.164894
10.489295   2.166631
10.481172   2.168310
10.473104   2.169934
10.465091   2.171504
10.457130   2.173021
10.449223   2.174486
10.372923   2.186623
10.301307   2.194959
10.233914   2.200377
10.170348   2.203534
10.110265   2.204924
10.053365   2.204923
9.999381   2.203825
9.948078   2.201854
9.899247   2.199191
9.852700   2.195977
9.808271   2.192325
9.765806   2.188326
9.725171   2.184055
9.686242   2.179571
9.648907   2.174923
9.613063   2.170152
9.578617   2.165291
9.545485   2.160367
9.513589   2.155402
9.482856   2.150415
9.453221   2.145422
9.424624   2.140435
9.397007   2.135465
9.370318   2.130520
9.344511   2.125609
9.319539   2.120736
9.295361   2.115907
9.271939   2.111126
9.249236   2.106395
9.227218   2.101718
9.205854   2.097096
9.185114   2.092531
9.164971   2.088024
9.145399   2.083575
9.126372   2.079186
9.107868   2.074856
9.089865   2.070585
9.072343   2.066374
9.055283   2.062222
9.038665   2.058129
9.022474   2.054094
9.006693   2.050118
8.991304   2.046197
8.976295   2.042334
8.961653   2.038526
8.947362   2.034773
8.933411   2.031074
8.919788   2.027429
8.906482   2.023836
8.893481   2.020295
8.880775   2.016804
8.868355   2.013363
8.856211   2.009971
8.844334   2.006628
8.832715   2.003332
8.821347   2.000082
8.810222   1.996878
8.799331   1.993718
8.788668   1.990603
8.778226   1.987531
8.767999   1.984501
8.757979   1.981512
8.748162   1.978565
8.738540   1.975657
8.729109   1.972789
8.719863   1.969959
8.710797   1.967167
8.701906   1.964412
8.693185   1.961694
8.684629   1.959011
8.676235   1.956363
