858.191116   0.575800
871.913290   0.577662
885.107516   0.579480
897.974803   0.581253
910.669641   0.582982
923.321542   0.584670
936.028157   0.586320
948.867087   0.587934
961.909534   0.589515
975.207199   0.591067
988.818069   0.592593
1002.752305   0.594093
1017.082531   0.595572
1031.827753   0.597032
1047.031109   0.598474
1062.693978   0.599901
1078.874720   0.601314
1095.553248   0.602714
1112.797034   0.604104
1130.628793   0.605487
1149.079913   0.606863
1168.177793   0.608236
1187.951731   0.609605
1208.431519   0.610973
1229.650240   0.612341
1251.640007   0.613712
1274.481231   0.615088
1297.970073   0.616465
1322.359397   0.617850
1347.680526   0.619247
1374.001158   0.620658
1401.354011   0.622084
1429.752882   0.623526
1459.220064   0.624984
1489.784072   0.626459
1521.502148   0.627954
1554.453752   0.629468
1588.695426   0.631004
1624.285325   0.632560
1661.273894   0.634135
1699.717230   0.635727
1739.630512   0.637331
1781.041827   0.638940
1824.043186   0.640548
1868.762853   0.642146
1915.226101   0.643720
1963.546088   0.645249
2013.791565   0.646710
2066.040513   0.648069
2120.411935   0.649288
2176.972078   0.650316
2235.899260   0.651096
2297.342122   0.651559
2361.500811   0.651627
2428.635775   0.651212
2498.989524   0.650215
2572.877146   0.648531
2650.649419   0.646046
2732.712070   0.642634
2819.562079   0.638155
2911.722351   0.632454
3009.847146   0.625351
3114.636331   0.616644
3226.996052   0.606104
3347.728692   0.593472
3478.399572   0.578409
3620.849018   0.560464
3776.266448   0.539156
3945.595847   0.513885
4128.746565   0.483885
4322.747166   0.448147
4517.475828   0.405321
4684.399922   0.353650
4746.469237   0.291389
4506.630821   0.219789
3617.910706   0.152707
2298.439147   0.114573
1397.719132   0.100872
930.477501   0.095784
676.060775   0.093467
523.081018   0.092252
423.185570   0.091574
353.709826   0.091197
302.989928   0.091007
264.539204   0.090944
234.498441   0.090971
210.448887   0.091064
190.807016   0.091209
174.491032   0.091394
160.742592   0.091612
149.014122   0.091857
138.902620   0.092124
83.585017   0.095542
60.924149   0.099633
48.796765   0.104013
41.296580   0.108552
36.235268   0.113173
32.597114   0.117851
29.870011   0.122548
27.750021   0.127261
26.060657   0.131973
24.684996   0.136676
23.543220   0.141371
22.583294   0.146046
21.765182   0.150702
21.059991   0.155339
20.447243   0.159950
19.910234   0.164534
19.435720   0.169095
19.014164   0.173627
18.637625   0.178127
18.298990   0.182601
17.993179   0.187048
17.716018   0.191464
17.463757   0.195850
17.233070   0.200210
17.021558   0.204543
16.827146   0.208845
16.647890   0.213119
16.482003   0.217367
16.328202   0.221590
16.185349   0.225784
16.052398   0.229950
15.928276   0.234091
15.812207   0.238209
15.703525   0.242301
15.601624   0.246366
15.505904   0.250405
15.415803   0.254423
15.330860   0.258417
15.250743   0.262388
15.175086   0.266333
15.103541   0.270255
15.035759   0.274156
14.971493   0.278036
14.910513   0.281893
14.852608   0.285728
14.797577   0.289539
14.745185   0.293331
14.695271   0.297103
14.647690   0.300855
14.602306   0.304587
14.558991   0.308297
14.517616   0.311986
14.478043   0.315657
14.440177   0.319310
14.403922   0.322944
14.369201   0.326559
14.335928   0.330154
14.304025   0.333730
14.273403   0.337289
14.243995   0.340831
14.215745   0.344356
14.188596   0.347863
14.162498   0.351352
14.137398   0.354823
14.113242   0.358277
14.089974   0.361716
14.067560   0.365138
14.045961   0.368545
14.025142   0.371935
14.005068   0.375308
13.985706   0.378665
13.967019   0.382006
13.948973   0.385333
13.931544   0.388645
13.914706   0.391942
13.898436   0.395224
13.882712   0.398491
13.867507   0.401742
13.852803   0.404978
13.838574   0.408201
13.824802   0.411410
13.811467   0.414605
13.798557   0.417786
13.786055   0.420954
13.773945   0.424107
13.762212   0.427246
13.750840   0.430371
13.739813   0.433484
13.729119   0.436584
13.718747   0.439671
13.630418   0.469847
13.564101   0.498839
13.513601   0.526740
13.474725   0.553635
13.444549   0.579593
13.420983   0.604679
13.402500   0.628948
13.387966   0.652451
13.376526   0.675234
13.367524   0.697338
13.360452   0.718800
13.354766   0.739328
13.349589   0.758701
13.344589   0.777141
13.339576   0.794729
13.334432   0.811537
13.329081   0.827626
13.323487   0.843053
13.317626   0.857865
13.311493   0.872108
13.305090   0.885819
13.298423   0.899034
13.291504   0.911785
13.284347   0.924100
13.276966   0.936006
13.269376   0.947526
13.261592   0.958683
13.253628   0.969496
13.245500   0.979984
13.237221   0.990163
13.228804   1.000050
13.220260   1.009659
13.211602   1.019002
13.202841   1.028094
13.193987   1.036945
13.185048   1.045566
13.176035   1.053967
13.166955   1.062159
13.157815   1.070149
13.148624   1.077946
13.139387   1.085558
13.130111   1.092992
13.120801   1.100256
13.111463   1.107355
13.102102   1.114296
13.092721   1.121085
13.083326   1.127728
13.073920   1.134229
13.064507   1.140593
13.055091   1.146826
13.045674   1.152932
13.036258   1.158915
13.026848   1.164778
13.017446   1.170527
13.008053   1.176164
12.998672   1.181694
12.989304   1.187119
12.979952   1.192442
12.970618   1.197667
12.961302   1.202797
12.952006   1.207836
12.942692   1.212818
12.933367   1.217765
12.924051   1.222677
12.914755   1.227557
12.905489   1.232407
12.896262   1.237226
12.887080   1.242015
12.877949   1.246776
12.868874   1.251507
12.859856   1.256211
12.850903   1.260887
12.842011   1.265534
12.833187   1.270155
12.824431   1.274748
12.815745   1.279314
12.807130   1.283853
12.798586   1.288366
12.790114   1.292852
12.781716   1.297311
12.773389   1.301744
12.765136   1.306150
12.756956   1.310531
12.748848   1.314885
12.740812   1.319214
12.732849   1.323516
12.724958   1.327793
12.717137   1.332045
12.709387   1.336271
12.701708   1.340471
12.628609   1.381111
12.561680   1.419354
12.500115   1.455338
12.443175   1.489206
12.390220   1.521099
12.340710   1.551155
12.294193   1.579505
12.250294   1.606270
12.208697   1.631563
12.169139   1.655491
12.131398   1.678148
12.095285   1.699624
12.060640   1.719999
12.027326   1.739350
11.995224   1.757743
11.964232   1.775241
11.934260   1.791903
11.905228   1.807782
11.877068   1.822926
11.849720   1.837380
11.823129   1.851186
11.797245   1.864382
11.772026   1.877004
11.747432   1.889085
11.723428   1.900655
11.699981   1.911741
11.677062   1.922372
11.654645   1.932571
11.632704   1.942360
11.611218   1.951761
11.590165   1.960795
11.569527   1.969478
11.549285   1.977830
11.529422   1.985865
11.509925   1.993600
11.490777   2.001049
11.471967   2.008224
11.453480   2.015139
11.435306   2.021805
11.417434   2.028234
11.399852   2.034436
11.382551   2.040421
11.365522   2.046199
11.348757   2.051778
11.332246   2.057166
11.315982   2.062373
11.299957   2.067404
11.284164   2.072268
11.268597   2.076971
11.253249   2.081520
11.238114   2.085920
11.223185   2.090177
11.208458   2.094298
11.193927   2.098286
11.179587   2.102147
11.165433   2.105886
11.151462   2.109507
11.137669   2.113013
11.124051   2.116408
11.110602   2.119696
11.097320   2.122880
11.084200   2.125964
11.071239   2.128950
11.058433   2.131842
11.045779   2.134641
11.033272   2.137353
11.020910   2.139978
11.008690   2.142519
10.996607   2.144979
10.984660   2.147361
10.972845   2.149667
10.961159   2.151898
10.949599   2.154057
10.938164   2.156147
10.926849   2.158169
10.915653   2.160125
10.904572   2.162018
10.893606   2.163848
10.882751   2.165618
10.872005   2.167329
10.861366   2.168983
10.850833   2.170582
10.840401   2.172127
10.830070   2.173620
10.819839   2.175062
10.809704   2.176454
10.799665   2.177798
10.789719   2.179096
10.779865   2.180348
10.770101   2.181556
10.677080   2.191445
10.591543   2.198018
10.512413   2.202033
10.438840   2.204056
10.370144   2.204520
10.305764   2.203755
10.245238   2.202020
10.188174   2.199514
10.134239   2.196399
10.083148   2.192799
10.034650   2.188817
9.988530   2.184535
9.944597   2.180019
9.902682   2.175323
9.862634   2.170490
9.824319   2.165558
9.787617   2.160555
9.752418   2.155507
9.718626   2.150433
9.686150   2.145350
9.654909   2.140272
9.624829   2.135211
9.595842   2.130175
9.567887   2.125172
9.540905   2.120209
9.514843   2.115292
9.489654   2.110423
9.465292   2.105606
9.441714   2.100845
9.418882   2.096141
9.396760   2.091495
9.375314   2.086909
9.354512   2.082384
9.334325   2.077921
9.314725   2.073518
9.295686   2.069177
9.277185   2.064898
9.259197   2.060679
9.241702   2.056521
9.224679   2.052424
9.208109   2.048386
9.191975   2.044407
9.176259   2.040485
9.160945   2.036622
9.146018   2.032815
9.131463   2.029063
9.117267   2.025366
9.103416   2.021724
9.089899   2.018134
9.076703   2.014597
9.063817   2.011111
9.051232   2.007675
9.038935   2.004288
9.026919   2.000951
9.015173   1.997660
9.003689   1.994417
8.992459   1.991219
8.981473   1.988067
8.970726   1.984959
8.960209   1.981894
8.949915   1.978872
8.939837   1.975891
8.929969   1.972951
8.920306   1.970052
8.910840   1.967192
8.901566   1.964370
8.892478   1.961587
8.883573   1.958840
8.874843   1.956131
8.866285   1.953457
8.857893   1.950818
8.849663   1.948213
