883.370730   0.590114
905.361809   0.591616
927.409853   0.593091
949.656753   0.594541
972.221361   0.595966
995.205276   0.597370
1018.679094   0.598756
1042.734101   0.600125
1067.439123   0.601480
1092.853791   0.602824
1119.056536   0.604159
1146.087807   0.605487
1174.031293   0.606813
1202.943364   0.608137
1232.886003   0.609465
1263.929756   0.610798
1296.129368   0.612139
1329.568167   0.613493
1364.313393   0.614861
1400.418864   0.616247
1437.981012   0.617653
1477.071292   0.619081
1517.770049   0.620532
1560.159770   0.622005
1604.320597   0.623500
1650.351467   0.625013
1698.243053   0.626537
1748.185000   0.628067
1800.264715   0.629590
1854.587283   0.631087
1911.246588   0.632534
1970.405740   0.633897
2032.026475   0.635131
2096.397497   0.636178
2163.652397   0.636964
2233.936041   0.637399
2307.544631   0.637376
2384.770253   0.636772
2465.678094   0.635450
2550.980251   0.633254
2641.363192   0.630004
2737.442920   0.625499
2839.941987   0.619515
2949.700049   0.611796
3067.733596   0.602040
3195.282554   0.589888
3333.749989   0.574928
3484.687629   0.556667
3649.475597   0.534516
3828.893274   0.507755
4022.334376   0.475462
4224.739501   0.436424
4419.952879   0.389004
4561.538733   0.331213
4521.759050   0.261983
3997.995870   0.187701
2790.497563   0.132660
1669.254533   0.109577
1057.591036   0.101553
739.181310   0.098215
556.980058   0.096568
442.541389   0.095681
365.222890   0.095199
310.017210   0.094958
268.881715   0.094875
237.182924   0.094900
212.084501   0.095006
191.769890   0.095170
175.021353   0.095382
160.998345   0.095630
149.096996   0.095909
138.882000   0.096212
130.026593   0.096536
122.282172   0.096877
115.455549   0.097233
109.397861   0.097601
103.991590   0.097980
99.141069   0.098369
94.766676   0.098764
90.803321   0.099167
87.196942   0.099575
83.902502   0.099987
80.882181   0.100404
78.103923   0.100825
75.540432   0.101248
73.168181   0.101674
70.967260   0.102102
68.915990   0.102532
66.994379   0.102966
65.190806   0.103404
63.495260   0.103844
61.898675   0.104288
49.944850   0.108838
42.477133   0.113517
37.392575   0.118264
33.719202   0.123044
30.950576   0.127830
28.791704   0.132612
27.064716   0.137379
25.654084   0.142122
24.480241   0.146843
23.490898   0.151529
22.644735   0.156189
21.914338   0.160814
21.278080   0.165402
20.718699   0.169957
20.224033   0.174471
19.783495   0.178947
19.388592   0.183389
19.033141   0.187790
18.711557   0.192152
18.419049   0.196481
18.152186   0.200773
17.907917   0.205026
17.683259   0.209247
17.476116   0.213435
17.284703   0.217587
17.107258   0.221705
16.942238   0.225794
16.788521   0.229851
16.645090   0.233875
16.510887   0.237868
16.385033   0.241835
16.266861   0.245772
16.155764   0.249678
16.051099   0.253556
15.952291   0.257409
15.858919   0.261236
15.770600   0.265035
15.686960   0.268806
15.607582   0.272554
15.532180   0.276278
15.460497   0.279977
15.392297   0.283651
15.327334   0.287300
15.265354   0.290928
15.206183   0.294534
15.149657   0.298117
15.095625   0.301677
15.043931   0.305214
14.994400   0.308732
14.946919   0.312229
14.901381   0.315706
14.857684   0.319161
14.815730   0.322595
14.775398   0.326011
14.736600   0.329408
14.699266   0.332786
14.663324   0.336145
14.628711   0.339485
14.595352   0.342805
14.563172   0.346108
14.532115   0.349395
14.502135   0.352664
14.473184   0.355915
14.445220   0.359149
14.418184   0.362365
14.392035   0.365565
14.366729   0.368749
14.342235   0.371918
14.318519   0.375070
14.295550   0.378207
14.273297   0.381326
14.251722   0.384430
14.230795   0.387521
14.210493   0.390596
14.190790   0.393657
14.171667   0.396702
14.153100   0.399733
14.135069   0.402748
14.117545   0.405750
14.100512   0.408739
14.083946   0.411714
14.067839   0.414675
14.052170   0.417623
14.036927   0.420557
14.022095   0.423476
14.007650   0.426383
13.993581   0.429278
13.979877   0.432160
13.966527   0.435030
13.953515   0.437887
13.839803   0.465787
13.749939   0.492560
13.677655   0.518303
13.618630   0.543102
13.569802   0.567029
13.528940   0.590146
13.494390   0.612509
13.464900   0.634168
13.439509   0.655168
13.417474   0.675541
13.398181   0.694849
13.380604   0.713229
13.364337   0.730844
13.349099   0.747755
13.334674   0.764018
13.320900   0.779678
13.307652   0.794779
13.294835   0.809357
13.282374   0.823448
13.270212   0.837081
13.258301   0.850285
13.246606   0.863083
13.235097   0.875499
13.223750   0.887555
13.212547   0.899269
13.201472   0.910659
13.190512   0.921740
13.179658   0.932529
13.168899   0.943039
13.158230   0.953283
13.147644   0.963274
13.137137   0.973021
13.126704   0.982536
13.116342   0.991829
13.106048   1.000909
13.095820   1.009784
13.085654   1.018462
13.075551   1.026952
13.065508   1.035259
13.055523   1.043392
13.045596   1.051356
13.035725   1.059158
13.025911   1.066802
13.016150   1.074295
13.006444   1.081642
12.996791   1.088847
12.987191   1.095916
12.977642   1.102852
12.968146   1.109660
12.958700   1.116344
12.949305   1.122907
12.939960   1.129354
12.930665   1.135687
12.921419   1.141911
12.912223   1.148027
12.903075   1.154041
12.893974   1.159953
12.884922   1.165768
12.875916   1.171487
12.866959   1.177114
12.858047   1.182650
12.849172   1.188108
12.840325   1.193506
12.831514   1.198848
12.822733   1.204147
12.813994   1.209406
12.805304   1.214626
12.796667   1.219809
12.788089   1.224955
12.779574   1.230064
12.771122   1.235137
12.762738   1.240175
12.754423   1.245178
12.746177   1.250146
12.738002   1.255079
12.729900   1.259979
12.721869   1.264845
12.713911   1.269677
12.706025   1.274476
12.698212   1.279243
12.690471   1.283977
12.682801   1.288678
12.675204   1.293347
12.667677   1.297984
12.660220   1.302590
12.652835   1.307164
12.645515   1.311708
12.638265   1.316220
12.631084   1.320702
12.623970   1.325153
12.556300   1.368041
12.494357   1.408135
12.437310   1.445649
12.384436   1.480789
12.335129   1.513744
12.288891   1.544690
12.245309   1.573787
12.204046   1.601181
12.164820   1.627005
12.127400   1.651379
12.091588   1.674413
12.057222   1.696205
12.024161   1.716846
11.992286   1.736418
11.961494   1.754995
11.931696   1.772645
11.902814   1.789431
11.874781   1.805408
11.847537   1.820630
11.821029   1.835143
11.795209   1.848992
11.770036   1.862217
11.745472   1.874856
11.721482   1.886942
11.698035   1.898507
11.675104   1.909582
11.652663   1.920193
11.630687   1.930365
11.609156   1.940123
11.588049   1.949488
11.567350   1.958480
11.547038   1.967119
11.527100   1.975422
11.507520   1.983406
11.488285   1.991088
11.469381   1.998480
11.450798   2.005598
11.432522   2.012453
11.414545   2.019058
11.396855   2.025425
11.379443   2.031565
11.362301   2.037486
11.345419   2.043199
11.328790   2.048713
11.312406   2.054037
11.296260   2.059178
11.280344   2.064143
11.264653   2.068941
11.249180   2.073578
11.233919   2.078061
11.218864   2.082395
11.204011   2.086587
11.189352   2.090642
11.174884   2.094565
11.160602   2.098361
11.146501   2.102036
11.132577   2.105593
11.118825   2.109037
11.105242   2.112372
11.091824   2.115601
11.078568   2.118729
11.065470   2.121757
11.052528   2.124690
11.039738   2.127530
11.027096   2.130280
11.014600   2.132943
11.002246   2.135522
10.990032   2.138019
10.977954   2.140436
10.966009   2.142776
10.954195   2.145041
10.942509   2.147233
10.930948   2.149355
10.919510   2.151408
10.908192   2.153395
10.896992   2.155318
10.885906   2.157177
10.874935   2.158976
10.864073   2.160715
10.853320   2.162397
10.842674   2.164023
10.832132   2.165595
10.821693   2.167114
10.811354   2.168581
10.801113   2.169999
10.790970   2.171368
10.780921   2.172689
10.770966   2.173965
10.761102   2.175196
10.751329   2.176383
10.658210   2.186104
10.572579   2.192563
10.493366   2.196500
10.419723   2.198473
10.350967   2.198907
10.286538   2.198127
10.225971   2.196387
10.168873   2.193885
10.114910   2.190778
10.063796   2.187193
10.015280   2.183228
9.969144   2.178965
9.925198   2.174470
9.883272   2.169796
9.843215   2.164987
9.804892   2.160078
9.768183   2.155099
9.732979   2.150074
9.699181   2.145024
9.666700   2.139964
9.635455   2.134909
9.605371   2.129870
9.576381   2.124857
9.548422   2.119876
9.521436   2.114934
9.495371   2.110037
9.470178   2.105189
9.445812   2.100392
9.422230   2.095650
9.399394   2.090964
9.377268   2.086337
9.355817   2.081769
9.335011   2.077261
9.314819   2.072814
9.295214   2.068428
9.276170   2.064103
9.257662   2.059838
9.239669   2.055635
9.222168   2.051492
9.205140   2.047408
9.188564   2.043384
9.172423   2.039418
9.156701   2.035510
9.141380   2.031659
9.126446   2.027864
9.111884   2.024124
9.097681   2.020439
9.083823   2.016808
9.070298   2.013229
9.057095   2.009702
9.044201   2.006227
9.031608   2.002801
9.019304   1.999424
9.007279   1.996096
8.995525   1.992815
8.984033   1.989581
8.972794   1.986392
8.961800   1.983248
8.951044   1.980148
8.940518   1.977092
8.930215   1.974077
8.920129   1.971104
8.910253   1.968172
8.900580   1.965280
8.891105   1.962427
8.881822   1.959613
8.872726   1.956836
8.863810   1.954096
8.855071   1.951393
8.846504   1.948725
8.838103   1.946092
