849.614526   0.581864
860.698021   0.583781
870.940938   0.585643
880.549726   0.587449
889.680247   0.589203
898.479491   0.590908
907.023046   0.592568
915.421826   0.594186
923.736314   0.595766
932.024544   0.597312
940.325713   0.598826
948.687333   0.600312
957.142281   0.601772
965.705761   0.603207
974.410669   0.604621
983.274898   0.606017
992.345474   0.607395
1001.589902   0.608757
1011.069039   0.610106
1020.782188   0.611442
1030.741975   0.612766
1040.962819   0.614081
1051.451480   0.615386
1062.193413   0.616680
1073.199302   0.617966
1084.513956   0.619247
1096.154507   0.620523
1108.125469   0.621795
1120.416665   0.623065
1133.068771   0.624332
1146.084980   0.625597
1159.478644   0.626862
1173.254739   0.628127
1187.433059   0.629393
1202.041183   0.630662
1217.078257   0.631934
1232.545334   0.633208
1248.441645   0.634486
1264.754677   0.635765
1281.522699   0.637049
1298.764264   0.638340
1316.503337   0.639640
1334.769881   0.640949
1353.571047   0.642268
1372.926701   0.643599
1392.840176   0.644941
1413.346766   0.646297
1434.455507   0.647667
1456.190540   0.649052
1478.548777   0.650453
1501.561411   0.651869
1525.227743   0.653302
1549.521466   0.654748
1574.475543   0.656207
1600.006979   0.657680
1626.189611   0.659167
1653.039418   0.660667
1680.566767   0.662179
1708.748857   0.663704
1737.804846   0.665248
1767.894976   0.666816
1799.012029   0.668406
1831.220821   0.670013
1864.541601   0.671634
1899.010155   0.673262
1934.641189   0.674889
1971.492756   0.676507
2009.576813   0.678102
2048.951240   0.679659
2089.644745   0.681158
2131.734401   0.682580
2175.359885   0.683897
2220.543047   0.685079
2267.436378   0.686088
2316.135225   0.686883
2366.713457   0.687418
2419.377431   0.687643
2474.280371   0.687504
2531.599844   0.686942
2591.576367   0.685896
2654.457981   0.684301
2720.570956   0.682085
2790.098693   0.679170
2863.514390   0.675468
2941.290308   0.670870
3023.901556   0.665260
3111.947192   0.658504
3205.851052   0.650448
3306.648222   0.640924
3414.911682   0.629746
3531.881545   0.616702
3658.449656   0.601553
4890.360025   0.214809
284.892669   0.082863
124.656924   0.084260
80.562475   0.086947
60.426745   0.090036
49.015488   0.093322
41.717113   0.096719
36.666755   0.100186
32.979822   0.103694
30.172798   0.107233
27.972183   0.110784
26.201118   0.114346
24.747864   0.117911
23.536330   0.121471
22.510594   0.125028
21.632724   0.128577
20.873744   0.132113
20.210805   0.135640
19.627717   0.139153
19.111431   0.142651
18.650822   0.146136
18.237848   0.149607
17.865946   0.153060
17.529161   0.156498
17.222864   0.159922
16.943423   0.163329
16.687642   0.166717
16.452499   0.170092
16.235764   0.173451
16.035544   0.176793
15.850125   0.180117
15.677833   0.183427
15.517439   0.186722
15.367870   0.190000
15.228156   0.193261
15.097292   0.196507
14.974522   0.199739
14.859193   0.202956
14.750725   0.206156
14.648536   0.209341
14.552071   0.212512
14.460923   0.215669
14.374716   0.218811
14.293102   0.221937
14.215719   0.225049
14.142246   0.228149
14.072433   0.231234
14.006050   0.234305
13.942877   0.237362
13.882698   0.240405
13.825294   0.243435
13.770504   0.246453
13.718181   0.249457
13.668181   0.252448
13.620375   0.255425
13.574607   0.258389
13.530763   0.261343
13.488745   0.264283
13.448455   0.267212
13.409808   0.270127
13.372713   0.273029
13.337072   0.275921
13.302813   0.278801
13.269870   0.281669
13.238182   0.284526
13.207687   0.287371
13.178332   0.290203
13.150048   0.293025
13.122785   0.295836
13.096497   0.298636
13.071148   0.301426
13.046681   0.304204
13.023077   0.306971
13.000285   0.309726
12.978265   0.312472
12.956985   0.315208
12.936415   0.317934
12.916528   0.320649
12.897296   0.323354
12.878694   0.326048
12.860692   0.328732
12.843262   0.331406
12.826383   0.334071
12.810034   0.336727
12.794197   0.339373
12.778850   0.342009
12.763979   0.344635
12.749562   0.347251
12.735580   0.349858
12.722017   0.352456
12.606434   0.377947
12.519571   0.402587
12.453383   0.426440
12.402445   0.449560
12.362985   0.471993
12.332341   0.493549
12.308049   0.514164
12.288415   0.533957
12.272295   0.552999
12.258865   0.571352
12.247525   0.589070
12.237825   0.606200
12.229423   0.622783
12.222056   0.638855
12.215519   0.654449
12.209651   0.669594
12.204324   0.684316
12.199437   0.698640
12.194905   0.712586
12.190664   0.726175
12.186658   0.739424
12.182842   0.752350
12.179181   0.764969
12.175644   0.777294
12.172206   0.789339
12.168846   0.801116
12.165547   0.812637
12.162294   0.823910
12.159078   0.834948
12.155884   0.845759
12.152708   0.856351
12.149542   0.866733
12.146380   0.876913
12.143217   0.886897
12.140049   0.896694
12.136873   0.906308
12.133688   0.915747
12.130489   0.925016
12.127276   0.934120
12.124048   0.943065
12.120804   0.951856
12.117541   0.960497
12.114260   0.968994
12.110962   0.977350
12.107644   0.985569
12.104309   0.993656
12.100954   1.001614
12.097582   1.009446
12.094191   1.017157
12.090783   1.024749
12.087356   1.032226
12.083913   1.039591
12.080454   1.046846
12.076977   1.053994
12.073485   1.061039
12.069978   1.067982
12.066455   1.074826
12.062919   1.081574
12.059369   1.088227
12.055804   1.094796
12.052229   1.101299
12.048652   1.107739
12.045078   1.114120
12.041511   1.120445
12.037956   1.126713
12.034414   1.132927
12.030889   1.139087
12.027382   1.145193
12.023894   1.151247
12.020427   1.157249
12.016980   1.163199
12.013555   1.169099
12.010152   1.174950
12.006771   1.180750
12.003412   1.186503
12.000076   1.192207
11.996762   1.197863
11.993471   1.203472
11.990202   1.209035
11.986954   1.214552
11.983729   1.220023
11.980525   1.225450
11.977343   1.230833
11.974181   1.236171
11.971040   1.241466
11.967920   1.246719
11.964819   1.251928
11.961738   1.257096
11.958676   1.262223
11.955634   1.267309
11.926170   1.316012
11.898225   1.361090
11.871511   1.402917
11.845804   1.441818
11.820933   1.478081
11.796769   1.511955
11.773213   1.543660
11.750194   1.573392
11.727654   1.601322
11.705549   1.627602
11.683845   1.652368
11.662514   1.675742
11.641535   1.697831
11.620889   1.718734
11.600562   1.738538
11.580540   1.757323
11.560813   1.775160
11.541370   1.792115
11.522204   1.808247
11.503306   1.823610
11.484669   1.838255
11.466287   1.852225
11.448154   1.865564
11.430263   1.878308
11.412610   1.890494
11.395188   1.902154
11.377993   1.913318
11.361021   1.924014
11.344266   1.934268
11.327723   1.944103
11.311390   1.953542
11.295261   1.962606
11.279331   1.971313
11.263598   1.979683
11.248058   1.987732
11.232705   1.995475
11.217538   2.002928
11.202551   2.010105
11.187742   2.017017
11.173108   2.023678
11.158644   2.030099
11.144347   2.036292
11.130215   2.042265
11.116244   2.048028
11.102431   2.053592
11.088773   2.058964
11.075268   2.064152
11.061912   2.069164
11.048702   2.074007
11.035637   2.078689
11.022713   2.083215
11.009928   2.087593
10.997279   2.091826
10.984763   2.095923
10.972379   2.099886
10.960124   2.103723
10.947996   2.107437
10.935993   2.111032
10.924114   2.114513
10.912356   2.117883
10.900718   2.121146
10.889198   2.124306
10.877793   2.127364
10.866502   2.130326
10.855322   2.133193
10.844252   2.135969
10.833290   2.138657
10.822434   2.141259
10.811681   2.143777
10.801031   2.146215
10.790481   2.148574
10.780029   2.150858
10.769675   2.153068
10.759415   2.155206
10.749249   2.157275
10.739175   2.159277
10.729191   2.161213
10.719295   2.163086
10.709487   2.164897
10.699765   2.166648
10.690126   2.168341
10.680571   2.169977
10.671098   2.171558
10.661704   2.173086
10.652390   2.174562
10.643153   2.175987
10.633992   2.177364
10.624907   2.178692
10.615896   2.179974
10.606958   2.181211
10.521355   2.191350
10.441968   2.198113
10.368009   2.202274
10.298839   2.204413
10.233927   2.204968
10.172832   2.204276
10.115177   2.202600
10.060641   2.200142
10.008946   2.197066
9.959848   2.193499
9.913134   2.189544
9.868617   2.185284
9.826129   2.180786
9.785522   2.176104
9.746662   2.171284
9.709428   2.166362
9.673713   2.161367
9.639418   2.156326
9.606453   2.151257
9.574736   2.146179
9.544195   2.141104
9.514759   2.136045
9.486367   2.131010
9.458960   2.126009
9.432486   2.121047
9.406894   2.116129
9.382140   2.111260
9.358181   2.106442
9.334978   2.101680
9.312493   2.096974
9.290693   2.092327
9.269546   2.087740
9.249022   2.083213
9.229093   2.078747
9.209733   2.074342
9.190916   2.069999
9.172621   2.065717
9.154824   2.061495
9.137506   2.057335
9.120648   2.053235
9.104230   2.049194
9.088237   2.045212
9.072650   2.041288
9.057456   2.037421
9.042639   2.033611
9.028185   2.029857
9.014081   2.026157
9.000315   2.022511
8.986874   2.018918
8.973748   2.015378
8.960926   2.011889
8.948397   2.008450
8.936151   2.005061
8.924180   2.001720
8.912473   1.998427
8.901024   1.995180
8.889823   1.991980
8.878862   1.988824
8.868135   1.985713
8.857634   1.982645
8.847352   1.979620
8.837283   1.976636
8.827420   1.973694
8.817758   1.970791
8.808290   1.967928
8.799011   1.965104
8.789916   1.962318
8.780999   1.959568
8.772256   1.956856
