938.699634   0.589276
968.904400   0.590364
999.350166   0.591462
1030.175120   0.592567
1061.502568   0.593678
1093.445674   0.594793
1126.086549   0.595913
1159.545609   0.597039
1193.865889   0.598172
1229.170687   0.599315
1265.551909   0.600470
1303.017642   0.601640
1341.723332   0.602825
1381.710351   0.604029
1423.069374   0.605253
1465.876782   0.606497
1510.207332   0.607762
1556.145251   0.609045
1603.770182   0.610343
1653.158801   0.611651
1704.398027   0.612961
1757.566131   0.614260
1812.738983   0.615531
1870.011428   0.616753
1929.483756   0.617894
1991.193377   0.618916
2055.306408   0.619766
2121.935005   0.620383
2191.185881   0.620690
2263.290433   0.620595
2338.396547   0.619994
2416.767461   0.618769
2498.852072   0.616786
2585.009495   0.613896
2675.777073   0.609935
2771.705255   0.604718
2873.741101   0.598038
2981.701425   0.589658
3097.317342   0.579308
3221.221505   0.566678
3354.375705   0.551408
3497.750323   0.533080
3651.764139   0.511196
3816.294695   0.485147
3989.205772   0.454169
4163.608985   0.417297
4321.220483   0.373544
4419.973722   0.321562
4358.476017   0.261131
3930.852572   0.197245
2983.038540   0.145781
1946.008072   0.119056
1271.972781   0.108221
892.828472   0.103480
670.382608   0.101074
529.861380   0.099718
435.029266   0.098911
367.553280   0.098428
317.472499   0.098150
279.028504   0.098013
248.707454   0.097977
224.249394   0.098016
204.147757   0.098113
187.363603   0.098255
173.157443   0.098434
160.989754   0.098642
150.463209   0.098875
141.275004   0.099128
133.189928   0.099399
126.031010   0.099684
119.657339   0.099982
113.942796   0.100290
108.787360   0.100608
104.114270   0.100934
99.860639   0.101267
95.972568   0.101607
92.406348   0.101953
89.124335   0.102304
86.094663   0.102659
83.289119   0.103018
80.684798   0.103380
78.261204   0.103746
75.999849   0.104114
73.885942   0.104485
71.905263   0.104858
70.046179   0.105233
68.297994   0.105609
66.650961   0.105987
65.096958   0.106366
63.628509   0.106747
62.238826   0.107128
60.922060   0.107509
50.847926   0.111299
44.285156   0.115023
39.556271   0.118772
35.988577   0.122539
33.209411   0.126305
30.983461   0.130067
29.164870   0.133813
27.650836   0.137544
26.373285   0.141251
25.280788   0.144933
24.337440   0.148586
23.514202   0.152211
22.790690   0.155803
22.149141   0.159366
21.577159   0.162897
21.063754   0.166397
20.600417   0.169868
20.180583   0.173307
19.797968   0.176719
19.448155   0.180102
19.127178   0.183455
18.831368   0.186783
18.558147   0.190083
18.305012   0.193355
18.069677   0.196604
17.850513   0.199826
17.645940   0.203023
17.454390   0.206197
17.274790   0.209348
17.106132   0.212474
16.947303   0.215578
16.797531   0.218661
16.656140   0.221721
16.522419   0.224760
16.395703   0.227779
16.275518   0.230778
16.161424   0.233755
16.052907   0.236714
15.949567   0.239654
15.851082   0.242575
15.757155   0.245476
15.667426   0.248359
15.581619   0.251226
15.499515   0.254075
15.420908   0.256905
15.345548   0.259719
15.273229   0.262517
15.203789   0.265299
15.137084   0.268063
15.072960   0.270812
15.011229   0.273545
14.951783   0.276264
14.894513   0.278968
14.839313   0.281655
14.786058   0.284328
14.734649   0.286987
14.684972   0.289633
14.636986   0.292264
14.590599   0.294880
14.545721   0.297483
14.502276   0.300073
14.460207   0.302650
14.419456   0.305214
14.379970   0.307764
14.341681   0.310301
14.304531   0.312827
14.268474   0.315340
14.233473   0.317841
14.199485   0.320329
14.166467   0.322805
14.134367   0.325270
14.103152   0.327723
14.072791   0.330165
14.043254   0.332596
14.014512   0.335014
13.986526   0.337422
13.959263   0.339819
13.932701   0.342205
13.906817   0.344581
13.881588   0.346946
13.856992   0.349300
13.832999   0.351643
13.809586   0.353977
13.786735   0.356301
13.764430   0.358615
13.742654   0.360919
13.721389   0.363212
13.700615   0.365496
13.680312   0.367770
13.660467   0.370035
13.484320   0.392183
13.341026   0.413475
13.222402   0.433988
13.122749   0.453783
13.037742   0.472999
12.964593   0.491701
12.901200   0.509893
12.845843   0.527601
12.797169   0.544849
12.754099   0.561660
12.715759   0.578056
12.681448   0.594057
12.650583   0.609680
12.622684   0.624944
12.597356   0.639862
12.574263   0.654451
12.553124   0.668724
12.533698   0.682695
12.515781   0.696375
12.499200   0.709775
12.483805   0.722906
12.469463   0.735779
12.456063   0.748403
12.443507   0.760785
12.431707   0.772937
12.420588   0.784864
12.410083   0.796574
12.400134   0.808076
12.390688   0.819374
12.381699   0.830477
12.373125   0.841390
12.364931   0.852118
12.357082   0.862668
12.349550   0.873044
12.342307   0.883253
12.335329   0.893297
12.328596   0.903184
12.322088   0.912915
12.315786   0.922497
12.309674   0.931933
12.303740   0.941226
12.297968   0.950381
12.292347   0.959400
12.286866   0.968289
12.281515   0.977049
12.276285   0.985685
12.271167   0.994198
12.266153   1.002593
12.261237   1.010871
12.256411   1.019036
12.251671   1.027090
12.247010   1.035036
12.242423   1.042877
12.237905   1.050613
12.233453   1.058249
12.229062   1.065786
12.224729   1.073227
12.220449   1.080572
12.216221   1.087825
12.212040   1.094988
12.207904   1.102062
12.203811   1.109049
12.199758   1.115950
12.195743   1.122770
12.191764   1.129514
12.187821   1.136182
12.183912   1.142783
12.180038   1.149317
12.176199   1.155787
12.172396   1.162194
12.168628   1.168539
12.164895   1.174822
12.161195   1.181045
12.157529   1.187208
12.153896   1.193313
12.150294   1.199360
12.146723   1.205351
12.143183   1.211285
12.139672   1.217164
12.136190   1.222989
12.132736   1.228759
12.129309   1.234478
12.125909   1.240144
12.122534   1.245758
12.119185   1.251322
12.115859   1.256836
12.112558   1.262301
12.109279   1.267716
12.106023   1.273084
12.102788   1.278405
12.071510   1.329140
12.041844   1.375769
12.013431   1.418772
11.986017   1.458557
11.959422   1.495470
11.933521   1.529809
11.908220   1.561829
11.883455   1.591753
11.859174   1.619776
11.835339   1.646069
11.811921   1.670781
11.788896   1.694046
11.766247   1.715982
11.743957   1.736694
11.722013   1.756278
11.700404   1.774817
11.679120   1.792388
11.658151   1.809061
11.637489   1.824898
11.617126   1.839955
11.597056   1.854286
11.577271   1.867936
11.557765   1.880949
11.538531   1.893365
11.519564   1.905221
11.500857   1.916550
11.482405   1.927382
11.464202   1.937746
11.446244   1.947670
11.428524   1.957176
11.411038   1.966289
11.393781   1.975028
11.376748   1.983415
11.359935   1.991466
11.343336   1.999199
11.326948   2.006631
11.310765   2.013775
11.294785   2.020647
11.279002   2.027258
11.263412   2.033622
11.248013   2.039749
11.232799   2.045651
11.217767   2.051338
11.202914   2.056820
11.188236   2.062105
11.173729   2.067202
11.159391   2.072120
11.145217   2.076865
11.131205   2.081446
11.117351   2.085868
11.103653   2.090139
11.090108   2.094264
11.076712   2.098249
11.063463   2.102100
11.050358   2.105823
11.037395   2.109421
11.024570   2.112901
11.011882   2.116265
10.999327   2.119519
10.986904   2.122667
10.974610   2.125713
10.962442   2.128660
10.950399   2.131512
10.938479   2.134272
10.926679   2.136943
10.914998   2.139528
10.903435   2.142030
10.891987   2.144451
10.880652   2.146794
10.869430   2.149061
10.858316   2.151255
10.847311   2.153377
10.836413   2.155430
10.825618   2.157416
10.814926   2.159336
10.804336   2.161193
10.793844   2.162989
10.783450   2.164725
10.773151   2.166402
10.762947   2.168024
10.752836   2.169591
10.742816   2.171104
10.732885   2.172566
10.723043   2.173977
10.713287   2.175340
10.703617   2.176655
10.694030   2.177923
10.684526   2.179147
10.675104   2.180327
10.665761   2.181465
10.576471   2.190734
10.493960   2.196815
10.417333   2.200434
10.345866   2.202137
10.278964   2.202337
10.216131   2.201356
10.156949   2.199439
10.101064   2.196783
10.048170   2.193540
9.998001   2.189832
9.950328   2.185759
9.904946   2.181398
9.861678   2.176814
9.820362   2.172060
9.780857   2.167178
9.743036   2.162202
9.706781   2.157162
9.671992   2.152081
9.638573   2.146979
9.606439   2.141871
9.575511   2.136772
9.545718   2.131692
9.516995   2.126639
9.489281   2.121623
9.462521   2.116648
9.436664   2.111719
9.411663   2.106841
9.387473   2.102017
9.364055   2.097249
9.341369   2.092538
9.319381   2.087888
9.298057   2.083298
9.277368   2.078769
9.257284   2.074303
9.237778   2.069898
9.218825   2.065555
9.200402   2.061274
9.182485   2.057055
9.165054   2.052896
9.148090   2.048798
9.131572   2.044760
9.115484   2.040781
9.099809   2.036860
9.084532   2.032997
9.069636   2.029190
9.055109   2.025440
9.040936   2.021744
9.027104   2.018102
9.013603   2.014514
9.000419   2.010978
8.987543   2.007493
8.974963   2.004059
8.962670   2.000674
8.950654   1.997337
8.938906   1.994049
8.927417   1.990807
8.916179   1.987611
8.905184   1.984460
8.894425   1.981354
8.883894   1.978291
8.873585   1.975270
8.863490   1.972291
8.853604   1.969353
8.843919   1.966456
8.834431   1.963597
8.825133   1.960777
8.816021   1.957996
8.807089   1.955251
