948.296503   0.549854
966.045664   0.551424
981.868449   0.553041
996.024167   0.554678
1008.733430   0.556317
1020.187063   0.557946
1030.551189   0.559556
1039.957665   0.561140
1048.542011   0.562697
1056.417186   0.564222
1063.649354   0.565715
1070.347478   0.567177
1076.598356   0.568609
1082.456433   0.570011
1087.988551   0.571385
1093.246191   0.572733
1098.275153   0.574054
1103.114977   0.575352
1107.801516   0.576627
1112.337163   0.577877
1116.779739   0.579108
1121.151114   0.580322
1125.490529   0.581522
1129.806334   0.582705
1134.123279   0.583874
1138.452191   0.585031
1142.809817   0.586175
1147.213232   0.587308
1151.659173   0.588430
1156.175632   0.589542
1160.765548   0.590645
1165.429061   0.591739
1170.194854   0.592825
1175.020648   0.593901
1179.953228   0.594969
1184.975087   0.596029
1190.110183   0.597084
1195.372700   0.598134
1200.741327   0.599179
1206.243234   0.600219
1211.877807   0.601254
1217.646956   0.602285
1223.552668   0.603313
1229.597900   0.604336
1235.784129   0.605356
1242.079099   0.606368
1248.468759   0.607371
1254.948978   0.608365
1261.512478   0.609351
1268.154046   0.610329
1274.876764   0.611299
1281.675360   0.612263
1288.684547   0.613235
1295.930090   0.614216
1303.422664   0.615206
1311.172600   0.616203
1319.186236   0.617209
1327.454337   0.618221
1335.999185   0.619240
1344.816730   0.620265
1353.914771   0.621297
1363.316301   0.622337
1373.010836   0.623385
1383.030732   0.624441
1393.373081   0.625505
1404.042169   0.626577
1415.043865   0.627657
1426.385473   0.628745
1438.079906   0.629842
1450.105685   0.630946
1462.494412   0.632059
1475.243402   0.633180
1488.401479   0.634311
1501.924660   0.635453
1515.874193   0.636606
1530.235553   0.637769
1545.022214   0.638943
1560.241047   0.640128
1575.900137   0.641324
1592.008593   0.642531
1608.574471   0.643749
1625.608310   0.644978
1643.118832   0.646218
1661.122061   0.647470
1679.645705   0.648735
1698.711209   0.650012
1718.324539   0.651301
1738.499060   0.652603
1759.252044   0.653916
1780.600627   0.655239
1802.534564   0.656573
1825.092229   0.657915
2088.256742   0.671280
2437.917656   0.679665
2931.545914   0.665511
3730.025768   0.588432
5077.249720   0.327809
536.672347   0.083914
184.977709   0.082786
110.303318   0.084162
79.002984   0.086124
62.062193   0.088357
51.520630   0.090750
44.371769   0.093248
39.226472   0.095817
35.354164   0.098440
32.345204   0.101101
29.942345   0.103791
27.982545   0.106505
26.357348   0.109232
24.987990   0.111973
23.820053   0.114724
22.813868   0.117478
21.938001   0.120237
21.169283   0.122998
20.490151   0.125758
19.886087   0.128516
19.345280   0.131274
18.858817   0.134028
18.419370   0.136777
18.020323   0.139521
17.656524   0.142262
17.323811   0.144996
17.018596   0.147723
16.737509   0.150444
16.477910   0.153160
16.237636   0.155868
16.014757   0.158567
15.807398   0.161260
15.614037   0.163945
15.433431   0.166624
15.264470   0.169293
15.106093   0.171954
14.957311   0.174608
14.817338   0.177254
14.685509   0.179892
14.561190   0.182521
14.443756   0.185141
14.332647   0.187755
14.227424   0.190360
14.127678   0.192957
14.033041   0.195544
13.943127   0.198124
13.857589   0.200696
13.776154   0.203260
13.698565   0.205816
13.624592   0.208363
13.554004   0.210901
13.486558   0.213433
13.422073   0.215956
13.360381   0.218472
13.301331   0.220979
13.244778   0.223477
13.190568   0.225968
13.138554   0.228451
13.088626   0.230927
13.040680   0.233395
12.994616   0.235855
12.950339   0.238307
12.907750   0.240751
12.866754   0.243188
12.827275   0.245617
12.789244   0.248039
12.752595   0.250454
12.717266   0.252861
12.683193   0.255259
12.650307   0.257651
12.618554   0.260036
12.587889   0.262414
12.558262   0.264784
12.529633   0.267147
12.501961   0.269503
12.475201   0.271851
12.449307   0.274193
12.424241   0.276527
12.399979   0.278856
12.376483   0.281177
12.353729   0.283491
12.331685   0.285797
12.310325   0.288097
12.289612   0.290390
12.269523   0.292677
12.098457   0.315186
11.970188   0.336952
11.872404   0.357813
11.796099   0.377889
11.735537   0.397254
11.686809   0.415969
11.647154   0.434089
11.614583   0.451656
11.587618   0.468712
11.565142   0.485289
11.546306   0.501417
11.530439   0.517125
11.517020   0.532435
11.505631   0.547369
11.495935   0.561948
11.487659   0.576189
11.480580   0.590108
11.474513   0.603720
11.469307   0.617040
11.464829   0.630081
11.460976   0.642853
11.457658   0.655369
11.454796   0.667637
11.452326   0.679670
11.450192   0.691473
11.448346   0.703057
11.446747   0.714430
11.445359   0.725598
11.444153   0.736569
11.443101   0.747349
11.442180   0.757945
11.441370   0.768363
11.440654   0.778608
11.440017   0.788685
11.439444   0.798600
11.438924   0.808357
11.438448   0.817962
11.438006   0.827418
11.437590   0.836730
11.437193   0.845901
11.436809   0.854936
11.436434   0.863838
11.436061   0.872611
11.435688   0.881258
11.435310   0.889781
11.434925   0.898186
11.434529   0.906473
11.434121   0.914647
11.433698   0.922710
11.433259   0.930664
11.432801   0.938513
11.432324   0.946258
11.431826   0.953902
11.431308   0.961450
11.430769   0.968904
11.430211   0.976267
11.429632   0.983542
11.429034   0.990730
11.428415   0.997833
11.427777   1.004852
11.427118   1.011789
11.426439   1.018647
11.425739   1.025425
11.425019   1.032127
11.424278   1.038753
11.423518   1.045305
11.422736   1.051784
11.421935   1.058192
11.421113   1.064529
11.420271   1.070798
11.419410   1.076999
11.418528   1.083133
11.417627   1.089202
11.416706   1.095208
11.415767   1.101150
11.414808   1.107030
11.413830   1.112850
11.412833   1.118609
11.411818   1.124310
11.410785   1.129953
11.409735   1.135538
11.408666   1.141069
11.407580   1.146544
11.406476   1.151964
11.405356   1.157332
11.404219   1.162647
11.403065   1.167910
11.401896   1.173123
11.400710   1.178285
11.399509   1.183398
11.386691   1.231979
11.372580   1.276367
11.357407   1.317107
11.341370   1.354647
11.324640   1.389360
11.307360   1.421559
11.289652   1.451511
11.271616   1.479445
11.253338   1.505557
11.234888   1.530018
11.216325   1.552978
11.197699   1.574567
11.179053   1.594903
11.160420   1.614086
11.141830   1.632209
11.123307   1.649354
11.104872   1.665594
11.086541   1.680995
11.068329   1.695616
11.050247   1.709512
11.032306   1.722732
11.014512   1.735320
10.996872   1.747317
10.979391   1.758761
10.962074   1.769685
10.944923   1.780122
10.927940   1.790099
10.911127   1.799644
10.894485   1.808782
10.878015   1.817534
10.861715   1.825923
10.845587   1.833967
10.829629   1.841686
10.813840   1.849096
10.798219   1.856212
10.782766   1.863050
10.767477   1.869624
10.752352   1.875946
10.737390   1.882029
10.722587   1.887883
10.707943   1.893520
10.693454   1.898950
10.679119   1.904181
10.664937   1.909223
10.650906   1.914084
10.637021   1.918772
10.623282   1.923295
10.609687   1.927659
10.596234   1.931872
10.582920   1.935938
10.569743   1.939865
10.556702   1.943658
10.543794   1.947323
10.531016   1.950864
10.518368   1.954286
10.505848   1.957594
10.493452   1.960793
10.481179   1.963885
10.469028   1.966876
10.456996   1.969769
10.445082   1.972568
10.433283   1.975276
10.421598   1.977896
10.410026   1.980432
10.398563   1.982886
10.387210   1.985262
10.375963   1.987561
10.364822   1.989787
10.353784   1.991942
10.342849   1.994029
10.332014   1.996050
10.321278   1.998006
10.310639   1.999901
10.300097   2.001735
10.289649   2.003512
10.279295   2.005233
10.269032   2.006899
10.258859   2.008512
10.248776   2.010075
10.238781   2.011588
10.228871   2.013053
10.219048   2.014472
10.209308   2.015846
10.199650   2.017176
10.190075   2.018464
10.180579   2.019710
10.171163   2.020917
10.161826   2.022085
10.152565   2.023215
10.143380   2.024309
10.055481   2.033452
9.974162   2.039879
9.898672   2.044181
9.828337   2.046794
9.762575   2.048054
9.700886   2.048223
9.642845   2.047509
9.588086   2.046078
9.536297   2.044065
9.487207   2.041576
9.440579   2.038702
9.396206   2.035513
9.353907   2.032072
9.313521   2.028426
9.274905   2.024617
9.237930   2.020679
9.202483   2.016641
9.168459   2.012527
9.135766   2.008357
9.104318   2.004148
9.074041   1.999914
9.044862   1.995668
9.016717   1.991420
8.989549   1.987177
8.963302   1.982948
8.937927   1.978739
8.913379   1.974554
8.889613   1.970398
8.866591   1.966275
8.844276   1.962187
8.822634   1.958137
8.801634   1.954127
8.781244   1.950158
8.761438   1.946232
8.742190   1.942349
8.723475   1.938512
8.705270   1.934719
8.687554   1.930972
8.670307   1.927270
8.653509   1.923615
8.637143   1.920004
8.621192   1.916440
8.605639   1.912921
8.590470   1.909447
8.575670   1.906018
8.561225   1.902633
8.547123   1.899292
8.533351   1.895994
8.519898   1.892740
8.506752   1.889527
8.493903   1.886357
