930.793422   0.562523
943.234670   0.564402
953.636101   0.566263
962.275516   0.568086
969.366358   0.569854
975.106259   0.571560
979.685504   0.573198
983.248709   0.574764
985.925187   0.576255
987.821961   0.577670
989.034785   0.579007
989.645360   0.580268
989.887715   0.581460
989.439701   0.582584
988.787792   0.583643
987.777401   0.584641
986.552700   0.585582
985.106911   0.586473
983.503701   0.587321
981.770157   0.588129
979.935425   0.588906
978.024248   0.589657
976.052399   0.590390
974.031227   0.591109
971.993104   0.591817
969.942333   0.592517
967.894975   0.593210
965.815100   0.593917
963.728334   0.594653
961.662519   0.595415
959.652381   0.596201
957.716673   0.597008
955.869375   0.597833
954.123944   0.598675
952.492636   0.599531
950.979980   0.600401
949.589044   0.601283
948.334549   0.602175
947.212913   0.603076
946.229333   0.603985
945.384058   0.604901
944.685360   0.605822
944.131016   0.606749
943.719391   0.607680
943.456729   0.608614
943.339259   0.609551
943.363283   0.610490
943.534670   0.611431
943.851607   0.612373
944.312448   0.613316
944.916129   0.614259
945.662941   0.615203
946.550636   0.616146
947.576722   0.617088
948.742869   0.618030
950.046571   0.618971
951.487372   0.619910
953.062524   0.620849
954.770637   0.621786
956.610434   0.622721
958.581321   0.623655
960.682493   0.624586
962.915111   0.625517
965.268004   0.626445
967.749205   0.627371
970.353790   0.628296
973.082108   0.629219
975.931767   0.630139
978.899780   0.631058
981.987426   0.631975
985.196370   0.632890
988.516654   0.633803
991.953501   0.634714
995.509830   0.635624
999.171783   0.636532
1002.947746   0.637438
1006.832992   0.638342
1010.829174   0.639244
1014.936375   0.640145
1019.151274   0.641044
1023.473104   0.641942
1027.901038   0.642838
1032.436703   0.643732
1037.079116   0.644625
1041.822557   0.645516
1046.666887   0.646406
1051.616930   0.647295
1056.670436   0.648182
1061.849688   0.649072
1067.176761   0.649967
1072.651910   0.650867
1078.279072   0.651772
1143.359221   0.661094
1226.599208   0.670950
1331.876489   0.681514
1464.683006   0.693126
1632.299430   0.706166
1845.199811   0.721048
2115.868994   0.737277
2464.064645   0.747979
2951.153496   0.734562
3735.353901   0.662422
5269.607068   0.439345
678.930054   0.070497
186.505962   0.069385
107.287113   0.070638
75.947010   0.072283
59.340050   0.074096
49.105735   0.076007
42.197868   0.077981
37.235815   0.079999
33.504388   0.082050
30.603355   0.084125
28.286912   0.086218
26.395591   0.088327
24.824773   0.090447
23.501095   0.092575
22.370623   0.094711
21.394988   0.096852
20.545420   0.098996
19.799265   0.101142
19.138917   0.103291
18.550959   0.105440
18.024587   0.107589
17.550575   0.109738
17.121703   0.111886
16.732141   0.114032
16.376977   0.116175
16.051810   0.118317
15.753101   0.120456
15.477979   0.122593
15.223912   0.124726
14.988577   0.126855
14.770014   0.128981
14.566621   0.131104
14.376982   0.133223
14.199821   0.135337
14.033919   0.137448
13.878307   0.139555
13.732137   0.141657
13.594645   0.143755
13.465111   0.145848
13.342853   0.147937
13.227331   0.150021
13.118052   0.152102
13.014576   0.154177
12.916481   0.156247
12.823325   0.158313
12.734808   0.160374
12.650620   0.162431
12.570485   0.164482
12.494150   0.166529
12.421437   0.168567
12.352128   0.170598
12.286007   0.172621
12.222882   0.174635
12.162563   0.176640
12.104852   0.178639
12.049596   0.180630
11.996658   0.182614
11.945910   0.184591
11.897232   0.186560
11.850498   0.188522
11.805597   0.190477
11.762436   0.192426
11.720929   0.194367
11.680991   0.196302
11.642546   0.198230
11.605502   0.200151
11.569797   0.202066
11.535367   0.203975
11.502156   0.205877
11.470108   0.207773
11.439163   0.209662
11.409269   0.211546
11.380376   0.213423
11.352444   0.215295
11.325432   0.217160
11.299305   0.219019
11.274018   0.220873
11.249534   0.222720
11.225820   0.224562
11.024911   0.242678
10.874663   0.260272
10.759886   0.277388
10.670795   0.294059
10.600791   0.310316
10.545287   0.326184
10.501001   0.341687
10.465519   0.356846
10.437048   0.371677
10.414215   0.386198
10.395960   0.400424
10.381454   0.414368
10.370041   0.428043
10.361193   0.441460
10.354485   0.454629
10.349568   0.467561
10.346160   0.480265
10.344025   0.492748
10.342965   0.505020
10.342817   0.517087
10.343442   0.528956
10.344724   0.540634
10.346564   0.552127
10.348878   0.563442
10.351591   0.574582
10.354644   0.585554
10.357983   0.596363
10.361560   0.607013
10.365338   0.617509
10.369281   0.627856
10.373359   0.638056
10.377547   0.648114
10.381821   0.658034
10.386162   0.667820
10.390552   0.677474
10.394977   0.687001
10.399423   0.696402
10.403879   0.705682
10.408334   0.714843
10.412780   0.723887
10.417217   0.732827
10.421648   0.741670
10.426070   0.750419
10.430486   0.759081
10.434891   0.767656
10.439285   0.776146
10.443662   0.784551
10.448021   0.792873
10.452357   0.801114
10.456669   0.809274
10.460956   0.817356
10.465212   0.825359
10.469438   0.833285
10.473631   0.841136
10.477789   0.848911
10.481911   0.856614
10.485996   0.864243
10.490041   0.871801
10.494047   0.879290
10.498011   0.886708
10.501934   0.894058
10.505814   0.901341
10.509651   0.908557
10.513444   0.915708
10.517193   0.922794
10.520898   0.929816
10.524557   0.936776
10.528171   0.943674
10.531740   0.950510
10.535264   0.957287
10.538741   0.964004
10.542173   0.970662
10.545560   0.977262
10.548901   0.983806
10.552197   0.990293
10.555448   0.996725
10.558654   1.003102
10.561815   1.009425
10.564931   1.015694
10.568003   1.021911
10.571031   1.028077
10.574015   1.034190
10.576956   1.040253
10.579853   1.046267
10.582708   1.052230
10.585520   1.058145
10.588290   1.064012
10.591018   1.069832
10.593705   1.075604
10.596351   1.081331
10.620643   1.136170
10.641285   1.186952
10.658679   1.234123
10.673203   1.278062
10.685197   1.319093
10.694960   1.357499
10.702758   1.393524
10.708820   1.427383
10.713348   1.459264
10.716518   1.489333
10.718484   1.517740
10.719380   1.544614
10.719324   1.570075
10.718420   1.594227
10.716759   1.617166
10.714423   1.638977
10.711482   1.659740
10.708001   1.679524
10.704035   1.698394
10.699636   1.716409
10.694847   1.733623
10.689710   1.750084
10.684261   1.765840
10.678531   1.780930
10.672550   1.795394
10.666345   1.809267
10.659938   1.822582
10.653352   1.835370
10.646605   1.847659
10.639716   1.859475
10.632700   1.870843
10.625572   1.881786
10.618345   1.892325
10.611031   1.902479
10.603641   1.912269
10.596185   1.921710
10.588671   1.930820
10.581109   1.939614
10.573505   1.948106
10.565868   1.956309
10.558202   1.964238
10.550515   1.971901
10.542810   1.979309
10.535093   1.986473
10.527368   1.993400
10.519636   2.000100
10.511903   2.006581
10.504169   2.012851
10.496439   2.018917
10.488713   2.024787
10.480995   2.030468
10.473285   2.035966
10.465586   2.041287
10.457900   2.046439
10.450227   2.051426
10.442569   2.056254
10.434928   2.060929
10.427304   2.065456
10.419699   2.069840
10.412113   2.074085
10.404548   2.078197
10.397004   2.082180
10.389482   2.086037
10.381984   2.089773
10.374509   2.093393
10.367058   2.096899
10.359632   2.100295
10.352231   2.103586
10.344857   2.106773
10.337509   2.109861
10.330188   2.112852
10.322894   2.115750
10.315627   2.118557
10.308389   2.121277
10.301179   2.123911
10.293997   2.126463
10.286844   2.128935
10.279720   2.131329
10.272625   2.133648
10.265560   2.135894
10.258525   2.138069
10.251519   2.140175
10.244543   2.142214
10.237597   2.144188
10.230681   2.146100
10.223796   2.147950
10.216940   2.149741
10.210115   2.151473
10.203320   2.153150
10.196555   2.154772
10.130580   2.168308
10.067605   2.177794
10.007539   2.184174
9.950254   2.188147
9.895608   2.190235
9.843450   2.190841
9.793638   2.190272
9.746026   2.188767
9.700478   2.186518
9.656869   2.183673
9.615078   2.180352
9.574994   2.176652
9.536514   2.172652
9.499543   2.168415
9.463992   2.163992
9.429779   2.159428
9.396827   2.154756
9.365066   2.150007
9.334430   2.145204
9.304860   2.140367
9.276298   2.135513
9.248692   2.130656
9.221994   2.125808
9.196157   2.120977
9.171140   2.116171
9.146902   2.111398
9.123408   2.106663
9.100621   2.101969
9.078510   2.097322
9.057044   2.092723
9.036195   2.088175
9.015935   2.083679
8.996239   2.079238
8.977084   2.074852
8.958448   2.070522
8.940308   2.066249
8.922645   2.062032
8.905441   2.057872
8.888676   2.053768
8.872335   2.049721
8.856401   2.045730
8.840860   2.041795
8.825695   2.037915
8.810895   2.034090
8.796446   2.030319
8.782335   2.026601
8.768552   2.022935
8.755083   2.019321
8.741920   2.015759
8.729051   2.012247
8.716467   2.008784
8.704159   2.005370
8.692117   2.002004
8.680334   1.998685
8.668801   1.995412
8.657510   1.992185
8.646454   1.989002
8.635626   1.985864
8.625018   1.982768
8.614626   1.979715
8.604441   1.976704
8.594459   1.973733
8.584672   1.970802
8.575077   1.967911
8.565666   1.965058
8.556436   1.962243
8.547382   1.959466
8.538497   1.956725
8.529779   1.954020
