890.988680   0.593159
915.384359   0.594550
939.987118   0.595922
964.930194   0.597276
990.325246   0.598612
1016.272067   0.599935
1042.859346   0.601244
1070.167512   0.602543
1098.274673   0.603835
1127.253939   0.605121
1157.182418   0.606405
1188.128176   0.607689
1220.171190   0.608977
1253.381897   0.610272
1287.841538   0.611578
1323.618384   0.612897
1360.802649   0.614234
1399.477628   0.615591
1439.702585   0.616970
1481.631938   0.618374
1525.232823   0.619802
1570.709265   0.621255
1618.116937   0.622729
1667.555489   0.624220
1719.132169   0.625721
1772.919546   0.627219
1829.053062   0.628696
1887.633110   0.630128
1948.696936   0.631477
2012.376251   0.632700
2078.899986   0.633736
2148.378459   0.634506
2221.045557   0.634916
2297.163261   0.634850
2377.041034   0.634172
2461.097182   0.632728
2549.818220   0.630346
2643.816923   0.626830
2743.773359   0.621964
2850.520596   0.615498
2965.014012   0.607144
3088.104187   0.596595
3220.925354   0.583478
3365.327300   0.567313
3522.797385   0.547562
3694.604501   0.523570
3881.108889   0.494517
4080.316670   0.459334
4283.416222   0.416605
4463.822921   0.364482
4546.204281   0.301073
4329.989928   0.227453
3458.522655   0.158231
2169.525981   0.119356
1310.483300   0.105525
870.801607   0.100373
632.713704   0.098028
490.057053   0.096814
397.109174   0.096155
332.560096   0.095811
285.503554   0.095663
249.911137   0.095647
222.118836   0.095724
199.856283   0.095870
181.654027   0.096069
166.525552   0.096310
153.766861   0.096584
142.871884   0.096885
133.471538   0.097209
125.283780   0.097552
118.091747   0.097910
111.728848   0.098283
106.062151   0.098667
100.985902   0.099062
96.413126   0.099465
92.274818   0.099876
88.512821   0.100294
85.079018   0.100718
81.933215   0.101147
79.041234   0.101581
76.374234   0.102018
73.907815   0.102459
71.622132   0.102903
69.498975   0.103349
67.522237   0.103797
65.677270   0.104247
63.952025   0.104697
62.335282   0.105148
60.817551   0.105600
59.389999   0.106052
58.045093   0.106504
56.776117   0.106956
47.060832   0.111517
40.716354   0.116161
36.261367   0.120848
32.975561   0.125544
30.453006   0.130240
28.462660   0.134915
26.851213   0.139573
25.523647   0.144198
24.410596   0.148796
23.465202   0.153360
22.653375   0.157886
21.948219   0.162379
21.331386   0.166831
20.787045   0.171246
20.303463   0.175622
19.871643   0.179954
19.483294   0.184250
19.132463   0.188507
18.814334   0.192722
18.524230   0.196903
18.258767   0.201047
18.015200   0.205153
17.790796   0.209224
17.583357   0.213263
17.391212   0.217266
17.212813   0.221235
17.046573   0.225174
16.891399   0.229082
16.746327   0.232957
16.610391   0.236802
16.482683   0.240619
16.362558   0.244408
16.249431   0.248166
16.142699   0.251897
16.041777   0.255602
15.946264   0.259282
15.855781   0.262934
15.769962   0.266560
15.688398   0.270162
15.610810   0.273741
15.536950   0.277295
15.466585   0.280824
15.399454   0.284331
15.335320   0.287816
15.274018   0.291279
15.215384   0.294720
15.159270   0.298138
15.105489   0.301535
15.053900   0.304913
15.004389   0.308271
14.956851   0.311608
14.911181   0.314924
14.867263   0.318221
14.824988   0.321500
14.784279   0.324760
14.745063   0.328002
14.707270   0.331225
14.670830   0.334429
14.635649   0.337616
14.601677   0.340786
14.568856   0.343940
14.537143   0.347076
14.506485   0.350195
14.476829   0.353296
14.448120   0.356383
14.420319   0.359454
14.393391   0.362509
14.367299   0.365548
14.342012   0.368572
14.317492   0.371579
14.293697   0.374572
14.270601   0.377551
14.248178   0.380516
14.226401   0.383466
14.205250   0.386401
14.184699   0.389322
14.164719   0.392228
14.145283   0.395122
14.126376   0.398002
14.107979   0.400869
14.090077   0.403723
14.072648   0.406563
14.055678   0.409389
14.039145   0.412203
14.023032   0.415005
14.007327   0.417794
13.992016   0.420571
13.977088   0.423336
13.962530   0.426088
13.948329   0.428827
13.823441   0.455593
13.723656   0.481284
13.642509   0.505992
13.575522   0.529800
13.519498   0.552779
13.472102   0.574989
13.431595   0.596484
13.396652   0.617311
13.366333   0.637341
13.339564   0.656469
13.315497   0.674809
13.293567   0.692424
13.273356   0.709371
13.254548   0.725699
13.236898   0.741453
13.220217   0.756671
13.204354   0.771390
13.189186   0.785639
13.174618   0.799448
13.160569   0.812843
13.146973   0.825847
13.133775   0.838481
13.120930   0.850766
13.108401   0.862719
13.096154   0.874357
13.084162   0.885695
13.072403   0.896747
13.060853   0.907527
13.049498   0.918046
13.038322   0.928317
13.027311   0.938350
13.016453   0.948154
13.005739   0.957740
12.995161   0.967115
12.984708   0.976289
12.974375   0.985268
12.964155   0.994061
12.954042   1.002673
12.944033   1.011112
12.934120   1.019383
12.924302   1.027493
12.914573   1.035446
12.904930   1.043249
12.895371   1.050906
12.885892   1.058421
12.876490   1.065800
12.867164   1.073046
12.857910   1.080164
12.848727   1.087158
12.839613   1.094030
12.830566   1.100786
12.821585   1.107427
12.812667   1.113958
12.803812   1.120382
12.795016   1.126701
12.786281   1.132918
12.777604   1.139037
12.768983   1.145059
12.760419   1.150987
12.751910   1.156824
12.743454   1.162572
12.735045   1.168239
12.726666   1.173853
12.718326   1.179418
12.710033   1.184937
12.701792   1.190415
12.693608   1.195852
12.685486   1.201248
12.677428   1.206604
12.669437   1.211921
12.661516   1.217199
12.653664   1.222440
12.645885   1.227642
12.638177   1.232807
12.630542   1.237934
12.622979   1.243025
12.615490   1.248080
12.608072   1.253098
12.600727   1.258081
12.593454   1.263028
12.586251   1.267940
12.579120   1.272818
12.572059   1.277660
12.565067   1.282469
12.558143   1.287243
12.551286   1.291984
12.544497   1.296691
12.537774   1.301366
12.531115   1.306007
12.524521   1.310616
12.461896   1.354970
12.404660   1.396353
12.351969   1.435011
12.303114   1.471172
12.257514   1.505045
12.214695   1.536821
12.174272   1.566673
12.135933   1.594756
12.099419   1.621213
12.064520   1.646170
12.031059   1.669743
11.998887   1.692035
11.967880   1.713142
11.937931   1.733148
11.908948   1.752132
11.880854   1.770163
11.853580   1.787307
11.827065   1.803622
11.801258   1.819162
11.776112   1.833976
11.751586   1.848110
11.727643   1.861606
11.704249   1.874501
11.681375   1.886831
11.658994   1.898630
11.637080   1.909926
11.615612   1.920749
11.594569   1.931123
11.573932   1.941075
11.553683   1.950625
11.533806   1.959795
11.514286   1.968604
11.495110   1.977071
11.476263   1.985213
11.457735   1.993046
11.439514   2.000584
11.421588   2.007842
11.403948   2.014832
11.386585   2.021569
11.369489   2.028062
11.352652   2.034322
11.336066   2.040361
11.319723   2.046188
11.303617   2.051813
11.287740   2.057242
11.272086   2.062486
11.256648   2.067552
11.241420   2.072447
11.226398   2.077178
11.211576   2.081752
11.196947   2.086175
11.182508   2.090453
11.168254   2.094591
11.154180   2.098595
11.140281   2.102471
11.126554   2.106222
11.112994   2.109854
11.099599   2.113370
11.086364   2.116774
11.073288   2.120071
11.060365   2.123263
11.047594   2.126354
11.034971   2.129346
11.022492   2.132244
11.010156   2.135049
10.997957   2.137765
10.985894   2.140395
10.973965   2.142941
10.962164   2.145405
10.950492   2.147790
10.938943   2.150099
10.927517   2.152334
10.916210   2.154496
10.905021   2.156588
10.893945   2.158612
10.882982   2.160571
10.872130   2.162465
10.861385   2.164296
10.850746   2.166068
10.840211   2.167780
10.829777   2.169436
10.819444   2.171036
10.809209   2.172582
10.799069   2.174075
10.789025   2.175518
10.779073   2.176911
10.769212   2.178256
10.759440   2.179554
10.749756   2.180806
10.740159   2.182014
10.648621   2.191901
10.564296   2.198469
10.486174   2.202476
10.413450   2.204490
10.345478   2.204945
10.281722   2.204171
10.221738   2.202426
10.165149   2.199911
10.111632   2.196787
10.060911   2.193179
10.012745   2.189190
9.966921   2.184900
9.923253   2.180377
9.881578   2.175674
9.841747   2.170835
9.803630   2.165897
9.767107   2.160888
9.732072   2.155834
9.698429   2.150755
9.666090   2.145667
9.634975   2.140585
9.605011   2.135519
9.576131   2.130478
9.548273   2.125472
9.521383   2.120505
9.495404   2.115583
9.470292   2.110711
9.446001   2.105890
9.422490   2.101126
9.399719   2.096418
9.377654   2.091769
9.356260   2.087181
9.335506   2.082653
9.315364   2.078186
9.295805   2.073781
9.276804   2.069437
9.258339   2.065155
9.240384   2.060934
9.222919   2.056774
9.205924   2.052674
9.189380   2.048633
9.173269   2.044652
9.157575   2.040728
9.142281   2.036862
9.127372   2.033053
9.112833   2.029300
9.098652   2.025601
9.084815   2.021957
9.071310   2.018365
9.058125   2.014826
9.045249   2.011338
9.032671   2.007900
9.020383   2.004512
9.008373   2.001172
8.996632   1.997881
8.985153   1.994636
8.973926   1.991437
8.962943   1.988282
8.952198   1.985173
8.941682   1.982106
8.931388   1.979082
8.921311   1.976100
8.911442   1.973159
8.901777   1.970258
8.892310   1.967397
8.883033   1.964574
8.873944   1.961790
8.865033   1.959042
8.856299   1.956331
8.847737   1.953655
8.839340   1.951015
