934.037057   0.581533
960.274736   0.582773
986.253315   0.584023
1012.120630   0.585277
1038.000866   0.586531
1064.007824   0.587784
1090.231706   0.589035
1116.707145   0.590283
1143.564388   0.591529
1170.844681   0.592773
1198.608309   0.594018
1226.915400   0.595263
1255.808725   0.596511
1285.351454   0.597763
1315.587220   0.599020
1346.565334   0.600285
1378.340636   0.601557
1410.935696   0.602840
1444.426111   0.604132
1478.834965   0.605435
1514.234856   0.606750
1550.630634   0.608075
1588.108240   0.609409
1626.697582   0.610751
1666.448082   0.612098
1707.392946   0.613444
1749.524366   0.614784
1792.966271   0.616111
1837.743160   0.617416
1883.908345   0.618685
1931.533703   0.619901
1980.674538   0.621046
2031.373792   0.622093
2083.716408   0.623011
2137.751992   0.623766
2193.591726   0.624313
2251.334478   0.624605
2311.114509   0.624585
2373.075769   0.624192
2437.324132   0.623357
2503.864578   0.622013
2573.230119   0.620074
2645.654533   0.617452
2721.510768   0.614047
2801.134031   0.609752
2884.834031   0.604448
2973.114182   0.598000
3066.460189   0.590258
3165.431299   0.581049
3270.688647   0.570176
3382.853989   0.557422
3502.477392   0.542544
3630.071854   0.525260
3765.781979   0.505240
3909.308628   0.482075
4059.009756   0.455247
4210.715120   0.424143
4354.685069   0.388015
4469.374794   0.346019
4509.651202   0.297517
4381.792883   0.243266
3928.892552   0.188319
3071.890447   0.144313
2129.609128   0.119457
1455.593010   0.108134
1044.866474   0.102821
792.687287   0.100016
629.409160   0.098376
517.651582   0.097350
437.451367   0.096684
377.596806   0.096247
331.504626   0.095966
295.068249   0.095794
265.635040   0.095705
241.420748   0.095678
221.190381   0.095701
204.060745   0.095763
189.391923   0.095857
176.699611   0.095978
165.622344   0.096122
155.879502   0.096284
147.258372   0.096462
139.587021   0.096654
132.721376   0.096857
126.543988   0.097070
120.958317   0.097291
115.885301   0.097520
111.259724   0.097755
107.026069   0.097996
103.137538   0.098242
99.554674   0.098491
96.243739   0.098744
72.700926   0.101482
58.995585   0.104479
50.089617   0.107630
43.869656   0.110878
39.300443   0.114185
35.807163   0.117533
33.059523   0.120902
30.842735   0.124285
29.021551   0.127670
27.499154   0.131054
26.210489   0.134427
25.105074   0.137791
24.148359   0.141139
23.311624   0.144472
22.574649   0.147786
21.920744   0.151082
21.336512   0.154360
20.812119   0.157617
20.338409   0.160855
19.908714   0.164074
19.517472   0.167270
19.159427   0.170449
18.830827   0.173607
18.528356   0.176744
18.248776   0.179864
17.989792   0.182964
17.749366   0.186042
17.525386   0.189103
17.316324   0.192146
17.120883   0.195169
16.937706   0.198174
16.765647   0.201162
16.603822   0.204132
16.451420   0.207083
16.307535   0.210017
16.171521   0.212936
16.042821   0.215836
15.920881   0.218719
15.805114   0.221587
15.695106   0.224440
15.590486   0.227276
15.490889   0.230095
15.395908   0.232899
15.305250   0.235690
15.218673   0.238464
15.135930   0.241223
15.056727   0.243968
14.980856   0.246699
14.908135   0.249416
14.838397   0.252118
14.771455   0.254806
14.707123   0.257481
14.645273   0.260143
14.585777   0.262792
14.528520   0.265426
14.473370   0.268048
14.420194   0.270657
14.368913   0.273255
14.319438   0.275839
14.271681   0.278411
14.225551   0.280970
14.180957   0.283518
14.137833   0.286055
14.096119   0.288579
14.055754   0.291092
14.016675   0.293592
13.978808   0.296082
13.942106   0.298561
13.906524   0.301029
13.872016   0.303486
13.838542   0.305931
13.806046   0.308366
13.774486   0.310791
13.743827   0.313205
13.714037   0.315610
13.685085   0.318003
13.656938   0.320386
13.629555   0.322759
13.602908   0.325123
13.576972   0.327477
13.551722   0.329821
13.527135   0.332155
13.503187   0.334479
13.479850   0.336794
13.457100   0.339101
13.434918   0.341398
13.413286   0.343686
13.392189   0.345964
13.371606   0.348234
13.351519   0.350494
13.174530   0.372631
13.032550   0.393962
12.916592   0.414554
12.820398   0.434479
12.739443   0.453869
12.670791   0.472726
12.612068   0.491074
12.561440   0.508941
12.517481   0.526351
12.479064   0.543328
12.445292   0.559892
12.415439   0.576064
12.388915   0.591862
12.365239   0.607302
12.344008   0.622401
12.324888   0.637173
12.307602   0.651630
12.291913   0.665787
12.277621   0.679656
12.264555   0.693247
12.252569   0.706571
12.241537   0.719637
12.231349   0.732456
12.221913   0.745035
12.213146   0.757383
12.204975   0.769508
12.197337   0.781417
12.190179   0.793118
12.183449   0.804616
12.177107   0.815919
12.171112   0.827033
12.165431   0.837962
12.160034   0.848713
12.154894   0.859290
12.149987   0.869699
12.145290   0.879945
12.140785   0.890032
12.136454   0.899965
12.132281   0.909746
12.128252   0.919382
12.124355   0.928874
12.120577   0.938229
12.116909   0.947447
12.113341   0.956534
12.109863   0.965491
12.106468   0.974324
12.103150   0.983034
12.099901   0.991624
12.096716   1.000097
12.093588   1.008456
12.090515   1.016704
12.087490   1.024843
12.084509   1.032876
12.081569   1.040804
12.078667   1.048630
12.075799   1.056357
12.072962   1.063986
12.070154   1.071520
12.067372   1.078960
12.064614   1.086309
12.061877   1.093568
12.059161   1.100739
12.056463   1.107825
12.053781   1.114826
12.051115   1.121750
12.048465   1.128597
12.045831   1.135371
12.043212   1.142076
12.040609   1.148712
12.038022   1.155281
12.035452   1.161785
12.032896   1.168223
12.030356   1.174598
12.027831   1.180910
12.025320   1.187161
12.022823   1.193350
12.020339   1.199480
12.017869   1.205550
12.015410   1.211563
12.012964   1.217518
12.010529   1.223417
12.008104   1.229260
12.005690   1.235049
12.003287   1.240784
12.000893   1.246465
11.998508   1.252094
11.996133   1.257671
11.993765   1.263198
11.991406   1.268674
11.989055   1.274101
11.965905   1.325790
11.943254   1.373209
11.920942   1.416873
11.898875   1.457214
11.877002   1.494600
11.855297   1.529342
11.833750   1.561710
11.812358   1.591934
11.791125   1.620217
11.770058   1.646736
11.749164   1.671646
11.728449   1.695084
11.707922   1.717171
11.687587   1.738017
11.667451   1.757717
11.647517   1.776360
11.627791   1.794022
11.608273   1.810774
11.588967   1.826682
11.569874   1.841801
11.550994   1.856186
11.532327   1.869883
11.513874   1.882939
11.495633   1.895391
11.477603   1.907278
11.459784   1.918634
11.442172   1.929490
11.424767   1.939874
11.407566   1.949815
11.390567   1.959335
11.373767   1.968459
11.357163   1.977208
11.340754   1.985601
11.324536   1.993658
11.308507   2.001395
11.292663   2.008828
11.277003   2.015973
11.261523   2.022844
11.246220   2.029453
11.231092   2.035814
11.216136   2.041937
11.201348   2.047834
11.186726   2.053516
11.172268   2.058991
11.157971   2.064269
11.143831   2.069359
11.129846   2.074268
11.116015   2.079005
11.102333   2.083576
11.088798   2.087988
11.075409   2.092249
11.062162   2.096364
11.049055   2.100339
11.036086   2.104179
11.023253   2.107891
11.010552   2.111478
10.997982   2.114945
10.985541   2.118298
10.973227   2.121541
10.961036   2.124677
10.948969   2.127710
10.937021   2.130645
10.925192   2.133484
10.913478   2.136232
10.901880   2.138892
10.890395   2.141465
10.879023   2.143955
10.867760   2.146365
10.856606   2.148696
10.845559   2.150952
10.834618   2.153134
10.823780   2.155246
10.813044   2.157288
10.802408   2.159263
10.791871   2.161173
10.781431   2.163019
10.771087   2.164805
10.760837   2.166531
10.750679   2.168199
10.740612   2.169810
10.730635   2.171367
10.720746   2.172871
10.710943   2.174324
10.701226   2.175726
10.691593   2.177079
10.682043   2.178385
10.672574   2.179645
10.663184   2.180861
10.653874   2.182032
10.644642   2.183161
10.556336   2.192353
10.474637   2.198367
10.398689   2.201927
10.327799   2.203578
10.261390   2.203733
10.198984   2.202711
10.140175   2.200758
10.084617   2.198068
10.032011   2.194795
9.982099   2.191061
9.934655   2.186962
9.889479   2.182579
9.846395   2.177974
9.805246   2.173201
9.765892   2.168300
9.728207   2.163308
9.692079   2.158252
9.657404   2.153157
9.624089   2.148041
9.592050   2.142921
9.561210   2.137810
9.531498   2.132718
9.502849   2.127655
9.475203   2.122629
9.448507   2.117644
9.422708   2.112707
9.397760   2.107820
9.373620   2.102988
9.350247   2.098212
9.327604   2.093495
9.305655   2.088837
9.284368   2.084241
9.263712   2.079706
9.243659   2.075233
9.224182   2.070823
9.205256   2.066475
9.186857   2.062188
9.168962   2.057964
9.151552   2.053800
9.134607   2.049698
9.118107   2.045655
9.102035   2.041672
9.086375   2.037747
9.071111   2.033880
9.056228   2.030070
9.041711   2.026315
9.027548   2.022616
9.013726   2.018971
9.000232   2.015379
8.987056   2.011840
8.974186   2.008352
8.961612   2.004915
8.949323   2.001527
8.937311   1.998188
8.925566   1.994897
8.914080   1.991653
8.902845   1.988454
8.891851   1.985301
8.881093   1.982192
8.870563   1.979127
8.860253   1.976104
8.850158   1.973123
8.840270   1.970183
8.830585   1.967284
8.821095   1.964423
8.811795   1.961602
8.802680   1.958818
8.793745   1.956072
