970.784317   0.569393
996.645400   0.570623
1021.568784   0.571891
1045.727662   0.573184
1069.245861   0.574492
1092.253518   0.575809
1114.840529   0.577130
1137.088327   0.578451
1159.065673   0.579771
1180.868173   0.581087
1202.453446   0.582399
1223.961713   0.583707
1245.397047   0.585010
1266.813691   0.586309
1288.225542   0.587602
1309.686079   0.588892
1331.197615   0.590177
1352.806385   0.591459
1374.533149   0.592737
1396.395992   0.594013
1418.406521   0.595285
1440.560884   0.596555
1462.912396   0.597823
1485.483472   0.599090
1508.293017   0.600356
1531.355870   0.601621
1554.679301   0.602884
1578.293343   0.604147
1602.205686   0.605409
1626.432619   0.606669
1650.984472   0.607927
1675.876376   0.609182
1701.124533   0.610434
1726.736705   0.611682
1752.612631   0.612919
1778.852315   0.614151
1805.516410   0.615374
1832.590394   0.616587
1860.101845   0.617788
1888.076773   0.618973
1916.487835   0.620139
1945.385498   0.621282
1974.778448   0.622399
2004.661363   0.623483
2035.068034   0.624530
2066.006747   0.625533
2097.493518   0.626485
2129.564985   0.627378
2162.190210   0.628204
2195.434349   0.628953
2229.364661   0.629615
2263.862503   0.630180
2299.102921   0.630635
2335.045578   0.630967
2371.773889   0.631164
2409.047712   0.631211
2447.215622   0.631096
2486.236863   0.630802
2526.127337   0.630313
2567.017726   0.629613
2608.923716   0.628683
2651.955877   0.627504
2696.139059   0.626057
2741.570828   0.624321
2788.404065   0.622273
2836.446515   0.619889
2886.066881   0.617146
2937.273023   0.614015
2990.152149   0.610470
3044.808590   0.606478
3101.366232   0.602009
3159.920154   0.597030
3220.908625   0.591474
3285.037243   0.585248
3352.307296   0.578284
3423.149614   0.570510
3497.816945   0.561846
3576.559406   0.552202
3659.593470   0.541480
3747.193509   0.529567
3839.527630   0.516334
3936.633659   0.501635
4038.526079   0.485300
4144.563400   0.467126
4253.681882   0.446878
4364.154983   0.424277
4472.136332   0.398994
4571.033345   0.370651
4648.941470   0.338853
4684.740344   0.303293
4641.460805   0.264049
4457.953661   0.222248
531.719442   0.092969
209.035724   0.091116
127.755508   0.092006
92.414350   0.093594
73.042768   0.095474
60.954358   0.097489
52.754710   0.099561
46.858585   0.101646
42.431559   0.103716
38.992360   0.105756
36.192983   0.107804
33.855819   0.109875
31.876699   0.111966
30.182945   0.114073
28.717476   0.116192
27.439400   0.118320
26.315112   0.120456
25.319790   0.122596
24.432809   0.124739
23.637855   0.126884
22.922026   0.129028
22.273942   0.131172
21.685134   0.133313
21.147748   0.135451
20.655589   0.137585
20.203494   0.139714
19.786633   0.141838
19.401341   0.143957
19.044270   0.146069
18.712349   0.148175
18.403257   0.150274
18.114728   0.152365
17.844745   0.154450
17.591737   0.156527
17.354189   0.158595
17.130664   0.160657
16.920076   0.162710
16.721391   0.164754
16.533547   0.166791
16.355763   0.168819
16.187322   0.170838
16.027457   0.172849
15.875538   0.174852
15.731064   0.176846
15.593499   0.178832
15.462330   0.180809
15.337166   0.182777
15.217628   0.184737
15.103341   0.186688
14.993945   0.188632
14.889182   0.190566
14.788778   0.192492
14.692441   0.194409
14.599942   0.196319
14.511076   0.198219
14.425650   0.200112
14.343446   0.201996
14.264293   0.203872
14.188048   0.205740
14.114551   0.207599
14.043652   0.209451
13.975217   0.211294
13.909131   0.213130
13.845291   0.214957
13.783572   0.216777
13.723867   0.218589
13.666089   0.220393
13.610157   0.222190
13.555953   0.223979
13.503269   0.225767
13.452046   0.227553
13.402243   0.229338
13.353817   0.231121
13.306720   0.232901
13.260908   0.234680
13.216327   0.236456
13.172943   0.238229
13.130716   0.240001
13.089609   0.241769
13.049588   0.243535
13.010607   0.245297
12.972621   0.247058
12.935606   0.248815
12.899531   0.250570
12.864369   0.252322
12.830087   0.254071
12.796655   0.255816
12.764038   0.257559
12.732214   0.259300
12.701158   0.261037
12.428021   0.278237
12.210018   0.295119
12.033347   0.311677
11.888288   0.327911
11.767825   0.343826
11.666813   0.359429
11.581390   0.374728
11.508613   0.389731
11.446205   0.404447
11.392379   0.418885
11.345716   0.433056
11.305083   0.446967
11.269554   0.460627
11.238379   0.474044
11.210934   0.487227
11.186705   0.500183
11.165260   0.512919
11.146236   0.525442
11.129326   0.537758
11.114267   0.549875
11.100837   0.561797
11.088843   0.573532
11.078117   0.585084
11.068517   0.596458
11.059918   0.607660
11.052209   0.618694
11.045295   0.629566
11.039093   0.640278
11.033527   0.650837
11.028533   0.661245
11.024052   0.671507
11.020032   0.681626
11.016428   0.691606
11.013198   0.701450
11.010306   0.711162
11.007719   0.720745
11.005408   0.730202
11.003346   0.739536
11.001509   0.748749
10.999876   0.757845
10.998426   0.766826
10.997144   0.775695
10.996012   0.784453
10.995017   0.793105
10.994145   0.801652
10.993389   0.810109
10.992744   0.818477
10.992203   0.826761
10.991762   0.834966
10.991413   0.843090
10.991152   0.851136
10.990973   0.859105
10.990868   0.866999
10.990833   0.874817
10.990863   0.882561
10.990952   0.890233
10.991097   0.897832
10.991292   0.905361
10.991533   0.912820
10.991816   0.920210
10.992138   0.927532
10.992496   0.934787
10.992885   0.941975
10.993304   0.949099
10.993748   0.956159
10.994216   0.963155
10.994704   0.970088
10.995211   0.976960
10.995735   0.983771
10.996273   0.990522
10.996823   0.997214
10.997383   1.003847
10.997953   1.010422
10.998530   1.016941
10.999113   1.023403
10.999700   1.029810
11.000290   1.036162
11.000883   1.042461
11.001476   1.048705
11.002068   1.054898
11.002661   1.061038
11.003250   1.067127
11.003837   1.073165
11.004420   1.079154
11.004999   1.085093
11.005572   1.090983
11.006140   1.096826
11.006701   1.102621
11.007256   1.108368
11.007803   1.114070
11.012778   1.168656
11.016675   1.219177
11.019375   1.266079
11.020870   1.309739
11.021206   1.350486
11.020460   1.388603
11.018718   1.424334
11.016071   1.457896
11.012607   1.489479
11.008407   1.519250
11.003550   1.547358
10.998104   1.573934
10.992135   1.599098
10.985700   1.622956
10.978851   1.645603
10.971635   1.667126
10.964095   1.687603
10.956268   1.707105
10.948188   1.725696
10.939887   1.743436
10.931392   1.760379
10.922727   1.776574
10.913915   1.792066
10.904975   1.806897
10.895927   1.821106
10.886785   1.834728
10.877566   1.847797
10.868281   1.860342
10.858943   1.872392
10.849563   1.883973
10.840150   1.895111
10.830714   1.905826
10.821262   1.916142
10.811802   1.926077
10.802339   1.935651
10.792880   1.944880
10.783431   1.953782
10.773995   1.962370
10.764578   1.970661
10.755183   1.978666
10.745813   1.986400
10.736473   1.993874
10.727165   2.001098
10.717892   2.008082
10.708656   2.014834
10.699459   2.021363
10.690302   2.027677
10.681185   2.033784
10.672110   2.039692
10.663078   2.045407
10.654089   2.050936
10.645143   2.056286
10.636242   2.061464
10.627384   2.066474
10.618572   2.071324
10.609804   2.076018
10.601081   2.080561
10.592403   2.084960
10.583770   2.089218
10.575182   2.093340
10.566640   2.097331
10.558143   2.101196
10.549691   2.104938
10.541284   2.108561
10.532922   2.112070
10.524605   2.115468
10.516333   2.118758
10.508106   2.121944
10.499923   2.125029
10.491784   2.128016
10.483690   2.130910
10.475641   2.133711
10.467635   2.136424
10.459673   2.139050
10.451754   2.141593
10.443879   2.144056
10.436048   2.146440
10.428259   2.148747
10.420513   2.150981
10.412810   2.153144
10.405149   2.155237
10.397530   2.157262
10.389953   2.159222
10.382418   2.161119
10.374924   2.162953
10.367472   2.164728
10.360060   2.166445
10.352690   2.168105
10.345359   2.169710
10.338070   2.171261
10.267329   2.184148
10.200337   2.193073
10.136841   2.198963
10.076595   2.202503
10.019371   2.204208
9.964953   2.204469
9.913140   2.203590
9.863749   2.201805
9.816613   2.199300
9.771576   2.196221
9.728497   2.192686
9.687247   2.188789
9.647708   2.184606
9.609771   2.180200
9.573337   2.175620
9.538315   2.170909
9.504620   2.166101
9.472175   2.161224
9.440910   2.156301
9.410757   2.151351
9.381657   2.146391
9.353552   2.141434
9.326391   2.136491
9.300124   2.131571
9.274707   2.126681
9.250098   2.121828
9.226257   2.117016
9.203148   2.112251
9.180736   2.107534
9.158989   2.102870
9.137878   2.098259
9.117374   2.093705
9.097450   2.089207
9.078081   2.084767
9.059246   2.080385
9.040920   2.076062
9.023083   2.071797
9.005716   2.067592
8.988800   2.063445
8.972317   2.059356
8.956252   2.055325
8.940587   2.051351
8.925308   2.047434
8.910401   2.043573
8.895853   2.039768
8.881650   2.036017
8.867781   2.032319
8.854234   2.028675
8.840997   2.025083
8.828061   2.021543
8.815415   2.018053
8.803050   2.014612
8.790956   2.011221
8.779125   2.007877
8.767549   2.004581
8.756219   2.001331
8.745128   1.998126
8.734269   1.994966
8.723634   1.991850
8.713217   1.988777
8.703011   1.985746
8.693010   1.982757
8.683209   1.979808
8.673601   1.976899
8.664181   1.974030
8.654944   1.971198
8.645885   1.968405
8.636998   1.965649
8.628280   1.962929
8.619725   1.960245
8.611329   1.957595
