1012.240048   0.545680
1036.390856   0.546956
1058.493031   0.548325
1078.766401   0.549756
1097.390111   0.551226
1114.523547   0.552720
1130.303827   0.554223
1144.839334   0.555726
1158.248092   0.557222
1170.609795   0.558705
1182.002601   0.560170
1192.488296   0.561612
1202.163712   0.563032
1211.087398   0.564426
1219.316080   0.565794
1226.907248   0.567135
1233.894046   0.568446
1240.328043   0.569729
1246.276313   0.570984
1251.684258   0.572207
1256.631354   0.573399
1261.176040   0.574563
1265.327428   0.575702
1269.136734   0.576814
1272.629235   0.577900
1275.809478   0.578961
1278.718424   0.579997
1281.365884   0.581008
1283.769200   0.581996
1285.951303   0.582961
1287.939396   0.583904
1289.712320   0.584825
1291.320538   0.585726
1292.759576   0.586606
1294.036963   0.587465
1295.170842   0.588306
1296.172835   0.589129
1297.057579   0.589936
1297.827186   0.590727
1298.501207   0.591503
1299.084762   0.592265
1299.585112   0.593013
1300.015976   0.593748
1300.369486   0.594470
1300.661776   0.595178
1300.885292   0.595866
1300.986860   0.596526
1301.005861   0.597159
1300.878964   0.597768
1300.650674   0.598355
1300.319283   0.598923
1299.924188   0.599495
1299.502416   0.600078
1299.088798   0.600669
1298.686582   0.601268
1298.302254   0.601875
1297.963073   0.602488
1297.670596   0.603109
1297.436796   0.603735
1297.254806   0.604368
1297.140168   0.605006
1297.096080   0.605650
1297.124234   0.606298
1297.235806   0.606950
1297.410006   0.607607
1297.675966   0.608268
1298.026406   0.608934
1298.466148   0.609603
1298.991245   0.610276
1299.605979   0.610953
1300.313353   0.611632
1301.111329   0.612314
1302.007248   0.613000
1302.996900   0.613690
1304.085549   0.614382
1305.274922   0.615077
1306.560659   0.615774
1307.942227   0.616474
1309.425205   0.617176
1311.012110   0.617881
1312.700144   0.618589
1314.492795   0.619299
1316.387527   0.620012
1318.393863   0.620727
1320.494803   0.621445
1322.706610   0.622164
1325.031041   0.622885
1327.448518   0.623609
1329.981595   0.624335
1332.623839   0.625064
1335.377161   0.625795
1338.240364   0.626528
1373.093830   0.633988
1419.890644   0.641705
1479.702450   0.649735
1554.004979   0.658156
1644.694061   0.667059
1754.241946   0.676530
1885.687934   0.686594
2042.722958   0.697007
2230.079265   0.706691
2455.910736   0.712800
2737.461489   0.710239
3106.697016   0.691396
3624.079658   0.642726
4417.704751   0.539046
5470.861214   0.307062
938.342037   0.077758
293.344087   0.074353
168.555655   0.074424
117.835583   0.075068
90.717239   0.075950
73.971922   0.076963
62.655312   0.078061
54.527267   0.079218
48.420143   0.080419
43.675387   0.081653
39.887735   0.082914
36.799103   0.084195
34.235271   0.085492
32.074604   0.086803
30.229446   0.088126
28.623104   0.089471
27.211695   0.090840
25.963867   0.092229
24.854360   0.093637
23.862861   0.095062
22.972657   0.096502
22.169810   0.097954
21.442836   0.099419
20.781775   0.100894
20.178208   0.102381
19.625417   0.103877
19.117674   0.105382
18.650012   0.106894
18.217849   0.108414
17.817504   0.109942
17.445842   0.111476
17.100102   0.113016
16.777823   0.114561
16.476670   0.116111
16.194755   0.117666
15.930448   0.119226
15.682276   0.120790
15.448916   0.122357
15.229059   0.123927
15.021625   0.125501
14.825686   0.127078
14.640392   0.128658
14.464977   0.130240
14.298710   0.131823
14.140876   0.133409
13.990910   0.134998
13.848297   0.136588
13.712551   0.138179
13.583248   0.139771
13.459956   0.141364
13.342258   0.142959
13.229817   0.144555
13.122325   0.146152
13.019503   0.147749
12.921083   0.149347
12.826814   0.150945
12.736429   0.152543
12.649709   0.154142
12.566470   0.155742
12.486519   0.157341
12.409699   0.158941
12.335849   0.160540
12.264808   0.162138
12.196417   0.163737
12.130548   0.165336
12.067076   0.166934
12.005899   0.168533
11.946904   0.170130
11.889996   0.171727
11.835074   0.173323
11.782034   0.174919
11.730789   0.176514
11.681267   0.178109
11.633389   0.179703
11.587093   0.181296
11.197615   0.197177
10.909797   0.212945
10.692162   0.228583
10.524736   0.244077
10.394259   0.259416
10.291618   0.274597
10.210359   0.289616
10.145802   0.304471
10.094473   0.319161
10.053745   0.333685
10.021602   0.348047
9.996472   0.362247
9.977122   0.376285
9.962562   0.390164
9.951996   0.403887
9.944780   0.417454
9.940383   0.430869
9.938369   0.444133
9.938371   0.457248
9.940089   0.470219
9.943266   0.483044
9.947689   0.495730
9.953170   0.508275
9.959557   0.520684
9.966715   0.532958
9.974530   0.545100
9.982902   0.557111
9.991747   0.568995
10.000990   0.580752
10.010568   0.592386
10.020424   0.603897
10.030510   0.615289
10.040784   0.626563
10.051206   0.637720
10.061747   0.648764
10.072376   0.659694
10.083069   0.670515
10.093804   0.681227
10.104560   0.691830
10.115322   0.702330
10.126075   0.712725
10.136803   0.723018
10.147498   0.733210
10.158148   0.743303
10.168744   0.753299
10.179280   0.763199
10.189746   0.773003
10.200113   0.782697
10.210356   0.792269
10.220462   0.801722
10.230425   0.811055
10.240238   0.820270
10.249899   0.829371
10.259407   0.838360
10.268759   0.847240
10.277958   0.856013
10.287003   0.864681
10.295894   0.873248
10.304633   0.881714
10.313221   0.890083
10.321659   0.898356
10.329951   0.906536
10.338096   0.914624
10.346097   0.922622
10.353957   0.930532
10.361676   0.938356
10.369259   0.946095
10.376705   0.953751
10.384019   0.961325
10.391201   0.968820
10.398255   0.976236
10.405182   0.983575
10.411985   0.990838
10.418666   0.998028
10.425226   1.005144
10.431669   1.012188
10.437997   1.019163
10.444211   1.026067
10.450313   1.032904
10.456306   1.039674
10.462192   1.046378
10.467972   1.053018
10.473649   1.059594
10.479225   1.066107
10.484700   1.072558
10.490079   1.078949
10.495361   1.085280
10.500549   1.091553
10.505645   1.097767
10.510650   1.103925
10.556070   1.162550
10.594073   1.216319
10.625877   1.265853
10.652467   1.311660
10.674640   1.354165
10.693051   1.393724
10.708237   1.430641
10.720645   1.465176
10.730646   1.497555
10.738556   1.527974
10.744638   1.556606
10.749119   1.583601
10.752193   1.609095
10.754025   1.633205
10.754761   1.656041
10.754525   1.677696
10.753425   1.698257
10.751558   1.717801
10.749006   1.736399
10.745844   1.754116
10.742137   1.771007
10.737943   1.787128
10.733312   1.802526
10.728291   1.817246
10.722921   1.831329
10.717238   1.844813
10.711274   1.857731
10.705060   1.870116
10.698621   1.881998
10.691982   1.893405
10.685164   1.904361
10.678186   1.914891
10.671067   1.925016
10.663822   1.934758
10.656466   1.944135
10.649012   1.953165
10.641472   1.961866
10.633856   1.970253
10.626176   1.978340
10.618439   1.986143
10.610655   1.993673
10.602831   2.000942
10.594973   2.007964
10.587089   2.014748
10.579184   2.021304
10.571263   2.027643
10.563331   2.033772
10.555393   2.039701
10.547453   2.045435
10.539514   2.050983
10.531580   2.056350
10.523652   2.061543
10.515734   2.066569
10.507827   2.071433
10.499933   2.076140
10.492055   2.080697
10.484194   2.085107
10.476351   2.089377
10.468528   2.093510
10.460726   2.097512
10.452946   2.101386
10.445189   2.105137
10.437456   2.108770
10.429748   2.112286
10.422066   2.115692
10.414411   2.118989
10.406782   2.122182
10.399181   2.125274
10.391609   2.128268
10.384065   2.131167
10.376551   2.133974
10.369066   2.136691
10.361611   2.139323
10.354187   2.141870
10.346793   2.144337
10.339430   2.146724
10.332098   2.149036
10.324798   2.151273
10.317530   2.153438
10.310293   2.155534
10.303088   2.157562
10.295915   2.159524
10.288775   2.161422
10.281667   2.163259
10.274591   2.165035
10.267547   2.166753
10.260536   2.168414
10.253557   2.170020
10.246611   2.171573
10.239697   2.173073
10.172336   2.185509
10.108152   2.194079
10.047024   2.199683
9.988802   2.202990
9.933324   2.204502
9.880426   2.204604
9.829948   2.203589
9.781736   2.201690
9.735646   2.199087
9.691544   2.195925
9.649304   2.192317
9.608810   2.188357
9.569953   2.184118
9.532635   2.179663
9.496764   2.175041
9.462254   2.170292
9.429028   2.165450
9.397012   2.160543
9.366139   2.155593
9.336348   2.150619
9.307579   2.145638
9.279780   2.140661
9.252899   2.135700
9.226894   2.130765
9.201717   2.125860
9.177329   2.120994
9.153693   2.116171
9.130774   2.111395
9.108537   2.106668
9.086952   2.101995
9.065991   2.097376
9.045625   2.092814
9.025829   2.088310
9.006579   2.083863
8.987852   2.079476
8.969627   2.075147
8.951883   2.070878
8.934602   2.066669
8.917764   2.062517
8.901353   2.058425
8.885354   2.054391
8.869749   2.050414
8.854525   2.046494
8.839668   2.042631
8.825165   2.038823
8.811002   2.035070
8.797170   2.031371
8.783655   2.027725
8.770447   2.024131
8.757535   2.020589
8.744911   2.017098
8.732564   2.013656
8.720486   2.010264
8.708667   2.006919
8.697101   2.003622
8.685778   2.000371
8.674692   1.997166
8.663835   1.994006
8.653200   1.990889
8.642781   1.987815
8.632572   1.984784
8.622566   1.981795
8.612757   1.978846
8.603140   1.975937
8.593709   1.973067
8.584460   1.970236
8.575386   1.967443
8.566485   1.964686
