947.224719   0.560593
967.203554   0.562174
986.187890   0.563766
1004.420791   0.565355
1022.108549   0.566933
1039.420008   0.568495
1056.476175   0.570038
1073.407921   0.571562
1090.303483   0.573065
1107.252254   0.574549
1124.318844   0.576013
1141.573878   0.577459
1159.077766   0.578887
1176.857534   0.580301
1194.986165   0.581700
1213.508914   0.583086
1232.429736   0.584460
1251.812475   0.585824
1271.661928   0.587179
1292.052870   0.588527
1312.989972   0.589869
1334.542748   0.591208
1356.720655   0.592544
1379.570571   0.593879
1403.126537   0.595213
1427.406335   0.596549
1452.461452   0.597887
1478.318399   0.599228
1504.985245   0.600571
1532.409032   0.601914
1560.755707   0.603264
1590.046959   0.604618
1620.335207   0.605978
1651.664723   0.607341
1684.111092   0.608708
1717.678865   0.610075
1752.394258   0.611438
1788.276071   0.612792
1825.402314   0.614132
1863.792507   0.615452
1903.536763   0.616741
1944.671080   0.617989
1987.233973   0.619180
2031.286346   0.620296
2076.812902   0.621316
2123.918874   0.622214
2172.667911   0.622960
2223.229211   0.623520
2275.681981   0.623853
2330.154802   0.623912
2386.815406   0.623645
2445.756480   0.622993
2507.220334   0.621891
2571.461109   0.620267
2638.604296   0.618042
2709.052854   0.615131
2783.051051   0.611435
2861.011997   0.606848
2943.232552   0.601250
3030.174038   0.594510
3122.167001   0.586496
3219.594961   0.577047
3323.134559   0.565986
3433.287981   0.553113
3550.527448   0.538202
3675.307841   0.520992
3807.687994   0.501174
3947.130178   0.478379
4092.535799   0.452054
4240.243351   0.421440
4380.768436   0.385736
4492.632491   0.344029
4529.618083   0.295597
4394.409815   0.241099
3921.457559   0.185747
3032.241888   0.141837
2074.494913   0.117601
1406.456857   0.106789
1005.366523   0.101759
760.766629   0.099108
602.857584   0.097561
494.926483   0.096599
417.442476   0.095979
359.589756   0.095580
315.013044   0.095331
279.770246   0.095191
251.303224   0.095132
227.890811   0.095136
208.339027   0.095189
191.794143   0.095284
177.633810   0.095412
165.392462   0.095568
98.090670   0.098061
70.447612   0.101410
55.697114   0.105146
46.605489   0.109106
40.493610   0.113197
36.115729   0.117379
32.844438   0.121613
30.308876   0.125888
28.294149   0.130181
26.656597   0.134485
25.300896   0.138795
24.163509   0.143098
23.195418   0.147395
22.362842   0.151681
21.640679   0.155948
21.007910   0.160200
20.449600   0.164434
19.954209   0.168645
19.511510   0.172835
19.113661   0.177006
18.754706   0.181154
18.429473   0.185276
18.133186   0.189379
17.862437   0.193459
17.614344   0.197515
17.386243   0.201546
17.175700   0.205557
16.980954   0.209547
16.800463   0.213512
16.632788   0.217452
16.476506   0.221373
16.330614   0.225273
16.194216   0.229151
16.066505   0.233004
15.946623   0.236837
15.833893   0.240651
15.727767   0.244444
15.627754   0.248216
15.533380   0.251965
15.444139   0.255695
15.359656   0.259407
15.279608   0.263100
15.203700   0.266771
15.131652   0.270422
15.063152   0.274055
14.997956   0.277671
14.935865   0.281268
14.876693   0.284846
14.820266   0.288405
14.766402   0.291946
14.714916   0.295470
14.665677   0.298977
14.618561   0.302468
14.573457   0.305941
14.530255   0.309395
14.488835   0.312832
14.449085   0.316255
14.410923   0.319661
14.374272   0.323052
14.339050   0.326426
14.305195   0.329784
14.272633   0.333124
14.241284   0.336451
14.211090   0.339763
14.182000   0.343060
14.154002   0.346342
14.126937   0.349609
14.100871   0.352860
14.075716   0.356097
14.051426   0.359320
14.027961   0.362529
14.005291   0.365725
13.983382   0.368907
13.962204   0.372074
13.941726   0.375227
13.921913   0.378366
13.902732   0.381492
13.884161   0.384606
13.866177   0.387707
13.848757   0.390794
13.831879   0.393869
13.815524   0.396930
13.799671   0.399978
13.784293   0.403014
13.769374   0.406038
13.754898   0.409050
13.740849   0.412050
13.727213   0.415038
13.713973   0.418014
13.701118   0.420977
13.590793   0.449980
13.506699   0.477902
13.441591   0.504826
13.390546   0.530824
13.350117   0.555958
13.317832   0.580286
13.291878   0.603857
13.270899   0.626718
13.253869   0.648909
13.239998   0.670466
13.228650   0.691226
13.218741   0.710694
13.209672   0.729286
13.201193   0.747080
13.193106   0.764140
13.185272   0.780524
13.177591   0.796283
13.169992   0.811459
13.162426   0.826095
13.154858   0.840225
13.147282   0.853881
13.139629   0.867093
13.131941   0.879888
13.124195   0.892288
13.116387   0.904317
13.108519   0.915994
13.100589   0.927338
13.092600   0.938366
13.084554   0.949093
13.076456   0.959535
13.068308   0.969705
13.060116   0.979615
13.051881   0.989277
13.043609   0.998701
13.035304   1.007899
13.026969   1.016880
13.018608   1.025652
13.010225   1.034225
13.001822   1.042605
12.993404   1.050800
12.984973   1.058818
12.976532   1.066665
12.968084   1.074347
12.959632   1.081871
12.951178   1.089241
12.942725   1.096463
12.934273   1.103542
12.925827   1.110483
12.917387   1.117290
12.908955   1.123968
12.900533   1.130521
12.892123   1.136953
12.883726   1.143267
12.875342   1.149467
12.866975   1.155557
12.858624   1.161540
12.850291   1.167419
12.841977   1.173196
12.833682   1.178875
12.825408   1.184459
12.817156   1.189950
12.808915   1.195363
12.800682   1.200712
12.792464   1.206005
12.784259   1.211257
12.776077   1.216470
12.767927   1.221644
12.759816   1.226782
12.751750   1.231884
12.743732   1.236950
12.735765   1.241982
12.727852   1.246978
12.719997   1.251940
12.712200   1.256868
12.704462   1.261763
12.696786   1.266625
12.689172   1.271454
12.681620   1.276250
12.674132   1.281013
12.666706   1.285745
12.659344   1.290444
12.652046   1.295112
12.644811   1.299749
12.637638   1.304355
12.630528   1.308929
12.623482   1.313473
12.616496   1.317987
12.609572   1.322470
12.602709   1.326923
12.595907   1.331346
12.531052   1.373988
12.471458   1.413885
12.416408   1.451241
12.365257   1.486254
12.317456   1.519107
12.272548   1.549971
12.230152   1.579003
12.189954   1.606345
12.151692   1.632127
12.115149   1.656469
12.080142   1.679478
12.046515   1.701252
12.014137   1.721879
11.982895   1.741441
11.952693   1.760012
11.923445   1.777659
11.895079   1.794444
11.867530   1.810423
11.840742   1.825648
11.814664   1.840166
11.789251   1.854021
11.764463   1.867253
11.740264   1.879899
11.716621   1.891993
11.693506   1.903568
11.670890   1.914652
11.648750   1.925272
11.627062   1.935455
11.605807   1.945222
11.584965   1.954597
11.564518   1.963600
11.544450   1.972249
11.524746   1.980563
11.505392   1.988558
11.486373   1.996250
11.467679   2.003652
11.449298   2.010780
11.431217   2.017646
11.413428   2.024261
11.395920   2.030638
11.378685   2.036787
11.361714   2.042719
11.344997   2.048442
11.328528   2.053965
11.312299   2.059298
11.296304   2.064448
11.280535   2.069423
11.264986   2.074230
11.249651   2.078875
11.234525   2.083367
11.219601   2.087709
11.204874   2.091909
11.190340   2.095972
11.175993   2.099903
11.161829   2.103707
11.147843   2.107390
11.134030   2.110954
11.120388   2.114405
11.106913   2.117747
11.093600   2.120983
11.080448   2.124116
11.067452   2.127150
11.054609   2.130087
11.041916   2.132932
11.029369   2.135686
11.016966   2.138352
11.004703   2.140933
10.992578   2.143432
10.980586   2.145851
10.968726   2.148193
10.956995   2.150459
10.945390   2.152652
10.933909   2.154775
10.922548   2.156828
10.911306   2.158815
10.900179   2.160737
10.889167   2.162595
10.878265   2.164393
10.867473   2.166131
10.856788   2.167811
10.846208   2.169435
10.835731   2.171005
10.825355   2.172521
10.815078   2.173986
10.804898   2.175401
10.794813   2.176767
10.784823   2.178085
10.774924   2.179358
10.765116   2.180585
10.755396   2.181769
10.662760   2.191447
10.577522   2.197854
10.498632   2.201735
10.425256   2.203651
10.356724   2.204026
10.292483   2.203188
10.232077   2.201392
10.175117   2.198836
10.121272   2.195677
10.070260   2.192041
10.021833   2.188028
9.975776   2.183719
9.931899   2.179180
9.890034   2.174463
9.850031   2.169614
9.811757   2.164666
9.775091   2.159651
9.739926   2.154591
9.706163   2.149507
9.673714   2.144416
9.642497   2.139330
9.612440   2.134262
9.583473   2.129221
9.555536   2.124213
9.528570   2.119246
9.502523   2.114324
9.477347   2.109452
9.452996   2.104632
9.429429   2.099868
9.406606   2.095162
9.384492   2.090514
9.363053   2.085927
9.342257   2.081401
9.322075   2.076936
9.302480   2.072532
9.283444   2.068191
9.264946   2.063911
9.246960   2.059692
9.229467   2.055533
9.212445   2.051435
9.195876   2.047397
9.179741   2.043418
9.164024   2.039497
9.148709   2.035633
9.133781   2.031826
9.119224   2.028075
9.105026   2.024379
9.091172   2.020736
9.077652   2.017147
9.064453   2.013610
9.051564   2.010124
9.038974   2.006689
9.026674   2.003303
9.014653   1.999966
9.002902   1.996676
8.991414   1.993433
8.980178   1.990236
8.969187   1.987084
8.958434   1.983976
8.947912   1.980912
8.937611   1.977890
8.927528   1.974910
8.917654   1.971971
8.907984   1.969073
8.898512   1.966213
8.889231   1.963392
8.880138   1.960609
8.871225   1.957864
8.862488   1.955155
8.853923   1.952481
8.845524   1.949843
