840.992592   0.589378
859.458219   0.590898
877.603138   0.592392
895.579660   0.593861
913.483586   0.595307
931.393135   0.596731
949.380915   0.598136
967.508780   0.599523
985.815676   0.600894
1004.355701   0.602251
1023.172190   0.603595
1042.286767   0.604928
1061.748263   0.606251
1081.584131   0.607567
1101.826378   0.608876
1122.508112   0.610179
1143.652275   0.611480
1165.281183   0.612778
1187.439403   0.614075
1210.152633   0.615373
1233.446894   0.616675
1257.355786   0.617980
1281.884479   0.619291
1307.061280   0.620609
1332.935802   0.621936
1359.536546   0.623275
1386.920473   0.624627
1415.086381   0.625993
1444.088323   0.627374
1473.956524   0.628772
1504.723614   0.630188
1536.441324   0.631621
1569.108776   0.633072
1602.796895   0.634541
1637.530391   0.636026
1673.310817   0.637525
1710.074051   0.639033
1748.012201   0.640551
1787.168582   0.642075
1827.580382   0.643598
1869.262208   0.645110
1912.299152   0.646601
1956.711098   0.648056
2002.566531   0.649456
2049.880042   0.650778
2098.763857   0.651995
2149.284857   0.653073
2201.466779   0.653973
2255.458761   0.654649
2311.394174   0.655051
2369.383938   0.655122
2429.590440   0.654800
2492.239810   0.654018
2557.629299   0.652702
2625.743286   0.650777
2697.005951   0.648164
2771.777495   0.644770
2850.361063   0.640497
2933.280539   0.635228
3020.990649   0.628835
3114.073518   0.621173
3213.020918   0.612082
3318.628132   0.601381
3431.641293   0.588868
3552.898387   0.574313
3683.237659   0.557451
3823.379365   0.537965
3973.842123   0.515473
4134.403423   0.489495
4303.329497   0.459424
4475.518489   0.424481
4638.401344   0.383668
4762.732457   0.335830
4781.401152   0.280264
4549.117125   0.218623
3837.752437   0.160213
2711.119979   0.121503
1763.856589   0.104311
1199.051573   0.097327
874.885299   0.094076
676.844990   0.092331
547.050633   0.091303
456.812267   0.090664
390.951801   0.090259
340.860286   0.090006
301.650031   0.089860
270.225010   0.089791
244.541871   0.089781
223.201270   0.089817
205.217702   0.089890
189.878235   0.089993
176.653391   0.090121
104.456309   0.092192
74.984613   0.094954
59.216025   0.098012
49.485971   0.101223
42.910462   0.104526
38.190924   0.107881
34.645914   0.111267
31.891874   0.114669
29.693787   0.118078
27.901635   0.121485
26.413485   0.124887
25.160279   0.128276
24.090279   0.131653
23.167829   0.135012
22.363853   0.138354
21.657807   0.141678
21.033145   0.144980
20.476328   0.148265
19.977593   0.151527
19.528110   0.154769
19.121015   0.157992
18.751013   0.161193
18.413038   0.164374
18.103206   0.167535
17.818422   0.170675
17.555647   0.173795
17.312440   0.176897
17.086883   0.179978
16.877148   0.183039
16.681524   0.186083
16.498765   0.189108
16.327745   0.192113
16.167274   0.195101
16.016432   0.198072
15.874475   0.201025
15.740672   0.203959
15.614273   0.206877
15.494725   0.209779
15.381547   0.212664
15.274262   0.215532
15.172374   0.218384
15.075517   0.221221
14.983369   0.224042
14.895625   0.226847
14.811932   0.229637
14.732034   0.232413
14.655710   0.235173
14.582745   0.237919
14.512923   0.240650
14.446023   0.243368
14.381890   0.246072
14.320379   0.248762
14.261342   0.251437
14.204623   0.254100
14.150079   0.256750
14.097612   0.259387
14.047117   0.262011
13.998495   0.264621
13.951633   0.267219
13.906436   0.269805
13.862827   0.272380
13.820738   0.274942
13.780100   0.277491
13.740831   0.280028
13.702859   0.282555
13.666132   0.285070
13.630595   0.287574
13.596201   0.290066
13.562897   0.292547
13.530622   0.295017
13.499337   0.297476
13.469002   0.299925
13.439578   0.302363
13.411034   0.304790
13.383328   0.307206
13.356417   0.309613
13.330275   0.312010
13.304874   0.314397
13.280184   0.316774
13.256185   0.319140
13.232845   0.321496
13.210128   0.323843
13.188020   0.326181
13.166499   0.328510
13.145544   0.330829
13.125138   0.333138
13.105262   0.335438
13.085882   0.337729
13.066997   0.340012
13.048575   0.342286
12.887146   0.364547
12.758834   0.386002
12.654980   0.406718
12.569584   0.426775
12.498468   0.446260
12.438707   0.465187
12.388033   0.483590
12.344717   0.501498
12.307425   0.518938
12.275108   0.535935
12.246938   0.552513
12.222247   0.568691
12.200495   0.584490
12.181242   0.599927
12.164125   0.615018
12.148843   0.629778
12.135143   0.644223
12.122814   0.658365
12.111678   0.672215
12.101582   0.685786
12.092397   0.699089
12.084012   0.712133
12.076331   0.724928
12.069271   0.737483
12.062759   0.749807
12.056735   0.761906
12.051142   0.773790
12.045934   0.785465
12.041067   0.796937
12.036505   0.808214
12.032216   0.819300
12.028170   0.830203
12.024341   0.840927
12.020707   0.851478
12.017248   0.861861
12.013946   0.872080
12.010783   0.882141
12.007746   0.892047
12.004822   0.901804
12.001999   0.911413
11.999266   0.920881
11.996616   0.930209
11.994037   0.939403
11.991524   0.948465
11.989069   0.957399
11.986667   0.966207
11.984310   0.974893
11.981995   0.983460
11.979717   0.991910
11.977472   1.000247
11.975255   1.008472
11.973063   1.016589
11.970895   1.024599
11.968745   1.032506
11.966612   1.040311
11.964494   1.048017
11.962388   1.055626
11.960294   1.063139
11.958207   1.070559
11.956129   1.077888
11.954056   1.085128
11.951988   1.092280
11.949923   1.099348
11.947862   1.106337
11.945806   1.113248
11.943753   1.120086
11.941706   1.126853
11.939665   1.133550
11.937629   1.140178
11.935599   1.146740
11.933575   1.153235
11.931557   1.159665
11.929544   1.166031
11.927536   1.172333
11.925533   1.178574
11.923535   1.184754
11.921541   1.190873
11.919550   1.196933
11.917564   1.202935
11.915581   1.208879
11.913601   1.214767
11.911624   1.220599
11.909650   1.226376
11.907679   1.232099
11.905709   1.237768
11.903741   1.243385
11.901775   1.248950
11.899811   1.254464
11.897848   1.259928
11.895886   1.265342
11.876300   1.316899
11.856699   1.364178
11.837026   1.407701
11.817267   1.447904
11.797429   1.485153
11.777533   1.519764
11.757604   1.552004
11.737671   1.582106
11.717761   1.610273
11.697898   1.636681
11.678105   1.661486
11.658403   1.684823
11.638809   1.706816
11.619339   1.727571
11.600005   1.747185
11.580820   1.765746
11.561792   1.783331
11.542929   1.800011
11.524237   1.815848
11.505721   1.830902
11.487386   1.845223
11.469234   1.858862
11.451268   1.871860
11.433489   1.884259
11.415898   1.896095
11.398495   1.907402
11.381281   1.918212
11.364254   1.928552
11.347414   1.938451
11.330760   1.947931
11.314290   1.957018
11.298004   1.965730
11.281898   1.974089
11.265971   1.982113
11.250222   1.989818
11.234648   1.997221
11.219247   2.004338
11.204017   2.011181
11.188955   2.017764
11.174058   2.024100
11.159326   2.030200
11.144755   2.036075
11.130342   2.041734
11.116087   2.047189
11.101985   2.052447
11.088035   2.057518
11.074234   2.062409
11.060580   2.067128
11.047072   2.071683
11.033705   2.076080
11.020478   2.080326
11.007390   2.084426
10.994437   2.088387
10.981619   2.092214
10.968929   2.095913
10.956370   2.099488
10.943938   2.102944
10.931631   2.106286
10.919447   2.109518
10.907384   2.112644
10.895440   2.115667
10.883614   2.118593
10.871903   2.121424
10.860305   2.124163
10.848819   2.126814
10.837443   2.129380
10.826175   2.131864
10.815015   2.134269
10.803961   2.136596
10.793011   2.138848
10.782165   2.141027
10.771419   2.143136
10.760774   2.145177
10.750227   2.147151
10.739776   2.149061
10.729421   2.150908
10.719160   2.152695
10.708992   2.154423
10.698914   2.156093
10.688926   2.157708
10.679026   2.159269
10.669213   2.160777
10.659485   2.162234
10.649841   2.163641
10.640280   2.165000
10.630800   2.166312
10.621401   2.167578
10.612080   2.168800
10.602838   2.169979
10.593672   2.171115
10.505984   2.180398
10.424827   2.186522
10.349364   2.190203
10.278909   2.191981
10.212894   2.192264
10.150846   2.191368
10.092364   2.189539
10.037105   2.186970
9.984774   2.183814
9.935114   2.180191
9.887903   2.176199
9.842942   2.171919
9.800057   2.167412
9.759092   2.162732
9.719909   2.157921
9.682382   2.153015
9.646401   2.148041
9.611862   2.143023
9.578675   2.137982
9.546755   2.132934
9.516024   2.127891
9.486415   2.122865
9.457861   2.117865
9.430305   2.112898
9.403692   2.107971
9.377971   2.103089
9.353095   2.098255
9.329022   2.093474
9.305712   2.088747
9.283127   2.084076
9.261233   2.079464
9.239996   2.074911
9.219387   2.070418
9.199378   2.065985
9.179941   2.061614
9.161053   2.057303
9.142688   2.053053
9.124826   2.048863
9.107446   2.044733
9.090527   2.040663
9.074052   2.036651
9.058003   2.032698
9.042364   2.028802
9.027119   2.024963
9.012253   2.021180
8.997752   2.017453
8.983603   2.013779
8.969793   2.010159
8.956309   2.006591
8.943143   2.003075
8.930281   1.999610
8.917714   1.996194
8.905431   1.992827
8.893423   1.989509
8.881682   1.986237
8.870198   1.983012
8.858963   1.979832
8.847971   1.976698
8.837212   1.973606
8.826681   1.970558
8.816369   1.967552
8.806271   1.964587
8.796379   1.961663
8.786689   1.958778
8.777194   1.955933
8.767889   1.953125
8.758768   1.950356
