969.832515   0.560996
997.337717   0.561998
1023.866586   0.563066
1049.559113   0.564180
1074.572952   0.565329
1099.013091   0.566501
1122.974512   0.567692
1146.533222   0.568894
1169.766203   0.570105
1192.733104   0.571322
1215.473549   0.572542
1238.051153   0.573764
1260.502891   0.574987
1282.857141   0.576210
1305.158965   0.577433
1327.434893   0.578654
1349.712960   0.579874
1372.025286   0.581093
1394.376034   0.582310
1416.807140   0.583526
1439.316446   0.584740
1461.904955   0.585950
1484.623641   0.587160
1507.492859   0.588368
1530.528846   0.589575
1553.748876   0.590779
1577.161965   0.591982
1600.796055   0.593181
1624.643806   0.594378
1648.734498   0.595571
1673.073704   0.596759
1697.690603   0.597942
1722.555447   0.599119
1747.715920   0.600289
1773.061789   0.601446
1798.682690   0.602592
1824.607551   0.603728
1850.899060   0.604851
1877.495429   0.605958
1904.483369   0.607046
1931.817251   0.608114
1959.540551   0.609156
1987.673555   0.610170
2016.161168   0.611150
2045.086745   0.612093
2074.431858   0.612994
2104.288842   0.613846
2134.471251   0.614643
2165.177636   0.615379
2196.390552   0.616047
2228.060722   0.616637
2260.296845   0.617144
2293.034182   0.617556
2326.363042   0.617866
2360.235697   0.618062
2394.678171   0.618135
2429.738158   0.618075
2465.473801   0.617870
2501.878095   0.617510
2539.035565   0.616980
2577.004758   0.616268
2615.762532   0.615361
2655.430356   0.614243
2696.027809   0.612901
2737.605689   0.611318
2780.230779   0.609478
2823.956368   0.607363
2868.833116   0.604955
2914.942866   0.602235
2962.380391   0.599183
3011.138312   0.595776
3061.287821   0.591993
3113.013405   0.587808
3166.819489   0.583152
3223.048930   0.577970
3281.775726   0.572213
3343.164250   0.565830
3407.476319   0.558762
3474.839993   0.550950
3545.453731   0.542324
3619.450342   0.532811
3697.011847   0.522325
3778.190562   0.510773
3863.114792   0.498050
3951.475768   0.484035
4043.141090   0.468590
4137.452764   0.451555
4233.271635   0.432748
4328.499627   0.411957
4419.846821   0.388942
4501.519651   0.363441
4564.179370   0.335197
1127.393600   0.101055
307.665555   0.093054
168.659035   0.092867
115.842737   0.093841
88.776529   0.095246
72.557107   0.096849
61.849702   0.098546
54.298561   0.100280
48.700773   0.102021
44.298240   0.103800
40.733510   0.105620
37.792364   0.107475
35.330102   0.109358
33.240938   0.111264
31.449047   0.113188
29.896509   0.115127
28.540187   0.117078
27.345686   0.119038
26.287092   0.121004
25.342476   0.122975
24.495557   0.124949
23.731751   0.126924
23.040169   0.128899
22.411152   0.130874
21.836737   0.132846
21.310558   0.134816
20.826650   0.136782
20.380458   0.138744
19.967837   0.140701
19.585113   0.142653
19.229390   0.144600
18.897902   0.146540
18.588284   0.148474
18.298620   0.150402
18.026981   0.152322
17.771789   0.154236
17.531712   0.156142
17.305404   0.158040
17.091737   0.159932
16.889775   0.161815
16.698567   0.163691
16.517263   0.165559
16.345187   0.167419
16.181666   0.169270
16.026047   0.171114
15.877828   0.172950
15.736492   0.174777
15.601574   0.176597
15.472651   0.178408
15.349373   0.180211
15.231376   0.182006
15.118304   0.183793
15.009890   0.185572
14.905866   0.187343
14.805960   0.189106
14.709930   0.190861
14.617576   0.192607
14.528708   0.194346
14.443107   0.196076
14.360607   0.197800
14.281059   0.199515
14.204281   0.201222
14.129878   0.202929
14.057721   0.204636
13.987742   0.206343
13.919861   0.208050
13.854013   0.209755
13.790112   0.211460
13.728084   0.213164
13.667865   0.214867
13.609393   0.216569
13.552609   0.218269
13.497445   0.219967
13.443824   0.221664
13.391696   0.223359
13.341011   0.225053
13.291721   0.226745
13.243780   0.228434
13.197130   0.230122
13.151718   0.231808
13.107505   0.233492
13.064454   0.235174
13.022527   0.236853
12.981688   0.238530
12.941892   0.240205
12.903102   0.241878
12.865280   0.243549
12.828407   0.245217
12.792445   0.246883
12.757372   0.248546
12.449355   0.265037
12.204188   0.281258
12.005918   0.297197
11.843363   0.312851
11.708533   0.328219
11.595566   0.343305
11.500086   0.358114
11.418766   0.372654
11.349040   0.386930
11.288901   0.400951
11.236758   0.414724
11.191339   0.428256
11.151614   0.441555
11.116740   0.454627
11.086026   0.467480
11.058895   0.480121
11.034868   0.492555
11.013540   0.504790
10.994569   0.516830
10.977666   0.528682
10.962580   0.540351
10.949098   0.551842
10.937035   0.563160
10.926234   0.574310
10.916551   0.585297
10.907869   0.596124
10.900080   0.606797
10.893089   0.617319
10.886816   0.627694
10.881187   0.637926
10.876136   0.648018
10.871608   0.657974
10.867551   0.667797
10.863918   0.677491
10.860671   0.687058
10.857770   0.696501
10.855184   0.705824
10.852884   0.715028
10.850842   0.724118
10.849034   0.733094
10.847439   0.741960
10.846038   0.750720
10.844817   0.759388
10.843766   0.767964
10.842874   0.776455
10.842132   0.784864
10.841529   0.793190
10.841057   0.801435
10.840704   0.809601
10.840465   0.817689
10.840327   0.825699
10.840286   0.833633
10.840333   0.841492
10.840461   0.849276
10.840664   0.856987
10.840936   0.864627
10.841271   0.872195
10.841664   0.879694
10.842111   0.887123
10.842605   0.894484
10.843144   0.901778
10.843722   0.909005
10.844337   0.916168
10.844985   0.923266
10.845662   0.930300
10.846366   0.937272
10.847093   0.944182
10.847842   0.951031
10.848609   0.957820
10.849392   0.964549
10.850189   0.971220
10.850998   0.977833
10.851817   0.984389
10.852644   0.990888
10.853479   0.997333
10.854318   1.003722
10.855161   1.010057
10.856006   1.016339
10.856853   1.022569
10.857699   1.028746
10.858544   1.034871
10.859387   1.040947
10.860227   1.046972
10.861064   1.052948
10.861895   1.058874
10.862721   1.064753
10.863541   1.070585
10.864354   1.076368
10.865159   1.082106
10.865957   1.087798
10.873395   1.142315
10.879662   1.192812
10.884628   1.239723
10.888281   1.283425
10.890672   1.324239
10.891881   1.362442
10.892001   1.398279
10.891127   1.431961
10.889353   1.463675
10.886767   1.493587
10.883452   1.521844
10.879482   1.548577
10.874925   1.573902
10.869844   1.597925
10.864295   1.620741
10.858329   1.642434
10.851990   1.663084
10.845319   1.682759
10.838354   1.701524
10.831127   1.719439
10.823668   1.736555
10.816004   1.752923
10.808160   1.768588
10.800157   1.783591
10.792014   1.797970
10.783750   1.811762
10.775381   1.824998
10.766922   1.837709
10.758385   1.849923
10.749782   1.861667
10.741125   1.872965
10.732423   1.883840
10.723685   1.894313
10.714919   1.904403
10.706132   1.914130
10.697332   1.923510
10.688525   1.932561
10.679714   1.941297
10.670907   1.949733
10.662107   1.957882
10.653318   1.965757
10.644545   1.973370
10.635792   1.980730
10.627060   1.987847
10.618352   1.994730
10.609670   2.001387
10.601016   2.007827
10.592391   2.014057
10.583797   2.020085
10.575233   2.025918
10.566702   2.031563
10.558205   2.037027
10.549741   2.042316
10.541311   2.047435
10.532917   2.052392
10.524558   2.057191
10.516235   2.061837
10.507948   2.066337
10.499698   2.070694
10.491486   2.074914
10.483310   2.079002
10.475172   2.082960
10.467072   2.086795
10.459010   2.090509
10.450985   2.094107
10.442999   2.097592
10.435051   2.100968
10.427142   2.104239
10.419271   2.107407
10.411438   2.110477
10.403643   2.113450
10.395887   2.116331
10.388170   2.119122
10.380491   2.121825
10.372850   2.124444
10.365248   2.126980
10.357684   2.129437
10.350158   2.131817
10.342670   2.134122
10.335220   2.136354
10.327808   2.138516
10.320434   2.140609
10.313098   2.142636
10.305799   2.144598
10.298537   2.146498
10.291313   2.148336
10.284126   2.150116
10.276976   2.151838
10.269863   2.153504
10.262787   2.155116
10.194004   2.168561
10.128693   2.177977
10.066654   2.184302
10.007686   2.188229
9.951589   2.190280
9.898170   2.190855
9.847250   2.190260
9.798661   2.188734
9.752248   2.186466
9.707865   2.183606
9.665382   2.180272
9.624675   2.176560
9.585632   2.172550
9.548151   2.168304
9.512135   2.163874
9.477499   2.159302
9.444160   2.154625
9.412045   2.149871
9.381084   2.145063
9.351215   2.140222
9.322378   2.135365
9.294518   2.130504
9.267585   2.125653
9.241531   2.120819
9.216313   2.116011
9.191889   2.111236
9.168221   2.106499
9.145274   2.101804
9.123014   2.097155
9.101409   2.092555
9.080431   2.088005
9.060051   2.083509
9.040245   2.079067
9.020986   2.074680
9.002253   2.070350
8.984023   2.066075
8.966278   2.061858
8.948995   2.057697
8.932159   2.053594
8.915750   2.049546
8.899755   2.045555
8.884155   2.041620
8.868938   2.037740
8.854088   2.033914
8.839593   2.030143
8.825441   2.026424
8.811618   2.022759
8.798114   2.019145
8.784918   2.015583
8.772019   2.012071
8.759408   2.008608
8.747075   2.005194
8.735011   2.001828
8.723208   1.998509
8.711657   1.995237
8.700350   1.992009
8.689280   1.988827
8.678440   1.985689
8.667823   1.982593
8.657421   1.979540
8.647230   1.976529
8.637242   1.973558
8.627451   1.970628
8.617853   1.967737
8.608441   1.964884
8.599211   1.962070
8.590157   1.959293
8.581275   1.956552
8.572560   1.953847
8.564007   1.951177
