952.776345   0.548109
973.704251   0.549501
993.222906   0.550947
1011.593965   0.552421
1029.032848   0.553910
1045.722104   0.555402
1061.814729   0.556889
1077.439805   0.558368
1092.714502   0.559835
1107.760264   0.561287
1122.558452   0.562725
1137.280572   0.564148
1151.966108   0.565555
1166.665566   0.566948
1181.433097   0.568326
1196.294040   0.569689
1211.283881   0.571039
1226.451847   0.572377
1241.844307   0.573704
1257.486623   0.575021
1273.408915   0.576328
1289.639781   0.577627
1306.206747   0.578919
1323.128629   0.580204
1340.433617   0.581483
1358.147226   0.582758
1376.266263   0.584027
1394.754912   0.585289
1413.717571   0.586550
1433.179818   0.587810
1453.161850   0.589070
1473.681228   0.590330
1494.774414   0.591591
1516.454000   0.592853
1538.762262   0.594116
1561.671225   0.595381
1585.260843   0.596647
1609.517248   0.597915
1634.479522   0.599184
1660.165305   0.600454
1686.605416   0.601723
1713.820839   0.602991
1741.777100   0.604254
1770.524171   0.605511
1800.114172   0.606759
1830.521965   0.607996
1861.855941   0.609219
1894.126916   0.610422
1927.359569   0.611599
1961.585873   0.612743
1996.840912   0.613844
2033.161524   0.614893
2070.561012   0.615877
2109.098490   0.616782
2148.810053   0.617591
2189.740624   0.618286
2231.928159   0.618845
2275.365826   0.619244
2320.101319   0.619459
2366.188616   0.619461
2413.671942   0.619222
2462.636729   0.618708
2513.179143   0.617887
2565.429757   0.616722
2619.380192   0.615173
2675.262439   0.613200
2733.514793   0.610743
2794.566610   0.607730
2858.637107   0.604090
2926.018587   0.599746
2996.949580   0.594610
3071.784801   0.588587
3150.864904   0.581569
3234.541663   0.573435
3323.278279   0.564052
3417.445065   0.553269
3517.532344   0.540916
3623.880179   0.526799
3736.785193   0.510687
3856.371813   0.492287
3982.241660   0.471257
4112.908826   0.447196
4244.948676   0.419614
4370.973948   0.387925
4476.273913   0.351467
4531.170001   0.309655
4477.027541   0.262535
4209.195302   0.212299
3605.588269   0.165702
2729.133939   0.132415
1917.311175   0.114540
1358.890333   0.105955
247.601702   0.094773
127.814873   0.095918
86.195600   0.098405
65.642124   0.101421
53.535418   0.104730
45.637974   0.108214
40.101910   0.111819
36.029402   0.115503
32.915654   0.119243
30.463898   0.123024
28.490128   0.126827
26.867297   0.130649
25.513227   0.134480
24.367963   0.138311
23.386526   0.142144
22.538023   0.145971
21.797935   0.149789
21.146301   0.153601
20.569308   0.157402
20.055408   0.161187
19.594455   0.164962
19.179119   0.168724
18.803447   0.172468
18.462069   0.176197
18.150395   0.179912
17.865055   0.183611
17.603112   0.187292
17.361753   0.190956
17.138638   0.194606
16.931971   0.198239
16.740166   0.201854
16.561694   0.205451
16.395153   0.209033
16.239510   0.212600
16.093839   0.216149
15.957293   0.219679
15.828972   0.223194
15.708202   0.226694
15.594410   0.230178
15.487077   0.233645
15.385708   0.237094
15.289775   0.240529
15.198889   0.243949
15.112717   0.247353
15.030942   0.250741
14.953272   0.254112
14.879376   0.257469
14.809004   0.260812
14.741944   0.264140
14.678000   0.267453
14.616986   0.270750
14.558714   0.274032
14.502982   0.277300
14.449658   0.280556
14.398610   0.283797
14.349717   0.287023
14.302862   0.290235
14.257923   0.293432
14.214775   0.296617
14.173333   0.299789
14.133513   0.302948
14.095236   0.306093
14.058428   0.309224
14.023013   0.312342
13.988903   0.315447
13.956041   0.318541
13.924368   0.321622
13.893834   0.324690
13.864385   0.327746
13.835978   0.330788
13.808555   0.333818
13.782065   0.336836
13.756470   0.339843
13.731733   0.342839
13.707821   0.345823
13.684703   0.348794
13.662335   0.351754
13.640695   0.354701
13.619740   0.357638
13.599447   0.360564
13.579790   0.363479
13.560744   0.366383
13.542288   0.369276
13.524399   0.372157
13.507056   0.375027
13.490231   0.377886
13.473905   0.380736
13.458061   0.383575
13.442682   0.386404
13.427750   0.389223
13.299844   0.416850
13.202635   0.443525
13.127598   0.469315
13.068970   0.494281
13.022729   0.518475
12.985995   0.541946
12.956657   0.564735
12.933143   0.586881
12.914273   0.608176
12.898558   0.628305
12.885018   0.647565
12.873107   0.666033
12.862419   0.683773
12.852659   0.700842
12.843606   0.717292
12.835096   0.733165
12.827005   0.748502
12.819237   0.763337
12.811721   0.777702
12.804397   0.791625
12.797223   0.805133
12.790165   0.818249
12.783194   0.830995
12.776292   0.843390
12.769440   0.855452
12.762626   0.867198
12.755839   0.878643
12.749073   0.889802
12.742321   0.900687
12.735578   0.911311
12.728841   0.921685
12.722107   0.931820
12.715374   0.941726
12.708642   0.951412
12.701909   0.960887
12.695175   0.970159
12.688440   0.979236
12.681703   0.988126
12.674966   0.996834
12.668229   1.005368
12.661492   1.013733
12.654756   1.021937
12.648020   1.029983
12.641288   1.037877
12.634558   1.045625
12.627831   1.053231
12.621110   1.060699
12.614392   1.068034
12.607681   1.075239
12.600977   1.082320
12.594280   1.089279
12.587591   1.096120
12.580910   1.102846
12.574239   1.109461
12.567577   1.115968
12.560926   1.122370
12.554286   1.128669
12.547658   1.134868
12.541041   1.140971
12.534438   1.146979
12.527843   1.152904
12.521258   1.158752
12.514682   1.164536
12.508117   1.170272
12.501574   1.175961
12.495058   1.181604
12.488575   1.187202
12.482130   1.192756
12.475724   1.198266
12.469362   1.203734
12.463044   1.209159
12.456773   1.214543
12.450549   1.219885
12.444374   1.225186
12.438248   1.230447
12.432172   1.235669
12.426146   1.240850
12.420170   1.245992
12.414244   1.251096
12.408368   1.256161
12.402542   1.261188
12.396766   1.266178
12.391039   1.271130
12.385361   1.276046
12.379732   1.280925
12.374151   1.285767
12.368617   1.290574
12.363130   1.295345
12.357690   1.300081
12.352295   1.304782
12.300735   1.349947
12.253070   1.391966
12.208714   1.431124
12.167163   1.467677
12.128004   1.501856
12.090898   1.533869
12.055572   1.563903
12.021803   1.592122
11.989407   1.618678
11.958234   1.643705
11.928159   1.667321
11.899076   1.689637
11.870896   1.710750
11.843543   1.730748
11.816952   1.749711
11.791068   1.767713
11.765840   1.784819
11.741227   1.801089
11.717189   1.816578
11.693693   1.831338
11.670710   1.845413
11.648211   1.858847
11.626173   1.871678
11.604573   1.883942
11.583391   1.895672
11.562608   1.906899
11.542208   1.917652
11.522175   1.927956
11.502494   1.937837
11.483151   1.947316
11.464136   1.956415
11.445433   1.965153
11.427035   1.973550
11.408929   1.981621
11.391107   1.989384
11.373560   1.996853
11.356278   2.004042
11.339253   2.010965
11.322478   2.017633
11.305946   2.024060
11.289649   2.030255
11.273582   2.036229
11.257736   2.041991
11.242107   2.047552
11.226689   2.052919
11.211475   2.058101
11.196462   2.063106
11.181644   2.067941
11.167015   2.072612
11.152572   2.077128
11.138310   2.081493
11.124224   2.085714
11.110311   2.089796
11.096566   2.093745
11.082985   2.097566
11.069566   2.101264
11.056304   2.104843
11.043195   2.108307
11.030237   2.111662
11.017427   2.114911
11.004762   2.118056
10.992240   2.121102
10.979858   2.124052
10.967613   2.126908
10.955502   2.129674
10.943523   2.132352
10.931674   2.134944
10.919951   2.137455
10.908352   2.139885
10.896875   2.142238
10.885517   2.144515
10.874276   2.146720
10.863150   2.148853
10.852136   2.150917
10.841232   2.152915
10.830437   2.154848
10.819748   2.156718
10.809162   2.158526
10.798679   2.160275
10.788296   2.161966
10.778011   2.163600
10.767823   2.165181
10.757730   2.166708
10.747730   2.168183
10.737822   2.169608
10.728003   2.170985
10.718272   2.172314
10.708629   2.173596
10.699070   2.174834
10.689596   2.176028
10.599166   2.185807
10.515770   2.192310
10.438439   2.196281
10.366399   2.198283
10.299024   2.198739
10.235795   2.197977
10.176278   2.196252
10.120107   2.193763
10.066964   2.190667
10.016581   2.187091
9.968720   2.183134
9.923173   2.178878
9.879758   2.174389
9.838313   2.169720
9.798693   2.164915
9.760769   2.160009
9.724424   2.155034
9.689552   2.150012
9.656060   2.144964
9.623859   2.139907
9.592872   2.134854
9.563026   2.129817
9.534255   2.124805
9.506498   2.119825
9.479700   2.114885
9.453808   2.109989
9.428776   2.105141
9.404559   2.100345
9.381115   2.095603
9.358408   2.090918
9.336400   2.086291
9.315060   2.081724
9.294356   2.077216
9.274259   2.072769
9.254743   2.068383
9.235781   2.064059
9.217350   2.059794
9.199427   2.055591
9.181992   2.051448
9.165023   2.047364
9.148504   2.043340
9.132415   2.039374
9.116740   2.035465
9.101463   2.031614
9.086569   2.027819
9.072045   2.024079
9.057875   2.020394
9.044048   2.016762
9.030552   2.013184
9.017374   2.009657
9.004503   2.006180
8.991930   2.002754
8.979644   1.999377
8.967636   1.996049
8.955896   1.992768
8.944417   1.989533
8.933188   1.986344
8.922203   1.983200
8.911453   1.980099
8.900934   1.977042
8.890635   1.974027
8.880551   1.971054
8.870676   1.968122
8.861003   1.965229
8.851527   1.962376
8.842241   1.959561
8.833141   1.956784
8.824222   1.954043
8.815477   1.951340
8.806903   1.948672
