926.551538   0.572809
946.744356   0.574345
966.056256   0.575883
984.682131   0.577415
1002.775859   0.578933
1020.470769   0.580436
1037.873455   0.581922
1055.075885   0.583389
1072.146981   0.584839
1089.162755   0.586271
1106.179719   0.587686
1123.245387   0.589086
1140.412198   0.590470
1157.712016   0.591842
1175.184485   0.593201
1192.866371   0.594549
1210.792966   0.595888
1228.985446   0.597218
1247.501323   0.598541
1266.246189   0.599856
1285.378855   0.601167
1304.881945   0.602475
1324.787769   0.603781
1345.117108   0.605086
1365.893690   0.606392
1387.145598   0.607698
1408.883564   0.609007
1431.141623   0.610318
1453.935220   0.611634
1477.289717   0.612954
1501.194218   0.614278
1525.599554   0.615605
1550.657796   0.616939
1576.369142   0.618280
1602.761312   0.619628
1629.848503   0.620983
1657.675231   0.622345
1686.259870   0.623712
1715.625776   0.625083
1745.795679   0.626456
1776.809749   0.627829
1808.669599   0.629199
1841.424489   0.630563
1875.099340   0.631914
1909.707698   0.633246
1945.282212   0.634553
1981.862757   0.635825
2019.496584   0.637051
2058.127285   0.638216
2097.792638   0.639306
2138.589345   0.640304
2180.543531   0.641190
2223.767079   0.641941
2268.305899   0.642532
2314.224951   0.642933
2361.633248   0.643112
2410.606557   0.643035
2461.288425   0.642665
2513.721447   0.641960
2568.122175   0.640877
2624.640135   0.639370
2683.375579   0.637388
2744.591571   0.634878
2808.482009   0.631779
2875.174323   0.628030
2944.895676   0.623570
3017.794076   0.618326
3094.176726   0.612222
3174.336839   0.605173
3258.611127   0.597087
3347.426478   0.587864
3440.931745   0.577394
3539.736211   0.565557
3644.123866   0.552218
3754.729358   0.537181
3872.483788   0.520141
3997.592938   0.500823
4129.773269   0.478898
4267.157647   0.453964
4407.142350   0.425529
4542.450964   0.392984
4658.929719   0.355618
4726.901217   0.312741
4687.939038   0.264227
4431.363104   0.212043
3812.969199   0.163029
2873.996211   0.127919
1993.679091   0.109540
1397.216124   0.101075
1028.592714   0.096906
795.409177   0.094605
640.210569   0.093212
198.150475   0.090799
114.568582   0.092359
81.028480   0.094745
63.262749   0.097502
52.381455   0.100466
45.080741   0.103559
39.865491   0.106739
35.969461   0.109976
32.955369   0.113254
30.559718   0.116559
28.614294   0.119878
27.004166   0.123208
25.652991   0.126539
24.502538   0.129872
23.513003   0.133199
22.653586   0.136519
21.900036   0.139833
21.235122   0.143134
20.644087   0.146424
20.115313   0.149704
19.640166   0.152968
19.210855   0.156219
18.821032   0.159458
18.465918   0.162681
18.141209   0.165888
17.843000   0.169083
17.568415   0.172262
17.314990   0.175424
17.080235   0.178573
16.862229   0.181707
16.659407   0.184825
16.470331   0.187927
16.293547   0.191015
16.127972   0.194089
15.972676   0.197147
15.826806   0.200190
15.689445   0.203219
15.559926   0.206234
15.437666   0.209234
15.322136   0.212219
15.212743   0.215190
15.109029   0.218149
15.010613   0.221093
14.917145   0.224023
14.828274   0.226938
14.743638   0.229841
14.662971   0.232732
14.586034   0.235609
14.512607   0.238472
14.442456   0.241322
14.375347   0.244160
14.311108   0.246985
14.249588   0.249798
14.190637   0.252598
14.134104   0.255386
14.079825   0.258161
14.027689   0.260926
13.977578   0.263679
13.929403   0.266419
13.883062   0.269147
13.838441   0.271864
13.795450   0.274570
13.754014   0.277265
13.714065   0.279949
13.675526   0.282621
13.638341   0.285281
13.602426   0.287931
13.567720   0.290572
13.534177   0.293201
13.501747   0.295820
13.470383   0.298428
13.440040   0.301026
13.410660   0.303613
13.382203   0.306191
13.354634   0.308759
13.327915   0.311317
13.302018   0.313865
13.276910   0.316402
13.252550   0.318930
13.228908   0.321449
13.205956   0.323959
13.183669   0.326459
13.162026   0.328950
13.140999   0.331431
13.120570   0.333903
13.100708   0.336366
13.081400   0.338820
13.062604   0.341266
13.044327   0.343702
13.026543   0.346130
12.872306   0.369940
12.752170   0.392950
12.656961   0.415220
12.580425   0.436801
12.518250   0.457686
12.467164   0.477833
12.424610   0.497337
12.388817   0.516245
12.358446   0.534596
12.332475   0.552426
12.310110   0.569766
12.290724   0.586645
12.273820   0.603088
12.258995   0.619118
12.245925   0.634756
12.234343   0.650023
12.224028   0.664935
12.214799   0.679510
12.206501   0.693761
12.199007   0.707704
12.192207   0.721352
12.186009   0.734716
12.180335   0.747807
12.175116   0.760637
12.170295   0.773216
12.165822   0.785551
12.161653   0.797654
12.157750   0.809531
12.154081   0.821190
12.150618   0.832640
12.147334   0.843886
12.144208   0.854936
12.141221   0.865795
12.138356   0.876471
12.135597   0.886967
12.132931   0.897290
12.130347   0.907445
12.127834   0.917437
12.125384   0.927270
12.122987   0.936949
12.120636   0.946479
12.118326   0.955862
12.116049   0.965104
12.113802   0.974207
12.111580   0.983177
12.109378   0.992014
12.107193   1.000725
12.105022   1.009311
12.102861   1.017776
12.100710   1.026122
12.098563   1.034352
12.096421   1.042470
12.094281   1.050477
12.092141   1.058377
12.090001   1.066171
12.087858   1.073863
12.085712   1.081454
12.083562   1.088946
12.081407   1.096343
12.079246   1.103645
12.077079   1.110856
12.074905   1.117975
12.072723   1.125007
12.070533   1.131953
12.068335   1.138815
12.066130   1.145598
12.063918   1.152304
12.061700   1.158939
12.059478   1.165505
12.057254   1.172005
12.055029   1.178438
12.052803   1.184807
12.050577   1.191112
12.048351   1.197355
12.046126   1.203536
12.043902   1.209656
12.041678   1.215717
12.039455   1.221719
12.037234   1.227663
12.035014   1.233550
12.032794   1.239381
12.030576   1.245156
12.028359   1.250877
12.026143   1.256544
12.023928   1.262159
12.021715   1.267721
12.019502   1.273232
12.017290   1.278692
12.015079   1.284102
12.012869   1.289463
11.990805   1.340509
11.968784   1.387311
11.946786   1.430384
11.924810   1.470160
11.902869   1.507003
11.880980   1.541226
11.859166   1.573096
11.837445   1.602842
11.815841   1.630667
11.794370   1.656745
11.773050   1.681232
11.751896   1.704263
11.730919   1.725959
11.710130   1.746427
11.689538   1.765764
11.669149   1.784056
11.648969   1.801380
11.629003   1.817807
11.609253   1.833399
11.589721   1.848214
11.570410   1.862304
11.551318   1.875717
11.532448   1.888497
11.513797   1.900683
11.495366   1.912311
11.477151   1.923416
11.459153   1.934029
11.441369   1.944177
11.423796   1.953888
11.406432   1.963186
11.389275   1.972094
11.372322   1.980633
11.355570   1.988822
11.339016   1.996679
11.322658   2.004223
11.306492   2.011468
11.290516   2.018429
11.274726   2.025121
11.259120   2.031556
11.243694   2.037747
11.228445   2.043705
11.213372   2.049440
11.198469   2.054964
11.183736   2.060285
11.169168   2.065413
11.154763   2.070356
11.140518   2.075122
11.126431   2.079718
11.112498   2.084152
11.098718   2.088430
11.085086   2.092560
11.071602   2.096546
11.058262   2.100396
11.045063   2.104113
11.032004   2.107704
11.019082   2.111173
11.006295   2.114525
10.993640   2.117765
10.981115   2.120897
10.968718   2.123924
10.956446   2.126851
10.944298   2.129681
10.932272   2.132418
10.920365   2.135065
10.908575   2.137625
10.896901   2.140102
10.885342   2.142499
10.873893   2.144817
10.862556   2.147059
10.851328   2.149229
10.840207   2.151327
10.829193   2.153357
10.818282   2.155320
10.807475   2.157218
10.796769   2.159053
10.786163   2.160828
10.775655   2.162543
10.765243   2.164200
10.754926   2.165802
10.744703   2.167349
10.734573   2.168844
10.724532   2.170287
10.714581   2.171680
10.704718   2.173025
10.694941   2.174323
10.685249   2.175575
10.675641   2.176782
10.666116   2.177946
10.656671   2.179068
10.647306   2.180148
10.557797   2.188925
10.475080   2.194622
10.398269   2.197940
10.326639   2.199403
10.259595   2.199412
10.196639   2.198276
10.137350   2.196234
10.081371   2.193476
10.028394   2.190149
9.978153   2.186372
9.930416   2.182242
9.884977   2.177835
9.841658   2.173213
9.800296   2.168427
9.760749   2.163519
9.722890   2.158522
9.686601   2.153465
9.651780   2.148370
9.618331   2.143257
9.586169   2.138141
9.555215   2.133036
9.525398   2.127951
9.496652   2.122896
9.468916   2.117878
9.442136   2.112902
9.416259   2.107974
9.391238   2.103097
9.367029   2.098275
9.343592   2.093509
9.320889   2.088802
9.298883   2.084155
9.277543   2.079569
9.256837   2.075045
9.236737   2.070583
9.217215   2.066182
9.198246   2.061845
9.179807   2.057569
9.161875   2.053354
9.144429   2.049201
9.127449   2.045108
9.110917   2.041075
9.094814   2.037102
9.079124   2.033186
9.063832   2.029329
9.048922   2.025528
9.034380   2.021782
9.020192   2.018092
9.006346   2.014456
8.992830   2.010873
8.979633   2.007342
8.966742   2.003863
8.954148   2.000434
8.941840   1.997054
8.929810   1.993723
8.918047   1.990440
8.906544   1.987203
8.895293   1.984012
8.884284   1.980866
8.873511   1.977765
8.862966   1.974706
8.852642   1.971691
8.842534   1.968716
8.832633   1.965783
8.822935   1.962890
8.813433   1.960036
8.804121   1.957221
8.794995   1.954444
