904.481368   0.562411
919.843606   0.564079
933.675917   0.565754
946.220585   0.567419
957.670156   0.569065
968.198958   0.570683
977.933888   0.572271
987.001538   0.573827
995.507099   0.575351
1003.535895   0.576842
1011.163809   0.578302
1018.449836   0.579730
1025.454963   0.581129
1032.225330   0.582502
1038.818817   0.583850
1045.271377   0.585173
1051.614019   0.586475
1057.877052   0.587756
1064.088599   0.589018
1070.278043   0.590261
1076.442323   0.591488
1082.586661   0.592695
1088.750435   0.593888
1094.956091   0.595069
1101.220136   0.596238
1107.554213   0.597397
1113.977417   0.598545
1120.479652   0.599684
1127.091184   0.600814
1133.800056   0.601935
1140.628380   0.603050
1147.582988   0.604157
1154.667228   0.605258
1161.886788   0.606352
1169.248405   0.607441
1176.743923   0.608524
1184.380521   0.609601
1192.167578   0.610674
1200.106369   0.611742
1208.214019   0.612808
1216.496087   0.613871
1224.953508   0.614932
1233.592466   0.615991
1242.419164   0.617048
1251.438720   0.618104
1260.645261   0.619159
1270.052241   0.620214
1279.655178   0.621268
1289.444255   0.622320
1299.409478   0.623368
1309.476068   0.624411
1319.702467   0.625449
1330.063673   0.626484
1340.562514   0.627515
1351.194442   0.628542
1361.969908   0.629568
1373.034736   0.630603
1384.427818   0.631650
1396.159071   0.632709
1408.246713   0.633778
1420.674037   0.634859
1433.496391   0.635950
1446.628273   0.637053
1460.165602   0.638165
1474.090122   0.639289
1488.405538   0.640424
1503.138226   0.641572
1518.316806   0.642733
1533.945957   0.643907
1550.020153   0.645094
1566.561970   0.646294
1583.583214   0.647507
1601.084225   0.648734
1619.078831   0.649974
1637.581233   0.651226
1656.592641   0.652492
1676.145338   0.653772
1696.272734   0.655066
1716.980681   0.656375
1738.304649   0.657697
1760.215798   0.659033
1782.759412   0.660381
1805.966302   0.661740
1829.791783   0.663110
1854.305115   0.664487
1879.512542   0.665870
1905.398150   0.667256
1932.022416   0.668642
1959.364125   0.670024
1987.508501   0.671399
2016.460834   0.672760
2046.272867   0.674101
2396.555510   0.683810
2889.667470   0.672001
3687.059351   0.597802
5082.571298   0.339930
532.248656   0.083319
181.471433   0.082330
108.175594   0.083813
77.586507   0.085862
61.037045   0.088171
50.745714   0.090632
43.768457   0.093188
38.740838   0.095812
34.961201   0.098482
32.019420   0.101187
29.670725   0.103916
27.755495   0.106662
26.164530   0.109423
24.824759   0.112190
23.681753   0.114963
22.695573   0.117740
21.837451   0.120516
21.084209   0.123291
20.417874   0.126064
19.825009   0.128833
19.294455   0.131597
18.816717   0.134356
18.384745   0.137110
17.992638   0.139855
17.635013   0.142595
17.307651   0.145327
17.007134   0.148051
16.730466   0.150766
16.474807   0.153474
16.237990   0.156173
16.018173   0.158864
15.813695   0.161544
15.622928   0.164217
15.444624   0.166881
15.277714   0.169535
15.121224   0.172180
14.974176   0.174816
14.835751   0.177443
14.705303   0.180062
14.582225   0.182670
14.465936   0.185269
14.355859   0.187859
14.251557   0.190441
14.152637   0.193014
14.058733   0.195576
13.969485   0.198129
13.884534   0.200675
13.803620   0.203211
13.726493   0.205739
13.652923   0.208257
13.582681   0.210765
13.515533   0.213266
13.451300   0.215759
13.389822   0.218242
13.330950   0.220717
13.274538   0.223182
13.220423   0.225640
13.168479   0.228089
13.118593   0.230531
13.070666   0.232963
13.024597   0.235387
12.980289   0.237803
12.937637   0.240210
12.896557   0.242610
12.856982   0.245003
12.818839   0.247387
12.782064   0.249762
12.746593   0.252129
12.712350   0.254489
12.679281   0.256842
12.647337   0.259187
12.616474   0.261524
12.586637   0.263854
12.557791   0.266175
12.529883   0.268489
12.502871   0.270796
12.476719   0.273096
12.451395   0.275388
12.426866   0.277673
12.403101   0.279951
12.380069   0.282221
12.357735   0.284484
12.336072   0.286740
12.315054   0.288990
12.294660   0.291233
12.274867   0.293468
12.105455   0.315448
11.977351   0.336598
11.878334   0.356897
11.800155   0.376437
11.737384   0.395288
11.686286   0.413510
11.644208   0.431152
11.609215   0.448258
11.579864   0.464865
11.555064   0.481006
11.533969   0.496710
11.515920   0.512004
11.500396   0.526911
11.486979   0.541451
11.475331   0.555645
11.465176   0.569509
11.456288   0.583059
11.448480   0.596311
11.441596   0.609277
11.435504   0.621971
11.430094   0.634403
11.425273   0.646585
11.420962   0.658526
11.417092   0.670237
11.413606   0.681725
11.410452   0.692998
11.407588   0.704066
11.404976   0.714935
11.402583   0.725611
11.400382   0.736102
11.398346   0.746413
11.396455   0.756550
11.394689   0.766519
11.393032   0.776325
11.391469   0.785973
11.389987   0.795467
11.388575   0.804812
11.387222   0.814013
11.385919   0.823073
11.384659   0.831997
11.383435   0.840788
11.382239   0.849449
11.381068   0.857985
11.379915   0.866398
11.378778   0.874691
11.377650   0.882868
11.376530   0.890932
11.375414   0.898884
11.374300   0.906729
11.373184   0.914469
11.372071   0.922120
11.370965   0.929691
11.369871   0.937185
11.368793   0.944609
11.367733   0.951964
11.366692   0.959251
11.365671   0.966471
11.364671   0.973625
11.363690   0.980713
11.362729   0.987737
11.361786   0.994698
11.360862   1.001595
11.359955   1.008431
11.359065   1.015206
11.358190   1.021920
11.357331   1.028575
11.356485   1.035171
11.355652   1.041709
11.354831   1.048189
11.354022   1.054613
11.353223   1.060981
11.352434   1.067293
11.351653   1.073552
11.350881   1.079756
11.350116   1.085908
11.349358   1.092006
11.348606   1.098054
11.347859   1.104049
11.347117   1.109994
11.346379   1.115890
11.345644   1.121736
11.344913   1.127533
11.344183   1.133282
11.343456   1.138984
11.342731   1.144638
11.342007   1.150247
11.341283   1.155809
11.340560   1.161326
11.339836   1.166799
11.339112   1.172227
11.331783   1.224189
11.324142   1.272263
11.316061   1.316866
11.307491   1.358359
11.298424   1.397052
11.288881   1.433217
11.278894   1.467091
11.268504   1.498880
11.257754   1.528769
11.246685   1.556917
11.235338   1.583470
11.223751   1.608554
11.211959   1.632284
11.199994   1.654762
11.187884   1.676082
11.175657   1.696325
11.163336   1.715569
11.150941   1.733880
11.138493   1.751322
11.126007   1.767952
11.113499   1.783821
11.100983   1.798976
11.088469   1.813463
11.075969   1.827320
11.063493   1.840585
11.051048   1.853291
11.038643   1.865472
11.026283   1.877155
11.013974   1.888368
11.001721   1.899136
10.989530   1.909483
10.977403   1.919430
10.965344   1.928998
10.953357   1.938206
10.941443   1.947071
10.929605   1.955610
10.917846   1.963839
10.906165   1.971773
10.894566   1.979425
10.883048   1.986807
10.871613   1.993933
10.860261   2.000814
10.848994   2.007460
10.837811   2.013881
10.826713   2.020087
10.815700   2.026088
10.804771   2.031892
10.793927   2.037506
10.783168   2.042939
10.772493   2.048198
10.761904   2.053288
10.751399   2.058215
10.740979   2.062986
10.730642   2.067605
10.720387   2.072078
10.710215   2.076409
10.700124   2.080604
10.690113   2.084666
10.680182   2.088600
10.670329   2.092410
10.660553   2.096101
10.650853   2.099676
10.641229   2.103138
10.631679   2.106492
10.622203   2.109740
10.612799   2.112887
10.603466   2.115934
10.594204   2.118886
10.585011   2.121746
10.575888   2.124515
10.566832   2.127197
10.557843   2.129795
10.548920   2.132311
10.540062   2.134747
10.531268   2.137106
10.522538   2.139390
10.513871   2.141602
10.505265   2.143743
10.496722   2.145816
10.488237   2.147822
10.479813   2.149764
10.471448   2.151643
10.463141   2.153461
10.454891   2.155220
10.446698   2.156922
10.438561   2.158568
10.430480   2.160159
10.422453   2.161698
10.414481   2.163186
10.406562   2.164623
10.330187   2.176540
10.258548   2.184740
10.191170   2.190082
10.127644   2.193204
10.067621   2.194588
10.010790   2.194602
9.956884   2.193532
9.905663   2.191601
9.856915   2.188983
9.810452   2.185820
9.766104   2.182222
9.723721   2.178279
9.683164   2.174064
9.644310   2.169637
9.607047   2.165047
9.571272   2.160332
9.536892   2.155526
9.503823   2.150656
9.471986   2.145744
9.441309   2.140809
9.411727   2.135866
9.383179   2.130929
9.355609   2.126007
9.328965   2.121109
9.303198   2.116242
9.278265   2.111414
9.254124   2.106627
9.230735   2.101887
9.208064   2.097196
9.186075   2.092558
9.164738   2.087973
9.144024   2.083445
9.123904   2.078973
9.104353   2.074558
9.085346   2.070202
9.066860   2.065904
9.048873   2.061665
9.031366   2.057484
9.014319   2.053362
8.997714   2.049297
8.981533   2.045290
8.965761   2.041340
8.950382   2.037446
8.935380   2.033608
8.920744   2.029825
8.906459   2.026096
8.892512   2.022420
8.878892   2.018798
8.865588   2.015227
8.852588   2.011707
8.839884   2.008237
8.827463   2.004816
8.815318   2.001444
8.803440   1.998120
8.791819   1.994842
8.780448   1.991610
8.769319   1.988424
8.758424   1.985282
8.747756   1.982183
8.737309   1.979127
8.727076   1.976113
8.717050   1.973140
8.707226   1.970208
8.697597   1.967315
8.688158   1.964461
8.678904   1.961645
8.669829   1.958867
8.660930   1.956125
8.652199   1.953420
