856.716055   0.574157
866.596022   0.576160
875.553443   0.578106
883.852628   0.579995
891.696627   0.581830
899.201879   0.583613
906.527678   0.585349
913.760875   0.587042
920.962703   0.588696
928.210638   0.590314
935.550836   0.591899
943.027436   0.593455
950.654370   0.594982
958.477128   0.596485
966.521756   0.597966
974.812296   0.599426
983.366144   0.600869
992.205006   0.602295
1001.333085   0.603705
1010.774367   0.605102
1020.543138   0.606487
1030.611035   0.607857
1041.008948   0.609216
1051.769974   0.610567
1062.902694   0.611911
1074.450886   0.613250
1086.358576   0.614583
1098.693772   0.615912
1111.442384   0.617236
1124.636550   0.618559
1138.278274   0.619879
1152.388071   0.621198
1166.960950   0.622518
1182.029934   0.623837
1197.605239   0.625159
1213.667354   0.626481
1230.233262   0.627805
1247.351811   0.629134
1265.044017   0.630470
1283.326588   0.631813
1302.223122   0.633165
1321.740505   0.634526
1341.908983   0.635899
1362.749157   0.637283
1384.281822   0.638681
1406.525928   0.640093
1429.502745   0.641520
1453.398613   0.642973
1478.525615   0.644467
1504.969614   0.646003
1532.789980   0.647581
1562.038376   0.649202
1592.809345   0.650867
1625.162864   0.652575
1659.184464   0.654327
1694.952002   0.656121
1732.556619   0.657957
1772.091975   0.659830
1813.648512   0.661736
1857.335925   0.663665
1903.233063   0.665606
1951.479769   0.667539
2002.150999   0.669439
2055.422953   0.671270
2111.430591   0.672985
2170.306755   0.674523
2232.305439   0.675807
2297.661813   0.676744
2366.695662   0.677222
2439.824478   0.677111
2517.548470   0.676267
2600.259666   0.674527
2688.883044   0.671707
2784.143568   0.667600
2886.969863   0.661964
2998.529504   0.654508
3120.126067   0.644885
3253.512288   0.632683
3400.690453   0.617415
3564.193001   0.598509
3746.828010   0.575269
3951.515086   0.546802
4180.612905   0.511910
4433.364550   0.468905
4698.341537   0.415299
4927.864915   0.347384
4947.070486   0.261230
4187.626670   0.165596
2389.501152   0.108077
1251.469938   0.093011
775.183361   0.088804
545.303184   0.087167
126.894549   0.087663
72.848167   0.092039
52.610335   0.097068
42.203947   0.102339
35.930371   0.107701
31.764992   0.113077
28.813234   0.118422
26.620784   0.123709
24.933289   0.128918
23.597588   0.134038
22.516236   0.139060
21.624331   0.143978
20.877069   0.148790
20.242575   0.153494
19.697561   0.158088
19.224667   0.162573
18.810663   0.166950
18.445313   0.171220
18.120619   0.175384
17.830187   0.179446
17.568909   0.183406
17.332530   0.187267
17.117699   0.191031
16.921547   0.194701
16.741713   0.198279
16.575934   0.201774
16.420095   0.205251
16.272963   0.208727
16.134074   0.212198
16.002936   0.215662
15.878922   0.219121
15.761530   0.222576
15.650368   0.226024
15.545062   0.229464
15.445225   0.232894
15.350409   0.236318
15.260318   0.239735
15.174667   0.243142
15.093209   0.246539
15.015675   0.249926
14.941762   0.253304
14.871267   0.256673
14.804007   0.260032
14.739803   0.263379
14.678486   0.266715
14.619847   0.270041
14.563731   0.273358
14.510014   0.276664
14.458574   0.279959
14.409297   0.283242
14.362054   0.286513
14.316718   0.289774
14.273195   0.293025
14.231398   0.296265
14.191247   0.299494
14.152663   0.302710
14.115567   0.305915
14.079866   0.309109
14.045496   0.312293
14.012400   0.315467
13.980522   0.318629
13.949808   0.321779
13.920207   0.324917
13.891656   0.328045
13.864105   0.331162
13.837513   0.334269
13.811839   0.337365
13.787049   0.340450
13.763105   0.343524
13.739973   0.346586
13.717608   0.349637
13.695978   0.352679
13.675056   0.355710
13.654813   0.358731
13.635225   0.361741
13.616269   0.364740
13.597916   0.367728
13.580140   0.370705
13.562917   0.373673
13.546227   0.376631
13.530050   0.379579
13.514368   0.382517
13.499165   0.385444
13.484423   0.388361
13.470126   0.391267
13.456251   0.394163
13.442783   0.397050
13.429712   0.399928
13.417022   0.402796
13.404700   0.405654
13.299188   0.433706
13.219289   0.460843
13.158062   0.487117
13.110735   0.512578
13.073932   0.537272
13.045213   0.561240
13.022777   0.584520
13.005275   0.607149
12.991675   0.629091
12.980854   0.649986
12.971806   0.669901
12.963942   0.688931
12.956874   0.707152
12.950335   0.724631
12.944140   0.741425
12.938160   0.757588
12.932302   0.773163
12.926499   0.788191
12.920706   0.802710
12.914890   0.816751
12.909029   0.830343
12.903107   0.843515
12.897115   0.856289
12.891046   0.868687
12.884900   0.880731
12.878673   0.892438
12.872368   0.903827
12.865986   0.914912
12.859530   0.925708
12.853004   0.936229
12.846411   0.946488
12.839755   0.956496
12.833040   0.966264
12.826270   0.975803
12.819449   0.985121
12.812581   0.994228
12.805670   1.003133
12.798718   1.011843
12.791732   1.020365
12.784712   1.028708
12.777663   1.036877
12.770588   1.044878
12.763490   1.052718
12.756372   1.060402
12.749235   1.067935
12.742083   1.075324
12.734918   1.082571
12.727742   1.089683
12.720558   1.096663
12.713368   1.103515
12.706173   1.110243
12.698975   1.116852
12.691775   1.123345
12.684576   1.129724
12.677379   1.135995
12.670185   1.142159
12.662996   1.148219
12.655812   1.154179
12.648635   1.160041
12.641466   1.165809
12.634303   1.171486
12.627134   1.177102
12.619970   1.182662
12.612818   1.188173
12.605682   1.193641
12.598573   1.199067
12.591495   1.204453
12.584454   1.209800
12.577454   1.215106
12.570497   1.220374
12.563587   1.225605
12.556726   1.230797
12.549915   1.235951
12.543155   1.241069
12.536447   1.246151
12.529793   1.251196
12.523193   1.256205
12.516647   1.261179
12.510155   1.266117
12.503718   1.271020
12.497336   1.275889
12.491008   1.280723
12.484734   1.285523
12.478514   1.290290
12.472347   1.295022
12.466234   1.299722
12.460173   1.304388
12.454164   1.309022
12.448207   1.313624
12.442301   1.318193
12.385915   1.362172
12.333931   1.403216
12.285719   1.441563
12.240725   1.477438
12.198483   1.511047
12.158612   1.542578
12.120797   1.572201
12.084779   1.600071
12.050346   1.626327
12.017320   1.651096
11.985555   1.674491
11.954925   1.696615
11.925326   1.717562
11.896667   1.737417
11.868871   1.756256
11.841872   1.774150
11.815612   1.791162
11.790038   1.807352
11.765106   1.822772
11.740777   1.837472
11.717014   1.851496
11.693785   1.864885
11.671062   1.877679
11.648819   1.889911
11.627031   1.901615
11.605678   1.912820
11.584740   1.923555
11.564198   1.933845
11.544035   1.943715
11.524237   1.953186
11.504789   1.962279
11.485676   1.971014
11.466888   1.979409
11.448412   1.987481
11.430236   1.995246
11.412351   2.002719
11.394748   2.009913
11.377417   2.016842
11.360349   2.023517
11.343536   2.029952
11.326971   2.036156
11.310646   2.042139
11.294556   2.047912
11.278689   2.053484
11.263044   2.058862
11.247613   2.064056
11.232390   2.069073
11.217371   2.073921
11.202548   2.078605
11.187920   2.083134
11.173477   2.087512
11.159218   2.091747
11.145138   2.095843
11.131232   2.099806
11.117497   2.103641
11.103928   2.107352
11.090520   2.110946
11.077273   2.114424
11.064181   2.117793
11.051242   2.121054
11.038454   2.124212
11.025812   2.127269
11.013315   2.130230
11.000958   2.133096
10.988740   2.135871
10.976656   2.138558
10.964706   2.141159
10.952885   2.143677
10.941191   2.146114
10.929621   2.148474
10.918173   2.150757
10.906845   2.152967
10.895633   2.155105
10.884536   2.157174
10.873552   2.159176
10.862677   2.161112
10.851911   2.162985
10.841251   2.164796
10.830694   2.166547
10.820239   2.168240
10.809885   2.169877
10.799628   2.171458
10.789468   2.172986
10.779402   2.174462
10.769429   2.175887
10.759547   2.177264
10.749755   2.178592
10.740051   2.179874
10.730433   2.181111
10.720900   2.182304
10.629944   2.192061
10.546102   2.198525
10.468386   2.202450
10.396011   2.204398
10.328339   2.204798
10.264846   2.203980
10.205092   2.202198
10.148706   2.199653
10.095371   2.196502
10.044812   2.192872
9.996790   2.188864
9.951097   2.184558
9.907548   2.180021
9.865980   2.175305
9.826246   2.170456
9.788217   2.165509
9.751776   2.160492
9.716816   2.155431
9.683240   2.150346
9.650963   2.145253
9.619905   2.140166
9.589994   2.135096
9.561162   2.130052
9.533349   2.125042
9.506499   2.120073
9.480558   2.115149
9.455481   2.110274
9.431222   2.105452
9.407740   2.100686
9.384996   2.095977
9.362956   2.091327
9.341585   2.086737
9.320852   2.082208
9.300729   2.077741
9.281189   2.073335
9.262204   2.068991
9.243753   2.064709
9.225811   2.060488
9.208359   2.056327
9.191375   2.052227
9.174841   2.048186
9.158739   2.044205
9.143052   2.040282
9.127765   2.036416
9.112862   2.032607
9.098329   2.028854
9.084153   2.025155
9.070319   2.021511
9.056817   2.017920
9.043635   2.014381
9.030761   2.010893
9.018185   2.007456
9.005897   2.004068
8.993888   2.000729
8.982147   1.997438
8.970667   1.994193
8.959439   1.990995
8.948455   1.987841
8.937708   1.984732
8.927190   1.981666
8.916894   1.978643
8.906813   1.975661
8.896941   1.972721
8.887273   1.969820
8.877801   1.966959
8.868521   1.964137
8.859426   1.961353
8.850512   1.958606
8.841773   1.955895
8.833205   1.953220
