892.328078   0.571890
909.695392   0.573445
925.913168   0.575002
941.163881   0.576552
955.604559   0.578086
969.361325   0.579601
982.541569   0.581094
995.222068   0.582564
1007.490474   0.584011
1019.405043   0.585434
1031.024268   0.586835
1042.395754   0.588213
1053.559682   0.589569
1064.549203   0.590906
1075.411369   0.592223
1086.142292   0.593520
1096.782470   0.594800
1107.372820   0.596064
1117.925380   0.597313
1128.470843   0.598548
1139.016929   0.599769
1149.565530   0.600979
1160.160356   0.602176
1170.798921   0.603363
1181.497863   0.604540
1192.267683   0.605708
1203.078092   0.606864
1213.959073   0.608011
1224.943836   0.609152
1236.047342   0.610288
1247.266832   0.611418
1258.620594   0.612543
1270.118805   0.613665
1281.768493   0.614782
1293.572453   0.615897
1305.548037   0.617009
1317.700266   0.618119
1330.017510   0.619228
1342.517639   0.620335
1355.209597   0.621441
1368.097885   0.622546
1381.189429   0.623652
1394.490856   0.624759
1408.000049   0.625866
1421.690802   0.626971
1435.603644   0.628079
1449.726986   0.629187
1464.095294   0.630299
1478.704043   0.631414
1493.567158   0.632532
1508.687699   0.633653
1524.071506   0.634779
1539.725211   0.635908
1555.650567   0.637042
1571.855238   0.638180
1588.351851   0.639322
1605.128907   0.640469
1622.199625   0.641620
1639.516795   0.642772
1657.044845   0.643924
1674.794374   0.645075
1692.767786   0.646226
1710.893266   0.647375
1729.248095   0.648522
1747.810774   0.649668
1766.560130   0.650811
1785.529453   0.651953
1804.908643   0.653102
1824.777663   0.654262
1845.135916   0.655430
1866.007550   0.656605
1887.410167   0.657785
1909.340647   0.658968
1931.770770   0.660151
1954.775018   0.661333
1978.331986   0.662509
2002.484542   0.663677
2027.242781   0.664834
2052.646292   0.665976
2078.696120   0.667097
2105.423060   0.668190
2132.835888   0.669250
2160.954863   0.670267
2189.780403   0.671235
2219.375392   0.672143
2249.713145   0.672980
2280.901271   0.673736
2312.882899   0.674399
2345.815858   0.674955
2379.694995   0.675390
2414.605802   0.675688
2450.528877   0.675832
2883.977351   0.664347
3541.263029   0.607280
4667.619360   0.437361
1473.974231   0.092520
280.887910   0.083219
147.037484   0.083708
99.476749   0.085136
75.579770   0.086926
61.363077   0.088908
51.990217   0.091011
45.379112   0.093193
40.479442   0.095433
36.714379   0.097713
33.734742   0.100023
31.323907   0.102354
29.333997   0.104701
27.667113   0.107058
26.250814   0.109423
25.033979   0.111792
23.978364   0.114162
23.053840   0.116534
22.238555   0.118903
21.514294   0.121269
20.866852   0.123632
20.285243   0.125989
19.759812   0.128341
19.282997   0.130688
18.848763   0.133027
18.451530   0.135359
18.086889   0.137684
17.751261   0.140001
17.441289   0.142310
17.154144   0.144612
16.887592   0.146904
16.639551   0.149188
16.408091   0.151463
16.191716   0.153731
15.989110   0.155988
15.798966   0.158237
15.620170   0.160478
15.451830   0.162710
15.293106   0.164932
15.143158   0.167145
15.001305   0.169351
14.866969   0.171547
14.739609   0.173734
14.618653   0.175912
14.503659   0.178082
14.394239   0.180243
14.290031   0.182395
14.190644   0.184539
14.095761   0.186674
14.005115   0.188801
13.918459   0.190919
13.835524   0.193028
13.756072   0.195130
13.679906   0.197223
13.606851   0.199308
13.536735   0.201384
13.469366   0.203452
13.404594   0.205513
13.342290   0.207566
13.282353   0.209610
13.224591   0.211647
13.168940   0.213675
13.115271   0.215697
13.063500   0.217710
13.013534   0.219716
12.965285   0.221714
12.918659   0.223705
12.873581   0.225688
12.829986   0.227664
12.787810   0.229633
12.746987   0.231594
12.707415   0.233550
12.669039   0.235501
12.631815   0.237447
12.595701   0.239388
12.560656   0.241324
12.526638   0.243254
12.493596   0.245179
12.461495   0.247100
12.430302   0.249016
12.399985   0.250926
12.370515   0.252832
12.341859   0.254732
12.313981   0.256627
12.286852   0.258518
12.260449   0.260404
12.234745   0.262285
12.011347   0.280825
11.836592   0.298895
11.697463   0.316516
11.585070   0.333709
11.493159   0.350495
11.417235   0.366893
11.353974   0.382921
11.300879   0.398597
11.256038   0.413936
11.217969   0.428953
11.185504   0.443663
11.157715   0.458077
11.133854   0.472208
11.113315   0.486067
11.095601   0.499666
11.080299   0.513013
11.067071   0.526117
11.055629   0.538988
11.045734   0.551633
11.037181   0.564061
11.029796   0.576279
11.023433   0.588292
11.017964   0.600110
11.013278   0.611736
11.009280   0.623177
11.005889   0.634439
11.003032   0.645527
11.000646   0.656446
10.998678   0.667201
10.997076   0.677797
10.995800   0.688237
10.994811   0.698526
10.994077   0.708668
10.993568   0.718667
10.993257   0.728526
10.993121   0.738250
10.993140   0.747841
10.993295   0.757303
10.993568   0.766639
10.993946   0.775852
10.994416   0.784944
10.994964   0.793919
10.995581   0.802779
10.996256   0.811527
10.996982   0.820166
10.997749   0.828697
10.998553   0.837125
10.999393   0.845461
11.000266   0.853707
11.001171   0.861869
11.002108   0.869950
11.003074   0.877950
11.004066   0.885873
11.005082   0.893717
11.006118   0.901486
11.007173   0.909180
11.008243   0.916799
11.009327   0.924345
11.010421   0.931820
11.011524   0.939223
11.012633   0.946558
11.013747   0.953823
11.014864   0.961020
11.015982   0.968151
11.017099   0.975215
11.018214   0.982215
11.019325   0.989151
11.020432   0.996023
11.021532   1.002833
11.022626   1.009582
11.023712   1.016270
11.024788   1.022898
11.025854   1.029468
11.026910   1.035979
11.027954   1.042433
11.028986   1.048831
11.030005   1.055173
11.031011   1.061459
11.032002   1.067692
11.032980   1.073871
11.033942   1.079996
11.034889   1.086070
11.035821   1.092093
11.036736   1.098064
11.037635   1.103985
11.038518   1.109857
11.039384   1.115680
11.040233   1.121454
11.041065   1.127181
11.041880   1.132861
11.049059   1.187197
11.054476   1.237420
11.058199   1.283986
11.060348   1.327287
11.061062   1.367657
11.060484   1.405385
11.058750   1.440721
11.055986   1.473885
11.052309   1.505068
11.047822   1.534441
11.042619   1.562153
11.036783   1.588338
11.030389   1.613116
11.023503   1.636594
11.016184   1.658867
11.008483   1.680022
11.000447   1.700138
10.992118   1.719287
10.983533   1.737532
10.974723   1.754933
10.965720   1.771543
10.956548   1.787413
10.947232   1.802587
10.937792   1.817108
10.928247   1.831013
10.918614   1.844338
10.908909   1.857115
10.899144   1.869376
10.889333   1.881148
10.879486   1.892458
10.869612   1.903329
10.859722   1.913785
10.849823   1.923846
10.839921   1.933532
10.830025   1.942862
10.820139   1.951852
10.810269   1.960520
10.800419   1.968880
10.790595   1.976947
10.780799   1.984733
10.771035   1.992252
10.761307   1.999516
10.751616   2.006534
10.741966   2.013319
10.732359   2.019880
10.722798   2.026224
10.713283   2.032360
10.703816   2.038296
10.694399   2.044038
10.685032   2.049594
10.675716   2.054970
10.666450   2.060172
10.657236   2.065207
10.648074   2.070080
10.638963   2.074797
10.629904   2.079363
10.620897   2.083783
10.611942   2.088063
10.603039   2.092206
10.594187   2.096217
10.585386   2.100101
10.576638   2.103862
10.567940   2.107503
10.559293   2.111030
10.550696   2.114444
10.542151   2.117751
10.533655   2.120953
10.525209   2.124054
10.516813   2.127057
10.508467   2.129964
10.500169   2.132780
10.491920   2.135506
10.483720   2.138146
10.475568   2.140702
10.467463   2.143177
10.459407   2.145573
10.451397   2.147892
10.443435   2.150137
10.435519   2.152311
10.427649   2.154414
10.419825   2.156450
10.412047   2.158419
10.404314   2.160325
10.396626   2.162169
10.388983   2.163953
10.381384   2.165678
10.373829   2.167346
10.366318   2.168959
10.358850   2.170518
10.351426   2.172025
10.279474   2.184523
10.211480   2.193146
10.147143   2.198797
10.086187   2.202145
10.028354   2.203694
9.973410   2.203827
9.921141   2.202842
9.871350   2.200968
9.823860   2.198389
9.778510   2.195247
9.735153   2.191659
9.693653   2.187716
9.653889   2.183494
9.615750   2.179054
9.579132   2.174446
9.543942   2.169710
9.510095   2.164880
9.477511   2.159983
9.446117   2.155044
9.415847   2.150080
9.386638   2.145108
9.358434   2.140140
9.331180   2.135187
9.304827   2.130259
9.279331   2.125362
9.254648   2.120503
9.230738   2.115686
9.207564   2.110916
9.185092   2.106196
9.163289   2.101528
9.142125   2.096915
9.121572   2.092358
9.101602   2.087858
9.082190   2.083416
9.063314   2.079034
9.044949   2.074710
9.027077   2.070445
9.009676   2.066239
8.992728   2.062092
8.976215   2.058003
8.960121   2.053972
8.944429   2.049999
8.929125   2.046083
8.914195   2.042223
8.899624   2.038418
8.885400   2.034668
8.871510   2.030972
8.857944   2.027328
8.844689   2.023738
8.831736   2.020198
8.819074   2.016710
8.806694   2.013271
8.794586   2.009881
8.782741   2.006538
8.771152   2.003244
8.759810   1.999995
8.748708   1.996792
8.737838   1.993634
8.727192   1.990519
8.716766   1.987448
8.706551   1.984418
8.696542   1.981431
8.686732   1.978484
8.677117   1.975577
8.667690   1.972709
8.658446   1.969879
8.649380   1.967088
8.640489   1.964333
8.631765   1.961615
8.623205   1.958932
