1002.208719   0.558444
1033.024894   0.559376
1063.357937   0.560361
1093.411484   0.561382
1123.364831   0.562429
1153.358372   0.563494
1183.516217   0.564572
1213.952348   0.565659
1244.766310   0.566752
1276.048514   0.567851
1307.879347   0.568954
1340.345658   0.570060
1373.504900   0.571170
1407.425918   0.572282
1442.190867   0.573396
1477.856294   0.574511
1514.489552   0.575626
1552.148417   0.576739
1590.893437   0.577847
1630.790502   0.578948
1671.893182   0.580036
1714.277620   0.581105
1757.972499   0.582147
1803.064360   0.583153
1849.599840   0.584109
1897.562500   0.584999
1947.135858   0.585804
1998.316111   0.586501
2051.251590   0.587060
2106.034187   0.587446
2162.659462   0.587619
2221.340832   0.587530
2282.159183   0.587126
2345.271898   0.586342
2410.877856   0.585107
2479.108183   0.583343
2550.249014   0.580960
2624.417853   0.577867
2701.750099   0.573965
2782.856575   0.569122
2868.112664   0.563201
2957.948184   0.556046
3052.735267   0.547485
3152.960642   0.537317
3259.068634   0.525317
3371.240536   0.511235
3489.787586   0.494773
3614.269281   0.475579
3743.522661   0.453247
3874.605833   0.427298
4001.238099   0.397160
4110.432311   0.362202
4175.881858   0.321882
4146.120423   0.276200
3929.311676   0.227044
3415.425063   0.180438
2638.864511   0.145584
1882.607356   0.125733
1340.926276   0.115772
993.059888   0.110588
768.566460   0.107636
617.825287   0.105818
512.044062   0.104635
434.765912   0.103842
376.401647   0.103304
331.049500   0.102942
294.964889   0.102708
265.673133   0.102571
241.488303   0.102509
221.227997   0.102506
204.038969   0.102551
189.294576   0.102635
176.524358   0.102752
165.369451   0.102898
155.549251   0.103066
146.847371   0.103256
139.106382   0.103463
132.177710   0.103684
125.937712   0.103919
120.291738   0.104165
115.161607   0.104421
110.481926   0.104686
106.197566   0.104959
102.262073   0.105239
98.635864   0.105525
95.284930   0.105817
92.179975   0.106113
89.295734   0.106413
86.601849   0.106718
84.073461   0.107029
81.696525   0.107344
79.458663   0.107665
62.728197   0.111072
52.327419   0.114739
45.288168   0.118571
40.231465   0.122514
36.444066   0.126527
33.505617   0.130591
31.169101   0.134682
29.267898   0.138794
27.694782   0.142912
26.373734   0.147028
25.249408   0.151140
24.283323   0.155235
23.443618   0.159318
22.708341   0.163383
22.059778   0.167424
21.482996   0.171448
20.967620   0.175449
20.504517   0.179424
20.085845   0.183379
19.706042   0.187310
19.360154   0.191214
19.043536   0.195097
18.752929   0.198956
18.485525   0.202789
18.238457   0.206599
18.009555   0.210387
17.797084   0.214151
17.599441   0.217890
17.414964   0.221608
17.242481   0.225305
17.080988   0.228978
16.929522   0.232627
16.787063   0.236256
16.652906   0.239865
16.526425   0.243452
16.407042   0.247015
16.294097   0.250560
16.187107   0.254085
16.085672   0.257591
15.989419   0.261075
15.897961   0.264538
15.810906   0.267984
15.727985   0.271412
15.648941   0.274821
15.573544   0.278209
15.501539   0.281579
15.432677   0.284933
15.366785   0.288269
15.303700   0.291588
15.243269   0.294888
15.185332   0.298170
15.129710   0.301437
15.076288   0.304687
15.024954   0.307922
14.975607   0.311139
14.928144   0.314339
14.882444   0.317524
14.838410   0.320694
14.795968   0.323849
14.755044   0.326989
14.715569   0.330113
14.677476   0.333221
14.640678   0.336314
14.605116   0.339394
14.570736   0.342460
14.537493   0.345512
14.505332   0.348549
14.474215   0.351571
14.444079   0.354580
14.414881   0.357576
14.386584   0.360559
14.359153   0.363528
14.332553   0.366484
14.306754   0.369427
14.281724   0.372355
14.257418   0.375272
14.233810   0.378177
14.210877   0.381069
14.188595   0.383950
14.166938   0.386817
14.145888   0.389672
14.125417   0.392514
14.105498   0.395345
14.086109   0.398165
14.067238   0.400973
14.048866   0.403770
14.030974   0.406555
14.013549   0.409329
13.996574   0.412090
13.980028   0.414841
13.835325   0.441764
13.720895   0.467681
13.628802   0.492670
13.553580   0.516803
13.491350   0.540140
13.439294   0.562737
13.395321   0.584641
13.357847   0.605893
13.325759   0.626365
13.297826   0.645822
13.272945   0.664460
13.250471   0.682348
13.229912   0.699544
13.210911   0.716103
13.193187   0.732069
13.176520   0.747485
13.160739   0.762387
13.145709   0.776807
13.131316   0.790777
13.117475   0.804322
13.104110   0.817466
13.091162   0.830234
13.078580   0.842644
13.066322   0.854715
13.054354   0.866465
13.042645   0.877909
13.031169   0.889063
13.019905   0.899938
13.008835   0.910549
12.997942   0.920907
12.987212   0.931023
12.976633   0.940907
12.966194   0.950569
12.955886   0.960017
12.945701   0.969260
12.935632   0.978306
12.925671   0.987163
12.915813   0.995837
12.906053   1.004335
12.896386   1.012664
12.886809   1.020829
12.877316   1.028835
12.867906   1.036690
12.858574   1.044396
12.849319   1.051959
12.840137   1.059384
12.831025   1.066675
12.821984   1.073836
12.813007   1.080872
12.804096   1.087785
12.795248   1.094580
12.786462   1.101260
12.777735   1.107828
12.769068   1.114287
12.760457   1.120641
12.751903   1.126893
12.743403   1.133044
12.734958   1.139099
12.726565   1.145059
12.718223   1.150926
12.709929   1.156709
12.701681   1.162411
12.693461   1.168059
12.685278   1.173662
12.677141   1.179220
12.669057   1.184734
12.661030   1.190206
12.653065   1.195636
12.645163   1.201025
12.637327   1.206374
12.629559   1.211682
12.621860   1.216950
12.614231   1.222180
12.606672   1.227370
12.599184   1.232523
12.591766   1.237637
12.584420   1.242713
12.577143   1.247753
12.569936   1.252755
12.562800   1.257721
12.555732   1.262651
12.548732   1.267545
12.541801   1.272403
12.534938   1.277226
12.528138   1.282014
12.521405   1.286767
12.514737   1.291486
12.508133   1.296171
12.501591   1.300822
12.495112   1.305440
12.433519   1.349844
12.377125   1.391217
12.325118   1.429821
12.276814   1.465894
12.231654   1.499657
12.189183   1.531306
12.149034   1.561019
12.110905   1.588955
12.074552   1.615260
12.039770   1.640062
12.006390   1.663478
11.974269   1.685614
11.943289   1.706565
11.913345   1.726416
11.884351   1.745248
11.856231   1.763130
11.828918   1.780126
11.802354   1.796298
11.776490   1.811697
11.751279   1.826374
11.726682   1.840375
11.702663   1.853739
11.679189   1.866508
11.656231   1.878714
11.633763   1.890391
11.611761   1.901570
11.590203   1.912279
11.569067   1.922542
11.548337   1.932385
11.527994   1.941830
11.508023   1.950897
11.488409   1.959606
11.469138   1.967976
11.450197   1.976023
11.431575   1.983764
11.413259   1.991212
11.395240   1.998382
11.377507   2.005288
11.360051   2.011941
11.342863   2.018353
11.325935   2.024535
11.309259   2.030497
11.292827   2.036249
11.276632   2.041800
11.260666   2.047159
11.244925   2.052333
11.229401   2.057331
11.214089   2.062160
11.198982   2.066826
11.184076   2.071337
11.169365   2.075698
11.154845   2.079915
11.140509   2.083995
11.126355   2.087941
11.112378   2.091760
11.098572   2.095457
11.084935   2.099035
11.071463   2.102499
11.058151   2.105854
11.044996   2.109102
11.031996   2.112248
11.019147   2.115296
11.006446   2.118247
10.993891   2.121105
10.981478   2.123873
10.969205   2.126553
10.957069   2.129149
10.945066   2.131663
10.933195   2.134097
10.921451   2.136454
10.909834   2.138736
10.898340   2.140945
10.886966   2.143083
10.875711   2.145153
10.864572   2.147156
10.853547   2.149094
10.842633   2.150969
10.831828   2.152783
10.821130   2.154538
10.810538   2.156236
10.800048   2.157877
10.789660   2.159464
10.779371   2.160997
10.769179   2.162480
10.759083   2.163912
10.749081   2.165295
10.739171   2.166631
10.729352   2.167921
10.719622   2.169166
10.709979   2.170368
10.618043   2.180224
10.533408   2.186807
10.455043   2.190859
10.382132   2.192938
10.314013   2.193470
10.250145   2.192781
10.190073   2.191126
10.133416   2.188702
10.079849   2.185669
10.029089   2.182152
9.980893   2.178251
9.935048   2.174048
9.891366   2.169610
9.849680   2.164988
9.809843   2.160228
9.771722   2.155366
9.735198   2.150432
9.700165   2.145449
9.666524   2.140438
9.634188   2.135416
9.603076   2.130396
9.573116   2.125391
9.544240   2.120410
9.516387   2.115460
9.489500   2.110547
9.463526   2.105678
9.438418   2.100855
9.414131   2.096084
9.390622   2.091366
9.367855   2.086704
9.345792   2.082098
9.324400   2.077551
9.303648   2.073064
9.283507   2.068636
9.263949   2.064269
9.244949   2.059962
9.226482   2.055715
9.208527   2.051528
9.191060   2.047400
9.174064   2.043332
9.157518   2.039322
9.141405   2.035371
9.125708   2.031476
9.110410   2.027638
9.095497   2.023856
9.080954   2.020129
9.066769   2.016456
9.052927   2.012836
9.039417   2.009268
9.026227   2.005752
9.013345   2.002286
9.000762   1.998871
8.988466   1.995504
8.976450   1.992185
8.964702   1.988913
8.953216   1.985687
8.941982   1.982507
8.930991   1.979371
8.920238   1.976279
8.909714   1.973230
8.899412   1.970223
8.889326   1.967257
8.879449   1.964332
8.869774   1.961446
8.860297   1.958600
8.851012   1.955792
8.841912   1.953021
8.832993   1.950287
8.824250   1.947590
8.815677   1.944927
