875.074758   0.606976
901.830890   0.608304
929.091645   0.609617
956.958518   0.610918
985.527762   0.612211
1014.885704   0.613498
1045.114909   0.614780
1076.297664   0.616060
1108.511534   0.617341
1141.843024   0.618625
1176.374972   0.619917
1212.189445   0.621221
1249.377202   0.622540
1288.025913   0.623880
1328.230624   0.625246
1370.073125   0.626642
1413.658483   0.628071
1459.088830   0.629537
1506.454456   0.631041
1555.865376   0.632583
1607.438522   0.634161
1661.267882   0.635769
1717.479639   0.637399
1776.165410   0.639036
1837.467939   0.640658
1901.475000   0.642232
1968.317319   0.643711
2038.140415   0.645033
2111.086858   0.646112
2187.379480   0.646842
2267.274339   0.647092
2351.127501   0.646706
2439.332219   0.645506
2532.373303   0.643298
2631.006818   0.639863
2736.050375   0.634957
2848.500197   0.628302
2969.433978   0.619579
3100.091063   0.608413
3242.105457   0.594362
3397.217121   0.576913
3567.255875   0.555454
3754.023276   0.529237
3958.007747   0.497302
4176.802176   0.458369
4398.788435   0.410690
4585.969494   0.351937
4624.215695   0.280032
4204.885608   0.199386
2970.575244   0.135210
1712.985264   0.108490
1049.858707   0.100012
720.858591   0.096720
538.248272   0.095171
425.654031   0.094377
350.465985   0.093975
297.192351   0.093803
257.700497   0.093781
227.379116   0.093861
203.436721   0.094014
184.090939   0.094223
168.160777   0.094475
154.833964   0.094760
143.536691   0.095072
133.846995   0.095405
125.450289   0.095757
118.107162   0.096124
111.634983   0.096504
105.889703   0.096894
100.757683   0.097294
96.150716   0.097701
91.995490   0.098114
88.227203   0.098533
84.795207   0.098956
81.654536   0.099384
78.770362   0.099815
76.112587   0.100250
73.656197   0.100687
71.380260   0.101127
69.263574   0.101569
67.292345   0.102013
65.451552   0.102458
63.729009   0.102905
62.113510   0.103353
60.595792   0.103801
59.167262   0.104250
57.820480   0.104700
56.548504   0.105150
55.345554   0.105600
54.206165   0.106050
53.125490   0.106501
52.099193   0.106951
44.142939   0.111406
38.916693   0.115714
35.138583   0.119979
32.272410   0.124215
30.024740   0.128417
28.216278   0.132582
26.731608   0.136705
25.490539   0.140788
24.439013   0.144826
23.536403   0.148824
22.753892   0.152777
22.069281   0.156686
21.465376   0.160552
20.929232   0.164371
20.449577   0.168150
20.018486   0.171884
19.628615   0.175579
19.274416   0.179234
18.951442   0.182848
18.655390   0.186427
18.383258   0.189968
18.132309   0.193473
17.899948   0.196945
17.684363   0.200384
17.483816   0.203789
17.296634   0.207164
17.121644   0.210509
16.957751   0.213822
16.803781   0.217108
16.658931   0.220367
16.522490   0.223596
16.393663   0.226800
16.271822   0.229979
16.156469   0.233131
16.047143   0.236258
15.943253   0.239362
15.844485   0.242443
15.750496   0.245501
15.660936   0.248535
15.575457   0.251548
15.493817   0.254540
15.415787   0.257510
15.341134   0.260459
15.269597   0.263389
15.201015   0.266300
15.135227   0.269190
15.072072   0.272061
15.011361   0.274914
14.952966   0.277749
14.896772   0.280566
14.842674   0.283365
14.790530   0.286146
14.740236   0.288911
14.691705   0.291659
14.644859   0.294391
14.599613   0.297106
14.555870   0.299805
14.513556   0.302489
14.472615   0.305158
14.432989   0.307812
14.394615   0.310449
14.357420   0.313073
14.321355   0.315683
14.286376   0.318278
14.252440   0.320859
14.219505   0.323426
14.187514   0.325979
14.156429   0.328520
14.126217   0.331047
14.096846   0.333561
14.068286   0.336062
14.040497   0.338550
14.013444   0.341025
13.987102   0.343489
13.961448   0.345941
13.936458   0.348380
13.912108   0.350806
13.888365   0.353222
13.865209   0.355626
13.842621   0.358019
13.820582   0.360400
13.799077   0.362770
13.778084   0.365128
13.757581   0.367476
13.737552   0.369813
13.717981   0.372140
13.698857   0.374456
13.680166   0.376761
13.661894   0.379056
13.644022   0.381341
13.484848   0.403654
13.354609   0.425056
13.246171   0.445634
13.154555   0.465457
13.076010   0.484652
13.007986   0.503334
12.948716   0.521501
12.896701   0.539179
12.850751   0.556395
12.809908   0.573171
12.773396   0.589528
12.740581   0.605486
12.710941   0.621065
12.684043   0.636280
12.659525   0.651148
12.637081   0.665684
12.616455   0.679902
12.597426   0.693815
12.579810   0.707436
12.563444   0.720774
12.548188   0.733843
12.533924   0.746651
12.520547   0.759208
12.507965   0.771524
12.496098   0.783607
12.484875   0.795464
12.474236   0.807103
12.464124   0.818533
12.454491   0.829758
12.445293   0.840787
12.436493   0.851626
12.428055   0.862279
12.419948   0.872753
12.412146   0.883054
12.404622   0.893185
12.397354   0.903153
12.390322   0.912961
12.383507   0.922615
12.376893   0.932118
12.370464   0.941476
12.364208   0.950690
12.358110   0.959766
12.352161   0.968706
12.346348   0.977516
12.340664   0.986197
12.335098   0.994753
12.329643   1.003186
12.324292   1.011501
12.319038   1.019700
12.313875   1.027786
12.308797   1.035760
12.303798   1.043627
12.298873   1.051388
12.294020   1.059045
12.289233   1.066602
12.284506   1.074060
12.279839   1.081422
12.275227   1.088688
12.270668   1.095863
12.266158   1.102947
12.261694   1.109942
12.257275   1.116851
12.252898   1.123675
12.248560   1.130417
12.244260   1.137079
12.239997   1.143666
12.235768   1.150187
12.231575   1.156643
12.227419   1.163035
12.223300   1.169364
12.219219   1.175632
12.215173   1.181839
12.211164   1.187986
12.207190   1.194075
12.203251   1.200105
12.199345   1.206079
12.195473   1.211996
12.191634   1.217857
12.187826   1.223665
12.184049   1.229418
12.180303   1.235118
12.176586   1.240766
12.172898   1.246363
12.169237   1.251908
12.165605   1.257403
12.161998   1.262849
12.158418   1.268246
12.154863   1.273595
12.151332   1.278897
12.147826   1.284152
12.113952   1.334255
12.081901   1.380297
12.051293   1.422753
12.021854   1.462026
11.993387   1.498458
11.965749   1.532345
11.938833   1.563938
11.912561   1.593460
11.886870   1.621102
11.861713   1.647033
11.837053   1.671402
11.812858   1.694340
11.789104   1.715965
11.765770   1.736381
11.742836   1.755682
11.720287   1.773950
11.698109   1.791263
11.676290   1.807688
11.654817   1.823287
11.633680   1.838117
11.612869   1.852228
11.592375   1.865668
11.572189   1.878479
11.552304   1.890701
11.532710   1.902369
11.513401   1.913517
11.494370   1.924175
11.475610   1.934371
11.457114   1.944131
11.438875   1.953481
11.420888   1.962442
11.403147   1.971034
11.385646   1.979278
11.368380   1.987192
11.351343   1.994792
11.334529   2.002094
11.317935   2.009113
11.301555   2.015862
11.285384   2.022355
11.269418   2.028604
11.253652   2.034620
11.238082   2.040413
11.222704   2.045995
11.207514   2.051374
11.192508   2.056559
11.177682   2.061559
11.163033   2.066382
11.148555   2.071035
11.134248   2.075526
11.120106   2.079861
11.106126   2.084046
11.092306   2.088088
11.078641   2.091992
11.065130   2.095764
11.051769   2.099409
11.038555   2.102931
11.025485   2.106337
11.012557   2.109629
10.999767   2.112813
10.987115   2.115892
10.974595   2.118870
10.962208   2.121751
10.949949   2.124538
10.937817   2.127235
10.925809   2.129845
10.913923   2.132371
10.902157   2.134815
10.890510   2.137181
10.878980   2.139470
10.867564   2.141686
10.856262   2.143830
10.845072   2.145904
10.833990   2.147911
10.823017   2.149852
10.812149   2.151730
10.801386   2.153546
10.790725   2.155302
10.780165   2.157000
10.769703   2.158641
10.759339   2.160227
10.749071   2.161760
10.738898   2.163241
10.728816   2.164672
10.718826   2.166053
10.708925   2.167387
10.699112   2.168674
10.689386   2.169916
10.679746   2.171114
10.670189   2.172270
10.660715   2.173384
10.570237   2.182465
10.486740   2.188425
10.409290   2.191971
10.337129   2.193634
10.269638   2.193820
10.206301   2.192842
10.146686   2.190941
10.090424   2.188309
10.037202   2.185097
9.986746   2.181426
9.938818   2.177391
9.893212   2.173072
9.849743   2.168531
9.808248   2.163819
9.768582   2.158980
9.730615   2.154048
9.694230   2.149050
9.659322   2.144011
9.625795   2.138950
9.593561   2.133883
9.562543   2.128824
9.532667   2.123782
9.503867   2.118768
9.476083   2.113788
9.449258   2.108848
9.423340   2.103954
9.398283   2.099110
9.374041   2.094318
9.350573   2.089582
9.327842   2.084903
9.305811   2.080282
9.284447   2.075721
9.263720   2.071221
9.243601   2.066781
9.224061   2.062403
9.205077   2.058086
9.186624   2.053830
9.168679   2.049635
9.151221   2.045500
9.134231   2.041425
9.117689   2.037409
9.101579   2.033451
9.085882   2.029551
9.070583   2.025708
9.055668   2.021922
9.041121   2.018190
9.026930   2.014513
9.013081   2.010890
8.999563   2.007319
8.986363   2.003800
8.973471   2.000332
8.960877   1.996914
8.948569   1.993545
8.936539   1.990224
8.924778   1.986950
8.913276   1.983723
8.902026   1.980542
8.891019   1.977405
8.880249   1.974312
8.869707   1.971262
8.859386   1.968254
8.849281   1.965287
8.839384   1.962362
8.829690   1.959476
8.820192   1.956629
8.810885   1.953820
8.801764   1.951050
