950.113321   0.558056
964.119837   0.559887
975.975345   0.561720
985.945407   0.563532
994.274117   0.565305
1001.123571   0.567026
1006.710401   0.568689
1011.184219   0.570289
1014.671901   0.571821
1017.294837   0.573283
1019.142131   0.574671
1020.293151   0.575983
1020.858692   0.577228
1020.918449   0.578404
1020.544606   0.579512
1019.782811   0.580555
1018.706484   0.581534
1017.363182   0.582453
1015.781248   0.583316
1014.022874   0.584126
1012.111390   0.584888
1010.078359   0.585612
1007.943852   0.586304
1005.736758   0.586971
1003.472524   0.587618
1001.167395   0.588250
998.811814   0.588877
996.365606   0.589531
993.882913   0.590214
991.402266   0.590922
988.949699   0.591653
986.546592   0.592403
984.210839   0.593172
981.953239   0.593956
979.786140   0.594754
977.716644   0.595565
975.752158   0.596386
973.895172   0.597217
972.154058   0.598057
970.524728   0.598903
969.018429   0.599756
967.630464   0.600613
966.369351   0.601475
965.222625   0.602340
964.201102   0.603208
963.302806   0.604078
962.526662   0.604949
961.874809   0.605822
961.338131   0.606694
960.924067   0.607567
960.634586   0.608439
960.450561   0.609311
960.390672   0.610181
960.441682   0.611050
960.607787   0.611918
960.885477   0.612783
961.275703   0.613647
961.770304   0.614508
962.374015   0.615367
963.082374   0.616223
963.896055   0.617076
964.813570   0.617927
965.829373   0.618775
966.942428   0.619620
968.153073   0.620462
969.459877   0.621301
970.861838   0.622137
972.355262   0.622969
973.941954   0.623799
975.614305   0.624626
977.377602   0.625449
979.226548   0.626269
981.166113   0.627086
983.178568   0.627900
985.276900   0.628711
987.461714   0.629520
989.747222   0.630333
992.144503   0.631150
994.646907   0.631971
997.263353   0.632797
999.987069   0.633626
1002.827880   0.634458
1005.783323   0.635295
1008.857445   0.636134
1012.044455   0.636977
1015.344217   0.637824
1018.768189   0.638673
1022.310647   0.639525
1025.976076   0.640381
1029.767743   0.641241
1033.684604   0.642104
1037.727962   0.642971
1085.460343   0.651831
1147.702581   0.661066
1226.792636   0.670749
1326.136459   0.681063
1450.281963   0.692295
1605.534063   0.704797
1800.629513   0.718941
2046.285756   0.734673
2356.769965   0.747899
2772.191004   0.744730
3395.945985   0.701267
4511.101038   0.563437
4305.991926   0.120314
290.918206   0.068677
137.476694   0.069359
90.400966   0.070746
67.918202   0.072368
54.853872   0.074108
46.347058   0.075925
40.387946   0.077792
35.993587   0.079696
32.623032   0.081628
29.960833   0.083582
27.808808   0.085551
26.033936   0.087534
24.546744   0.089528
23.284270   0.091530
22.199785   0.093537
21.258588   0.095551
20.434604   0.097567
19.708206   0.099586
19.062907   0.101607
18.486234   0.103629
17.968240   0.105651
17.500695   0.107673
17.076516   0.109694
16.690196   0.111714
16.337131   0.113733
16.013387   0.115749
15.715409   0.117764
15.440383   0.119777
15.185917   0.121787
14.949947   0.123793
14.730447   0.125797
14.525870   0.127798
14.334819   0.129796
14.156103   0.131791
13.988617   0.133781
13.831313   0.135768
13.683355   0.137752
13.544004   0.139732
13.412591   0.141707
13.288536   0.143678
13.171342   0.145642
13.060498   0.147599
12.955537   0.149550
12.856036   0.151493
12.761565   0.153429
12.671753   0.155360
12.586297   0.157284
12.504918   0.159202
12.427349   0.161113
12.353323   0.163019
12.282611   0.164918
12.215019   0.166812
12.150366   0.168699
12.088483   0.170580
12.029192   0.172456
11.972336   0.174326
11.917788   0.176190
11.865429   0.178048
11.815129   0.179901
11.766793   0.181748
11.720297   0.183589
11.675548   0.185426
11.632465   0.187257
11.590966   0.189082
11.550977   0.190902
11.512420   0.192716
11.475213   0.194526
11.439302   0.196330
11.404628   0.198129
11.371138   0.199923
11.338779   0.201712
11.307496   0.203496
11.277237   0.205275
11.247958   0.207049
11.219622   0.208818
11.192192   0.210583
11.165629   0.212342
10.940509   0.229679
10.772072   0.246573
10.643324   0.263054
10.543290   0.279148
10.464606   0.294878
10.402141   0.310265
10.352226   0.325327
10.312172   0.340080
10.279969   0.354539
10.254087   0.368718
10.233344   0.382629
10.216813   0.396283
10.203760   0.409691
10.193599   0.422862
10.185853   0.435805
10.180133   0.448529
10.176122   0.461042
10.173555   0.473351
10.172213   0.485463
10.171912   0.497383
10.172496   0.509120
10.173835   0.520677
10.175818   0.532061
10.178347   0.543276
10.181344   0.554328
10.184737   0.565221
10.188467   0.575960
10.192481   0.586549
10.196734   0.596991
10.201188   0.607292
10.205807   0.617453
10.210563   0.627480
10.215429   0.637375
10.220383   0.647141
10.225404   0.656782
10.230476   0.666301
10.235584   0.675700
10.240714   0.684982
10.245863   0.694160
10.251032   0.703240
10.256216   0.712228
10.261412   0.721127
10.266615   0.729937
10.271820   0.738662
10.277022   0.747301
10.282215   0.755856
10.287396   0.764328
10.292559   0.772719
10.297702   0.781030
10.302820   0.789261
10.307910   0.797414
10.312970   0.805490
10.317996   0.813490
10.322987   0.821416
10.327940   0.829267
10.332853   0.837047
10.337726   0.844754
10.342554   0.852391
10.347339   0.859958
10.352079   0.867457
10.356771   0.874888
10.361417   0.882252
10.366015   0.889551
10.370562   0.896784
10.375061   0.903954
10.379511   0.911060
10.383909   0.918104
10.388258   0.925087
10.392556   0.932009
10.396802   0.938871
10.400998   0.945674
10.405144   0.952419
10.409237   0.959107
10.413281   0.965738
10.417273   0.972313
10.421215   0.978833
10.425106   0.985298
10.428947   0.991710
10.432739   0.998069
10.436480   1.004375
10.440172   1.010629
10.443815   1.016833
10.447410   1.022986
10.450956   1.029089
10.454454   1.035143
10.457904   1.041149
10.461308   1.047106
10.464664   1.053016
10.467975   1.058880
10.471240   1.064697
10.501456   1.120447
10.527582   1.172140
10.550066   1.220212
10.569326   1.265039
10.585739   1.306940
10.599637   1.346197
10.611313   1.383051
10.621023   1.417718
10.628989   1.450384
10.635405   1.481215
10.640444   1.510361
10.644253   1.537953
10.646964   1.564109
10.648693   1.588935
10.649540   1.612527
10.649598   1.634972
10.648945   1.656348
10.647652   1.676728
10.645784   1.696175
10.643395   1.714750
10.640538   1.732506
10.637257   1.749495
10.633593   1.765761
10.629583   1.781347
10.625260   1.796293
10.620653   1.810635
10.615791   1.824405
10.610696   1.837635
10.605393   1.850354
10.599900   1.862588
10.594236   1.874363
10.588418   1.885702
10.582461   1.896626
10.576379   1.907156
10.570185   1.917311
10.563890   1.927109
10.557506   1.936566
10.551042   1.945696
10.544506   1.954512
10.537906   1.963026
10.531247   1.971250
10.524536   1.979196
10.517778   1.986873
10.510978   1.994292
10.504141   2.001462
10.497270   2.008394
10.490369   2.015095
10.483442   2.021575
10.476493   2.027841
10.469524   2.033901
10.462539   2.039762
10.455539   2.045433
10.448528   2.050919
10.441508   2.056227
10.434482   2.061363
10.427451   2.066333
10.420417   2.071144
10.413382   2.075800
10.406349   2.080307
10.399318   2.084671
10.392291   2.088894
10.385270   2.092984
10.378256   2.096943
10.371251   2.100777
10.364255   2.104489
10.357269   2.108084
10.350296   2.111565
10.343335   2.114936
10.336388   2.118200
10.329456   2.121362
10.322539   2.124423
10.315639   2.127388
10.308756   2.130259
10.301890   2.133040
10.295043   2.135732
10.288216   2.138339
10.281407   2.140864
10.274619   2.143309
10.267852   2.145676
10.261105   2.147967
10.254381   2.150186
10.247678   2.152334
10.240998   2.154412
10.234340   2.156425
10.227706   2.158372
10.221094   2.160256
10.214507   2.162080
10.207944   2.163844
10.201404   2.165550
10.194889   2.167200
10.131117   2.180947
10.069913   2.190551
10.011289   2.196984
9.955194   2.200966
9.901541   2.203034
9.850221   2.203597
9.801120   2.202972
9.754117   2.201402
9.709095   2.199080
9.665942   2.196159
9.624549   2.192761
9.584815   2.188982
9.546644   2.184903
9.509946   2.180587
9.474638   2.176088
9.440641   2.171448
9.407883   2.166702
9.376296   2.161881
9.345818   2.157008
9.316389   2.152103
9.287956   2.147183
9.260467   2.142262
9.233874   2.137351
9.208134   2.132460
9.183205   2.127597
9.159048   2.122767
9.135627   2.117977
9.112907   2.113231
9.090859   2.108532
9.069450   2.103884
9.048653   2.099288
9.028442   2.094746
9.008791   2.090260
8.989678   2.085831
8.971080   2.081459
8.952974   2.077144
8.935345   2.072888
8.918171   2.068690
8.901435   2.064550
8.885119   2.060467
8.869210   2.056441
8.853690   2.052472
8.838547   2.048559
8.823766   2.044702
8.809335   2.040900
8.795241   2.037152
8.781472   2.033457
8.768018   2.029815
8.754868   2.026225
8.742011   2.022686
8.729439   2.019197
8.717141   2.015758
8.705109   2.012367
8.693335   2.009024
8.681810   2.005728
8.670527   2.002478
8.659478   1.999274
8.648656   1.996114
8.638055   1.992997
8.627667   1.989924
8.617488   1.986892
8.607510   1.983902
8.597727   1.980953
8.588135   1.978043
8.578728   1.975173
8.569501   1.972341
8.560449   1.969546
8.551567   1.966788
8.542851   1.964067
8.534295   1.961381
8.525897   1.958731
