886.822612   0.591904
907.228848   0.593408
927.062296   0.594898
946.482446   0.596373
965.483388   0.597831
984.250704   0.599272
1002.815688   0.600696
1021.234719   0.602104
1039.553575   0.603496
1057.814147   0.604873
1076.052407   0.606236
1094.309310   0.607586
1112.581515   0.608924
1130.929003   0.610251
1149.359669   0.611568
1167.884617   0.612877
1186.540480   0.614177
1205.340630   0.615471
1224.296121   0.616759
1243.422190   0.618043
1262.767396   0.619322
1282.242563   0.620599
1301.933566   0.621872
1321.849010   0.623145
1342.005939   0.624418
1362.418401   0.625693
1383.085417   0.626969
1404.036669   0.628248
1425.259125   0.629529
1446.785235   0.630814
1468.619114   0.632104
1490.760693   0.633397
1513.227935   0.634696
1536.051146   0.635999
1559.165922   0.637307
1582.642058   0.638619
1606.343409   0.639931
1630.432516   0.641250
1654.914635   0.642574
1679.784320   0.643902
1705.071218   0.645235
1730.771328   0.646570
1756.879304   0.647907
1783.418765   0.649244
1810.401086   0.650580
1837.819372   0.651912
1865.679224   0.653237
1894.047285   0.654554
1922.784360   0.655857
1952.043447   0.657143
1981.791902   0.658407
2012.033474   0.659643
2042.813526   0.660846
2074.027387   0.662006
2105.803646   0.663118
2138.105492   0.664171
2170.980313   0.665156
2204.324952   0.666061
2238.217354   0.666876
2272.721723   0.667590
2307.837664   0.668190
2343.631557   0.668663
2380.131172   0.668996
2417.373010   0.669175
2455.409713   0.669183
2494.266815   0.669007
2534.035839   0.668631
2574.685470   0.668039
2616.390813   0.667215
2659.102385   0.666143
2702.914832   0.664805
2747.999346   0.663184
2794.190572   0.661260
2841.772343   0.659015
2890.772391   0.656426
2941.611875   0.653449
2994.492767   0.650046
3049.568782   0.646178
3107.014769   0.641807
3166.992511   0.636888
3229.693450   0.631374
3295.251600   0.625217
3364.057288   0.618363
3436.175064   0.610754
3512.008640   0.602329
3591.783559   0.593020
3675.778402   0.582751
3764.529701   0.571440
3857.680078   0.558991
3956.122548   0.545296
4059.930818   0.530230
4168.947351   0.513645
4728.425870   0.209376
530.156938   0.085929
218.602495   0.084515
137.163488   0.085161
100.933452   0.086284
80.733456   0.087579
67.836687   0.088954
58.758903   0.090398
52.037789   0.091890
46.873170   0.093414
42.789167   0.094959
39.483497   0.096519
36.756168   0.098087
34.470700   0.099658
32.529283   0.101229
30.860839   0.102798
29.412924   0.104361
28.144994   0.105918
27.026215   0.107466
26.032227   0.109003
25.143526   0.110530
24.344660   0.112044
23.622818   0.113545
22.967692   0.115033
22.370561   0.116506
21.824238   0.117965
21.322646   0.119407
20.860591   0.120835
20.433721   0.122246
20.038248   0.123640
19.670935   0.125017
19.328944   0.126378
19.009830   0.127720
18.711454   0.129046
18.431885   0.130353
18.169507   0.131642
17.922829   0.132912
17.690550   0.134164
17.469458   0.135409
17.255643   0.136669
17.049006   0.137944
16.849454   0.139234
16.656852   0.140537
16.471010   0.141853
16.291729   0.143182
16.118835   0.144522
15.952131   0.145874
15.791415   0.147236
15.636382   0.148609
15.486811   0.149992
15.342522   0.151385
15.203330   0.152786
15.069056   0.154196
14.939454   0.155614
14.814337   0.157041
14.693483   0.158475
14.576804   0.159917
14.464121   0.161364
14.355274   0.162819
14.250059   0.164279
14.148341   0.165746
14.049993   0.167219
13.954891   0.168697
13.862916   0.170180
13.773935   0.171667
13.687795   0.173159
13.604397   0.174656
13.523638   0.176157
13.445426   0.177662
13.369669   0.179170
13.296272   0.180682
13.225119   0.182197
13.156121   0.183715
13.089207   0.185237
13.024305   0.186761
12.961343   0.188288
12.900253   0.189817
12.840960   0.191348
12.783384   0.192881
12.727460   0.194417
12.673139   0.195955
12.620366   0.197495
12.569087   0.199036
12.519254   0.200578
12.470813   0.202121
12.423700   0.203666
12.377874   0.205213
12.333293   0.206761
12.289917   0.208309
12.247709   0.209859
11.881784   0.225382
11.597632   0.240915
11.373645   0.256404
11.194875   0.271813
11.050719   0.287116
10.933497   0.302296
10.837535   0.317340
10.758567   0.332238
10.693339   0.346985
10.639330   0.361576
10.594562   0.376008
10.557462   0.390281
10.526771   0.404395
10.501474   0.418348
10.480738   0.432143
10.463877   0.445780
10.450327   0.459260
10.439614   0.472586
10.431340   0.485759
10.425171   0.498781
10.420823   0.511655
10.418054   0.524381
10.416657   0.536965
10.416453   0.549404
10.417289   0.561706
10.419032   0.573868
10.421566   0.585896
10.424790   0.597789
10.428618   0.609552
10.432970   0.621186
10.437780   0.632693
10.442989   0.644075
10.448544   0.655335
10.454398   0.666474
10.460510   0.677494
10.466845   0.688398
10.473369   0.699187
10.480054   0.709863
10.486875   0.720428
10.493808   0.730883
10.500834   0.741232
10.507933   0.751474
10.515092   0.761612
10.522293   0.771649
10.529525   0.781583
10.536777   0.791419
10.544037   0.801158
10.551296   0.810800
10.558547   0.820347
10.565782   0.829802
10.572990   0.839160
10.580146   0.848409
10.587237   0.857547
10.594253   0.866571
10.601177   0.875479
10.608005   0.884271
10.614733   0.892952
10.621358   0.901523
10.627876   0.909987
10.634289   0.918348
10.640593   0.926605
10.646790   0.934764
10.652878   0.942825
10.658858   0.950790
10.664730   0.958662
10.670495   0.966443
10.676154   0.974134
10.681707   0.981737
10.687156   0.989254
10.692502   0.996687
10.697746   1.004038
10.702888   1.011307
10.707932   1.018497
10.712878   1.025609
10.717726   1.032645
10.722479   1.039605
10.727139   1.046492
10.731706   1.053307
10.736182   1.060050
10.740569   1.066724
10.744868   1.073329
10.749081   1.079867
10.753209   1.086339
10.757253   1.092746
10.761215   1.099088
10.765096   1.105368
10.768899   1.111586
10.772623   1.117743
10.776271   1.123841
10.779843   1.129880
10.811721   1.187228
10.837419   1.239603
10.857954   1.287671
10.874156   1.331973
10.886705   1.372955
10.896161   1.410990
10.902982   1.446393
10.907551   1.479434
10.910185   1.510342
10.911152   1.539319
10.910677   1.566541
10.908951   1.592159
10.906137   1.616310
10.902376   1.639113
10.897787   1.660675
10.892475   1.681091
10.886529   1.700448
10.880028   1.718822
10.873041   1.736282
10.865628   1.752893
10.857842   1.768710
10.849729   1.783786
10.841330   1.798169
10.832683   1.811902
10.823818   1.825025
10.814765   1.837575
10.805550   1.849585
10.796195   1.861088
10.786720   1.872110
10.777145   1.882680
10.767484   1.892822
10.757753   1.902559
10.747965   1.911912
10.738132   1.920901
10.728264   1.929545
10.718371   1.937861
10.708461   1.945864
10.698543   1.953571
10.688622   1.960996
10.678706   1.968151
10.668801   1.975049
10.658910   1.981702
10.649039   1.988121
10.639192   1.994316
10.629373   2.000298
10.619585   2.006075
10.609831   2.011656
10.600114   2.017049
10.590435   2.022263
10.580799   2.027304
10.571205   2.032180
10.561656   2.036897
10.552154   2.041462
10.542700   2.045880
10.533295   2.050158
10.523940   2.054300
10.514637   2.058311
10.505385   2.062197
10.496186   2.065963
10.487040   2.069611
10.477949   2.073146
10.468913   2.076572
10.459932   2.079893
10.451006   2.083110
10.442135   2.086228
10.433320   2.089250
10.424560   2.092179
10.415855   2.095017
10.407206   2.097768
10.398611   2.100434
10.390071   2.103017
10.381585   2.105521
10.373153   2.107946
10.364775   2.110297
10.356450   2.112574
10.348178   2.114780
10.339959   2.116918
10.331792   2.118988
10.323676   2.120994
10.315612   2.122936
10.307599   2.124817
10.299637   2.126639
10.291725   2.128402
10.283862   2.130109
10.276049   2.131761
10.268285   2.133361
10.260569   2.134908
10.252901   2.136405
10.245281   2.137853
10.237709   2.139253
10.164483   2.150901
10.095533   2.158978
10.030484   2.164296
9.969001   2.167461
9.910784   2.168933
9.855565   2.169068
9.803104   2.168138
9.753186   2.166361
9.705618   2.163905
9.660228   2.160908
9.616859   2.157477
9.575370   2.153701
9.535634   2.149651
9.497534   2.145387
9.460965   2.140955
9.425830   2.136395
9.392043   2.131740
9.359521   2.127016
9.328191   2.122246
9.297985   2.117448
9.268839   2.112638
9.240697   2.107828
9.213504   2.103030
9.187210   2.098252
9.161770   2.093502
9.137141   2.088784
9.113282   2.084106
9.090157   2.079470
9.067731   2.074880
9.045971   2.070339
9.024847   2.065849
9.004331   2.061411
8.984395   2.057027
8.965015   2.052698
8.946167   2.048424
8.927829   2.044205
8.909980   2.040043
8.892600   2.035937
8.875671   2.031887
8.859174   2.027892
8.843094   2.023952
8.827414   2.020068
8.812120   2.016238
8.797196   2.012461
8.782630   2.008737
8.768410   2.005066
8.754521   2.001447
8.740954   1.997878
8.727698   1.994360
8.714740   1.990892
8.702073   1.987472
8.689685   1.984099
8.677568   1.980774
8.665714   1.977496
8.654113   1.974262
8.642758   1.971074
8.631641   1.967929
8.620756   1.964828
8.610094   1.961769
8.599649   1.958751
8.589415   1.955775
8.579386   1.952838
8.569556   1.949941
