9.703639494400000000e+15 7.806192077500000372e+36 1.998499999999999930e+39 1.000000000000000000e+00 0.000000000000000000e+00
9.655145619800000000e+15 7.762547590399999536e+36 1.993500000000000097e+39 1.000000000000000000e+00 0.000000000000000000e+00
9.606773222800000000e+15 7.719012433100000207e+36 1.988499999999999962e+39 1.000000000000000000e+00 0.000000000000000000e+00
9.558522303500000000e+15 7.675586605699999676e+36 1.983500000000000129e+39 1.000000000000000000e+00 0.000000000000000000e+00
9.510392861800000000e+15 7.632270108200000305e+36 1.978499999999999994e+39 1.000000000000000000e+00 0.000000000000000000e+00
9.462384897800000000e+15 7.589062940599999732e+36 1.973499999999999859e+39 1.000000000000000000e+00 0.000000000000000000e+00
9.414498411400000000e+15 7.545965102799999485e+36 1.968500000000000027e+39 1.000000000000000000e+00 0.000000000000000000e+00
9.366733402600000000e+15 7.502976594900000399e+36 1.963499999999999892e+39 1.000000000000000000e+00 0.000000000000000000e+00
9.319089871500000000e+15 7.460097416900000110e+36 1.958500000000000059e+39 1.000000000000000000e+00 0.000000000000000000e+00
9.271567818000000000e+15 7.417327568799999800e+36 1.953499999999999924e+39 1.000000000000000000e+00 0.000000000000000000e+00
9.224167242200000000e+15 7.374667050499999817e+36 1.948500000000000091e+39 1.000000000000000000e+00 0.000000000000000000e+00
9.176888144000000000e+15 7.332115862099999813e+36 1.943499999999999956e+39 1.000000000000000000e+00 0.000000000000000000e+00
9.129730523500000000e+15 7.289674003699999440e+36 1.938500000000000124e+39 1.000000000000000000e+00 0.000000000000000000e+00
9.082694380500000000e+15 7.247341474999999741e+36 1.933499999999999989e+39 1.000000000000000000e+00 0.000000000000000000e+00
9.035779715300000000e+15 7.205118276299999673e+36 1.928499999999999854e+39 1.000000000000000000e+00 0.000000000000000000e+00
8.988986527700000000e+15 7.163004407399999932e+36 1.923500000000000021e+39 1.000000000000000000e+00 0.000000000000000000e+00
8.942314817700000000e+15 7.120999868400000170e+36 1.918499999999999886e+39 1.000000000000000000e+00 0.000000000000000000e+00
8.895764585300000000e+15 7.079104659300000387e+36 1.913500000000000053e+39 1.000000000000000000e+00 0.000000000000000000e+00
8.849335830600000000e+15 7.037318780100000582e+36 1.908499999999999918e+39 1.000000000000000000e+00 0.000000000000000000e+00
8.803028553600000000e+15 6.995642230799999576e+36 1.903500000000000086e+39 1.000000000000000000e+00 0.000000000000000000e+00
8.756842754100000000e+15 6.954075011300000077e+36 1.898499999999999951e+39 1.000000000000000000e+00 0.000000000000000000e+00
8.710778432400000000e+15 6.912617121700000557e+36 1.893500000000000118e+39 1.000000000000000000e+00 0.000000000000000000e+00
8.664835588200000000e+15 6.871268561999999836e+36 1.888499999999999983e+39 1.000000000000000000e+00 0.000000000000000000e+00
8.619014221700000000e+15 6.830029332099999441e+36 1.883500000000000150e+39 1.000000000000000000e+00 0.000000000000000000e+00
8.573314332900000000e+15 6.788899432199999857e+36 1.878500000000000015e+39 1.000000000000000000e+00 0.000000000000000000e+00
8.527735921700000000e+15 6.747878862099999420e+36 1.873499999999999880e+39 1.000000000000000000e+00 0.000000000000000000e+00
8.482278988100000000e+15 6.706967621900000142e+36 1.868500000000000048e+39 1.000000000000000000e+00 0.000000000000000000e+00
8.436943532200000000e+15 6.666165711500000010e+36 1.863499999999999913e+39 1.000000000000000000e+00 0.000000000000000000e+00
8.391729553900000000e+15 6.625473131099999510e+36 1.858500000000000080e+39 1.000000000000000000e+00 0.000000000000000000e+00
8.346637053300000000e+15 6.584889880500000516e+36 1.853499999999999945e+39 1.000000000000000000e+00 0.000000000000000000e+00
8.301666030300000000e+15 6.544415959800000321e+36 1.848500000000000112e+39 1.000000000000000000e+00 0.000000000000000000e+00
8.256816484900000000e+15 6.504051369000000105e+36 1.843499999999999977e+39 1.000000000000000000e+00 0.000000000000000000e+00
8.212088417200000000e+15 6.463796108000000215e+36 1.838500000000000145e+39 1.000000000000000000e+00 0.000000000000000000e+00
8.167481827100000000e+15 6.423650176999999956e+36 1.833500000000000010e+39 1.000000000000000000e+00 0.000000000000000000e+00
8.122996714700000000e+15 6.383613575800000024e+36 1.828499999999999875e+39 1.000000000000000000e+00 0.000000000000000000e+00
8.078633079900000000e+15 6.343686304500000071e+36 1.823500000000000042e+39 1.000000000000000000e+00 0.000000000000000000e+00
8.034390922800000000e+15 6.303868363000000445e+36 1.818499999999999907e+39 1.000000000000000000e+00 0.000000000000000000e+00
7.990270243300000000e+15 6.264159751500000449e+36 1.813500000000000074e+39 1.000000000000000000e+00 0.000000000000000000e+00
7.946271041400000000e+15 6.224560469799999600e+36 1.808499999999999940e+39 1.000000000000000000e+00 0.000000000000000000e+00
7.902393317200000000e+15 6.185070517999999910e+36 1.803500000000000107e+39 1.000000000000000000e+00 0.000000000000000000e+00
7.858637070600000000e+15 6.145689896100000199e+36 1.798499999999999972e+39 1.000000000000000000e+00 0.000000000000000000e+00
7.815002301700000000e+15 6.106418603999999635e+36 1.793500000000000139e+39 1.000000000000000000e+00 0.000000000000000000e+00
7.771489010400000000e+15 6.067256641899999881e+36 1.788500000000000004e+39 1.000000000000000000e+00 0.000000000000000000e+00
7.728097196700000000e+15 6.028204009600000455e+36 1.783499999999999869e+39 1.000000000000000000e+00 0.000000000000000000e+00
7.684826860700000000e+15 5.989260707199999826e+36 1.778500000000000037e+39 1.000000000000000000e+00 0.000000000000000000e+00
7.641678002300000000e+15 5.950426734599999525e+36 1.773499999999999902e+39 1.000000000000000000e+00 0.000000000000000000e+00
7.598650621600000000e+15 5.911702092000000035e+36 1.768500000000000069e+39 1.000000000000000000e+00 0.000000000000000000e+00
7.555744718500000000e+15 5.873086779199999691e+36 1.763499999999999934e+39 1.000000000000000000e+00 0.000000000000000000e+00
7.512960293100000000e+15 5.834580796300000507e+36 1.758500000000000101e+39 1.000000000000000000e+00 0.000000000000000000e+00
7.470297345200000000e+15 5.796184143300000120e+36 1.753499999999999966e+39 1.000000000000000000e+00 0.000000000000000000e+00
7.427755875100000000e+15 5.757896820100000061e+36 1.748500000000000134e+39 1.000000000000000000e+00 0.000000000000000000e+00
7.385335882600000000e+15 5.719718826799999980e+36 1.743499999999999999e+39 1.000000000000000000e+00 0.000000000000000000e+00
7.343037367700000000e+15 5.681650163499999531e+36 1.738499999999999864e+39 1.000000000000000000e+00 0.000000000000000000e+00
7.300860330400000000e+15 5.643690829899999756e+36 1.733500000000000031e+39 1.000000000000000000e+00 0.000000000000000000e+00
7.258804770900000000e+15 5.605840826299999612e+36 1.728499999999999896e+39 1.000000000000000000e+00 0.000000000000000000e+00
7.216870688900000000e+15 5.568100152599999446e+36 1.723500000000000063e+39 1.000000000000000000e+00 0.000000000000000000e+00
7.175058084600000000e+15 5.530468808699999608e+36 1.718499999999999928e+39 1.000000000000000000e+00 0.000000000000000000e+00
7.133366957900000000e+15 5.492946794699999748e+36 1.713500000000000096e+39 1.000000000000000000e+00 0.000000000000000000e+00
7.091797308900000000e+15 5.455534110500000215e+36 1.708499999999999961e+39 1.000000000000000000e+00 0.000000000000000000e+00
7.050349137500000000e+15 5.418230756300000313e+36 1.703500000000000128e+39 1.000000000000000000e+00 0.000000000000000000e+00
7.009022443800000000e+15 5.381036731899999558e+36 1.698499999999999993e+39 1.000000000000000000e+00 0.000000000000000000e+00
6.967817227700000000e+15 5.343952037399999961e+36 1.693499999999999858e+39 1.000000000000000000e+00 0.000000000000000000e+00
6.926733489200000000e+15 5.306976672799999753e+36 1.688500000000000025e+39 1.000000000000000000e+00 0.000000000000000000e+00
6.885771228400000000e+15 5.270110638100000115e+36 1.683499999999999890e+39 1.000000000000000000e+00 0.000000000000000000e+00
6.844930445200000000e+15 5.233353933200000212e+36 1.678500000000000058e+39 1.000000000000000000e+00 0.000000000000000000e+00
6.804211139700000000e+15 5.196706558200000289e+36 1.673499999999999923e+39 1.000000000000000000e+00 0.000000000000000000e+00
6.763613311800000000e+15 5.160168513099999754e+36 1.668500000000000090e+39 1.000000000000000000e+00 0.000000000000000000e+00
6.723136961500000000e+15 5.123739797899999788e+36 1.663499999999999955e+39 1.000000000000000000e+00 0.000000000000000000e+00
6.682782088900000000e+15 5.087420412599999802e+36 1.658500000000000122e+39 1.000000000000000000e+00 0.000000000000000000e+00
6.642548693900000000e+15 5.051210357100000141e+36 1.653499999999999987e+39 1.000000000000000000e+00 0.000000000000000000e+00
6.602436776600000000e+15 5.015109631499999870e+36 1.648499999999999852e+39 1.000000000000000000e+00 0.000000000000000000e+00
6.562446336900000000e+15 4.979118235800000167e+36 1.643500000000000020e+39 1.000000000000000000e+00 0.000000000000000000e+00
6.522577374900000000e+15 4.943236169900000201e+36 1.638499999999999885e+39 1.000000000000000000e+00 0.000000000000000000e+00
6.482829890500000000e+15 4.907463433999999866e+36 1.633500000000000052e+39 1.000000000000000000e+00 0.000000000000000000e+00
6.443203883700000000e+15 4.871800027899999858e+36 1.628499999999999917e+39 1.000000000000000000e+00 0.000000000000000000e+00
6.403699354600000000e+15 4.836245951699999829e+36 1.623500000000000084e+39 1.000000000000000000e+00 0.000000000000000000e+00
6.364316303100000000e+15 4.800801205399999778e+36 1.618499999999999949e+39 1.000000000000000000e+00 0.000000000000000000e+00
6.325054729300000000e+15 4.765465788900000054e+36 1.613500000000000117e+39 1.000000000000000000e+00 0.000000000000000000e+00
6.285914633100000000e+15 4.730239702299999719e+36 1.608499999999999982e+39 1.000000000000000000e+00 0.000000000000000000e+00
6.246896014600000000e+15 4.695122945599999953e+36 1.603500000000000149e+39 1.000000000000000000e+00 0.000000000000000000e+00
6.207998873700000000e+15 4.660115518800000165e+36 1.598500000000000014e+39 1.000000000000000000e+00 0.000000000000000000e+00
6.169223210400000000e+15 4.625217421899999766e+36 1.593499999999999879e+39 1.000000000000000000e+00 0.000000000000000000e+00
6.130569024800000000e+15 4.590428654800000285e+36 1.588500000000000047e+39 1.000000000000000000e+00 0.000000000000000000e+00
6.092036316800000000e+15 4.555749217600000191e+36 1.583499999999999912e+39 1.000000000000000000e+00 0.000000000000000000e+00
6.053625086400000000e+15 4.521179110300000077e+36 1.578500000000000079e+39 1.000000000000000000e+00 0.000000000000000000e+00
6.015335333700000000e+15 4.486718332899999941e+36 1.573499999999999944e+39 1.000000000000000000e+00 0.000000000000000000e+00
5.977167058700000000e+15 4.452366885399999785e+36 1.568500000000000111e+39 1.000000000000000000e+00 0.000000000000000000e+00
5.939120261300000000e+15 4.418124767699999955e+36 1.563499999999999976e+39 1.000000000000000000e+00 0.000000000000000000e+00
5.901194941500000000e+15 4.383991979900000104e+36 1.558500000000000144e+39 1.000000000000000000e+00 0.000000000000000000e+00
5.863391099400000000e+15 4.349968522000000231e+36 1.553500000000000009e+39 1.000000000000000000e+00 0.000000000000000000e+00
5.825708734900000000e+15 4.316054393900000096e+36 1.548499999999999874e+39 1.000000000000000000e+00 0.000000000000000000e+00
5.788147848000000000e+15 4.282249595800000181e+36 1.543500000000000041e+39 1.000000000000000000e+00 0.000000000000000000e+00
5.750708438800000000e+15 4.248554127500000003e+36 1.538499999999999906e+39 1.000000000000000000e+00 0.000000000000000000e+00
5.713390507200000000e+15 4.214967989099999803e+36 1.533500000000000073e+39 1.000000000000000000e+00 0.000000000000000000e+00
5.676194053300000000e+15 4.181491180499999931e+36 1.528499999999999938e+39 1.000000000000000000e+00 0.000000000000000000e+00
5.639119077000000000e+15 4.148123701900000280e+36 1.523500000000000106e+39 1.000000000000000000e+00 0.000000000000000000e+00
5.602165578400000000e+15 4.114865553099999774e+36 1.518499999999999971e+39 1.000000000000000000e+00 0.000000000000000000e+00
5.565333557400000000e+15 4.081716734199999838e+36 1.513500000000000138e+39 1.000000000000000000e+00 0.000000000000000000e+00
5.528623014100000000e+15 4.048677245199999881e+36 1.508500000000000003e+39 1.000000000000000000e+00 0.000000000000000000e+00
5.492033948300000000e+15 4.015747086000000251e+36 1.503499999999999868e+39 1.000000000000000000e+00 0.000000000000000000e+00
5.455566360300000000e+15 3.982926256800000251e+36 1.498500000000000035e+39 1.000000000000000000e+00 0.000000000000000000e+00
5.419220249800000000e+15 3.950214757399999988e+36 1.493499999999999900e+39 1.000000000000000000e+00 0.000000000000000000e+00
5.382995617000000000e+15 3.917612587900000294e+36 1.488500000000000068e+39 1.000000000000000000e+00 0.000000000000000000e+00
5.346892461900000000e+15 3.885119748299999989e+36 1.483499999999999933e+39 1.000000000000000000e+00 0.000000000000000000e+00
5.310910784400000000e+15 3.852736238500000010e+36 1.478500000000000100e+39 1.000000000000000000e+00 0.000000000000000000e+00
5.275050584500000000e+15 3.820462058600000011e+36 1.473499999999999965e+39 1.000000000000000000e+00 0.000000000000000000e+00
5.239311862300000000e+15 3.788297208599999990e+36 1.468500000000000132e+39 1.000000000000000000e+00 0.000000000000000000e+00
5.203694617700000000e+15 3.756241688499999947e+36 1.463499999999999997e+39 1.000000000000000000e+00 0.000000000000000000e+00
5.168198850800000000e+15 3.724295498299999884e+36 1.458499999999999862e+39 1.000000000000000000e+00 0.000000000000000000e+00
5.132824561500000000e+15 3.692458637900000148e+36 1.453500000000000030e+39 1.000000000000000000e+00 0.000000000000000000e+00
5.097571749800000000e+15 3.660731107399999800e+36 1.448499999999999895e+39 1.000000000000000000e+00 0.000000000000000000e+00
5.062440415800000000e+15 3.629112906800000021e+36 1.443500000000000062e+39 1.000000000000000000e+00 0.000000000000000000e+00
5.027430559500000000e+15 3.597604036100000221e+36 1.438499999999999927e+39 1.000000000000000000e+00 0.000000000000000000e+00
4.992542180700000000e+15 3.566204495200000157e+36 1.433500000000000094e+39 1.000000000000000000e+00 0.000000000000000000e+00
4.957775279700000000e+15 3.534914284200000073e+36 1.428499999999999959e+39 1.000000000000000000e+00 0.000000000000000000e+00
4.923129856200000000e+15 3.503733403099999967e+36 1.423500000000000127e+39 1.000000000000000000e+00 0.000000000000000000e+00
4.888605910400000000e+15 3.472661851899999840e+36 1.418499999999999992e+39 1.000000000000000000e+00 0.000000000000000000e+00
4.854203442200000000e+15 3.441699630600000282e+36 1.413499999999999857e+39 1.000000000000000000e+00 0.000000000000000000e+00
4.819922451700000000e+15 3.410846739099999870e+36 1.408500000000000024e+39 1.000000000000000000e+00 0.000000000000000000e+00
4.785762938800000000e+15 3.380103177500000028e+36 1.403499999999999889e+39 1.000000000000000000e+00 0.000000000000000000e+00
4.751724903600000000e+15 3.349468945800000164e+36 1.398500000000000056e+39 1.000000000000000000e+00 0.000000000000000000e+00
4.717808346000000000e+15 3.318944044000000279e+36 1.393499999999999922e+39 1.000000000000000000e+00 0.000000000000000000e+00
4.684013266100000000e+15 3.288528472000000130e+36 1.388500000000000089e+39 1.000000000000000000e+00 0.000000000000000000e+00
4.650339663800000000e+15 3.258222229899999961e+36 1.383499999999999954e+39 1.000000000000000000e+00 0.000000000000000000e+00
4.616787539100000000e+15 3.228025317699999770e+36 1.378500000000000121e+39 1.000000000000000000e+00 0.000000000000000000e+00
4.583356892100000000e+15 3.197937735400000148e+36 1.373499999999999986e+39 1.000000000000000000e+00 0.000000000000000000e+00
4.550047722700000000e+15 3.167959482900000263e+36 1.368499999999999851e+39 1.000000000000000000e+00 0.000000000000000000e+00
4.516860030900000000e+15 3.138090560400000009e+36 1.363500000000000019e+39 1.000000000000000000e+00 0.000000000000000000e+00
4.483793816800000000e+15 3.108330967700000082e+36 1.358500000000000035e+39 1.000000000000000000e+00 0.000000000000000000e+00
4.450849080400000000e+15 3.078680704900000133e+36 1.353500000000000051e+39 1.000000000000000000e+00 0.000000000000000000e+00
4.418025821600000000e+15 3.049139771899999921e+36 1.348500000000000067e+39 1.000000000000000000e+00 0.000000000000000000e+00
4.385324040400000000e+15 3.019708168899999930e+36 1.343499999999999932e+39 1.000000000000000000e+00 0.000000000000000000e+00
4.352743736800000000e+15 2.990385895700000265e+36 1.338499999999999948e+39 1.000000000000000000e+00 0.000000000000000000e+00
4.320284910900000000e+15 2.961172952399999990e+36 1.333499999999999964e+39 1.000000000000000000e+00 0.000000000000000000e+00
4.287947562700000000e+15 2.932069339000000283e+36 1.328499999999999981e+39 1.000000000000000000e+00 0.000000000000000000e+00
4.255731692100000000e+15 2.903075055399999723e+36 1.323499999999999997e+39 1.000000000000000000e+00 0.000000000000000000e+00
4.223637299100000000e+15 2.874190101799999974e+36 1.318500000000000013e+39 1.000000000000000000e+00 0.000000000000000000e+00
4.191664383800000000e+15 2.845414477999999962e+36 1.313500000000000029e+39 1.000000000000000000e+00 0.000000000000000000e+00
4.159812946100000000e+15 2.816748184000000276e+36 1.308500000000000045e+39 1.000000000000000000e+00 0.000000000000000000e+00
4.128082986100000000e+15 2.788191220000000221e+36 1.303500000000000061e+39 1.000000000000000000e+00 0.000000000000000000e+00
4.096474503700000000e+15 2.759743585900000145e+36 1.298499999999999926e+39 1.000000000000000000e+00 0.000000000000000000e+00
4.064987498900000000e+15 2.731405281599999806e+36 1.293499999999999943e+39 1.000000000000000000e+00 0.000000000000000000e+00
4.033621971800000000e+15 2.703176307200000036e+36 1.288499999999999959e+39 1.000000000000000000e+00 0.000000000000000000e+00
4.002377922300000000e+15 2.675056662600000002e+36 1.283499999999999975e+39 1.000000000000000000e+00 0.000000000000000000e+00
3.971255350500000000e+15 2.647046347999999894e+36 1.278499999999999991e+39 1.000000000000000000e+00 0.000000000000000000e+00
3.940254256300000000e+15 2.619145363200000113e+36 1.273500000000000007e+39 1.000000000000000000e+00 0.000000000000000000e+00
3.909374639800000000e+15 2.591353708300000016e+36 1.268500000000000023e+39 1.000000000000000000e+00 0.000000000000000000e+00
3.878616500900000000e+15 2.563671383299999897e+36 1.263500000000000040e+39 1.000000000000000000e+00 0.000000000000000000e+00
3.847979839600000000e+15 2.536098388200000053e+36 1.258500000000000056e+39 1.000000000000000000e+00 0.000000000000000000e+00
3.817464656000000000e+15 2.508634722899999945e+36 1.253500000000000072e+39 1.000000000000000000e+00 0.000000000000000000e+00
3.787070950000000000e+15 2.481280387500000111e+36 1.248499999999999937e+39 1.000000000000000000e+00 0.000000000000000000e+00
3.756798721600000000e+15 2.454035381999999960e+36 1.243499999999999953e+39 1.000000000000000000e+00 0.000000000000000000e+00
3.726647970900000000e+15 2.426899706400000084e+36 1.238499999999999969e+39 1.000000000000000000e+00 0.000000000000000000e+00
3.696618697900000000e+15 2.399873360599999944e+36 1.233499999999999986e+39 1.000000000000000000e+00 0.000000000000000000e+00
3.666710902500000000e+15 2.372956344800000025e+36 1.228500000000000002e+39 1.000000000000000000e+00 0.000000000000000000e+00
3.636924584700000000e+15 2.346148658800000138e+36 1.223500000000000018e+39 1.000000000000000000e+00 0.000000000000000000e+00
3.607259744600000000e+15 2.319450302699999935e+36 1.218500000000000034e+39 1.000000000000000000e+00 0.000000000000000000e+00
3.577716382100000000e+15 2.292861276400000058e+36 1.213500000000000050e+39 1.000000000000000000e+00 0.000000000000000000e+00
3.548294497200000000e+15 2.266381580100000107e+36 1.208500000000000066e+39 1.000000000000000000e+00 0.000000000000000000e+00
3.518994090000000000e+15 2.240011213599999893e+36 1.203499999999999931e+39 1.000000000000000000e+00 0.000000000000000000e+00
3.489815160500000000e+15 2.213750176999999953e+36 1.198499999999999948e+39 1.000000000000000000e+00 0.000000000000000000e+00
3.460757708500000000e+15 2.187598470200000045e+36 1.193499999999999964e+39 1.000000000000000000e+00 0.000000000000000000e+00
3.431821734300000000e+15 2.161556093400000062e+36 1.188499999999999980e+39 1.000000000000000000e+00 0.000000000000000000e+00
3.403007237600000000e+15 2.135623046400000111e+36 1.183499999999999996e+39 1.000000000000000000e+00 0.000000000000000000e+00
3.374314218600000000e+15 2.109799329300000139e+36 1.178500000000000012e+39 1.000000000000000000e+00 0.000000000000000000e+00
3.345742677300000000e+15 2.084084942100000146e+36 1.173500000000000028e+39 1.000000000000000000e+00 0.000000000000000000e+00
3.317292613600000000e+15 2.058479884800000132e+36 1.168500000000000045e+39 1.000000000000000000e+00 0.000000000000000000e+00
3.288964027500000000e+15 2.032984157299999854e+36 1.163500000000000061e+39 1.000000000000000000e+00 0.000000000000000000e+00
3.260756919100000000e+15 2.007597759700000145e+36 1.158499999999999926e+39 1.000000000000000000e+00 0.000000000000000000e+00
3.232671288300000000e+15 1.982320692000000120e+36 1.153499999999999942e+39 1.000000000000000000e+00 0.000000000000000000e+00
3.204707135100000000e+15 1.957152954200000074e+36 1.148499999999999958e+39 1.000000000000000000e+00 0.000000000000000000e+00
3.176864459600000000e+15 1.932094546200000059e+36 1.143499999999999974e+39 1.000000000000000000e+00 0.000000000000000000e+00
3.149143261800000000e+15 1.907145468100000024e+36 1.138499999999999991e+39 1.000000000000000000e+00 0.000000000000000000e+00
3.121543541500000000e+15 1.882305719899999967e+36 1.133500000000000007e+39 1.000000000000000000e+00 0.000000000000000000e+00
3.094065299000000000e+15 1.857575301599999889e+36 1.128500000000000023e+39 1.000000000000000000e+00 0.000000000000000000e+00
3.066708534000000000e+15 1.832954213200000085e+36 1.123500000000000039e+39 1.000000000000000000e+00 0.000000000000000000e+00
3.039473246700000000e+15 1.808442454600000017e+36 1.118500000000000055e+39 1.000000000000000000e+00 0.000000000000000000e+00
3.012359437100000000e+15 1.784040025899999928e+36 1.113500000000000071e+39 1.000000000000000000e+00 0.000000000000000000e+00
2.985367105100000000e+15 1.759746927100000113e+36 1.108499999999999936e+39 1.000000000000000000e+00 0.000000000000000000e+00
2.958496250700000000e+15 1.735563158199999982e+36 1.103499999999999953e+39 1.000000000000000000e+00 0.000000000000000000e+00
2.931746874000000000e+15 1.711488719099999883e+36 1.098499999999999969e+39 1.000000000000000000e+00 0.000000000000000000e+00
2.905118974900000000e+15 1.687523610000000004e+36 1.093499999999999985e+39 1.000000000000000000e+00 0.000000000000000000e+00
2.878612553500000000e+15 1.663667830699999863e+36 1.088500000000000001e+39 1.000000000000000000e+00 0.000000000000000000e+00
2.852227609700000000e+15 1.639921381200000048e+36 1.083500000000000017e+39 1.000000000000000000e+00 0.000000000000000000e+00
2.825964143500000000e+15 1.616284261699999863e+36 1.078500000000000033e+39 1.000000000000000000e+00 0.000000000000000000e+00
2.799822155000000000e+15 1.592756472000000006e+36 1.073500000000000050e+39 1.000000000000000000e+00 0.000000000000000000e+00
2.773801644100000000e+15 1.569338012200000127e+36 1.068500000000000066e+39 1.000000000000000000e+00 0.000000000000000000e+00
2.747902610900000000e+15 1.546028882299999933e+36 1.063499999999999931e+39 1.000000000000000000e+00 0.000000000000000000e+00
2.722125055300000000e+15 1.522829082300000012e+36 1.058499999999999947e+39 1.000000000000000000e+00 0.000000000000000000e+00
2.696468977300000000e+15 1.499738612100000122e+36 1.053499999999999963e+39 1.000000000000000000e+00 0.000000000000000000e+00
2.670934377000000000e+15 1.476757471899999864e+36 1.048499999999999979e+39 1.000000000000000000e+00 0.000000000000000000e+00
2.645521254300000000e+15 1.453885661499999932e+36 1.043499999999999995e+39 1.000000000000000000e+00 0.000000000000000000e+00
2.620229609300000000e+15 1.431123180900000033e+36 1.038500000000000012e+39 1.000000000000000000e+00 0.000000000000000000e+00
2.595059441900000000e+15 1.408470030300000059e+36 1.033500000000000028e+39 1.000000000000000000e+00 0.000000000000000000e+00
2.570010752200000000e+15 1.385926209500000116e+36 1.028500000000000044e+39 1.000000000000000000e+00 0.000000000000000000e+00
2.545083540100000000e+15 1.363491718599999858e+36 1.023500000000000060e+39 1.000000000000000000e+00 0.000000000000000000e+00
2.520277805600000000e+15 1.341166557599999873e+36 1.018499999999999925e+39 1.000000000000000000e+00 0.000000000000000000e+00
2.495593548800000000e+15 1.318950726500000015e+36 1.013499999999999941e+39 1.000000000000000000e+00 0.000000000000000000e+00
2.471030769600000000e+15 1.296844225200000041e+36 1.008499999999999958e+39 1.000000000000000000e+00 0.000000000000000000e+00
2.446589468100000000e+15 1.274847053800000045e+36 1.003499999999999974e+39 1.000000000000000000e+00 0.000000000000000000e+00
2.422274496000000000e+15 1.252963578999999999e+36 9.985009999999999258e+38 1.000000000000000000e+00 0.000000000000000000e+00
2.398076125500000000e+15 1.231185045500000014e+36 9.935009999999999420e+38 1.000000000000000000e+00 0.000000000000000000e+00
2.373999232600000000e+15 1.209515841900000008e+36 9.885009999999999581e+38 1.000000000000000000e+00 0.000000000000000000e+00
2.350043817300000000e+15 1.187955968100000034e+36 9.835009999999999743e+38 1.000000000000000000e+00 0.000000000000000000e+00
2.326209879700000000e+15 1.166505424299999986e+36 9.785009999999999905e+38 1.000000000000000000e+00 0.000000000000000000e+00
2.302497419700000000e+15 1.145164210299999969e+36 9.735010000000000066e+38 1.000000000000000000e+00 0.000000000000000000e+00
2.278906437400000000e+15 1.123932326199999931e+36 9.685010000000000228e+38 1.000000000000000000e+00 0.000000000000000000e+00
2.255436932700000000e+15 1.102809772000000020e+36 9.635010000000000390e+38 1.000000000000000000e+00 0.000000000000000000e+00
2.232088905700000000e+15 1.081796547599999993e+36 9.585010000000000551e+38 1.000000000000000000e+00 0.000000000000000000e+00
2.208862356200000000e+15 1.060892653200000039e+36 9.535010000000000713e+38 1.000000000000000000e+00 0.000000000000000000e+00
2.185757284500000000e+15 1.040098088599999970e+36 9.485009999999999364e+38 1.000000000000000000e+00 0.000000000000000000e+00
2.162773690400000000e+15 1.019412853900000026e+36 9.435009999999999525e+38 1.000000000000000000e+00 0.000000000000000000e+00
2.139911573900000000e+15 9.988369490199999271e+35 9.385009999999999687e+38 1.000000000000000000e+00 0.000000000000000000e+00
2.117170935000000000e+15 9.783703740699999679e+35 9.335009999999999849e+38 1.000000000000000000e+00 0.000000000000000000e+00
2.094551773800000000e+15 9.580131289899999740e+35 9.285010000000000010e+38 1.000000000000000000e+00 0.000000000000000000e+00
2.072054090300000000e+15 9.377652137799999451e+35 9.235010000000000172e+38 1.000000000000000000e+00 0.000000000000000000e+00
2.049677884300000000e+15 9.176266284599999889e+35 9.185010000000000334e+38 1.000000000000000000e+00 0.000000000000000000e+00
2.027423156100000000e+15 8.975973730099999979e+35 9.135010000000000495e+38 1.000000000000000000e+00 0.000000000000000000e+00
2.005289905400000000e+15 8.776774474400000258e+35 9.085010000000000657e+38 1.000000000000000000e+00 0.000000000000000000e+00
1.983278132400000000e+15 8.578668517500000726e+35 9.035009999999999308e+38 1.000000000000000000e+00 0.000000000000000000e+00
1.961387837100000000e+15 8.381655859299999369e+35 8.985009999999999469e+38 1.000000000000000000e+00 0.000000000000000000e+00
1.939619019400000000e+15 8.185736499899999678e+35 8.935009999999999631e+38 1.000000000000000000e+00 0.000000000000000000e+00
1.917971679300000000e+15 7.990910439300000176e+35 8.885009999999999793e+38 1.000000000000000000e+00 0.000000000000000000e+00
1.896445816900000000e+15 7.797177677499999386e+35 8.835009999999999954e+38 1.000000000000000000e+00 0.000000000000000000e+00
1.875041432100000000e+15 7.604538214500000262e+35 8.785010000000000116e+38 1.000000000000000000e+00 0.000000000000000000e+00
1.853758525000000000e+15 7.412992050199999314e+35 8.735010000000000278e+38 3.237136465299999877e+00 0.000000000000000000e+00
1.838476280400000000e+15 7.276509192100000445e+35 8.685010000000000439e+38 3.237136465299999877e+00 0.000000000000000000e+00
1.823280780100000000e+15 7.141772864899999857e+35 8.635010000000000601e+38 3.237136465299999877e+00 0.000000000000000000e+00
1.808171406900000000e+15 7.008770637999999486e+35 8.585009999999999252e+38 3.237136465299999877e+00 0.000000000000000000e+00
1.793147544000000000e+15 6.877490097600000070e+35 8.535009999999999413e+38 3.237136465299999877e+00 0.000000000000000000e+00
1.778208576000000000e+15 6.747918847299999948e+35 8.485009999999999575e+38 3.237136465299999877e+00 0.000000000000000000e+00
1.763353887800000000e+15 6.620044507700000289e+35 8.435009999999999737e+38 3.237136465299999877e+00 0.000000000000000000e+00
1.748582865500000000e+15 6.493854716799999863e+35 8.385009999999999898e+38 3.237136465299999877e+00 0.000000000000000000e+00
1.733894896000000000e+15 6.369337129899999667e+35 8.335010000000000060e+38 3.237136465299999877e+00 0.000000000000000000e+00
1.719289367100000000e+15 6.246479419900000112e+35 8.285010000000000222e+38 3.237136465299999877e+00 0.000000000000000000e+00
1.704765667400000000e+15 6.125269277000000150e+35 8.235010000000000383e+38 3.237136465299999877e+00 0.000000000000000000e+00
1.690323186300000000e+15 6.005694409199999956e+35 8.185010000000000545e+38 3.237136465299999877e+00 0.000000000000000000e+00
1.675961314200000000e+15 5.887742542000000060e+35 8.135010000000000707e+38 3.237136465299999877e+00 0.000000000000000000e+00
1.661679442400000000e+15 5.771401418799999804e+35 8.085009999999999357e+38 3.237136465299999877e+00 0.000000000000000000e+00
1.647476963100000000e+15 5.656658800799999754e+35 8.035009999999999519e+38 3.237136465299999877e+00 0.000000000000000000e+00
1.633353269200000000e+15 5.543502467199999828e+35 7.985009999999999681e+38 3.237136465299999877e+00 0.000000000000000000e+00
1.619307754700000000e+15 5.431920215100000234e+35 7.935009999999999842e+38 3.237136465299999877e+00 0.000000000000000000e+00
1.605339814400000000e+15 5.321899859899999924e+35 7.885010000000000004e+38 3.237136465299999877e+00 0.000000000000000000e+00
1.591448844000000000e+15 5.213429234900000357e+35 7.835010000000000166e+38 3.237136465299999877e+00 0.000000000000000000e+00
1.577634240200000000e+15 5.106496191999999661e+35 7.785010000000000327e+38 3.237136465299999877e+00 0.000000000000000000e+00
1.563895400600000000e+15 5.001088601200000279e+35 7.735010000000000489e+38 3.237136465299999877e+00 0.000000000000000000e+00
1.550231723500000000e+15 4.897194351199999651e+35 7.685010000000000651e+38 3.237136465299999877e+00 0.000000000000000000e+00
1.536642608400000000e+15 4.794801349099999668e+35 7.635009999999999301e+38 3.237136465299999877e+00 0.000000000000000000e+00
1.523127455600000000e+15 4.693897520700000167e+35 7.585009999999999463e+38 3.237136465299999877e+00 0.000000000000000000e+00
1.509685666400000000e+15 4.594470810399999872e+35 7.535009999999999625e+38 3.237136465299999877e+00 0.000000000000000000e+00
1.496316642800000000e+15 4.496509181699999818e+35 7.485009999999999786e+38 3.237136465299999877e+00 0.000000000000000000e+00
1.483019788100000000e+15 4.400000616699999925e+35 7.435009999999999948e+38 3.237136465299999877e+00 0.000000000000000000e+00
1.469794506300000000e+15 4.304933116900000348e+35 7.385010000000000110e+38 3.237136465299999877e+00 0.000000000000000000e+00
1.456640202400000000e+15 4.211294702499999925e+35 7.335010000000000271e+38 3.237136465299999877e+00 0.000000000000000000e+00
1.443556282400000000e+15 4.119073413300000282e+35 7.285010000000000433e+38 3.237136465299999877e+00 0.000000000000000000e+00
1.430542153100000000e+15 4.028257308200000189e+35 7.235010000000000595e+38 3.237136465299999877e+00 0.000000000000000000e+00
1.417597222600000000e+15 3.938834465500000126e+35 7.185009999999999245e+38 3.237136465299999877e+00 0.000000000000000000e+00
1.404720899700000000e+15 3.850792983099999667e+35 7.135009999999999407e+38 3.237136465299999877e+00 0.000000000000000000e+00
1.391912594200000000e+15 3.764120978600000236e+35 7.085009999999999569e+38 3.237136465299999877e+00 0.000000000000000000e+00
1.379171716800000000e+15 3.678806589200000135e+35 7.035009999999999730e+38 3.237136465299999877e+00 0.000000000000000000e+00
1.366497679500000000e+15 3.594837971999999853e+35 6.985009999999999892e+38 3.237136465299999877e+00 0.000000000000000000e+00
1.353889895000000000e+15 3.512203303999999848e+35 6.935010000000000054e+38 3.237136465299999877e+00 0.000000000000000000e+00
1.341347777100000000e+15 3.430890782300000145e+35 6.885010000000000215e+38 3.237136465299999877e+00 0.000000000000000000e+00
1.328870740600000000e+15 3.350888624100000341e+35 6.835010000000000377e+38 3.237136465299999877e+00 0.000000000000000000e+00
1.316458201300000000e+15 3.272185067000000108e+35 6.785009999999999783e+38 3.237136465299999877e+00 0.000000000000000000e+00
1.304109575900000000e+15 3.194768368799999961e+35 6.735009999999999945e+38 3.237136465299999877e+00 0.000000000000000000e+00
1.291824282400000000e+15 3.118626807900000090e+35 6.685010000000000107e+38 3.237136465299999877e+00 0.000000000000000000e+00
1.279601739600000000e+15 3.043748683400000160e+35 6.635010000000000268e+38 3.237136465299999877e+00 0.000000000000000000e+00
1.267441367300000000e+15 2.970122314999999877e+35 6.585009999999999674e+38 3.237136465299999877e+00 0.000000000000000000e+00
1.255342586500000000e+15 2.897736043400000035e+35 6.535009999999999836e+38 3.237136465299999877e+00 0.000000000000000000e+00
1.243304819100000000e+15 2.826578230099999962e+35 6.485009999999999998e+38 3.237136465299999877e+00 0.000000000000000000e+00
1.231327488200000000e+15 2.756637257699999875e+35 6.435010000000000159e+38 3.237136465299999877e+00 0.000000000000000000e+00
1.219410017700000000e+15 2.687901530300000071e+35 6.385010000000000321e+38 3.237136465299999877e+00 0.000000000000000000e+00
1.207551832900000000e+15 2.620359473000000093e+35 6.335009999999999727e+38 3.237136465299999877e+00 0.000000000000000000e+00
1.195752359900000000e+15 2.553999532599999903e+35 6.285009999999999889e+38 3.237136465299999877e+00 0.000000000000000000e+00
1.184011025900000000e+15 2.488810177500000086e+35 6.235010000000000051e+38 3.237136465299999877e+00 0.000000000000000000e+00
1.172327259300000000e+15 2.424779897599999835e+35 6.185010000000000212e+38 3.237136465299999877e+00 0.000000000000000000e+00
1.160700489600000000e+15 2.361897204900000177e+35 6.135010000000000374e+38 3.237136465299999877e+00 0.000000000000000000e+00
1.149130147200000000e+15 2.300150633299999946e+35 6.085009999999999780e+38 3.237136465299999877e+00 0.000000000000000000e+00
1.137615663800000000e+15 2.239528739000000147e+35 6.035009999999999942e+38 3.237136465299999877e+00 0.000000000000000000e+00
1.126156472100000000e+15 2.180020100200000130e+35 5.985010000000000104e+38 3.237136465299999877e+00 0.000000000000000000e+00
1.114752005900000000e+15 2.121613317700000076e+35 5.935010000000000265e+38 3.237136465299999877e+00 0.000000000000000000e+00
1.103401700200000000e+15 2.064297015000000061e+35 5.885009999999999671e+38 3.237136465299999877e+00 0.000000000000000000e+00
1.092104991100000000e+15 2.008059837900000116e+35 5.835009999999999833e+38 3.237136465299999877e+00 0.000000000000000000e+00
1.080861315800000000e+15 1.952890455399999904e+35 5.785009999999999995e+38 3.237136465299999877e+00 0.000000000000000000e+00
1.069670112700000000e+15 1.898777559299999886e+35 5.735010000000000156e+38 3.237136465299999877e+00 0.000000000000000000e+00
1.058530821200000000e+15 1.845709864800000121e+35 5.685010000000000318e+38 3.237136465299999877e+00 0.000000000000000000e+00
1.047442882000000000e+15 1.793676110200000130e+35 5.635009999999999724e+38 3.237136465299999877e+00 0.000000000000000000e+00
1.036405737100000000e+15 1.742665057200000138e+35 5.585009999999999886e+38 3.237136465299999877e+00 0.000000000000000000e+00
1.025418829300000000e+15 1.692665491400000072e+35 5.535010000000000048e+38 3.237136465299999877e+00 0.000000000000000000e+00
1.014481603000000000e+15 1.643666221899999995e+35 5.485010000000000209e+38 3.237136465299999877e+00 0.000000000000000000e+00
1.003593503300000000e+15 1.595656081900000009e+35 5.435010000000000371e+38 3.237136465299999877e+00 0.000000000000000000e+00
9.927539770800000000e+14 1.548623928700000073e+35 5.385009999999999777e+38 3.237136465299999877e+00 0.000000000000000000e+00
9.819624719500000000e+14 1.502558643899999968e+35 5.335009999999999939e+38 3.237136465299999877e+00 0.000000000000000000e+00
9.712184369400000000e+14 1.457449133400000036e+35 5.285010000000000100e+38 3.237136465299999877e+00 0.000000000000000000e+00
9.605213222800000000e+14 1.413284327899999994e+35 5.235010000000000262e+38 3.237136465299999877e+00 0.000000000000000000e+00
9.498705794200000000e+14 1.370053183000000027e+35 5.185009999999999668e+38 3.237136465299999877e+00 0.000000000000000000e+00
9.392656610700000000e+14 1.327744678899999908e+35 5.135009999999999830e+38 3.237136465299999877e+00 0.000000000000000000e+00
9.287060211600000000e+14 1.286347821399999952e+35 5.085009999999999992e+38 3.237136465299999877e+00 0.000000000000000000e+00
9.181911148900000000e+14 1.245851641300000000e+35 5.035010000000000153e+38 3.237136465299999877e+00 0.000000000000000000e+00
9.077203987500000000e+14 1.206245195300000016e+35 4.985010000000000315e+38 3.237136465299999877e+00 0.000000000000000000e+00
8.972933304900000000e+14 1.167517565599999965e+35 4.935009999999999721e+38 3.237136465299999877e+00 0.000000000000000000e+00
8.869093691400000000e+14 1.129657860299999934e+35 4.885009999999999883e+38 3.237136465299999877e+00 0.000000000000000000e+00
8.765679750400000000e+14 1.092655213800000069e+35 4.835010000000000044e+38 3.237136465299999877e+00 0.000000000000000000e+00
8.662686098500000000e+14 1.056498786900000007e+35 4.785010000000000206e+38 3.237136465299999877e+00 0.000000000000000000e+00
8.560107365200000000e+14 1.021177766600000010e+35 4.735010000000000368e+38 3.237136465299999877e+00 0.000000000000000000e+00
8.457938193500000000e+14 9.866813669699999655e+34 4.685009999999999774e+38 3.237136465299999877e+00 0.000000000000000000e+00
8.356173239800000000e+14 9.529988290299999905e+34 4.635009999999999936e+38 3.237136465299999877e+00 0.000000000000000000e+00
8.254807173900000000e+14 9.201194208899999707e+34 4.585010000000000097e+38 3.237136465299999877e+00 0.000000000000000000e+00
8.153834679200000000e+14 8.880324381400000679e+34 4.535010000000000259e+38 3.237136465299999877e+00 0.000000000000000000e+00
8.053250453000000000e+14 8.567272039900000714e+34 4.485009999999999665e+38 3.237136465299999877e+00 0.000000000000000000e+00
7.953049206400000000e+14 8.261930695600000157e+34 4.435009999999999827e+38 3.237136465299999877e+00 0.000000000000000000e+00
7.853225664300000000e+14 7.964194140500000245e+34 4.385009999999999988e+38 3.237136465299999877e+00 0.000000000000000000e+00
7.753774565800000000e+14 7.673956450399999860e+34 4.335010000000000150e+38 3.237136465299999877e+00 0.000000000000000000e+00
7.654567702500000000e+14 7.412200612500000357e+34 4.285010000000000312e+38 2.886792452799999964e+00 0.000000000000000000e+00
7.555801043900000000e+14 7.165261260199999754e+34 4.235009999999999718e+38 2.886792452799999964e+00 0.000000000000000000e+00
7.457354743500000000e+14 6.923761950899999555e+34 4.185009999999999880e+38 2.886792452799999964e+00 0.000000000000000000e+00
7.359225444800000000e+14 6.687645690399999830e+34 4.135010000000000041e+38 2.886792452799999964e+00 0.000000000000000000e+00
7.261409787100000000e+14 6.456855407000000061e+34 4.085010000000000203e+38 2.886792452799999964e+00 0.000000000000000000e+00
7.163904404700000000e+14 6.231333951000000152e+34 4.035010000000000365e+38 2.886792452799999964e+00 0.000000000000000000e+00
7.066705927500000000e+14 6.011024093400000263e+34 3.985009999999999771e+38 2.886792452799999964e+00 0.000000000000000000e+00
6.969810980700000000e+14 5.795868524700000446e+34 3.935009999999999932e+38 2.886792452799999964e+00 0.000000000000000000e+00
6.873216184500000000e+14 5.585809854200000208e+34 3.885010000000000094e+38 2.886792452799999964e+00 0.000000000000000000e+00
6.776918154500000000e+14 5.380790608499999667e+34 3.835010000000000256e+38 2.886792452799999964e+00 0.000000000000000000e+00
6.680913501100000000e+14 5.180753230300000114e+34 3.785009999999999662e+38 2.886792452799999964e+00 0.000000000000000000e+00
6.585198829900000000e+14 4.985640077299999761e+34 3.735009999999999824e+38 2.886792452799999964e+00 0.000000000000000000e+00
6.489770741300000000e+14 4.795393420999999833e+34 3.685009999999999985e+38 2.886792452799999964e+00 0.000000000000000000e+00
6.394625830500000000e+14 4.609955445399999799e+34 3.635010000000000147e+38 2.886792452799999964e+00 0.000000000000000000e+00
6.299760687600000000e+14 4.429268245299999849e+34 3.585010000000000309e+38 2.886792452799999964e+00 0.000000000000000000e+00
6.205171897400000000e+14 4.253273825700000257e+34 3.535009999999999715e+38 2.886792452799999964e+00 0.000000000000000000e+00
6.110856039000000000e+14 4.081914099700000053e+34 3.485009999999999876e+38 2.886792452799999964e+00 0.000000000000000000e+00
6.016809686500000000e+14 3.915130887200000089e+34 3.435010000000000038e+38 2.886792452799999964e+00 0.000000000000000000e+00
5.923029408100000000e+14 3.752865913800000171e+34 3.385009999999999822e+38 2.886792452799999964e+00 0.000000000000000000e+00
5.829511766400000000e+14 3.595060808799999837e+34 3.335009999999999984e+38 2.886792452799999964e+00 0.000000000000000000e+00
5.736253318200000000e+14 3.441657103799999781e+34 3.285010000000000145e+38 2.886792452799999964e+00 0.000000000000000000e+00
5.643250614600000000e+14 3.292596231199999782e+34 3.235009999999999929e+38 2.886792452799999964e+00 0.000000000000000000e+00
5.550500200600000000e+14 3.147819522300000211e+34 3.185010000000000091e+38 2.886792452799999964e+00 0.000000000000000000e+00
5.457998615300000000e+14 3.007268205599999897e+34 3.135009999999999875e+38 2.886792452799999964e+00 0.000000000000000000e+00
5.365742391500000000e+14 2.870883405100000000e+34 3.085010000000000037e+38 2.886792452799999964e+00 0.000000000000000000e+00
5.273728055800000000e+14 2.738606138399999974e+34 3.035009999999999820e+38 2.886792452799999964e+00 0.000000000000000000e+00
5.181952128500000000e+14 2.610377314899999794e+34 2.985009999999999982e+38 2.886792452799999964e+00 0.000000000000000000e+00
5.090411123100000000e+14 2.486137733299999889e+34 2.935010000000000144e+38 2.886792452799999964e+00 0.000000000000000000e+00
4.999101546900000000e+14 2.365828080399999860e+34 2.885009999999999928e+38 2.886792452799999964e+00 0.000000000000000000e+00
4.908019900200000000e+14 2.249388928099999879e+34 2.835010000000000089e+38 2.886792452799999964e+00 0.000000000000000000e+00
4.817162676400000000e+14 2.136760731900000003e+34 2.785009999999999873e+38 2.886792452799999964e+00 0.000000000000000000e+00
4.726526362000000000e+14 2.027883827899999964e+34 2.735010000000000035e+38 2.886792452799999964e+00 0.000000000000000000e+00
4.636107436500000000e+14 1.922698431100000034e+34 2.685009999999999819e+38 2.886792452799999964e+00 0.000000000000000000e+00
4.545902371700000000e+14 1.821144632599999953e+34 2.635009999999999981e+38 2.886792452799999964e+00 0.000000000000000000e+00
4.455907632200000000e+14 1.723162396799999923e+34 2.585010000000000142e+38 2.886792452799999964e+00 0.000000000000000000e+00
4.366119675200000000e+14 1.628691559400000009e+34 2.535009999999999926e+38 2.886792452799999964e+00 0.000000000000000000e+00
4.276534949600000000e+14 1.537671823900000001e+34 2.485010000000000088e+38 2.886792452799999964e+00 0.000000000000000000e+00
4.187270000000000000e+14 1.461719999999999962e+34 2.435009999999999872e+38 3.475999999999999979e+00 0.000000000000000000e+00
4.097830000000000000e+14 1.360250000000000086e+34 2.385010000000000033e+38 3.482000000000000206e+00 0.000000000000000000e+00
4.008620000000000000e+14 1.263729999999999983e+34 2.335009999999999817e+38 3.487000000000000099e+00 0.000000000000000000e+00
3.919650000000000000e+14 1.172029999999999989e+34 2.285009999999999979e+38 3.491999999999999993e+00 0.000000000000000000e+00
3.830900000000000000e+14 1.085040000000000017e+34 2.235010000000000141e+38 3.496999999999999886e+00 0.000000000000000000e+00
3.742380000000000000e+14 1.002629999999999944e+34 2.185009999999999925e+38 3.501999999999999780e+00 0.000000000000000000e+00
3.654060000000000000e+14 9.246920000000000543e+33 2.135010000000000086e+38 3.505999999999999783e+00 0.000000000000000000e+00
3.565960000000000000e+14 8.510910000000000422e+33 2.085009999999999870e+38 3.509999999999999787e+00 0.000000000000000000e+00
3.478050000000000000e+14 7.817060000000000193e+33 2.035010000000000032e+38 3.512999999999999901e+00 0.000000000000000000e+00
3.390330000000000000e+14 7.164110000000000304e+33 1.985009999999999816e+38 3.515000000000000124e+00 0.000000000000000000e+00
3.302800000000000000e+14 6.550789999999999916e+33 1.935009999999999977e+38 3.516999999999999904e+00 0.000000000000000000e+00
3.215450000000000000e+14 5.975849999999999611e+33 1.885010000000000139e+38 3.517999999999999794e+00 0.000000000000000000e+00
3.128270000000000000e+14 5.437990000000000455e+33 1.835009999999999923e+38 3.517999999999999794e+00 0.000000000000000000e+00
3.041250000000000000e+14 4.935939999999999879e+33 1.785010000000000085e+38 3.516999999999999904e+00 0.000000000000000000e+00
2.954390000000000000e+14 4.468410000000000237e+33 1.735009999999999869e+38 3.513999999999999790e+00 0.000000000000000000e+00
2.867690000000000000e+14 4.034109999999999846e+33 1.685010000000000030e+38 3.508999999999999897e+00 0.000000000000000000e+00
2.781130000000000000e+14 3.631730000000000214e+33 1.635010000000000003e+38 3.500999999999999890e+00 0.000000000000000000e+00
2.694720000000000000e+14 3.259970000000000102e+33 1.585009999999999976e+38 3.491000000000000103e+00 0.000000000000000000e+00
2.608430000000000000e+14 2.917529999999999999e+33 1.535009999999999949e+38 3.478000000000000203e+00 0.000000000000000000e+00
2.522280000000000000e+14 2.603079999999999993e+33 1.485009999999999921e+38 3.460999999999999854e+00 0.000000000000000000e+00
2.436250000000000000e+14 2.315319999999999999e+33 1.435010000000000083e+38 3.439999999999999947e+00 0.000000000000000000e+00
2.350340000000000000e+14 2.052920000000000104e+33 1.385010000000000056e+38 3.412999999999999812e+00 0.000000000000000000e+00
2.264550000000000000e+14 1.814530000000000129e+33 1.335010000000000029e+38 3.379999999999999893e+00 0.000000000000000000e+00
2.178880000000000000e+14 1.598799999999999895e+33 1.285010000000000002e+38 3.338999999999999968e+00 0.000000000000000000e+00
2.093320000000000000e+14 1.404329999999999996e+33 1.235009999999999974e+38 3.290000000000000036e+00 0.000000000000000000e+00
2.007890000000000000e+14 1.229519999999999937e+33 1.185009999999999947e+38 3.230999999999999872e+00 0.000000000000000000e+00
1.922610000000000000e+14 1.073400000000000009e+33 1.135009999999999920e+38 3.157999999999999918e+00 0.000000000000000000e+00
1.837400000000000000e+14 9.350210000000000598e+32 1.085010000000000082e+38 3.071000000000000174e+00 0.000000000000000000e+00
1.752260000000000000e+14 8.130770000000000681e+32 1.035010000000000054e+38 2.970000000000000195e+00 0.000000000000000000e+00
1.667180000000000000e+14 7.062950000000000192e+32 9.850079999999999665e+37 2.851999999999999869e+00 0.000000000000000000e+00
1.540790000000000000e+14 6.295530000000000221e+32 9.107000000000000487e+37 2.958000000000000185e+00 4.230929999999999923e+28
1.536040000000000000e+14 6.264280000000000349e+32 9.079040000000000295e+37 2.963999999999999968e+00 1.872710000000000044e+29
1.531290000000000000e+14 6.233970000000000074e+32 9.051080000000000103e+37 2.974000000000000199e+00 2.636040000000000008e+29
1.526540000000000000e+14 6.201289999999999818e+32 9.023119999999999911e+37 2.982000000000000206e+00 3.049029999999999972e+29
1.521790000000000000e+14 6.168189999999999711e+32 8.995159999999999719e+37 2.990000000000000213e+00 3.360320000000000202e+29
1.517040000000000000e+14 6.135009999999999976e+32 8.967199999999999527e+37 2.996999999999999886e+00 3.620770000000000070e+29
1.512280000000000000e+14 6.101849999999999787e+32 8.939239999999999335e+37 3.004000000000000004e+00 3.850839999999999719e+29
1.507530000000000000e+14 6.068759999999999814e+32 8.911279999999999143e+37 3.009999999999999787e+00 4.060919999999999934e+29
1.502780000000000000e+14 6.035779999999999871e+32 8.883320000000000841e+37 3.016999999999999904e+00 4.256980000000000297e+29
1.498030000000000000e+14 6.002909999999999957e+32 8.855360000000000649e+37 3.024000000000000021e+00 4.442770000000000278e+29
1.493280000000000000e+14 5.970179999999999753e+32 8.827400000000000457e+37 3.031000000000000139e+00 4.620809999999999944e+29
1.488530000000000000e+14 5.937579999999999846e+32 8.799440000000000265e+37 3.036999999999999922e+00 4.792830000000000037e+29
1.483780000000000000e+14 5.905119999999999649e+32 8.771480000000000073e+37 3.044000000000000039e+00 4.960100000000000096e+29
1.479030000000000000e+14 5.872799999999999882e+32 8.743519999999999881e+37 3.051000000000000156e+00 5.123550000000000271e+29
1.474280000000000000e+14 5.840629999999999960e+32 8.715559999999999689e+37 3.056999999999999940e+00 5.283879999999999761e+29
1.469530000000000000e+14 5.808599999999999747e+32 8.687599999999999497e+37 3.064000000000000057e+00 5.441670000000000171e+29
1.464780000000000000e+14 5.776720000000000099e+32 8.659639999999999306e+37 3.071000000000000174e+00 5.597329999999999897e+29
1.460030000000000000e+14 5.744999999999999708e+32 8.631679999999999114e+37 3.076999999999999957e+00 5.751230000000000011e+29
1.455280000000000000e+14 5.713419999999999747e+32 8.603720000000000811e+37 3.084000000000000075e+00 5.903640000000000195e+29
1.450530000000000000e+14 5.681990000000000350e+32 8.575760000000000619e+37 3.089999999999999858e+00 6.054799999999999852e+29
1.445780000000000000e+14 5.650720000000000211e+32 8.547800000000000427e+37 3.096999999999999975e+00 6.204889999999999940e+29
1.441030000000000000e+14 5.619599999999999915e+32 8.519840000000000235e+37 1.907999999999999918e+00 6.354079999999999452e+29
1.436280000000000000e+14 5.588630000000000183e+32 8.491880000000000043e+37 1.901999999999999913e+00 6.502490000000000200e+29
1.431530000000000000e+14 5.557810000000000295e+32 8.463919999999999851e+37 1.897000000000000020e+00 6.650240000000000478e+29
1.426780000000000000e+14 5.527140000000000251e+32 8.435959999999999660e+37 1.891000000000000014e+00 6.797430000000000272e+29
1.422030000000000000e+14 5.496620000000000051e+32 8.408000000000000412e+37 1.885000000000000009e+00 6.944120000000000137e+29
1.417280000000000000e+14 5.466259999999999828e+32 8.380040000000000220e+37 1.879999999999999893e+00 7.090399999999999496e+29
1.412530000000000000e+14 5.436040000000000036e+32 8.352080000000000028e+37 1.874000000000000110e+00 7.236319999999999751e+29
1.407790000000000000e+14 5.405980000000000221e+32 8.324119999999999837e+37 1.868999999999999995e+00 7.381929999999999486e+29
1.403040000000000000e+14 5.376060000000000116e+32 8.296159999999999645e+37 1.862999999999999989e+00 7.527269999999999541e+29
1.398290000000000000e+14 5.346299999999999989e+32 8.268200000000000397e+37 1.858000000000000096e+00 7.672379999999999347e+29
1.393540000000000000e+14 5.316689999999999706e+32 8.240240000000000205e+37 1.852000000000000091e+00 7.817290000000000588e+29
1.388790000000000000e+14 5.287219999999999853e+32 8.212280000000000014e+37 1.846999999999999975e+00 7.962029999999999320e+29
1.384040000000000000e+14 5.257909999999999977e+32 8.184319999999999822e+37 1.840999999999999970e+00 8.106619999999999481e+29
1.379300000000000000e+14 5.228739999999999812e+32 8.156359999999999630e+37 1.836000000000000076e+00 8.251079999999999378e+29
1.374550000000000000e+14 5.199720000000000210e+32 8.128400000000000382e+37 1.830999999999999961e+00 8.395419999999999574e+29
1.369800000000000000e+14 5.170840000000000319e+32 8.100440000000000191e+37 1.824999999999999956e+00 8.539670000000000346e+29
1.365050000000000000e+14 5.142119999999999685e+32 8.072479999999999999e+37 1.820000000000000062e+00 8.683830000000000286e+29
1.360300000000000000e+14 5.113530000000000068e+32 8.044519999999999807e+37 1.814999999999999947e+00 8.827920000000000517e+29
1.355560000000000000e+14 5.088540000000000304e+32 8.016559999999999615e+37 1.810000000000000053e+00 5.692260000000000163e+29
1.350810000000000000e+14 5.060290000000000189e+32 7.988600000000000368e+37 1.804999999999999938e+00 5.763519999999999827e+29
1.346060000000000000e+14 5.032179999999999784e+32 7.960640000000000176e+37 1.798999999999999932e+00 5.834830000000000186e+29
1.341320000000000000e+14 5.004219999999999944e+32 7.932679999999999984e+37 1.794000000000000039e+00 5.906199999999999693e+29
1.336570000000000000e+14 4.976389999999999679e+32 7.904719999999999792e+37 1.788999999999999924e+00 5.977619999999999897e+29
1.331820000000000000e+14 4.948709999999999979e+32 7.876759999999999600e+37 1.784000000000000030e+00 6.049080000000000236e+29
1.322330000000000000e+14 4.900930000000000321e+32 7.820840000000000161e+37 1.774000000000000021e+00 3.408859999999999832e+29
1.312830000000000000e+14 4.846710000000000310e+32 7.764919999999999777e+37 1.764000000000000012e+00 3.445810000000000251e+29
1.289100000000000000e+14 4.713489999999999728e+32 7.625119999999999762e+37 1.739999999999999991e+00 3.540529999999999984e+29
1.274870000000000000e+14 4.635129999999999788e+32 7.541240000000000131e+37 1.725000000000000089e+00 3.598669999999999668e+29
1.246390000000000000e+14 4.481820000000000103e+32 7.373479999999999924e+37 1.697999999999999954e+00 3.717159999999999990e+29
1.236900000000000000e+14 4.431700000000000144e+32 7.317559999999999541e+37 1.689000000000000057e+00 3.757159999999999980e+29
1.222670000000000000e+14 4.357430000000000123e+32 7.233679999999999909e+37 1.675999999999999934e+00 3.817509999999999915e+29
1.217920000000000000e+14 4.332910000000000157e+32 7.205719999999999718e+37 1.671999999999999931e+00 3.837709999999999881e+29
1.213180000000000000e+14 4.308500000000000221e+32 7.177760000000000470e+37 1.667999999999999927e+00 3.857940000000000125e+29
1.165740000000000000e+14 4.070610000000000302e+32 6.898160000000000440e+37 1.627999999999999892e+00 4.061440000000000283e+29
1.151510000000000000e+14 4.001340000000000116e+32 6.814279999999999865e+37 1.616999999999999993e+00 4.122680000000000233e+29
1.142030000000000000e+14 3.955679999999999979e+32 6.758360000000000426e+37 1.610000000000000098e+00 4.163499999999999826e+29
1.127800000000000000e+14 3.887919999999999805e+32 6.674479999999999850e+37 1.598999999999999977e+00 4.224670000000000067e+29
1.094610000000000000e+14 3.733170000000000322e+32 6.478760000000000396e+37 1.576999999999999957e+00 4.366930000000000275e+29
1.089860000000000000e+14 3.711430000000000055e+32 6.450800000000000204e+37 1.574000000000000066e+00 4.387180000000000234e+29
1.080380000000000000e+14 3.668220000000000248e+32 6.394879999999999820e+37 1.568000000000000060e+00 4.427599999999999883e+29
1.061420000000000000e+14 3.582819999999999859e+32 6.283039999999999997e+37 1.556000000000000050e+00 4.508109999999999650e+29
1.056680000000000000e+14 3.561679999999999688e+32 6.255079999999999805e+37 1.554000000000000048e+00 4.528160000000000341e+29
1.047190000000000000e+14 3.519649999999999804e+32 6.199160000000000366e+37 1.548000000000000043e+00 4.568170000000000188e+29
1.042450000000000000e+14 3.498749999999999959e+32 6.171200000000000174e+37 1.546000000000000041e+00 4.588120000000000190e+29
1.037710000000000000e+14 3.477929999999999742e+32 6.143239999999999982e+37 1.542999999999999927e+00 4.608039999999999915e+29
1.028230000000000000e+14 3.436520000000000221e+32 6.087319999999999599e+37 1.538000000000000034e+00 4.647759999999999662e+29
9.997940000000000000e+13 3.314079999999999651e+32 5.919560000000000336e+37 1.524999999999999911e+00 4.765950000000000027e+29
9.950540000000000000e+13 3.293920000000000332e+32 5.891600000000000144e+37 1.522999999999999909e+00 4.785490000000000227e+29
9.903150000000000000e+13 3.273839999999999920e+32 5.863639999999999953e+37 1.520999999999999908e+00 4.804990000000000293e+29
9.855750000000000000e+13 3.260249999999999810e+32 5.835679999999999761e+37 1.516999999999999904e+00 5.515340000000000058e+29
9.808360000000000000e+13 3.240429999999999993e+32 5.807719999999999569e+37 1.514999999999999902e+00 5.510349999999999917e+29
9.760970000000000000e+13 3.220660000000000123e+32 5.779760000000000321e+37 1.512999999999999901e+00 5.505280000000000209e+29
9.713580000000000000e+13 3.200969999999999882e+32 5.751800000000000130e+37 1.510999999999999899e+00 5.500109999999999812e+29
9.666190000000000000e+13 3.181329999999999949e+32 5.723839999999999938e+37 1.508999999999999897e+00 5.494859999999999849e+29
9.618800000000000000e+13 3.161759999999999871e+32 5.695879999999999746e+37 1.506999999999999895e+00 5.489509999999999900e+29
9.571410000000000000e+13 3.142260000000000008e+32 5.667919999999999554e+37 1.504999999999999893e+00 5.484079999999999680e+29
9.524030000000000000e+13 3.122810000000000094e+32 5.639960000000000307e+37 1.504000000000000004e+00 5.478540000000000320e+29
9.476640000000000000e+13 3.103419999999999900e+32 5.612000000000000115e+37 1.502000000000000002e+00 5.472910000000000129e+29
9.429260000000000000e+13 3.084090000000000149e+32 5.584039999999999923e+37 1.500000000000000000e+00 5.467189999999999810e+29
9.381880000000000000e+13 3.064820000000000119e+32 5.556079999999999731e+37 1.499000000000000110e+00 5.461360000000000350e+29
9.334490000000000000e+13 3.045610000000000170e+32 5.528119999999999539e+37 1.497000000000000108e+00 5.455440000000000059e+29
9.287110000000000000e+13 3.026459999999999943e+32 5.500160000000000292e+37 1.495999999999999996e+00 5.449409999999999924e+29
9.239730000000000000e+13 3.007360000000000024e+32 5.472200000000000100e+37 1.493999999999999995e+00 5.443279999999999803e+29
9.192360000000000000e+13 2.988310000000000053e+32 5.444239999999999908e+37 1.493000000000000105e+00 5.437049999999999697e+29
9.144980000000000000e+13 2.969320000000000163e+32 5.416279999999999716e+37 1.491999999999999993e+00 5.430709999999999746e+29
9.097600000000000000e+13 2.950379999999999862e+32 5.388320000000000469e+37 1.489999999999999991e+00 5.424269999999999810e+29
9.050230000000000000e+13 2.931500000000000002e+32 5.360360000000000277e+37 1.489000000000000101e+00 5.417720000000000030e+29
9.002850000000000000e+13 2.912670000000000090e+32 5.332400000000000085e+37 1.487999999999999989e+00 5.411059999999999702e+29
8.955480000000000000e+13 2.893879999999999992e+32 5.304439999999999893e+37 1.487000000000000099e+00 5.404279999999999673e+29
8.908110000000000000e+13 2.875149999999999976e+32 5.276479999999999701e+37 1.485999999999999988e+00 5.397399999999999658e+29
8.860740000000000000e+13 2.856469999999999907e+32 5.248520000000000454e+37 1.485000000000000098e+00 5.390409999999999799e+29
8.813370000000000000e+13 2.837830000000000013e+32 5.220560000000000262e+37 1.483999999999999986e+00 5.383300000000000238e+29
8.766000000000000000e+13 2.819249999999999841e+32 5.192600000000000070e+37 1.483000000000000096e+00 5.376080000000000131e+29
8.718630000000000000e+13 2.800709999999999843e+32 5.164639999999999878e+37 1.481999999999999984e+00 5.368740000000000321e+29
8.671260000000000000e+13 2.782210000000000020e+32 5.136679999999999686e+37 1.481000000000000094e+00 5.361280000000000106e+29
8.623900000000000000e+13 2.763760000000000144e+32 5.108720000000000439e+37 1.479999999999999982e+00 5.353700000000000190e+29
8.576530000000000000e+13 2.745359999999999856e+32 5.080760000000000247e+37 1.479000000000000092e+00 5.345999999999999868e+29
8.529170000000000000e+13 2.727000000000000103e+32 5.052800000000000055e+37 1.479000000000000092e+00 5.338189999999999703e+29
8.481810000000000000e+13 2.708680000000000164e+32 5.024839999999999863e+37 1.477999999999999980e+00 5.330240000000000120e+29
8.434450000000000000e+13 2.690400000000000039e+32 4.996879999999999671e+37 1.477000000000000091e+00 5.322179999999999990e+29
8.387090000000000000e+13 2.672169999999999863e+32 4.968920000000000424e+37 1.477000000000000091e+00 5.313990000000000300e+29
8.339730000000000000e+13 2.653979999999999860e+32 4.940960000000000232e+37 1.475999999999999979e+00 5.305670000000000347e+29
8.292370000000000000e+13 2.635830000000000032e+32 4.913000000000000040e+37 1.475999999999999979e+00 5.297229999999999989e+29
8.245010000000000000e+13 2.617709999999999885e+32 4.885039999999999848e+37 1.475000000000000089e+00 5.288660000000000072e+29
8.197660000000000000e+13 2.599640000000000046e+32 4.857079999999999657e+37 1.475000000000000089e+00 5.279950000000000033e+29
8.150310000000000000e+13 2.581599999999999888e+32 4.829120000000000409e+37 1.473999999999999977e+00 5.271120000000000293e+29
8.102950000000000000e+13 2.563599999999999904e+32 4.801160000000000217e+37 1.473999999999999977e+00 5.262149999999999728e+29
8.055600000000000000e+13 2.545640000000000094e+32 4.773200000000000025e+37 1.473999999999999977e+00 5.253050000000000308e+29
8.008250000000000000e+13 2.527720000000000099e+32 4.745239999999999834e+37 1.473999999999999977e+00 5.243810000000000062e+29
7.960900000000000000e+13 2.509830000000000144e+32 4.717279999999999642e+37 1.473000000000000087e+00 5.234429999999999696e+29
7.913550000000000000e+13 2.491969999999999870e+32 4.689320000000000394e+37 1.473000000000000087e+00 5.224919999999999770e+29
7.866200000000000000e+13 2.474150000000000131e+32 4.661360000000000202e+37 1.473000000000000087e+00 5.215269999999999724e+29
7.818860000000000000e+13 2.456360000000000072e+32 4.633400000000000011e+37 1.473000000000000087e+00 5.205480000000000260e+29
7.771510000000000000e+13 2.438609999999999828e+32 4.605439999999999819e+37 1.473000000000000087e+00 5.195540000000000113e+29
7.724170000000000000e+13 2.420879999999999851e+32 4.577479999999999627e+37 1.473000000000000087e+00 5.185459999999999845e+29
7.676830000000000000e+13 2.403190000000000048e+32 4.549520000000000379e+37 1.473000000000000087e+00 5.175240000000000161e+29
7.629490000000000000e+13 2.385529999999999926e+32 4.521560000000000188e+37 1.473000000000000087e+00 5.164869999999999793e+29
7.582150000000000000e+13 2.367909999999999979e+32 4.493599999999999996e+37 1.473000000000000087e+00 5.154350000000000151e+29
7.534810000000000000e+13 2.350309999999999938e+32 4.465639999999999804e+37 1.473999999999999977e+00 5.143689999999999683e+29
7.487470000000000000e+13 2.332739999999999939e+32 4.437679999999999612e+37 1.473999999999999977e+00 5.132870000000000083e+29
7.440130000000000000e+13 2.315199999999999980e+32 4.409720000000000365e+37 1.473999999999999977e+00 5.121899999999999800e+29
7.392800000000000000e+13 2.297690000000000062e+32 4.381760000000000173e+37 1.473999999999999977e+00 5.110780000000000242e+29
7.345470000000000000e+13 2.280200000000000051e+32 4.353799999999999981e+37 1.475000000000000089e+00 5.099500000000000144e+29
7.298130000000000000e+13 2.262749999999999854e+32 4.325839999999999789e+37 1.475000000000000089e+00 5.088070000000000067e+29
7.250800000000000000e+13 2.246689999999999867e+32 4.297879999999999597e+37 1.473999999999999977e+00 6.167319999999999890e+29
7.203470000000000000e+13 2.229320000000000019e+32 4.269920000000000350e+37 1.473999999999999977e+00 6.138980000000000227e+29
7.156140000000000000e+13 2.211970000000000079e+32 4.241960000000000158e+37 1.475000000000000089e+00 6.110489999999999881e+29
7.108810000000000000e+13 2.194650000000000179e+32 4.213999999999999966e+37 1.475000000000000089e+00 6.081869999999999975e+29
7.061490000000000000e+13 2.177359999999999960e+32 4.186039999999999774e+37 1.475999999999999979e+00 6.053090000000000233e+29
7.014160000000000000e+13 2.160090000000000008e+32 4.158080000000000054e+37 1.477000000000000091e+00 6.024180000000000228e+29
6.966840000000000000e+13 2.142839999999999963e+32 4.130119999999999863e+37 1.477000000000000091e+00 5.995109999999999683e+29
6.919520000000000000e+13 2.125619999999999959e+32 4.102160000000000143e+37 1.477999999999999980e+00 5.965899999999999720e+29
6.872190000000000000e+13 2.108419999999999862e+32 4.074199999999999951e+37 1.479000000000000092e+00 5.936539999999999778e+29
6.824870000000000000e+13 2.091240000000000033e+32 4.046240000000000231e+37 1.479000000000000092e+00 5.907020000000000000e+29
6.777550000000000000e+13 2.074089999999999884e+32 4.018280000000000040e+37 1.479999999999999982e+00 5.877360000000000101e+29
6.730240000000000000e+13 2.056949999999999869e+32 3.990319999999999848e+37 1.481000000000000094e+00 5.847539999999999661e+29
6.682920000000000000e+13 2.039839999999999894e+32 3.962360000000000128e+37 1.481999999999999984e+00 5.817569999999999946e+29
6.635610000000000000e+13 2.022749999999999827e+32 3.934399999999999936e+37 1.483000000000000096e+00 5.787450000000000252e+29
6.588290000000000000e+13 2.005690000000000161e+32 3.906440000000000217e+37 1.483999999999999986e+00 5.757160000000000160e+29
6.540980000000000000e+13 1.988639999999999908e+32 3.878480000000000025e+37 1.485000000000000098e+00 5.726729999999999947e+29
6.493670000000000000e+13 1.971609999999999922e+32 3.850519999999999833e+37 1.485999999999999988e+00 5.696130000000000040e+29
6.446360000000000000e+13 1.954599999999999843e+32 3.822560000000000113e+37 1.487000000000000099e+00 5.665370000000000296e+29
6.399050000000000000e+13 1.937620000000000166e+32 3.794599999999999921e+37 1.487999999999999989e+00 5.634459999999999869e+29
6.351750000000000000e+13 1.920649999999999901e+32 3.766640000000000202e+37 1.489000000000000101e+00 5.603379999999999747e+29
6.304440000000000000e+13 1.903699999999999905e+32 3.738680000000000010e+37 1.489999999999999991e+00 5.572139999999999789e+29
6.257140000000000000e+13 1.886770000000000175e+32 3.710719999999999818e+37 1.491000000000000103e+00 5.540739999999999995e+29
6.209830000000000000e+13 1.869859999999999992e+32 3.682760000000000098e+37 1.491999999999999993e+00 5.509169999999999802e+29
6.162530000000000000e+13 1.852970000000000077e+32 3.654799999999999906e+37 1.493999999999999995e+00 5.477439999999999772e+29
6.115230000000000000e+13 1.836089999999999935e+32 3.626840000000000187e+37 1.495000000000000107e+00 5.445549999999999905e+29
6.067930000000000000e+13 1.819239999999999834e+32 3.598879999999999995e+37 1.495999999999999996e+00 5.413490000000000345e+29
6.020640000000000000e+13 1.802399999999999866e+32 3.570919999999999803e+37 1.497999999999999998e+00 5.381259999999999682e+29
5.973340000000000000e+13 1.785580000000000166e+32 3.542960000000000083e+37 1.499000000000000110e+00 5.348860000000000028e+29
5.926050000000000000e+13 1.768769999999999879e+32 3.514999999999999892e+37 1.500000000000000000e+00 5.316289999999999976e+29
5.878760000000000000e+13 1.751989999999999993e+32 3.487040000000000172e+37 1.502000000000000002e+00 5.283550000000000229e+29
5.831460000000000000e+13 1.735219999999999881e+32 3.459079999999999980e+37 1.502999999999999892e+00 5.250640000000000085e+29
5.784180000000000000e+13 1.718470000000000036e+32 3.431119999999999788e+37 1.504999999999999893e+00 5.217570000000000103e+29
5.736890000000000000e+13 1.701729999999999964e+32 3.403160000000000069e+37 1.506000000000000005e+00 5.184319999999999865e+29
5.689600000000000000e+13 1.685010000000000160e+32 3.375199999999999877e+37 1.508000000000000007e+00 5.150890000000000075e+29
5.642320000000000000e+13 1.668309999999999903e+32 3.347240000000000157e+37 1.510000000000000009e+00 5.117289999999999887e+29
5.595030000000000000e+13 1.651629999999999913e+32 3.319279999999999965e+37 1.510999999999999899e+00 5.083520000000000004e+29
5.547750000000000000e+13 1.634960000000000056e+32 3.291319999999999773e+37 1.512999999999999901e+00 5.049579999999999723e+29
5.500470000000000000e+13 1.618299999999999974e+32 3.263360000000000054e+37 1.514999999999999902e+00 5.015459999999999890e+29
5.453190000000000000e+13 1.601669999999999931e+32 3.235399999999999862e+37 1.516000000000000014e+00 4.981159999999999800e+29
5.405910000000000000e+13 1.585050000000000023e+32 3.207440000000000142e+37 1.518000000000000016e+00 4.946690000000000016e+29
5.358640000000000000e+13 1.568440000000000068e+32 3.179479999999999950e+37 1.520000000000000018e+00 4.912039999999999976e+29
5.311360000000000000e+13 1.551859999999999974e+32 3.151520000000000231e+37 1.522000000000000020e+00 4.877220000000000241e+29
5.264090000000000000e+13 1.535280000000000060e+32 3.123560000000000039e+37 1.522999999999999909e+00 4.842220000000000250e+29
5.216820000000000000e+13 1.518730000000000007e+32 3.095599999999999847e+37 1.524999999999999911e+00 4.807040000000000004e+29
5.169550000000000000e+13 1.502190000000000087e+32 3.067640000000000127e+37 1.526999999999999913e+00 4.771680000000000204e+29
5.122290000000000000e+13 1.485670000000000074e+32 3.039679999999999935e+37 1.528999999999999915e+00 4.736140000000000149e+29
5.075020000000000000e+13 1.469160000000000015e+32 3.011720000000000216e+37 1.530999999999999917e+00 4.700419999999999837e+29
5.027760000000000000e+13 1.452679999999999997e+32 2.983760000000000024e+37 1.532999999999999918e+00 4.664529999999999831e+29
4.980490000000000000e+13 1.436199999999999979e+32 2.955799999999999832e+37 1.534999999999999920e+00 4.628460000000000273e+29
4.933230000000000000e+13 1.419750000000000002e+32 2.927840000000000112e+37 1.536999999999999922e+00 4.592199999999999896e+29
4.885970000000000000e+13 1.403309999999999978e+32 2.899879999999999921e+37 1.538999999999999924e+00 4.555769999999999826e+29
4.838720000000000000e+13 1.386890000000000041e+32 2.871920000000000201e+37 1.540999999999999925e+00 4.519160000000000203e+29
4.791460000000000000e+13 1.370490000000000012e+32 2.843960000000000009e+37 1.542999999999999927e+00 4.482370000000000323e+29
4.744210000000000000e+13 1.354099999999999936e+32 2.815999999999999817e+37 1.544999999999999929e+00 4.445400000000000188e+29
4.696960000000000000e+13 1.337729999999999947e+32 2.788040000000000098e+37 1.546999999999999931e+00 4.408249999999999797e+29
4.649710000000000000e+13 1.321380000000000046e+32 2.760079999999999906e+37 1.550000000000000044e+00 4.370919999999999853e+29
4.602460000000000000e+13 1.305050000000000051e+32 2.732120000000000186e+37 1.552000000000000046e+00 4.333409999999999653e+29
4.555210000000000000e+13 1.288739999999999964e+32 2.704159999999999994e+37 1.554000000000000048e+00 4.295729999999999759e+29
4.507970000000000000e+13 1.272440000000000011e+32 2.676199999999999802e+37 1.556000000000000050e+00 4.257859999999999750e+29
4.460720000000000000e+13 1.256169999999999918e+32 2.648240000000000083e+37 1.558999999999999941e+00 4.219820000000000047e+29
4.413480000000000000e+13 1.239909999999999959e+32 2.620279999999999891e+37 1.560999999999999943e+00 4.181600000000000088e+29
4.366250000000000000e+13 1.223680000000000040e+32 2.592320000000000171e+37 1.562999999999999945e+00 4.143199999999999873e+29
4.319010000000000000e+13 1.207460000000000075e+32 2.564359999999999979e+37 1.566000000000000059e+00 4.104620000000000106e+29
4.271770000000000000e+13 1.191260000000000018e+32 2.536399999999999787e+37 1.568000000000000060e+00 4.065869999999999940e+29
4.224540000000000000e+13 1.175090000000000001e+32 2.508440000000000068e+37 1.570000000000000062e+00 4.026940000000000222e+29
4.177310000000000000e+13 1.158940000000000071e+32 2.480479999999999876e+37 1.572999999999999954e+00 3.987830000000000247e+29
4.130080000000000000e+13 1.142810000000000049e+32 2.452520000000000156e+37 1.574999999999999956e+00 3.948559999999999733e+29
4.082850000000000000e+13 1.126699999999999933e+32 2.424559999999999964e+37 1.578000000000000069e+00 3.909099999999999808e+29
4.035630000000000000e+13 1.110610000000000085e+32 2.396599999999999773e+37 1.580000000000000071e+00 3.869480000000000046e+29
3.988410000000000000e+13 1.094549999999999918e+32 2.368640000000000053e+37 1.582999999999999963e+00 3.829680000000000028e+29
3.941180000000000000e+13 1.078510000000000018e+32 2.340679999999999861e+37 1.584999999999999964e+00 3.789710000000000316e+29
3.893970000000000000e+13 1.062499999999999978e+32 2.312720000000000141e+37 1.588000000000000078e+00 3.749570000000000206e+29
3.846750000000000000e+13 1.046510000000000026e+32 2.284759999999999950e+37 1.590000000000000080e+00 3.709259999999999697e+29
3.799540000000000000e+13 1.030549999999999934e+32 2.256800000000000230e+37 1.592999999999999972e+00 3.668790000000000055e+29
3.752320000000000000e+13 1.014609999999999930e+32 2.228840000000000038e+37 1.594999999999999973e+00 3.628140000000000157e+29
3.705110000000000000e+13 9.987030000000000789e+31 2.200879999999999846e+37 1.598000000000000087e+00 3.587329999999999719e+29
3.657910000000000000e+13 9.828219999999999988e+31 2.172920000000000127e+37 1.600999999999999979e+00 3.546360000000000148e+29
3.610700000000000000e+13 9.669699999999999821e+31 2.144959999999999935e+37 1.602999999999999980e+00 3.505230000000000036e+29
3.563500000000000000e+13 9.511480000000000062e+31 2.116999999999999979e+37 1.606000000000000094e+00 3.463930000000000230e+29
3.516300000000000000e+13 9.353549999999999136e+31 2.089040000000000023e+37 1.608999999999999986e+00 3.422469999999999883e+29
3.469100000000000000e+13 9.195939999999999967e+31 2.061080000000000067e+37 1.610999999999999988e+00 3.380860000000000261e+29
3.421900000000000000e+13 9.038650000000000753e+31 2.033120000000000112e+37 1.614000000000000101e+00 3.339090000000000099e+29
3.374710000000000000e+13 8.881689999999999465e+31 2.005159999999999920e+37 1.616999999999999993e+00 3.297169999999999958e+29
3.327520000000000000e+13 8.725069999999999481e+31 1.977199999999999964e+37 1.620000000000000107e+00 3.255089999999999980e+29
3.280330000000000000e+13 8.568790000000000800e+31 1.949240000000000008e+37 1.622000000000000108e+00 3.212869999999999882e+29
3.233140000000000000e+13 8.412879999999999139e+31 1.921280000000000053e+37 1.625000000000000000e+00 3.170499999999999804e+29
3.185960000000000000e+13 8.257330000000000130e+31 1.893320000000000097e+37 1.627999999999999892e+00 3.127980000000000099e+29
3.138770000000000000e+13 8.102170000000000390e+31 1.865359999999999905e+37 1.631000000000000005e+00 3.085319999999999922e+29
3.091600000000000000e+13 7.947399999999999920e+31 1.837399999999999949e+37 1.633999999999999897e+00 3.042510000000000117e+29
3.044420000000000000e+13 7.793040000000000067e+31 1.809439999999999993e+37 1.637000000000000011e+00 2.999570000000000050e+29
2.997240000000000000e+13 7.639089999999999931e+31 1.781480000000000038e+37 1.639999999999999902e+00 2.956500000000000071e+29
2.950070000000000000e+13 7.485569999999999960e+31 1.753520000000000082e+37 1.643000000000000016e+00 2.913289999999999971e+29
2.902910000000000000e+13 7.332499999999999700e+31 1.725559999999999890e+37 1.645000000000000018e+00 2.869960000000000170e+29
2.855740000000000000e+13 7.179889999999999826e+31 1.697599999999999934e+37 1.647999999999999909e+00 2.826489999999999895e+29
2.808580000000000000e+13 7.027740000000000337e+31 1.669639999999999979e+37 1.651000000000000023e+00 2.782910000000000129e+29
2.761420000000000000e+13 6.876090000000000328e+31 1.641680000000000023e+37 1.653999999999999915e+00 2.739200000000000100e+29
2.714260000000000000e+13 6.724939999999999797e+31 1.613720000000000067e+37 1.657000000000000028e+00 2.695379999999999875e+29
2.667100000000000000e+13 6.574300000000000321e+31 1.585760000000000111e+37 1.659999999999999920e+00 2.651439999999999948e+29
2.619950000000000000e+13 6.424210000000000091e+31 1.557799999999999919e+37 1.663000000000000034e+00 2.607389999999999826e+29
2.572800000000000000e+13 6.274660000000000236e+31 1.529839999999999964e+37 1.667000000000000037e+00 2.563240000000000070e+29
2.525660000000000000e+13 6.125689999999999849e+31 1.501880000000000008e+37 1.669999999999999929e+00 2.518989999999999976e+29
2.478520000000000000e+13 5.977309999999999603e+31 1.473920000000000052e+37 1.673000000000000043e+00 2.474639999999999896e+29
2.431380000000000000e+13 5.829530000000000174e+31 1.445960000000000096e+37 1.675999999999999934e+00 2.430200000000000040e+29
2.384240000000000000e+13 5.682389999999999753e+31 1.417999999999999905e+37 1.679000000000000048e+00 2.385670000000000056e+29
2.337110000000000000e+13 5.535899999999999917e+31 1.390039999999999949e+37 1.681999999999999940e+00 2.341060000000000153e+29
2.289980000000000000e+13 5.390080000000000211e+31 1.362079999999999993e+37 1.685000000000000053e+00 2.296360000000000123e+29
2.242850000000000000e+13 5.244959999999999957e+31 1.334120000000000037e+37 1.687999999999999945e+00 2.251599999999999890e+29
2.195730000000000000e+13 5.100559999999999600e+31 1.306160000000000082e+37 1.691999999999999948e+00 2.206760000000000090e+29
2.148610000000000000e+13 4.956910000000000264e+31 1.278199999999999890e+37 1.695000000000000062e+00 2.161860000000000088e+29
2.101490000000000000e+13 4.814019999999999920e+31 1.250239999999999934e+37 1.697999999999999954e+00 2.116899999999999883e+29
2.054380000000000000e+13 4.671930000000000364e+31 1.222279999999999978e+37 1.701000000000000068e+00 2.071890000000000036e+29
2.007270000000000000e+13 4.530670000000000015e+31 1.194320000000000022e+37 1.705000000000000071e+00 2.026829999999999846e+29
1.960160000000000000e+13 4.390260000000000222e+31 1.166360000000000067e+37 1.707999999999999963e+00 1.981729999999999871e+29
1.913060000000000000e+13 4.250740000000000079e+31 1.138400000000000111e+37 1.711000000000000076e+00 1.936599999999999972e+29
1.865960000000000000e+13 4.112130000000000032e+31 1.110439999999999919e+37 1.713999999999999968e+00 1.891440000000000147e+29
1.818870000000000000e+13 3.974479999999999850e+31 1.082479999999999963e+37 1.717999999999999972e+00 1.846259999999999903e+29
1.771780000000000000e+13 3.837809999999999980e+31 1.054520000000000008e+37 1.721000000000000085e+00 1.801059999999999943e+29
1.724690000000000000e+13 3.702159999999999966e+31 1.026560000000000052e+37 1.723999999999999977e+00 1.755859999999999983e+29
1.677610000000000000e+13 3.567560000000000029e+31 9.985999999999999780e+36 1.727999999999999980e+00 1.710650000000000165e+29
1.630530000000000000e+13 3.434070000000000161e+31 9.706400000000000223e+36 1.731000000000000094e+00 1.665460000000000063e+29
1.583460000000000000e+13 3.301720000000000133e+31 9.426799999999999485e+36 1.733999999999999986e+00 1.620280000000000170e+29
1.536390000000000000e+13 3.170549999999999938e+31 9.147199999999999927e+36 1.737999999999999989e+00 1.575119999999999993e+29
1.489320000000000000e+13 3.040620000000000018e+31 8.867600000000000370e+36 1.741000000000000103e+00 1.529989999999999918e+29
1.442260000000000000e+13 2.911960000000000145e+31 8.587999999999999632e+36 1.743999999999999995e+00 1.484899999999999977e+29
1.395200000000000000e+13 2.784629999999999858e+31 8.308400000000000074e+36 1.747999999999999998e+00 1.439870000000000064e+29
1.348150000000000000e+13 2.658690000000000052e+31 8.028800000000000517e+36 1.750999999999999890e+00 1.394889999999999967e+29
1.301100000000000000e+13 2.534179999999999818e+31 7.749199999999999779e+36 1.754000000000000004e+00 1.349970000000000073e+29
1.254060000000000000e+13 2.411180000000000048e+31 7.469600000000000221e+36 1.758000000000000007e+00 1.305139999999999956e+29
1.207030000000000000e+13 2.289729999999999833e+31 7.189999999999999483e+36 1.760999999999999899e+00 1.260380000000000074e+29
1.159990000000000000e+13 2.169919999999999838e+31 6.910399999999999926e+36 1.764000000000000012e+00 1.215730000000000037e+29
1.112970000000000000e+13 2.051810000000000053e+31 6.630800000000000368e+36 1.768000000000000016e+00 1.171169999999999951e+29
1.065950000000000000e+13 1.935470000000000019e+31 6.351199999999999630e+36 1.770999999999999908e+00 1.126729999999999919e+29
1.018930000000000000e+13 1.820989999999999947e+31 6.071600000000000072e+36 1.774000000000000021e+00 1.082419999999999974e+29
9.719200000000000000e+12 1.708450000000000053e+31 5.792000000000000515e+36 1.776999999999999913e+00 1.038239999999999941e+29
9.249160000000000000e+12 1.597950000000000096e+31 5.512399999999999777e+36 1.780000000000000027e+00 9.942059999999999432e+28
8.779190000000000000e+12 1.489580000000000064e+31 5.232800000000000219e+36 1.782999999999999918e+00 9.503240000000000717e+28
8.309270000000000000e+12 1.383449999999999941e+31 4.953200000000000071e+36 1.784999999999999920e+00 9.066040000000000086e+28
7.839420000000000000e+12 1.279659999999999938e+31 4.673599999999999924e+36 1.788000000000000034e+00 8.630549999999999776e+28
7.369640000000000000e+12 1.178360000000000035e+31 4.393999999999999776e+36 1.790000000000000036e+00 8.196850000000000410e+28
6.899920000000000000e+12 1.079669999999999989e+31 4.114400000000000218e+36 1.790999999999999925e+00 7.764990000000000398e+28
6.430280000000000000e+12 9.837260000000000064e+30 3.834800000000000071e+36 1.792000000000000037e+00 7.335019999999999908e+28
5.960720000000000000e+12 8.907019999999999497e+30 3.555199999999999923e+36 1.792999999999999927e+00 6.906939999999999820e+28
5.491230000000000000e+12 8.007700000000000199e+30 3.275599999999999775e+36 1.792999999999999927e+00 6.480740000000000276e+28
5.021830000000000000e+12 7.141249999999999645e+30 2.996000000000000217e+36 1.790999999999999925e+00 6.056339999999999775e+28
4.552510000000000000e+12 6.309819999999999782e+30 2.716400000000000070e+36 1.788000000000000034e+00 5.633559999999999996e+28
4.083280000000000000e+12 5.515840000000000268e+30 2.436799999999999922e+36 1.782999999999999918e+00 5.212119999999999640e+28
3.614160000000000000e+12 4.762070000000000152e+30 2.157200000000000069e+36 1.774000000000000021e+00 4.791540000000000254e+28
3.145130000000000000e+12 4.051610000000000121e+30 1.877599999999999921e+36 1.760999999999999899e+00 4.371029999999999873e+28
2.676220000000000000e+12 3.388030000000000235e+30 1.598000000000000069e+36 1.741000000000000103e+00 3.949249999999999952e+28
2.207420000000000000e+12 2.775409999999999920e+30 1.318400000000000068e+36 1.709999999999999964e+00 3.523889999999999903e+28
1.738760000000000000e+12 2.218289999999999942e+30 1.038800000000000068e+36 1.663000000000000034e+00 3.090530000000000102e+28
4.299000000000000000e+11 7.805000000000000069e+29 2.572000000000000181e+35 1.330000000000000071e+00 1.506450000000000062e+28
4.188000000000000000e+11 7.537999999999999717e+29 2.505999999999999897e+35 1.330000000000000071e+00 1.455129999999999927e+28
3.325000000000000000e+11 5.815999999999999745e+29 1.990000000000000163e+35 1.330000000000000071e+00 1.165809999999999924e+28
2.640000000000000000e+11 4.472999999999999815e+29 1.581000000000000083e+35 1.330000000000000071e+00 9.297799999999999813e+27
2.096000000000000000e+11 3.289999999999999843e+29 1.256000000000000028e+35 1.330000000000000071e+00 6.841069999999999801e+27
1.844000000000000000e+11 2.892000000000000018e+29 1.105000000000000000e+35 1.330000000000000071e+00 6.221810000000000396e+27
1.664000000000000000e+11 2.597000000000000095e+29 9.975999999999999784e+34 1.330000000000000071e+00 3.996079999999999920e+27
1.322000000000000000e+11 2.033000000000000102e+29 7.923999999999999875e+34 1.330000000000000071e+00 3.293160000000000158e+27
1.049000000000000000e+11 1.494999999999999961e+29 6.294000000000000085e+34 1.330000000000000071e+00 2.422460000000000012e+27
8.332000000000000000e+10 1.100000000000000064e+29 4.999999999999999843e+34 1.330000000000000071e+00 1.782300000000000002e+27
6.617000000000000000e+10 8.088999999999999432e+28 3.971999999999999897e+34 1.330000000000000071e+00 1.311289999999999924e+27
5.254000000000000000e+10 5.949000000000000344e+28 3.155000000000000010e+34 1.330000000000000071e+00 9.646129999999999985e+26
4.172000000000000000e+10 4.628000000000000126e+28 2.505999999999999897e+34 1.330000000000000071e+00 7.875200000000000595e+26
3.313000000000000000e+10 3.403999999999999866e+28 1.989999999999999932e+34 1.330000000000000071e+00 5.791050000000000196e+26
2.631000000000000000e+10 2.502999999999999803e+28 1.580999999999999991e+34 1.330000000000000071e+00 4.261170000000000143e+26
2.090000000000000000e+10 1.938000000000000082e+28 1.255999999999999936e+34 1.330000000000000071e+00 3.451690000000000088e+26
1.659000000000000000e+10 1.425000000000000067e+28 9.976000000000000246e+33 1.330000000000000071e+00 2.538950000000000110e+26
1.318000000000000000e+10 1.048000000000000007e+28 7.924000000000000337e+33 1.330000000000000071e+00 1.867689999999999969e+26
1.046000000000000000e+10 7.701999999999999683e+27 6.294000000000000085e+33 1.330000000000000071e+00 1.373879999999999975e+26
8.312000000000000000e+09 5.662000000000000348e+27 4.999999999999999728e+33 1.330000000000000071e+00 1.010819999999999921e+26
6.601000000000000000e+09 4.362000000000000029e+27 3.972000000000000127e+33 1.330000000000000071e+00 8.130089999999999436e+25
4.164000000000000000e+09 2.356000000000000079e+27 2.505999999999999955e+33 1.330000000000000071e+00 4.399369999999999874e+25
2.626000000000000000e+09 1.272000000000000034e+27 1.580999999999999991e+33 1.330000000000000071e+00 2.380450000000000180e+25
1.657000000000000000e+09 6.859999999999999767e+26 9.975999999999999957e+32 1.330000000000000071e+00 1.288319999999999913e+25
1.316000000000000000e+09 5.036000000000000296e+26 7.924000000000000337e+32 1.330000000000000071e+00 9.477099999999999527e+24
1.045000000000000000e+09 4.128999999999999924e+26 6.293999999999999941e+32 1.330000000000000071e+00 6.794269999999999770e+24
8.301000000000000000e+08 3.039000000000000162e+26 4.999999999999999728e+32 1.330000000000000071e+00 4.998809999999999830e+24
5.237000000000000000e+08 1.628999999999999891e+26 3.154999999999999923e+32 1.330000000000000071e+00 2.705450000000000161e+24
3.304000000000000000e+08 8.737999999999999925e+25 1.990000000000000076e+32 1.330000000000000071e+00 1.463449999999999964e+24
2.624000000000000000e+08 6.675999999999999817e+25 1.580999999999999919e+32 1.330000000000000071e+00 1.123400000000000065e+24
1.315000000000000000e+08 2.603999999999999941e+25 7.923999999999999616e+31 1.330000000000000071e+00 4.472499999999999827e+23
6.589000000000000000e+07 1.006000000000000014e+25 3.972000000000000199e+31 1.330000000000000071e+00 1.780890000000000165e+23
3.302000000000000000e+07 3.832999999999999839e+24 1.989999999999999986e+31 1.330000000000000071e+00 7.086450000000000092e+22
1.655000000000000000e+07 1.435000000000000086e+24 9.975999999999999642e+30 1.330000000000000071e+00 2.822060000000000131e+22
8.293000000000000000e+06 5.250000000000000315e+23 4.999999999999999818e+30 1.330000000000000071e+00 1.123529999999999934e+22
6.588000000000000000e+06 3.910999999999999759e+23 3.972000000000000087e+30 1.330000000000000071e+00 8.163429999999999541e+21
2.622000000000000000e+06 9.754999999999999214e+22 1.581000000000000009e+30 1.330000000000000071e+00 2.390210000000000197e+21
1.044000000000000000e+06 2.318000000000000105e+22 6.293999999999999902e+29 1.330000000000000071e+00 6.999960000000000000e+20
4.156000000000000000e+05 5.265999999999999476e+21 2.505999999999999907e+29 1.330000000000000071e+00 2.050380000000000000e+20
1.654000000000000000e+05 1.151000000000000000e+21 9.976000000000000768e+28 1.330000000000000071e+00 6.004390000000000000e+19
6.587000000000000000e+04 2.431000000000000000e+20 3.972000000000000263e+28 1.330000000000000071e+00 1.758760000000000000e+19
2.622000000000000000e+04 4.968000000000000000e+19 1.581000000000000061e+28 1.330000000000000071e+00 5.149550000000000000e+18
1.044000000000000000e+04 9.744000000000000000e+18 6.294999999999999717e+27 1.330000000000000071e+00 1.508420000000000000e+18
