1.010109033800000000e+16 8.202732796100000191e+36 1.999370000000000070e+39 1.000000000000000000e+00 0.000000000000000000e+00
1.005063214400000000e+16 8.157320421200000442e+36 1.994369999999999935e+39 1.000000000000000000e+00 0.000000000000000000e+00
1.000030029300000000e+16 8.112021755199999460e+36 1.989370000000000102e+39 1.000000000000000000e+00 0.000000000000000000e+00
9.950094784600000000e+15 8.066836798099999606e+36 1.984369999999999967e+39 1.000000000000000000e+00 0.000000000000000000e+00
9.900015620000000000e+15 8.021765549899999699e+36 1.979370000000000134e+39 1.000000000000000000e+00 0.000000000000000000e+00
9.850062798500000000e+15 7.976808010599999740e+36 1.974369999999999999e+39 1.000000000000000000e+00 0.000000000000000000e+00
9.800236320300000000e+15 7.931964180199999729e+36 1.969369999999999865e+39 1.000000000000000000e+00 0.000000000000000000e+00
9.750536185200000000e+15 7.887234058600000012e+36 1.964370000000000032e+39 1.000000000000000000e+00 0.000000000000000000e+00
9.700962393400000000e+15 7.842617645999999895e+36 1.959369999999999897e+39 1.000000000000000000e+00 0.000000000000000000e+00
9.651514944800000000e+15 7.798114942200000074e+36 1.954370000000000064e+39 1.000000000000000000e+00 0.000000000000000000e+00
9.602193839400000000e+15 7.753725947399999852e+36 1.949369999999999929e+39 1.000000000000000000e+00 0.000000000000000000e+00
9.552999077200000000e+15 7.709450661399999926e+36 1.944370000000000096e+39 1.000000000000000000e+00 0.000000000000000000e+00
9.503930658200000000e+15 7.665289084299999947e+36 1.939369999999999962e+39 1.000000000000000000e+00 0.000000000000000000e+00
9.454988582500000000e+15 7.621241216199999567e+36 1.934370000000000129e+39 1.000000000000000000e+00 0.000000000000000000e+00
9.406172849900000000e+15 7.577307056899999483e+36 1.929369999999999994e+39 1.000000000000000000e+00 0.000000000000000000e+00
9.357483460600000000e+15 7.533486606500000527e+36 1.924369999999999859e+39 1.000000000000000000e+00 0.000000000000000000e+00
9.308920414500000000e+15 7.489779865000000337e+36 1.919370000000000026e+39 1.000000000000000000e+00 0.000000000000000000e+00
9.260483711600000000e+15 7.446186832400000096e+36 1.914369999999999891e+39 1.000000000000000000e+00 0.000000000000000000e+00
9.212173351900000000e+15 7.402707508600000149e+36 1.909370000000000059e+39 1.000000000000000000e+00 0.000000000000000000e+00
9.163989335400000000e+15 7.359341893799999802e+36 1.904369999999999924e+39 1.000000000000000000e+00 0.000000000000000000e+00
9.115931662100000000e+15 7.316089987900000583e+36 1.899370000000000091e+39 1.000000000000000000e+00 0.000000000000000000e+00
9.068000332100000000e+15 7.272951790800000479e+36 1.894369999999999956e+39 1.000000000000000000e+00 0.000000000000000000e+00
9.020195345200000000e+15 7.229927302600000323e+36 1.889370000000000123e+39 1.000000000000000000e+00 0.000000000000000000e+00
8.972516701600000000e+15 7.187016523399999766e+36 1.884369999999999988e+39 1.000000000000000000e+00 0.000000000000000000e+00
8.924964401200000000e+15 7.144219452999999504e+36 1.879369999999999853e+39 1.000000000000000000e+00 0.000000000000000000e+00
8.877538444000000000e+15 7.101536091500000370e+36 1.874370000000000021e+39 1.000000000000000000e+00 0.000000000000000000e+00
8.830238830000000000e+15 7.058966438900000003e+36 1.869369999999999886e+39 1.000000000000000000e+00 0.000000000000000000e+00
8.783065559200000000e+15 7.016510495199999584e+36 1.864370000000000053e+39 1.000000000000000000e+00 0.000000000000000000e+00
8.736018631600000000e+15 6.974168260400000293e+36 1.859369999999999918e+39 1.000000000000000000e+00 0.000000000000000000e+00
8.689098047300000000e+15 6.931939734499999768e+36 1.854370000000000085e+39 1.000000000000000000e+00 0.000000000000000000e+00
8.642303806200000000e+15 6.889824917500000372e+36 1.849369999999999950e+39 1.000000000000000000e+00 0.000000000000000000e+00
8.595635908200000000e+15 6.847823809300000090e+36 1.844370000000000118e+39 1.000000000000000000e+00 0.000000000000000000e+00
8.549094353500000000e+15 6.805936410100000589e+36 1.839369999999999983e+39 1.000000000000000000e+00 0.000000000000000000e+00
8.502679142000000000e+15 6.764162719799999854e+36 1.834370000000000150e+39 1.000000000000000000e+00 0.000000000000000000e+00
8.456390273700000000e+15 6.722502738299999415e+36 1.829370000000000015e+39 1.000000000000000000e+00 0.000000000000000000e+00
8.410227748700000000e+15 6.680956465700000103e+36 1.824369999999999880e+39 1.000000000000000000e+00 0.000000000000000000e+00
8.364191566800000000e+15 6.639523902100000392e+36 1.819370000000000047e+39 1.000000000000000000e+00 0.000000000000000000e+00
8.318281728100000000e+15 6.598205047299999795e+36 1.814369999999999912e+39 1.000000000000000000e+00 0.000000000000000000e+00
8.272498232700000000e+15 6.556999901400000326e+36 1.809370000000000080e+39 1.000000000000000000e+00 0.000000000000000000e+00
8.226841080500000000e+15 6.515908464399999624e+36 1.804369999999999945e+39 1.000000000000000000e+00 0.000000000000000000e+00
8.181310271500000000e+15 6.474930736300000050e+36 1.799370000000000112e+39 1.000000000000000000e+00 0.000000000000000000e+00
8.135905805700000000e+15 6.434066716999999591e+36 1.794369999999999977e+39 1.000000000000000000e+00 0.000000000000000000e+00
8.090627683100000000e+15 6.393316406699999912e+36 1.789370000000000144e+39 1.000000000000000000e+00 0.000000000000000000e+00
8.045475903700000000e+15 6.352679805300000180e+36 1.784370000000000009e+39 1.000000000000000000e+00 0.000000000000000000e+00
8.000450467600000000e+15 6.312156912699999563e+36 1.779369999999999874e+39 1.000000000000000000e+00 0.000000000000000000e+00
7.955551374600000000e+15 6.271747729099999726e+36 1.774370000000000042e+39 1.000000000000000000e+00 0.000000000000000000e+00
7.910778624900000000e+15 6.231452254300000185e+36 1.769369999999999907e+39 1.000000000000000000e+00 0.000000000000000000e+00
7.866132218400000000e+15 6.191270488500000243e+36 1.764370000000000074e+39 1.000000000000000000e+00 0.000000000000000000e+00
7.821612155100000000e+15 6.151202431499999416e+36 1.759369999999999939e+39 1.000000000000000000e+00 0.000000000000000000e+00
7.777218435000000000e+15 6.111248083399999717e+36 1.754370000000000106e+39 1.000000000000000000e+00 0.000000000000000000e+00
7.732951058100000000e+15 6.071407444199999966e+36 1.749369999999999971e+39 1.000000000000000000e+00 0.000000000000000000e+00
7.688810024400000000e+15 6.031680513900000162e+36 1.744370000000000139e+39 1.000000000000000000e+00 0.000000000000000000e+00
7.644795334000000000e+15 5.992067292500000305e+36 1.739370000000000004e+39 1.000000000000000000e+00 0.000000000000000000e+00
7.600906986700000000e+15 5.952567780000000396e+36 1.734369999999999869e+39 1.000000000000000000e+00 0.000000000000000000e+00
7.557144982700000000e+15 5.913181976400000434e+36 1.729370000000000036e+39 1.000000000000000000e+00 0.000000000000000000e+00
7.513509321900000000e+15 5.873909881599999587e+36 1.724369999999999901e+39 1.000000000000000000e+00 0.000000000000000000e+00
7.470000004300000000e+15 5.834751495799999520e+36 1.719370000000000068e+39 1.000000000000000000e+00 0.000000000000000000e+00
7.426617029900000000e+15 5.795706818799999749e+36 1.714369999999999934e+39 1.000000000000000000e+00 0.000000000000000000e+00
7.383360398700000000e+15 5.756775850799999577e+36 1.709370000000000101e+39 1.000000000000000000e+00 0.000000000000000000e+00
7.340230110700000000e+15 5.717958591599999700e+36 1.704369999999999966e+39 1.000000000000000000e+00 0.000000000000000000e+00
7.297226166000000000e+15 5.679255041299999771e+36 1.699370000000000133e+39 1.000000000000000000e+00 0.000000000000000000e+00
7.254348564400000000e+15 5.640665199899999790e+36 1.694369999999999998e+39 1.000000000000000000e+00 0.000000000000000000e+00
7.211597306100000000e+15 5.602189067399999755e+36 1.689369999999999863e+39 1.000000000000000000e+00 0.000000000000000000e+00
7.168972391000000000e+15 5.563826643799999669e+36 1.684370000000000031e+39 1.000000000000000000e+00 0.000000000000000000e+00
7.126473819100000000e+15 5.525577929099999529e+36 1.679369999999999896e+39 1.000000000000000000e+00 0.000000000000000000e+00
7.084101590400000000e+15 5.487442923300000518e+36 1.674370000000000063e+39 1.000000000000000000e+00 0.000000000000000000e+00
7.041855704900000000e+15 5.449421626400000274e+36 1.669369999999999928e+39 1.000000000000000000e+00 0.000000000000000000e+00
6.999736162700000000e+15 5.411514038399999977e+36 1.664370000000000095e+39 1.000000000000000000e+00 0.000000000000000000e+00
6.957742963600000000e+15 5.373720159199999975e+36 1.659369999999999960e+39 1.000000000000000000e+00 0.000000000000000000e+00
6.915876107800000000e+15 5.336039988999999573e+36 1.654370000000000128e+39 1.000000000000000000e+00 0.000000000000000000e+00
6.874135595200000000e+15 5.298473527600000057e+36 1.649369999999999993e+39 1.000000000000000000e+00 0.000000000000000000e+00
6.832521425800000000e+15 5.261020775099999898e+36 1.644369999999999858e+39 1.000000000000000000e+00 0.000000000000000000e+00
6.791033599600000000e+15 5.223681731599999928e+36 1.639370000000000025e+39 1.000000000000000000e+00 0.000000000000000000e+00
6.749672116600000000e+15 5.186456396900000254e+36 1.634369999999999890e+39 1.000000000000000000e+00 0.000000000000000000e+00
6.708436976800000000e+15 5.149344771099999937e+36 1.629370000000000057e+39 1.000000000000000000e+00 0.000000000000000000e+00
6.667328180300000000e+15 5.112346854200000158e+36 1.624369999999999922e+39 1.000000000000000000e+00 0.000000000000000000e+00
6.626345726900000000e+15 5.075462646199999736e+36 1.619370000000000090e+39 1.000000000000000000e+00 0.000000000000000000e+00
6.585489616800000000e+15 5.038692147000000200e+36 1.614369999999999955e+39 1.000000000000000000e+00 0.000000000000000000e+00
6.544759849900000000e+15 5.002035356800000263e+36 1.609370000000000122e+39 1.000000000000000000e+00 0.000000000000000000e+00
6.504156426200000000e+15 4.965492275500000274e+36 1.604369999999999987e+39 1.000000000000000000e+00 0.000000000000000000e+00
6.463679345700000000e+15 4.929062902999999990e+36 1.599369999999999852e+39 1.000000000000000000e+00 0.000000000000000000e+00
6.423328608400000000e+15 4.892747239499999896e+36 1.594370000000000019e+39 1.000000000000000000e+00 0.000000000000000000e+00
6.383104214300000000e+15 4.856545284800000097e+36 1.589369999999999884e+39 1.000000000000000000e+00 0.000000000000000000e+00
6.343006163500000000e+15 4.820457039099999897e+36 1.584370000000000052e+39 1.000000000000000000e+00 0.000000000000000000e+00
6.303034455800000000e+15 4.784482502199999993e+36 1.579369999999999917e+39 1.000000000000000000e+00 0.000000000000000000e+00
6.263189091400000000e+15 4.748621674200000036e+36 1.574370000000000084e+39 1.000000000000000000e+00 0.000000000000000000e+00
6.223470070200000000e+15 4.712874555100000027e+36 1.569369999999999949e+39 1.000000000000000000e+00 0.000000000000000000e+00
6.183877392200000000e+15 4.677241144899999965e+36 1.564370000000000116e+39 1.000000000000000000e+00 0.000000000000000000e+00
6.144411057400000000e+15 4.641721443599999851e+36 1.559369999999999981e+39 1.000000000000000000e+00 0.000000000000000000e+00
6.105071065800000000e+15 4.606315451200000274e+36 1.554370000000000149e+39 1.000000000000000000e+00 0.000000000000000000e+00
6.065857417400000000e+15 4.571023167599999813e+36 1.549370000000000014e+39 1.000000000000000000e+00 0.000000000000000000e+00
6.026770112300000000e+15 4.535844593000000131e+36 1.544369999999999879e+39 1.000000000000000000e+00 0.000000000000000000e+00
5.987809150400000000e+15 4.500779727299999807e+36 1.539370000000000046e+39 1.000000000000000000e+00 0.000000000000000000e+00
5.948974531600000000e+15 4.465828570399999777e+36 1.534369999999999911e+39 1.000000000000000000e+00 0.000000000000000000e+00
5.910266256100000000e+15 4.430991122400000286e+36 1.529370000000000078e+39 1.000000000000000000e+00 0.000000000000000000e+00
5.871684323800000000e+15 4.396267383399999804e+36 1.524369999999999943e+39 1.000000000000000000e+00 0.000000000000000000e+00
5.833228734700000000e+15 4.361657353200000208e+36 1.519370000000000111e+39 1.000000000000000000e+00 0.000000000000000000e+00
5.794899488900000000e+15 4.327161031899999968e+36 1.514369999999999976e+39 1.000000000000000000e+00 0.000000000000000000e+00
5.756696586200000000e+15 4.292778419500000267e+36 1.509370000000000143e+39 1.000000000000000000e+00 0.000000000000000000e+00
5.718620026700000000e+15 4.258509515999999922e+36 1.504370000000000008e+39 1.000000000000000000e+00 0.000000000000000000e+00
5.680669810500000000e+15 4.224354321400000116e+36 1.499369999999999873e+39 1.000000000000000000e+00 0.000000000000000000e+00
5.642845937500000000e+15 4.190312835700000256e+36 1.494370000000000041e+39 1.000000000000000000e+00 0.000000000000000000e+00
5.605148407700000000e+15 4.156385058800000102e+36 1.489369999999999906e+39 1.000000000000000000e+00 0.000000000000000000e+00
5.567577221100000000e+15 4.122570990900000138e+36 1.484370000000000073e+39 1.000000000000000000e+00 0.000000000000000000e+00
5.530132377700000000e+15 4.088870631900000121e+36 1.479369999999999938e+39 1.000000000000000000e+00 0.000000000000000000e+00
5.492813877500000000e+15 4.055283981699999809e+36 1.474370000000000105e+39 1.000000000000000000e+00 0.000000000000000000e+00
5.455621720600000000e+15 4.021811040400000035e+36 1.469369999999999970e+39 1.000000000000000000e+00 0.000000000000000000e+00
5.418555906800000000e+15 3.988451808099999861e+36 1.464370000000000138e+39 1.000000000000000000e+00 0.000000000000000000e+00
5.381616436300000000e+15 3.955206284599999982e+36 1.459370000000000003e+39 1.000000000000000000e+00 0.000000000000000000e+00
5.344803309000000000e+15 3.922074470000000050e+36 1.454369999999999868e+39 1.000000000000000000e+00 0.000000000000000000e+00
5.308116524900000000e+15 3.889056364300000066e+36 1.449370000000000035e+39 1.000000000000000000e+00 0.000000000000000000e+00
5.271556084000000000e+15 3.856151967500000029e+36 1.444369999999999900e+39 1.000000000000000000e+00 0.000000000000000000e+00
5.235121986300000000e+15 3.823361279599999940e+36 1.439370000000000067e+39 1.000000000000000000e+00 0.000000000000000000e+00
5.198814231800000000e+15 3.790684300599999798e+36 1.434369999999999932e+39 1.000000000000000000e+00 0.000000000000000000e+00
5.162632820600000000e+15 3.758121030399999951e+36 1.429370000000000100e+39 1.000000000000000000e+00 0.000000000000000000e+00
5.126577752500000000e+15 3.725671469200000295e+36 1.424369999999999965e+39 1.000000000000000000e+00 0.000000000000000000e+00
5.090649027700000000e+15 3.693335616899999995e+36 1.419370000000000132e+39 1.000000000000000000e+00 0.000000000000000000e+00
5.054846646100000000e+15 3.661113473399999991e+36 1.414369999999999997e+39 1.000000000000000000e+00 0.000000000000000000e+00
5.019170607700000000e+15 3.629005038799999935e+36 1.409369999999999862e+39 1.000000000000000000e+00 0.000000000000000000e+00
4.983620912500000000e+15 3.597010313200000068e+36 1.404370000000000029e+39 1.000000000000000000e+00 0.000000000000000000e+00
4.948197560500000000e+15 3.565129296399999906e+36 1.399369999999999894e+39 1.000000000000000000e+00 0.000000000000000000e+00
4.912900551700000000e+15 3.533361988500000282e+36 1.394370000000000062e+39 1.000000000000000000e+00 0.000000000000000000e+00
4.877729886200000000e+15 3.501708389500000015e+36 1.389369999999999927e+39 1.000000000000000000e+00 0.000000000000000000e+00
4.842685563900000000e+15 3.470168499400000286e+36 1.384370000000000094e+39 1.000000000000000000e+00 0.000000000000000000e+00
4.807767584700000000e+15 3.438742318199999914e+36 1.379369999999999959e+39 1.000000000000000000e+00 0.000000000000000000e+00
4.772975948800000000e+15 3.407429845900000080e+36 1.374370000000000126e+39 1.000000000000000000e+00 0.000000000000000000e+00
4.738310656100000000e+15 3.376231082399999951e+36 1.369369999999999991e+39 1.000000000000000000e+00 0.000000000000000000e+00
4.703771706600000000e+15 3.345146027900000011e+36 1.364369999999999856e+39 1.000000000000000000e+00 0.000000000000000000e+00
4.669359100400000000e+15 3.314174682300000019e+36 1.359370000000000024e+39 1.000000000000000000e+00 0.000000000000000000e+00
4.635072837300000000e+15 3.283317045499999733e+36 1.354370000000000040e+39 1.000000000000000000e+00 0.000000000000000000e+00
4.600912917500000000e+15 3.252573117599999984e+36 1.349370000000000056e+39 1.000000000000000000e+00 0.000000000000000000e+00
4.566879340800000000e+15 3.221942898699999834e+36 1.344370000000000072e+39 1.000000000000000000e+00 0.000000000000000000e+00
4.532972107400000000e+15 3.191426388599999980e+36 1.339369999999999937e+39 1.000000000000000000e+00 0.000000000000000000e+00
4.499191217200000000e+15 3.161023587400000073e+36 1.334369999999999953e+39 1.000000000000000000e+00 0.000000000000000000e+00
4.465536670200000000e+15 3.130734495100000114e+36 1.329369999999999970e+39 1.000000000000000000e+00 0.000000000000000000e+00
4.432008466400000000e+15 3.100559111700000102e+36 1.324369999999999986e+39 1.000000000000000000e+00 0.000000000000000000e+00
4.398606605800000000e+15 3.070497437200000038e+36 1.319370000000000002e+39 1.000000000000000000e+00 0.000000000000000000e+00
4.365331088500000000e+15 3.040549471599999921e+36 1.314370000000000018e+39 1.000000000000000000e+00 0.000000000000000000e+00
4.332181914300000000e+15 3.010715214800000100e+36 1.309370000000000034e+39 1.000000000000000000e+00 0.000000000000000000e+00
4.299159083400000000e+15 2.980994666999999878e+36 1.304370000000000050e+39 1.000000000000000000e+00 0.000000000000000000e+00
4.266262595700000000e+15 2.951387828100000193e+36 1.299370000000000067e+39 1.000000000000000000e+00 0.000000000000000000e+00
4.233492451200000000e+15 2.921894698000000214e+36 1.294369999999999932e+39 1.000000000000000000e+00 0.000000000000000000e+00
4.200848649900000000e+15 2.892515276800000183e+36 1.289369999999999948e+39 1.000000000000000000e+00 0.000000000000000000e+00
4.168331191800000000e+15 2.863249564599999751e+36 1.284369999999999964e+39 1.000000000000000000e+00 0.000000000000000000e+00
4.135940076900000000e+15 2.834097561200000204e+36 1.279369999999999980e+39 1.000000000000000000e+00 0.000000000000000000e+00
4.103675305300000000e+15 2.805059266700000015e+36 1.274369999999999996e+39 1.000000000000000000e+00 0.000000000000000000e+00
4.071536876800000000e+15 2.776134681099999773e+36 1.269370000000000013e+39 1.000000000000000000e+00 0.000000000000000000e+00
4.039524791600000000e+15 2.747323804400000069e+36 1.264370000000000029e+39 1.000000000000000000e+00 0.000000000000000000e+00
4.007639049600000000e+15 2.718626636599999722e+36 1.259370000000000045e+39 1.000000000000000000e+00 0.000000000000000000e+00
3.975879650800000000e+15 2.690043177699999913e+36 1.254370000000000061e+39 1.000000000000000000e+00 0.000000000000000000e+00
3.944246595200000000e+15 2.661573427599999808e+36 1.249369999999999926e+39 1.000000000000000000e+00 0.000000000000000000e+00
3.912739882800000000e+15 2.633217386499999894e+36 1.244369999999999942e+39 1.000000000000000000e+00 0.000000000000000000e+00
3.881359513700000000e+15 2.604975054199999980e+36 1.239369999999999958e+39 1.000000000000000000e+00 0.000000000000000000e+00
3.850105487700000000e+15 2.576846430899999961e+36 1.234369999999999975e+39 1.000000000000000000e+00 0.000000000000000000e+00
3.818977805000000000e+15 2.548831516399999941e+36 1.229369999999999991e+39 1.000000000000000000e+00 0.000000000000000000e+00
3.787976465500000000e+15 2.520930310799999870e+36 1.224370000000000007e+39 1.000000000000000000e+00 0.000000000000000000e+00
3.757101469100000000e+15 2.493142814199999988e+36 1.219370000000000023e+39 1.000000000000000000e+00 0.000000000000000000e+00
3.726352816000000000e+15 2.465469026400000106e+36 1.214370000000000039e+39 1.000000000000000000e+00 0.000000000000000000e+00
3.695730506200000000e+15 2.437908947499999877e+36 1.209370000000000055e+39 1.000000000000000000e+00 0.000000000000000000e+00
3.665234539500000000e+15 2.410462577499999890e+36 1.204370000000000072e+39 1.000000000000000000e+00 0.000000000000000000e+00
3.634864916000000000e+15 2.383129916400000146e+36 1.199369999999999937e+39 1.000000000000000000e+00 0.000000000000000000e+00
3.604621635800000000e+15 2.355910964100000107e+36 1.194369999999999953e+39 1.000000000000000000e+00 0.000000000000000000e+00
3.574504698700000000e+15 2.328805720799999962e+36 1.189369999999999969e+39 1.000000000000000000e+00 0.000000000000000000e+00
3.544514104900000000e+15 2.301814186400000060e+36 1.184369999999999985e+39 1.000000000000000000e+00 0.000000000000000000e+00
3.514649854300000000e+15 2.274936360799999864e+36 1.179370000000000001e+39 1.000000000000000000e+00 0.000000000000000000e+00
3.484911946900000000e+15 2.248172244199999857e+36 1.174370000000000017e+39 1.000000000000000000e+00 0.000000000000000000e+00
3.455300382700000000e+15 2.221521836400000145e+36 1.169370000000000034e+39 1.000000000000000000e+00 0.000000000000000000e+00
3.425815161800000000e+15 2.194985137500000086e+36 1.164370000000000050e+39 1.000000000000000000e+00 0.000000000000000000e+00
3.396456284000000000e+15 2.168562147499999974e+36 1.159370000000000066e+39 1.000000000000000000e+00 0.000000000000000000e+00
3.367223749500000000e+15 2.142252866400000105e+36 1.154369999999999931e+39 1.000000000000000000e+00 0.000000000000000000e+00
3.338117558100000000e+15 2.116057294300000130e+36 1.149369999999999947e+39 1.000000000000000000e+00 0.000000000000000000e+00
3.309137710000000000e+15 2.089975430899999914e+36 1.144369999999999963e+39 1.000000000000000000e+00 0.000000000000000000e+00
3.280284205100000000e+15 2.064007276499999887e+36 1.139369999999999980e+39 1.000000000000000000e+00 0.000000000000000000e+00
3.251557043400000000e+15 2.038152831000000103e+36 1.134369999999999996e+39 1.000000000000000000e+00 0.000000000000000000e+00
3.222956224900000000e+15 2.012412094399999971e+36 1.129370000000000012e+39 1.000000000000000000e+00 0.000000000000000000e+00
3.194481749700000000e+15 1.986785066600000134e+36 1.124370000000000028e+39 1.000000000000000000e+00 0.000000000000000000e+00
3.166133617600000000e+15 1.961271747799999897e+36 1.119370000000000044e+39 1.000000000000000000e+00 0.000000000000000000e+00
3.137911828800000000e+15 1.935872137799999956e+36 1.114370000000000060e+39 1.000000000000000000e+00 0.000000000000000000e+00
3.109816383100000000e+15 1.910586236799999909e+36 1.109369999999999925e+39 1.000000000000000000e+00 0.000000000000000000e+00
3.081847280700000000e+15 1.885414044599999862e+36 1.104369999999999942e+39 1.000000000000000000e+00 0.000000000000000000e+00
3.054004521500000000e+15 1.860355561300000058e+36 1.099369999999999958e+39 1.000000000000000000e+00 0.000000000000000000e+00
3.026288105500000000e+15 1.835410786899999906e+36 1.094369999999999974e+39 1.000000000000000000e+00 0.000000000000000000e+00
2.998698032800000000e+15 1.810579721399999997e+36 1.089369999999999990e+39 1.000000000000000000e+00 0.000000000000000000e+00
2.971234303200000000e+15 1.785862364800000035e+36 1.084370000000000006e+39 1.000000000000000000e+00 0.000000000000000000e+00
2.943896916800000000e+15 1.761258717100000020e+36 1.079370000000000022e+39 1.000000000000000000e+00 0.000000000000000000e+00
2.916685873700000000e+15 1.736768778299999954e+36 1.074370000000000039e+39 1.000000000000000000e+00 0.000000000000000000e+00
2.889601173800000000e+15 1.712392548299999887e+36 1.069370000000000055e+39 1.000000000000000000e+00 0.000000000000000000e+00
2.862642817100000000e+15 1.688130027300000010e+36 1.064370000000000071e+39 1.000000000000000000e+00 0.000000000000000000e+00
2.835810803600000000e+15 1.663981215100000134e+36 1.059369999999999936e+39 1.000000000000000000e+00 0.000000000000000000e+00
2.809105133300000000e+15 1.639946111899999856e+36 1.054369999999999952e+39 1.000000000000000000e+00 0.000000000000000000e+00
2.782525806200000000e+15 1.616024717499999875e+36 1.049369999999999968e+39 1.000000000000000000e+00 0.000000000000000000e+00
2.756072822300000000e+15 1.592217032100000083e+36 1.044369999999999985e+39 1.000000000000000000e+00 0.000000000000000000e+00
2.729746181700000000e+15 1.568523055499999996e+36 1.039370000000000001e+39 1.000000000000000000e+00 0.000000000000000000e+00
2.703545884300000000e+15 1.544942787799999857e+36 1.034370000000000017e+39 1.000000000000000000e+00 0.000000000000000000e+00
2.677471930000000000e+15 1.521476228999999960e+36 1.029370000000000033e+39 1.000000000000000000e+00 0.000000000000000000e+00
2.651524319000000000e+15 1.498123379100000011e+36 1.024370000000000049e+39 1.000000000000000000e+00 0.000000000000000000e+00
2.625703051200000000e+15 1.474884238100000009e+36 1.019370000000000065e+39 1.000000000000000000e+00 0.000000000000000000e+00
2.600008126700000000e+15 1.451758805900000007e+36 1.014369999999999930e+39 1.000000000000000000e+00 0.000000000000000000e+00
2.574439545300000000e+15 1.428747082699999900e+36 1.009369999999999947e+39 1.000000000000000000e+00 0.000000000000000000e+00
2.548997307100000000e+15 1.405849068400000036e+36 1.004369999999999963e+39 1.000000000000000000e+00 0.000000000000000000e+00
2.523691513300000000e+15 1.383073853899999890e+36 9.993720000000000018e+38 1.000000000000000000e+00 0.000000000000000000e+00
2.498501911000000000e+15 1.360403211900000039e+36 9.943720000000000180e+38 1.000000000000000000e+00 0.000000000000000000e+00
2.473438652000000000e+15 1.337846278699999892e+36 9.893720000000000342e+38 1.000000000000000000e+00 0.000000000000000000e+00
2.448501736100000000e+15 1.315403054399999989e+36 9.843720000000000503e+38 1.000000000000000000e+00 0.000000000000000000e+00
2.423691163500000000e+15 1.293073539099999980e+36 9.793720000000000665e+38 1.000000000000000000e+00 0.000000000000000000e+00
2.399006934100000000e+15 1.270857732599999971e+36 9.743719999999999316e+38 1.000000000000000000e+00 0.000000000000000000e+00
2.374449047900000000e+15 1.248755635000000057e+36 9.693719999999999477e+38 1.000000000000000000e+00 0.000000000000000000e+00
2.350017504900000000e+15 1.226767246299999944e+36 9.643719999999999639e+38 1.000000000000000000e+00 0.000000000000000000e+00
2.325712305100000000e+15 1.204892566500000072e+36 9.593719999999999801e+38 1.000000000000000000e+00 0.000000000000000000e+00
2.301533448500000000e+15 1.183131595600000001e+36 9.543719999999999962e+38 1.000000000000000000e+00 0.000000000000000000e+00
2.277480935200000000e+15 1.161484333600000025e+36 9.493720000000000124e+38 1.000000000000000000e+00 0.000000000000000000e+00
2.253554765000000000e+15 1.139950780499999996e+36 9.443720000000000286e+38 1.000000000000000000e+00 0.000000000000000000e+00
2.229754938100000000e+15 1.118530936199999967e+36 9.393720000000000447e+38 1.000000000000000000e+00 0.000000000000000000e+00
2.206081454400000000e+15 1.097224800899999981e+36 9.343720000000000609e+38 1.000000000000000000e+00 0.000000000000000000e+00
2.182534313900000000e+15 1.076032374499999942e+36 9.293719999999999260e+38 1.000000000000000000e+00 0.000000000000000000e+00
2.159113516600000000e+15 1.054953656900000051e+36 9.243719999999999421e+38 1.000000000000000000e+00 0.000000000000000000e+00
2.135819062500000000e+15 1.033988648199999960e+36 9.193719999999999583e+38 1.000000000000000000e+00 0.000000000000000000e+00
2.112650951700000000e+15 1.013137348399999963e+36 9.143719999999999745e+38 1.000000000000000000e+00 0.000000000000000000e+00
2.089609184000000000e+15 9.923997575699999957e+35 9.093719999999999906e+38 1.000000000000000000e+00 0.000000000000000000e+00
2.066693759600000000e+15 9.717758755700000420e+35 9.043720000000000068e+38 1.000000000000000000e+00 0.000000000000000000e+00
2.043904678400000000e+15 9.512657024700000357e+35 8.993720000000000230e+38 1.000000000000000000e+00 0.000000000000000000e+00
2.021241940400000000e+15 9.308692382600000707e+35 8.943720000000000391e+38 1.000000000000000000e+00 0.000000000000000000e+00
1.998705545600000000e+15 9.105864829500000531e+35 8.893720000000000553e+38 1.000000000000000000e+00 0.000000000000000000e+00
1.976295494000000000e+15 8.904174365200000231e+35 8.843720000000000715e+38 1.000000000000000000e+00 0.000000000000000000e+00
1.954011785600000000e+15 8.703620989899999405e+35 8.793719999999999365e+38 1.000000000000000000e+00 0.000000000000000000e+00
1.931854420500000000e+15 8.504204703399999930e+35 8.743719999999999527e+38 1.000000000000000000e+00 0.000000000000000000e+00
1.909823398500000000e+15 8.305925505899999929e+35 8.693719999999999689e+38 1.000000000000000000e+00 0.000000000000000000e+00
1.887918719800000000e+15 8.108783397300000342e+35 8.643719999999999850e+38 1.000000000000000000e+00 0.000000000000000000e+00
1.866140384300000000e+15 7.912778377599999691e+35 8.593720000000000012e+38 1.000000000000000000e+00 0.000000000000000000e+00
1.844488391900000000e+15 7.717910446899999991e+35 8.543720000000000174e+38 1.000000000000000000e+00 0.000000000000000000e+00
1.822962742900000000e+15 7.524179605000000166e+35 8.493720000000000335e+38 1.000000000000000000e+00 0.000000000000000000e+00
1.801563437000000000e+15 7.331585852099999815e+35 8.443720000000000497e+38 1.000000000000000000e+00 0.000000000000000000e+00
1.780290474300000000e+15 7.140129188099999877e+35 8.393720000000000659e+38 1.000000000000000000e+00 0.000000000000000000e+00
1.759143854800000000e+15 6.949809613000000352e+35 8.343719999999999309e+38 1.000000000000000000e+00 0.000000000000000000e+00
1.738123578600000000e+15 6.760627126799999764e+35 8.293719999999999471e+38 1.000000000000000000e+00 0.000000000000000000e+00
1.717229645600000000e+15 6.572581729500000326e+35 8.243719999999999633e+38 1.000000000000000000e+00 0.000000000000000000e+00
1.696462055800000000e+15 6.385673421200000363e+35 8.193719999999999794e+38 1.000000000000000000e+00 0.000000000000000000e+00
1.675820809200000000e+15 6.199902201800000075e+35 8.143719999999999956e+38 1.000000000000000000e+00 0.000000000000000000e+00
1.655305905800000000e+15 6.015268071300000199e+35 8.093720000000000118e+38 1.000000000000000000e+00 0.000000000000000000e+00
1.634917345600000000e+15 5.831771029699999999e+35 8.043720000000000279e+38 1.000000000000000000e+00 0.000000000000000000e+00
1.614655128600000000e+15 5.649411077000000211e+35 7.993720000000000441e+38 1.000000000000000000e+00 0.000000000000000000e+00
1.594519254900000000e+15 5.468188213200000098e+35 7.943720000000000603e+38 3.604166666699999855e+00 0.000000000000000000e+00
1.580701879200000000e+15 5.345152140399999988e+35 7.893719999999999253e+38 3.604166666699999855e+00 0.000000000000000000e+00
1.566970385200000000e+15 5.224128918899999996e+35 7.843719999999999415e+38 3.604166666699999855e+00 0.000000000000000000e+00
1.553323901900000000e+15 5.105098135299999952e+35 7.793719999999999577e+38 3.604166666699999855e+00 0.000000000000000000e+00
1.539761561600000000e+15 4.988039454599999757e+35 7.743719999999999738e+38 3.604166666699999855e+00 0.000000000000000000e+00
1.526282500200000000e+15 4.872932620799999657e+35 7.693719999999999900e+38 3.604166666699999855e+00 0.000000000000000000e+00
1.512885856600000000e+15 4.759757456200000170e+35 7.643720000000000062e+38 3.604166666699999855e+00 0.000000000000000000e+00
1.499570773400000000e+15 4.648493862599999678e+35 7.593720000000000223e+38 3.604166666699999855e+00 0.000000000000000000e+00
1.486336396400000000e+15 4.539121821000000201e+35 7.543720000000000385e+38 3.604166666699999855e+00 0.000000000000000000e+00
1.473181874900000000e+15 4.431621391800000346e+35 7.493720000000000547e+38 3.604166666699999855e+00 0.000000000000000000e+00
1.460106361500000000e+15 4.325972715000000079e+35 7.443720000000000708e+38 3.604166666699999855e+00 0.000000000000000000e+00
1.447109012200000000e+15 4.222156010800000256e+35 7.393719999999999359e+38 3.604166666699999855e+00 0.000000000000000000e+00
1.434188986600000000e+15 4.120151579199999739e+35 7.343719999999999521e+38 3.604166666699999855e+00 0.000000000000000000e+00
1.421345447500000000e+15 4.019939800699999891e+35 7.293719999999999682e+38 3.604166666699999855e+00 0.000000000000000000e+00
1.408577561200000000e+15 3.921501136200000354e+35 7.243719999999999844e+38 3.604166666699999855e+00 0.000000000000000000e+00
1.395884497600000000e+15 3.824816127500000259e+35 7.193720000000000006e+38 3.604166666699999855e+00 0.000000000000000000e+00
1.383265429900000000e+15 3.729865397400000238e+35 7.143720000000000167e+38 3.604166666699999855e+00 0.000000000000000000e+00
1.370719534800000000e+15 3.636629649700000214e+35 7.093720000000000329e+38 3.604166666699999855e+00 0.000000000000000000e+00
1.358245992500000000e+15 3.545089669799999669e+35 7.043720000000000491e+38 3.604166666699999855e+00 0.000000000000000000e+00
1.345843986500000000e+15 3.455226324699999862e+35 6.993720000000000652e+38 3.604166666699999855e+00 0.000000000000000000e+00
1.333512704200000000e+15 3.367020563300000276e+35 6.943719999999999303e+38 3.604166666699999855e+00 0.000000000000000000e+00
1.321251336000000000e+15 3.280453416499999892e+35 6.893719999999999465e+38 3.604166666699999855e+00 0.000000000000000000e+00
1.309059076300000000e+15 3.195505997800000044e+35 6.843719999999999626e+38 3.604166666699999855e+00 0.000000000000000000e+00
1.296935122600000000e+15 3.112159502900000058e+35 6.793719999999999788e+38 3.604166666699999855e+00 0.000000000000000000e+00
1.284878676200000000e+15 3.030395210799999844e+35 6.743719999999999950e+38 3.604166666699999855e+00 0.000000000000000000e+00
1.272888942000000000e+15 2.950194483099999819e+35 6.693720000000000111e+38 3.604166666699999855e+00 0.000000000000000000e+00
1.260965128100000000e+15 2.871538764899999847e+35 6.643720000000000273e+38 3.604166666699999855e+00 0.000000000000000000e+00
1.249106446600000000e+15 2.794409584900000141e+35 6.593719999999999679e+38 3.604166666699999855e+00 0.000000000000000000e+00
1.237312112800000000e+15 2.718788555600000127e+35 6.543719999999999841e+38 3.604166666699999855e+00 0.000000000000000000e+00
1.225581345800000000e+15 2.644657373499999886e+35 6.493720000000000003e+38 3.604166666699999855e+00 0.000000000000000000e+00
1.213913368200000000e+15 2.571997819300000124e+35 6.443720000000000164e+38 3.604166666699999855e+00 0.000000000000000000e+00
1.202307406400000000e+15 2.500791758400000063e+35 6.393720000000000326e+38 3.604166666699999855e+00 0.000000000000000000e+00
1.190762690200000000e+15 2.431021140999999820e+35 6.343719999999999732e+38 3.604166666699999855e+00 0.000000000000000000e+00
1.179278453100000000e+15 2.362668002300000012e+35 6.293719999999999894e+38 3.604166666699999855e+00 0.000000000000000000e+00
1.167853932200000000e+15 2.295714463000000012e+35 6.243720000000000055e+38 3.604166666699999855e+00 0.000000000000000000e+00
1.156488368300000000e+15 2.230142729199999995e+35 6.193720000000000217e+38 3.604166666699999855e+00 0.000000000000000000e+00
1.145181006000000000e+15 2.165935093099999903e+35 6.143719999999999623e+38 3.604166666699999855e+00 0.000000000000000000e+00
1.133931093200000000e+15 2.103073932799999851e+35 6.093719999999999785e+38 3.604166666699999855e+00 0.000000000000000000e+00
1.122737882000000000e+15 2.041541713099999993e+35 6.043719999999999947e+38 3.604166666699999855e+00 0.000000000000000000e+00
1.111600627700000000e+15 1.981320985399999989e+35 5.993720000000000108e+38 3.604166666699999855e+00 0.000000000000000000e+00
1.100518589700000000e+15 1.922394388100000044e+35 5.943720000000000270e+38 3.604166666699999855e+00 0.000000000000000000e+00
1.089491030800000000e+15 1.864744646800000144e+35 5.893719999999999676e+38 3.604166666699999855e+00 0.000000000000000000e+00
1.078517217900000000e+15 1.808354574899999956e+35 5.843719999999999838e+38 3.604166666699999855e+00 0.000000000000000000e+00
1.067596421300000000e+15 1.753207073300000170e+35 5.793719999999999999e+38 3.604166666699999855e+00 0.000000000000000000e+00
1.056727915200000000e+15 1.699285131400000123e+35 5.743720000000000161e+38 3.604166666699999855e+00 0.000000000000000000e+00
1.045910977700000000e+15 1.646571827000000031e+35 5.693720000000000323e+38 3.604166666699999855e+00 0.000000000000000000e+00
1.035144890400000000e+15 1.595050326500000033e+35 5.643719999999999729e+38 3.604166666699999855e+00 0.000000000000000000e+00
1.024428939100000000e+15 1.544703885600000084e+35 5.593719999999999891e+38 3.604166666699999855e+00 0.000000000000000000e+00
1.013762413000000000e+15 1.495515849199999965e+35 5.543720000000000052e+38 3.604166666699999855e+00 0.000000000000000000e+00
1.003144605300000000e+15 1.447469651999999928e+35 5.493720000000000214e+38 3.604166666699999855e+00 0.000000000000000000e+00
9.925748132300000000e+14 1.400548818699999928e+35 5.443720000000000376e+38 3.604166666699999855e+00 0.000000000000000000e+00
9.820523375600000000e+14 1.354736964399999926e+35 5.393719999999999782e+38 3.604166666699999855e+00 0.000000000000000000e+00
9.715764831100000000e+14 1.310017794700000059e+35 5.343719999999999943e+38 3.604166666699999855e+00 0.000000000000000000e+00
9.611465585200000000e+14 1.266375106399999972e+35 5.293720000000000105e+38 3.604166666699999855e+00 0.000000000000000000e+00
9.507618763700000000e+14 1.223792787599999915e+35 5.243720000000000267e+38 3.604166666699999855e+00 0.000000000000000000e+00
9.404217531200000000e+14 1.182254817999999952e+35 5.193719999999999673e+38 3.604166666699999855e+00 0.000000000000000000e+00
9.301255091600000000e+14 1.141745269400000067e+35 5.143719999999999835e+38 3.604166666699999855e+00 0.000000000000000000e+00
9.198724688400000000e+14 1.102248305899999950e+35 5.093719999999999996e+38 3.604166666699999855e+00 0.000000000000000000e+00
9.096619604400000000e+14 1.063748184400000021e+35 5.043720000000000158e+38 3.604166666699999855e+00 0.000000000000000000e+00
8.994933162300000000e+14 1.026229254899999911e+35 4.993720000000000320e+38 3.604166666699999855e+00 0.000000000000000000e+00
8.893658724600000000e+14 9.896759608300000092e+34 4.943719999999999726e+38 3.604166666699999855e+00 0.000000000000000000e+00
8.792789694000000000e+14 9.540728394000000270e+34 4.893719999999999887e+38 3.604166666699999855e+00 0.000000000000000000e+00
8.692319513100000000e+14 9.194045220599999203e+34 4.843720000000000049e+38 3.604166666699999855e+00 0.000000000000000000e+00
8.592241665100000000e+14 8.856557348600000902e+34 4.793720000000000211e+38 3.604166666699999855e+00 0.000000000000000000e+00
8.492549673500000000e+14 8.528112987700000043e+34 4.743720000000000373e+38 3.604166666699999855e+00 0.000000000000000000e+00
8.393237102700000000e+14 8.208561301400000416e+34 4.693719999999999779e+38 3.604166666699999855e+00 0.000000000000000000e+00
8.294297557900000000e+14 7.897752410600000335e+34 4.643719999999999940e+38 3.604166666699999855e+00 0.000000000000000000e+00
8.195724685200000000e+14 7.595537397600000302e+34 4.593720000000000102e+38 3.604166666699999855e+00 0.000000000000000000e+00
8.097512172000000000e+14 7.301768310700000248e+34 4.543720000000000264e+38 3.604166666699999855e+00 0.000000000000000000e+00
7.999653747000000000e+14 7.016298167600000094e+34 4.493719999999999670e+38 3.604166666699999855e+00 0.000000000000000000e+00
7.902143180700000000e+14 6.738980960099999563e+34 4.443719999999999832e+38 3.604166666699999855e+00 0.000000000000000000e+00
7.804974285000000000e+14 6.469671658299999904e+34 4.393719999999999993e+38 3.604166666699999855e+00 0.000000000000000000e+00
7.708140913900000000e+14 6.208226214700000292e+34 4.343720000000000155e+38 3.604166666699999855e+00 0.000000000000000000e+00
7.611509261900000000e+14 5.975005474499999755e+34 4.293720000000000317e+38 3.040816326499999889e+00 0.000000000000000000e+00
7.515279278700000000e+14 5.765934165099999815e+34 4.243719999999999723e+38 3.040816326499999889e+00 0.000000000000000000e+00
7.419319731400000000e+14 5.561830043399999620e+34 4.193719999999999884e+38 3.040816326499999889e+00 0.000000000000000000e+00
7.323627304200000000e+14 5.362632211400000113e+34 4.143720000000000046e+38 3.040816326499999889e+00 0.000000000000000000e+00
7.228198683400000000e+14 5.168279800799999910e+34 4.093720000000000208e+38 3.040816326499999889e+00 0.000000000000000000e+00
7.133030556500000000e+14 4.978711973200000434e+34 4.043720000000000369e+38 3.040816326499999889e+00 0.000000000000000000e+00
7.038119612900000000e+14 4.793867920600000300e+34 3.993719999999999776e+38 3.040816326499999889e+00 0.000000000000000000e+00
6.943462543600000000e+14 4.613686865600000449e+34 3.943719999999999937e+38 3.040816326499999889e+00 0.000000000000000000e+00
6.849056041400000000e+14 4.438108062000000178e+34 3.893720000000000099e+38 3.040816326499999889e+00 0.000000000000000000e+00
6.754896800500000000e+14 4.267070794899999710e+34 3.843720000000000261e+38 3.040816326499999889e+00 0.000000000000000000e+00
6.660981517300000000e+14 4.100514381099999850e+34 3.793719999999999667e+38 3.040816326499999889e+00 0.000000000000000000e+00
6.567306889500000000e+14 3.938378170000000180e+34 3.743719999999999828e+38 3.040816326499999889e+00 0.000000000000000000e+00
6.473869616900000000e+14 3.780601543300000129e+34 3.693719999999999990e+38 3.040816326499999889e+00 0.000000000000000000e+00
6.380666400900000000e+14 3.627123915800000128e+34 3.643720000000000152e+38 3.040816326499999889e+00 0.000000000000000000e+00
6.287693944800000000e+14 3.477884735700000092e+34 3.593720000000000313e+38 3.040816326499999889e+00 0.000000000000000000e+00
6.194948953800000000e+14 3.332823485299999860e+34 3.543719999999999720e+38 3.040816326499999889e+00 0.000000000000000000e+00
6.102428134800000000e+14 3.191879681200000180e+34 3.493719999999999881e+38 3.040816326499999889e+00 0.000000000000000000e+00
6.010128196800000000e+14 3.054992874700000060e+34 3.443720000000000043e+38 3.040816326499999889e+00 0.000000000000000000e+00
5.918045850700000000e+14 2.922102652400000178e+34 3.393719999999999827e+38 3.040816326499999889e+00 0.000000000000000000e+00
5.826177809100000000e+14 2.793148636999999897e+34 3.343719999999999988e+38 3.040816326499999889e+00 0.000000000000000000e+00
5.734520786900000000e+14 2.668070487000000170e+34 3.293720000000000150e+38 3.040816326499999889e+00 0.000000000000000000e+00
5.643071500800000000e+14 2.546807898200000076e+34 3.243719999999999934e+38 3.040816326499999889e+00 0.000000000000000000e+00
5.551826669600000000e+14 2.429300603499999985e+34 3.193720000000000096e+38 3.040816326499999889e+00 0.000000000000000000e+00
5.460783014100000000e+14 2.315488373800000216e+34 3.143719999999999880e+38 3.040816326499999889e+00 0.000000000000000000e+00
5.369937257400000000e+14 2.205311018299999977e+34 3.093720000000000041e+38 3.040816326499999889e+00 0.000000000000000000e+00
5.279286124400000000e+14 2.098708385499999970e+34 3.043719999999999825e+38 3.040816326499999889e+00 0.000000000000000000e+00
5.188826342500000000e+14 1.995620363399999917e+34 2.993719999999999987e+38 3.040816326499999889e+00 0.000000000000000000e+00
5.098554641000000000e+14 1.895986880500000015e+34 2.943720000000000149e+38 3.040816326499999889e+00 0.000000000000000000e+00
5.008467751700000000e+14 1.799747906000000073e+34 2.893719999999999933e+38 3.040816326499999889e+00 0.000000000000000000e+00
4.918562408400000000e+14 1.706843450900000075e+34 2.843720000000000094e+38 3.040816326499999889e+00 0.000000000000000000e+00
4.828835347400000000e+14 1.617213568300000041e+34 2.793719999999999878e+38 3.040816326499999889e+00 0.000000000000000000e+00
4.739283307200000000e+14 1.530798354499999896e+34 2.743720000000000040e+38 3.040816326499999889e+00 0.000000000000000000e+00
4.649903028900000000e+14 1.447537949400000056e+34 2.693719999999999824e+38 3.040816326499999889e+00 0.000000000000000000e+00
4.560691255700000000e+14 1.367372537500000111e+34 2.643719999999999985e+38 3.040816326499999889e+00 0.000000000000000000e+00
4.471644733600000000e+14 1.290242348699999993e+34 2.593720000000000147e+38 3.040816326499999889e+00 0.000000000000000000e+00
4.382760210900000000e+14 1.216087658799999895e+34 2.543719999999999931e+38 3.040816326499999889e+00 0.000000000000000000e+00
4.294034438500000000e+14 1.144848790799999971e+34 2.493720000000000093e+38 3.040816326499999889e+00 0.000000000000000000e+00
4.205450000000000000e+14 1.073450000000000014e+34 2.443719999999999877e+38 2.873000000000000220e+00 0.000000000000000000e+00
4.116970000000000000e+14 1.011140000000000043e+34 2.393720000000000038e+38 2.867999999999999883e+00 0.000000000000000000e+00
4.028630000000000000e+14 9.512920000000000147e+33 2.343719999999999822e+38 2.862999999999999989e+00 0.000000000000000000e+00
3.940430000000000000e+14 8.938790000000000295e+33 2.293719999999999984e+38 2.857000000000000206e+00 0.000000000000000000e+00
3.852340000000000000e+14 8.388569999999999603e+33 2.243720000000000145e+38 2.850000000000000089e+00 0.000000000000000000e+00
3.764390000000000000e+14 7.861859999999999641e+33 2.193719999999999929e+38 2.842999999999999972e+00 0.000000000000000000e+00
3.676550000000000000e+14 7.358230000000000423e+33 2.143720000000000091e+38 2.834999999999999964e+00 0.000000000000000000e+00
3.588840000000000000e+14 6.877269999999999927e+33 2.093719999999999875e+38 2.826000000000000068e+00 0.000000000000000000e+00
3.501250000000000000e+14 6.418530000000000208e+33 2.043720000000000037e+38 2.817000000000000171e+00 0.000000000000000000e+00
3.413760000000000000e+14 5.981569999999999993e+33 1.993719999999999821e+38 2.806999999999999940e+00 0.000000000000000000e+00
3.326400000000000000e+14 5.565950000000000319e+33 1.943719999999999982e+38 2.795999999999999819e+00 0.000000000000000000e+00
3.239140000000000000e+14 5.171200000000000088e+33 1.893720000000000144e+38 2.782999999999999918e+00 0.000000000000000000e+00
3.151990000000000000e+14 4.796839999999999802e+33 1.843719999999999928e+38 2.770000000000000018e+00 0.000000000000000000e+00
3.064940000000000000e+14 4.442400000000000094e+33 1.793720000000000089e+38 2.754999999999999893e+00 0.000000000000000000e+00
2.978000000000000000e+14 4.107380000000000044e+33 1.743719999999999873e+38 2.738999999999999879e+00 0.000000000000000000e+00
2.891160000000000000e+14 3.791269999999999750e+33 1.693720000000000035e+38 2.721000000000000085e+00 0.000000000000000000e+00
2.804420000000000000e+14 3.493549999999999755e+33 1.643720000000000008e+38 2.701999999999999957e+00 0.000000000000000000e+00
2.717770000000000000e+14 3.213689999999999890e+33 1.593719999999999981e+38 2.680000000000000160e+00 0.000000000000000000e+00
2.631220000000000000e+14 2.951139999999999718e+33 1.543719999999999953e+38 2.657000000000000028e+00 0.000000000000000000e+00
2.544760000000000000e+14 2.705349999999999958e+33 1.493719999999999926e+38 2.632000000000000117e+00 0.000000000000000000e+00
2.458390000000000000e+14 2.475720000000000081e+33 1.443720000000000088e+38 2.604000000000000092e+00 0.000000000000000000e+00
2.372110000000000000e+14 2.261670000000000115e+33 1.393720000000000061e+38 2.573999999999999844e+00 0.000000000000000000e+00
2.285920000000000000e+14 2.062580000000000129e+33 1.343720000000000034e+38 2.540999999999999925e+00 0.000000000000000000e+00
2.199820000000000000e+14 1.877809999999999925e+33 1.293720000000000006e+38 2.504999999999999893e+00 0.000000000000000000e+00
2.113810000000000000e+14 1.706690000000000058e+33 1.243719999999999979e+38 2.466000000000000192e+00 0.000000000000000000e+00
2.027890000000000000e+14 1.548509999999999969e+33 1.193719999999999952e+38 2.423999999999999932e+00 0.000000000000000000e+00
1.942060000000000000e+14 1.402539999999999987e+33 1.143719999999999925e+38 2.379999999999999893e+00 0.000000000000000000e+00
1.856330000000000000e+14 1.267939999999999979e+33 1.093720000000000086e+38 2.331999999999999851e+00 0.000000000000000000e+00
1.770720000000000000e+14 1.143640000000000049e+33 1.043720000000000059e+38 2.281000000000000139e+00 0.000000000000000000e+00
1.624590000000000000e+14 1.019499999999999952e+33 9.582319999999999970e+37 2.314000000000000057e+00 5.909960000000000254e+28
1.615050000000000000e+14 1.010199999999999985e+33 9.526399999999999587e+37 2.314000000000000057e+00 3.375699999999999722e+29
1.610280000000000000e+14 1.005600000000000021e+33 9.498439999999999395e+37 2.317000000000000171e+00 4.237040000000000153e+29
1.605500000000000000e+14 1.000799999999999977e+33 9.470479999999999203e+37 2.319999999999999840e+00 4.775850000000000038e+29
1.600730000000000000e+14 9.959620000000000015e+32 9.442520000000000900e+37 2.322000000000000064e+00 5.194950000000000055e+29
1.595960000000000000e+14 9.911020000000000202e+32 9.414560000000000708e+37 2.323999999999999844e+00 5.549409999999999898e+29
1.591190000000000000e+14 9.862359999999999587e+32 9.386600000000000516e+37 2.326000000000000068e+00 5.863359999999999964e+29
1.586410000000000000e+14 9.813700000000000414e+32 9.358640000000000324e+37 2.327999999999999847e+00 6.149689999999999983e+29
1.581640000000000000e+14 9.765080000000000333e+32 9.330680000000000133e+37 2.330000000000000071e+00 6.416109999999999432e+29
1.576870000000000000e+14 9.716509999999999481e+32 9.302719999999999941e+37 2.331999999999999851e+00 6.667589999999999439e+29
1.572100000000000000e+14 9.668009999999999564e+32 9.274759999999999749e+37 2.334000000000000075e+00 6.907539999999999384e+29
1.567330000000000000e+14 9.619590000000000716e+32 9.246799999999999557e+37 2.335999999999999854e+00 7.138369999999999488e+29
1.562560000000000000e+14 9.571260000000000190e+32 9.218839999999999365e+37 2.338999999999999968e+00 7.361850000000000629e+29
1.557780000000000000e+14 9.523019999999999426e+32 9.190879999999999173e+37 2.341000000000000192e+00 7.579310000000000085e+29
1.553010000000000000e+14 9.474879999999999998e+32 9.162920000000000870e+37 2.342999999999999972e+00 7.791800000000000523e+29
1.548240000000000000e+14 9.426830000000000333e+32 9.134960000000000678e+37 2.345000000000000195e+00 8.000129999999999578e+29
1.543470000000000000e+14 9.378880000000000564e+32 9.107000000000000487e+37 2.346999999999999975e+00 8.204949999999999972e+29
1.538700000000000000e+14 9.331030000000000691e+32 9.079040000000000295e+37 2.349000000000000199e+00 8.406779999999999943e+29
1.533930000000000000e+14 9.283289999999999405e+32 9.051080000000000103e+37 2.350999999999999979e+00 8.606049999999999712e+29
1.529160000000000000e+14 9.235659999999999591e+32 9.023119999999999911e+37 2.353000000000000203e+00 8.803119999999999791e+29
1.524390000000000000e+14 9.188129999999999672e+32 8.995159999999999719e+37 2.008000000000000007e+00 8.998279999999999577e+29
1.519620000000000000e+14 9.140709999999999783e+32 8.967199999999999527e+37 2.005999999999999783e+00 9.191800000000000157e+29
1.514850000000000000e+14 9.093399999999999924e+32 8.939239999999999335e+37 2.004000000000000004e+00 9.383880000000000095e+29
1.510080000000000000e+14 9.046200000000000094e+32 8.911279999999999143e+37 2.001999999999999780e+00 9.574690000000000494e+29
1.505310000000000000e+14 8.999110000000000293e+32 8.883320000000000841e+37 2.000999999999999890e+00 9.764410000000000203e+29
1.500540000000000000e+14 8.952140000000000656e+32 8.855360000000000649e+37 1.999000000000000110e+00 9.953149999999999768e+29
1.495770000000000000e+14 8.905269999999999473e+32 8.827400000000000457e+37 1.997000000000000108e+00 1.014100000000000002e+30
1.491000000000000000e+14 8.858519999999999895e+32 8.799440000000000265e+37 1.995000000000000107e+00 1.032820000000000037e+30
1.486240000000000000e+14 8.811890000000000480e+32 8.771480000000000073e+37 1.993000000000000105e+00 1.051459999999999942e+30
1.481470000000000000e+14 8.765359999999999520e+32 8.743519999999999881e+37 1.991999999999999993e+00 1.070049999999999995e+30
1.476700000000000000e+14 8.718960000000000298e+32 8.715559999999999689e+37 1.989999999999999991e+00 1.088590000000000054e+30
1.471930000000000000e+14 8.672659999999999530e+32 8.687599999999999497e+37 1.987999999999999989e+00 1.107069999999999982e+30
1.467160000000000000e+14 8.626490000000000500e+32 8.659639999999999306e+37 1.985999999999999988e+00 1.125520000000000055e+30
1.462390000000000000e+14 8.580430000000000059e+32 8.631679999999999114e+37 1.983999999999999986e+00 1.143929999999999992e+30
1.457630000000000000e+14 8.534489999999999781e+32 8.603720000000000811e+37 1.983000000000000096e+00 1.162299999999999935e+30
1.452860000000000000e+14 8.488659999999999533e+32 8.575760000000000619e+37 1.981000000000000094e+00 1.180650000000000022e+30
1.448090000000000000e+14 8.442949999999999448e+32 8.547800000000000427e+37 1.979000000000000092e+00 1.198969999999999972e+30
1.443320000000000000e+14 8.397369999999999660e+32 8.519840000000000235e+37 1.977000000000000091e+00 1.217260000000000067e+30
1.438560000000000000e+14 8.351889999999999767e+32 8.491880000000000043e+37 1.975999999999999979e+00 1.235530000000000024e+30
1.433790000000000000e+14 8.306540000000000172e+32 8.463919999999999851e+37 1.973999999999999977e+00 1.253779999999999984e+30
1.429020000000000000e+14 8.261309999999999298e+32 8.435959999999999660e+37 1.971999999999999975e+00 1.272019999999999946e+30
1.424260000000000000e+14 8.216189999999999896e+32 8.408000000000000412e+37 1.969999999999999973e+00 1.290229999999999912e+30
1.419490000000000000e+14 8.171199999999999349e+32 8.380040000000000220e+37 1.969000000000000083e+00 1.308429999999999879e+30
1.414720000000000000e+14 8.131559999999999714e+32 8.352080000000000028e+37 1.965999999999999970e+00 8.374989999999999359e+29
1.409960000000000000e+14 8.086870000000000295e+32 8.324119999999999837e+37 1.965000000000000080e+00 8.462220000000000007e+29
1.405190000000000000e+14 8.042289999999999465e+32 8.296159999999999645e+37 1.963000000000000078e+00 8.549500000000000649e+29
1.400430000000000000e+14 7.997830000000000240e+32 8.268200000000000397e+37 1.961000000000000076e+00 8.636829999999999876e+29
1.395660000000000000e+14 7.953489999999999736e+32 8.240240000000000205e+37 1.959000000000000075e+00 8.724199999999999941e+29
1.390900000000000000e+14 7.909269999999999396e+32 8.212280000000000014e+37 1.957999999999999963e+00 8.811600000000000285e+29
1.386130000000000000e+14 7.876189999999999557e+32 8.184319999999999822e+37 1.955000000000000071e+00 4.857970000000000141e+29
1.381360000000000000e+14 7.832339999999999840e+32 8.156359999999999630e+37 1.953000000000000069e+00 4.876880000000000149e+29
1.376600000000000000e+14 7.788600000000000152e+32 8.128400000000000382e+37 1.951000000000000068e+00 4.895990000000000128e+29
1.357540000000000000e+14 7.614830000000000019e+32 8.016559999999999615e+37 1.943999999999999950e+00 4.974279999999999785e+29
1.343250000000000000e+14 7.485749999999999304e+32 7.932679999999999984e+37 1.939000000000000057e+00 5.034679999999999713e+29
1.286100000000000000e+14 6.980090000000000616e+32 7.597159999999999570e+37 1.919000000000000039e+00 5.286170000000000282e+29
1.281330000000000000e+14 6.938729999999999602e+32 7.569200000000000323e+37 1.917000000000000037e+00 5.307620000000000072e+29
1.262290000000000000e+14 6.774459999999999661e+32 7.457359999999999555e+37 1.909999999999999920e+00 5.393810000000000023e+29
1.257530000000000000e+14 6.733689999999999329e+32 7.429400000000000308e+37 1.909000000000000030e+00 5.415440000000000070e+29
1.252770000000000000e+14 6.693040000000000602e+32 7.401440000000000116e+37 1.907000000000000028e+00 5.437089999999999832e+29
1.243250000000000000e+14 6.612090000000000622e+32 7.345519999999999732e+37 1.903999999999999915e+00 5.480440000000000053e+29
1.233730000000000000e+14 6.531619999999999854e+32 7.289600000000000293e+37 1.901000000000000023e+00 5.523840000000000266e+29
1.228970000000000000e+14 6.491570000000000502e+32 7.261640000000000101e+37 1.899000000000000021e+00 5.545540000000000021e+29
1.219450000000000000e+14 6.411809999999999858e+32 7.205719999999999718e+37 1.895999999999999908e+00 5.588929999999999674e+29
1.205170000000000000e+14 6.293060000000000344e+32 7.121840000000000086e+37 1.891000000000000014e+00 5.653919999999999799e+29
1.195650000000000000e+14 6.214489999999999758e+32 7.065919999999999703e+37 1.887999999999999901e+00 5.697150000000000318e+29
1.171860000000000000e+14 6.020130000000000321e+32 6.926119999999999688e+37 1.879999999999999893e+00 5.804649999999999938e+29
1.129050000000000000e+14 5.677689999999999786e+32 6.674479999999999850e+37 1.866000000000000103e+00 5.995009999999999697e+29
1.124300000000000000e+14 5.640229999999999753e+32 6.646519999999999658e+37 1.864000000000000101e+00 6.015829999999999998e+29
1.110030000000000000e+14 5.528540000000000234e+32 6.562640000000000027e+37 1.860000000000000098e+00 6.077840000000000262e+29
1.100520000000000000e+14 5.454659999999999662e+32 6.506719999999999643e+37 1.856999999999999984e+00 6.118769999999999698e+29
1.076750000000000000e+14 5.271990000000000154e+32 6.366919999999999628e+37 1.848999999999999977e+00 6.219459999999999716e+29
1.071990000000000000e+14 5.235799999999999807e+32 6.338960000000000381e+37 1.848000000000000087e+00 6.239309999999999732e+29
1.067240000000000000e+14 5.212230000000000293e+32 6.311000000000000189e+37 1.844000000000000083e+00 7.038799999999999735e+29
1.062490000000000000e+14 5.176490000000000198e+32 6.283039999999999997e+37 1.842000000000000082e+00 7.022290000000000093e+29
1.057730000000000000e+14 5.140860000000000133e+32 6.255079999999999805e+37 1.840999999999999970e+00 7.005700000000000180e+29
1.052980000000000000e+14 5.105340000000000097e+32 6.227119999999999613e+37 1.838999999999999968e+00 6.989010000000000281e+29
1.048230000000000000e+14 5.069940000000000225e+32 6.199160000000000366e+37 1.838000000000000078e+00 6.972240000000000113e+29
1.043470000000000000e+14 5.034649999999999661e+32 6.171200000000000174e+37 1.836000000000000076e+00 6.955380000000000520e+29
1.038720000000000000e+14 4.999479999999999981e+32 6.143239999999999982e+37 1.834999999999999964e+00 6.938419999999999533e+29
1.033970000000000000e+14 4.964420000000000331e+32 6.115279999999999790e+37 1.832999999999999963e+00 6.921370000000000530e+29
1.029210000000000000e+14 4.929459999999999856e+32 6.087319999999999599e+37 1.832000000000000073e+00 6.904220000000000133e+29
1.024460000000000000e+14 4.894620000000000265e+32 6.059360000000000351e+37 1.830999999999999961e+00 6.886969999999999751e+29
1.019710000000000000e+14 4.859900000000000116e+32 6.031400000000000159e+37 1.828999999999999959e+00 6.869619999999999382e+29
1.014960000000000000e+14 4.825279999999999864e+32 6.003439999999999967e+37 1.828000000000000069e+00 6.852179999999999590e+29
1.010210000000000000e+14 4.790779999999999774e+32 5.975479999999999776e+37 1.826000000000000068e+00 6.834630000000000657e+29
1.005450000000000000e+14 4.756389999999999714e+32 5.947519999999999584e+37 1.824999999999999956e+00 6.816969999999999769e+29
1.000700000000000000e+14 4.722100000000000271e+32 5.919560000000000336e+37 1.822999999999999954e+00 6.799210000000000303e+29
9.959520000000000000e+13 4.687930000000000270e+32 5.891600000000000144e+37 1.822000000000000064e+00 6.781349999999999443e+29
9.912010000000000000e+13 4.653870000000000298e+32 5.863639999999999953e+37 1.820000000000000062e+00 6.763379999999999444e+29
9.864500000000000000e+13 4.619929999999999770e+32 5.835679999999999761e+37 1.818999999999999950e+00 6.745300000000000304e+29
9.816990000000000000e+13 4.586089999999999857e+32 5.807719999999999569e+37 1.818000000000000060e+00 6.727110000000000617e+29
9.769490000000000000e+13 4.552359999999999974e+32 5.779760000000000321e+37 1.816000000000000059e+00 6.708810000000000383e+29
9.721980000000000000e+13 4.518740000000000121e+32 5.751800000000000130e+37 1.814999999999999947e+00 6.690399999999999601e+29
9.674480000000000000e+13 4.485230000000000297e+32 5.723839999999999938e+37 1.812999999999999945e+00 6.671879999999999679e+29
9.626980000000000000e+13 4.451839999999999916e+32 5.695879999999999746e+37 1.812000000000000055e+00 6.653250000000000617e+29
9.579480000000000000e+13 4.418550000000000152e+32 5.667919999999999554e+37 1.810999999999999943e+00 6.634500000000000446e+29
9.531990000000000000e+13 4.385369999999999696e+32 5.639960000000000307e+37 1.808999999999999941e+00 6.615639999999999727e+29
9.484490000000000000e+13 4.352299999999999990e+32 5.612000000000000115e+37 1.808000000000000052e+00 6.596659999999999307e+29
9.437000000000000000e+13 4.319340000000000314e+32 5.584039999999999923e+37 1.806000000000000050e+00 6.577569999999999747e+29
9.389510000000000000e+13 4.286489999999999947e+32 5.556079999999999731e+37 1.804999999999999938e+00 6.558360000000000486e+29
9.342020000000000000e+13 4.253750000000000330e+32 5.528119999999999539e+37 1.804000000000000048e+00 6.539030000000000115e+29
9.294530000000000000e+13 4.221109999999999888e+32 5.500160000000000292e+37 1.802000000000000046e+00 6.519590000000000604e+29
9.247050000000000000e+13 4.188590000000000330e+32 5.472200000000000100e+37 1.800999999999999934e+00 6.500029999999999984e+29
9.199570000000000000e+13 4.156169999999999947e+32 5.444239999999999908e+37 1.800000000000000044e+00 6.480340000000000509e+29
9.152080000000000000e+13 4.123869999999999728e+32 5.416279999999999716e+37 1.798000000000000043e+00 6.460540000000000486e+29
9.104600000000000000e+13 4.091670000000000125e+32 5.388320000000000469e+37 1.796999999999999931e+00 6.440619999999999354e+29
9.057130000000000000e+13 4.059569999999999697e+32 5.360360000000000277e+37 1.796000000000000041e+00 6.420579999999999928e+29
9.009650000000000000e+13 4.027590000000000153e+32 5.332400000000000085e+37 1.794000000000000039e+00 6.400410000000000238e+29
8.962180000000000000e+13 3.995709999999999784e+32 5.304439999999999893e+37 1.792999999999999927e+00 6.380130000000000002e+29
8.914700000000000000e+13 3.963940000000000165e+32 5.276479999999999701e+37 1.792000000000000037e+00 6.359719999999999502e+29
8.867230000000000000e+13 3.932279999999999855e+32 5.248520000000000454e+37 1.790000000000000036e+00 6.339189999999999300e+29
8.819770000000000000e+13 3.900730000000000296e+32 5.220560000000000262e+37 1.788999999999999924e+00 6.318540000000000101e+29
8.772300000000000000e+13 3.869279999999999911e+32 5.192600000000000070e+37 1.788000000000000034e+00 6.297769999999999792e+29
8.724830000000000000e+13 3.837940000000000277e+32 5.164639999999999878e+37 1.786999999999999922e+00 6.276869999999999924e+29
8.677370000000000000e+13 3.806699999999999818e+32 5.136679999999999686e+37 1.784999999999999920e+00 6.255849999999999651e+29
8.629910000000000000e+13 3.775570000000000109e+32 5.108720000000000439e+37 1.784000000000000030e+00 6.234699999999999819e+29
8.582450000000000000e+13 3.744549999999999709e+32 5.080760000000000247e+37 1.782999999999999918e+00 6.213430000000000284e+29
8.534990000000000000e+13 3.713640000000000059e+32 5.052800000000000055e+37 1.782000000000000028e+00 6.192029999999999783e+29
8.487540000000000000e+13 3.682830000000000305e+32 5.024839999999999863e+37 1.780000000000000027e+00 6.170520000000000142e+29
8.440090000000000000e+13 3.652119999999999726e+32 4.996879999999999671e+37 1.778999999999999915e+00 6.148869999999999676e+29
8.392630000000000000e+13 3.624469999999999706e+32 4.968920000000000424e+37 1.776999999999999913e+00 7.396389999999999418e+29
8.345180000000000000e+13 3.594010000000000308e+32 4.940960000000000232e+37 1.774999999999999911e+00 7.351659999999999814e+29
8.297740000000000000e+13 3.563660000000000219e+32 4.913000000000000040e+37 1.774000000000000021e+00 7.306930000000000209e+29
8.250290000000000000e+13 3.533410000000000026e+32 4.885039999999999848e+37 1.772999999999999909e+00 7.262190000000000044e+29
8.202850000000000000e+13 3.503269999999999862e+32 4.857079999999999657e+37 1.772000000000000020e+00 7.217460000000000440e+29
8.155400000000000000e+13 3.473230000000000314e+32 4.829120000000000409e+37 1.770999999999999908e+00 7.172720000000000274e+29
8.107960000000000000e+13 3.443289999999999942e+32 4.801160000000000217e+37 1.768999999999999906e+00 7.127969999999999547e+29
8.060530000000000000e+13 3.413460000000000320e+32 4.773200000000000025e+37 1.768000000000000016e+00 7.083229999999999381e+29
8.013090000000000000e+13 3.383729999999999873e+32 4.745239999999999834e+37 1.766999999999999904e+00 7.038490000000000623e+29
7.965650000000000000e+13 3.354110000000000177e+32 4.717279999999999642e+37 1.766000000000000014e+00 6.993739999999999896e+29
7.918220000000000000e+13 3.324589999999999655e+32 4.689320000000000394e+37 1.764999999999999902e+00 6.948999999999999730e+29
7.870790000000000000e+13 3.295169999999999750e+32 4.661360000000000202e+37 1.764000000000000012e+00 6.904250000000000411e+29
7.823360000000000000e+13 3.265859999999999875e+32 4.633400000000000011e+37 1.762000000000000011e+00 6.859499999999999683e+29
7.775940000000000000e+13 3.236649999999999895e+32 4.605439999999999819e+37 1.760999999999999899e+00 6.814759999999999518e+29
7.728510000000000000e+13 3.207549999999999945e+32 4.577479999999999627e+37 1.760000000000000009e+00 6.770010000000000198e+29
7.681090000000000000e+13 3.178540000000000117e+32 4.549520000000000379e+37 1.758999999999999897e+00 6.725259999999999471e+29
7.633670000000000000e+13 3.149639999999999959e+32 4.521560000000000188e+37 1.758000000000000007e+00 6.680519999999999305e+29
7.586250000000000000e+13 3.120849999999999830e+32 4.493599999999999996e+37 1.756999999999999895e+00 6.635780000000000547e+29
7.538830000000000000e+13 3.092149999999999823e+32 4.465639999999999804e+37 1.756000000000000005e+00 6.591040000000000381e+29
7.491420000000000000e+13 3.063559999999999846e+32 4.437679999999999612e+37 1.754999999999999893e+00 6.546309999999999370e+29
7.444010000000000000e+13 3.035079999999999898e+32 4.409720000000000365e+37 1.752999999999999892e+00 6.501570000000000612e+29
7.396590000000000000e+13 3.006690000000000073e+32 4.381760000000000173e+37 1.752000000000000002e+00 6.456839999999999600e+29
7.349190000000000000e+13 2.978409999999999918e+32 4.353799999999999981e+37 1.750999999999999890e+00 6.412120000000000558e+29
7.301780000000000000e+13 2.950230000000000018e+32 4.325839999999999789e+37 1.750000000000000000e+00 6.367400000000000108e+29
7.254370000000000000e+13 2.922150000000000014e+32 4.297879999999999597e+37 1.749000000000000110e+00 6.322690000000000219e+29
7.206970000000000000e+13 2.894169999999999906e+32 4.269920000000000350e+37 1.747999999999999998e+00 6.277980000000000331e+29
7.159570000000000000e+13 2.866299999999999827e+32 4.241960000000000158e+37 1.747000000000000108e+00 6.233280000000000300e+29
7.112170000000000000e+13 2.838530000000000005e+32 4.213999999999999966e+37 1.745999999999999996e+00 6.188590000000000128e+29
7.064780000000000000e+13 2.810860000000000078e+32 4.186039999999999774e+37 1.745000000000000107e+00 6.143909999999999813e+29
7.017380000000000000e+13 2.783290000000000047e+32 4.158080000000000054e+37 1.743999999999999995e+00 6.099230000000000202e+29
6.969990000000000000e+13 2.755830000000000046e+32 4.130119999999999863e+37 1.743000000000000105e+00 6.054559999999999745e+29
6.922600000000000000e+13 2.728460000000000167e+32 4.102160000000000143e+37 1.741999999999999993e+00 6.009909999999999707e+29
6.875210000000000000e+13 2.701199999999999958e+32 4.074199999999999951e+37 1.741000000000000103e+00 5.965259999999999670e+29
6.827820000000000000e+13 2.674040000000000004e+32 4.046240000000000231e+37 1.739999999999999991e+00 5.920630000000000051e+29
6.780440000000000000e+13 2.646979999999999947e+32 4.018280000000000040e+37 1.739000000000000101e+00 5.876010000000000291e+29
6.733060000000000000e+13 2.620029999999999918e+32 3.990319999999999848e+37 1.737999999999999989e+00 5.831399999999999685e+29
6.685680000000000000e+13 2.593170000000000013e+32 3.962360000000000128e+37 1.737000000000000099e+00 5.786810000000000202e+29
6.638300000000000000e+13 2.566420000000000136e+32 3.934399999999999936e+37 1.735999999999999988e+00 5.742229999999999873e+29
6.590920000000000000e+13 2.539760000000000022e+32 3.906440000000000217e+37 1.735000000000000098e+00 5.697660000000000106e+29
6.543550000000000000e+13 2.513209999999999938e+32 3.878480000000000025e+37 1.735000000000000098e+00 5.653119999999999912e+29
6.496180000000000000e+13 2.486769999999999883e+32 3.850519999999999833e+37 1.733999999999999986e+00 5.608590000000000279e+29
6.448810000000000000e+13 2.460419999999999950e+32 3.822560000000000113e+37 1.733000000000000096e+00 5.564069999999999801e+29
6.401440000000000000e+13 2.434169999999999914e+32 3.794599999999999921e+37 1.731999999999999984e+00 5.519580000000000304e+29
6.354070000000000000e+13 2.408029999999999906e+32 3.766640000000000202e+37 1.731000000000000094e+00 5.475099999999999961e+29
6.306710000000000000e+13 2.381980000000000021e+32 3.738680000000000010e+37 1.729999999999999982e+00 5.430649999999999895e+29
6.259350000000000000e+13 2.356040000000000166e+32 3.710719999999999818e+37 1.729000000000000092e+00 5.386209999999999687e+29
6.211990000000000000e+13 2.330199999999999846e+32 3.682760000000000098e+37 1.727999999999999980e+00 5.341799999999999757e+29
6.164640000000000000e+13 2.304460000000000143e+32 3.654799999999999906e+37 1.727999999999999980e+00 5.297410000000000245e+29
6.117280000000000000e+13 2.278819999999999975e+32 3.626840000000000187e+37 1.727000000000000091e+00 5.253050000000000308e+29
6.069930000000000000e+13 2.253289999999999837e+32 3.598879999999999995e+37 1.725999999999999979e+00 5.208710000000000086e+29
6.022580000000000000e+13 2.227849999999999821e+32 3.570919999999999803e+37 1.725000000000000089e+00 5.164390000000000283e+29
5.975230000000000000e+13 2.202519999999999835e+32 3.542960000000000083e+37 1.723999999999999977e+00 5.120100000000000054e+29
5.927880000000000000e+13 2.177290000000000105e+32 3.514999999999999892e+37 1.723999999999999977e+00 5.075840000000000102e+29
5.880540000000000000e+13 2.152159999999999910e+32 3.487040000000000172e+37 1.723000000000000087e+00 5.031609999999999724e+29
5.833200000000000000e+13 2.127129999999999971e+32 3.459079999999999980e+37 1.721999999999999975e+00 4.987410000000000326e+29
5.785860000000000000e+13 2.102199999999999929e+32 3.431119999999999788e+37 1.721000000000000085e+00 4.943229999999999941e+29
5.738520000000000000e+13 2.077379999999999915e+32 3.403160000000000069e+37 1.721000000000000085e+00 4.899089999999999691e+29
5.691190000000000000e+13 2.052660000000000158e+32 3.375199999999999877e+37 1.719999999999999973e+00 4.854979999999999718e+29
5.643860000000000000e+13 2.028039999999999937e+32 3.347240000000000157e+37 1.719000000000000083e+00 4.810900000000000022e+29
5.596530000000000000e+13 2.003519999999999971e+32 3.319279999999999965e+37 1.717999999999999972e+00 4.766859999999999758e+29
5.549200000000000000e+13 1.979099999999999902e+32 3.291319999999999773e+37 1.717999999999999972e+00 4.722849999999999771e+29
5.501880000000000000e+13 1.954789999999999862e+32 3.263360000000000054e+37 1.717000000000000082e+00 4.678879999999999919e+29
5.454550000000000000e+13 1.930569999999999944e+32 3.235399999999999862e+37 1.715999999999999970e+00 4.634950000000000202e+29
5.407230000000000000e+13 1.906469999999999829e+32 3.207440000000000142e+37 1.715999999999999970e+00 4.591050000000000059e+29
5.359910000000000000e+13 1.882459999999999837e+32 3.179479999999999950e+37 1.715000000000000080e+00 4.547199999999999908e+29
5.312600000000000000e+13 1.858550000000000101e+32 3.151520000000000231e+37 1.715000000000000080e+00 4.503380000000000035e+29
5.265280000000000000e+13 1.834750000000000034e+32 3.123560000000000039e+37 1.713999999999999968e+00 4.459610000000000155e+29
5.217970000000000000e+13 1.811049999999999863e+32 3.095599999999999847e+37 1.713000000000000078e+00 4.415869999999999848e+29
5.170660000000000000e+13 1.787460000000000081e+32 3.067640000000000127e+37 1.713000000000000078e+00 4.372190000000000096e+29
5.123360000000000000e+13 1.763969999999999836e+32 3.039679999999999935e+37 1.711999999999999966e+00 4.328539999999999918e+29
5.076050000000000000e+13 1.740579999999999846e+32 3.011720000000000216e+37 1.711999999999999966e+00 4.284939999999999732e+29
5.028750000000000000e+13 1.717290000000000112e+32 2.983760000000000024e+37 1.711000000000000076e+00 4.241390000000000243e+29
4.981450000000000000e+13 1.694110000000000048e+32 2.955799999999999832e+37 1.709999999999999964e+00 4.197890000000000043e+29
4.934150000000000000e+13 1.671040000000000013e+32 2.927840000000000112e+37 1.709999999999999964e+00 4.154439999999999836e+29
4.886860000000000000e+13 1.648060000000000101e+32 2.899879999999999921e+37 1.709000000000000075e+00 4.111029999999999765e+29
4.839570000000000000e+13 1.625189999999999858e+32 2.871920000000000201e+37 1.709000000000000075e+00 4.067680000000000248e+29
4.792280000000000000e+13 1.602430000000000004e+32 2.843960000000000009e+37 1.707999999999999963e+00 4.024380000000000020e+29
4.744990000000000000e+13 1.579770000000000047e+32 2.815999999999999817e+37 1.707999999999999963e+00 3.981140000000000346e+29
4.697710000000000000e+13 1.557219999999999939e+32 2.788040000000000098e+37 1.707999999999999963e+00 3.937949999999999962e+29
4.650420000000000000e+13 1.534770000000000087e+32 2.760079999999999906e+37 1.707000000000000073e+00 3.894820000000000132e+29
4.603140000000000000e+13 1.512430000000000084e+32 2.732120000000000186e+37 1.707000000000000073e+00 3.851740000000000296e+29
4.555870000000000000e+13 1.490189999999999978e+32 2.704159999999999994e+37 1.705999999999999961e+00 3.808720000000000310e+29
4.508590000000000000e+13 1.468060000000000080e+32 2.676199999999999802e+37 1.705999999999999961e+00 3.765770000000000032e+29
4.461320000000000000e+13 1.446040000000000033e+32 2.648240000000000083e+37 1.705999999999999961e+00 3.722869999999999748e+29
4.414050000000000000e+13 1.424130000000000014e+32 2.620279999999999891e+37 1.705000000000000071e+00 3.680039999999999876e+29
4.366780000000000000e+13 1.402320000000000072e+32 2.592320000000000171e+37 1.705000000000000071e+00 3.637269999999999855e+29
4.319520000000000000e+13 1.380619999999999979e+32 2.564359999999999979e+37 1.703999999999999959e+00 3.594559999999999685e+29
4.272260000000000000e+13 1.359019999999999963e+32 2.536399999999999787e+37 1.703999999999999959e+00 3.551919999999999927e+29
4.225000000000000000e+13 1.337539999999999929e+32 2.508440000000000068e+37 1.703999999999999959e+00 3.509349999999999877e+29
4.177740000000000000e+13 1.316159999999999971e+32 2.480479999999999876e+37 1.703999999999999959e+00 3.466850000000000240e+29
4.130490000000000000e+13 1.294899999999999996e+32 2.452520000000000156e+37 1.703000000000000069e+00 3.424420000000000312e+29
4.083240000000000000e+13 1.273739999999999917e+32 2.424559999999999964e+37 1.703000000000000069e+00 3.382060000000000092e+29
4.035990000000000000e+13 1.252690000000000048e+32 2.396599999999999773e+37 1.703000000000000069e+00 3.339780000000000142e+29
3.988740000000000000e+13 1.231759999999999982e+32 2.368640000000000053e+37 1.703000000000000069e+00 3.297569999999999902e+29
3.941500000000000000e+13 1.210929999999999991e+32 2.340679999999999861e+37 1.701999999999999957e+00 3.255430000000000073e+29
3.894260000000000000e+13 1.190219999999999984e+32 2.312720000000000141e+37 1.701999999999999957e+00 3.213369999999999811e+29
3.847020000000000000e+13 1.169620000000000006e+32 2.284759999999999950e+37 1.701999999999999957e+00 3.171389999999999819e+29
3.799790000000000000e+13 1.149130000000000058e+32 2.256800000000000230e+37 1.701999999999999957e+00 3.129490000000000098e+29
3.752560000000000000e+13 1.128749999999999959e+32 2.228840000000000038e+37 1.701999999999999957e+00 3.087680000000000152e+29
3.705330000000000000e+13 1.108490000000000024e+32 2.200879999999999846e+37 1.701999999999999957e+00 3.045939999999999915e+29
3.658100000000000000e+13 1.088350000000000071e+32 2.172920000000000127e+37 1.701000000000000068e+00 3.004290000000000158e+29
3.610880000000000000e+13 1.068310000000000015e+32 2.144959999999999935e+37 1.701000000000000068e+00 2.962729999999999826e+29
3.563660000000000000e+13 1.048400000000000075e+32 2.116999999999999979e+37 1.701000000000000068e+00 2.921250000000000115e+29
3.516440000000000000e+13 1.028599999999999984e+32 2.089040000000000023e+37 1.701000000000000068e+00 2.879870000000000039e+29
3.469220000000000000e+13 1.008909999999999923e+32 2.061080000000000067e+37 1.701000000000000068e+00 2.838569999999999881e+29
3.422010000000000000e+13 9.893470000000000470e+31 2.033120000000000112e+37 1.701000000000000068e+00 2.797370000000000061e+29
3.374800000000000000e+13 9.698990000000000870e+31 2.005159999999999920e+37 1.701000000000000068e+00 2.756260000000000016e+29
3.327600000000000000e+13 9.505709999999999299e+31 1.977199999999999964e+37 1.701000000000000068e+00 2.715240000000000100e+29
3.280400000000000000e+13 9.313629999999999361e+31 1.949240000000000008e+37 1.701000000000000068e+00 2.674330000000000028e+29
3.233200000000000000e+13 9.122749999999999253e+31 1.921280000000000053e+37 1.701000000000000068e+00 2.633510000000000084e+29
3.186000000000000000e+13 8.933090000000000325e+31 1.893320000000000097e+37 1.701000000000000068e+00 2.592790000000000125e+29
3.138810000000000000e+13 8.744650000000000774e+31 1.865359999999999905e+37 1.701999999999999957e+00 2.552170000000000153e+29
3.091620000000000000e+13 8.557450000000000147e+31 1.837399999999999949e+37 1.701999999999999957e+00 2.511660000000000024e+29
3.044430000000000000e+13 8.371490000000000246e+31 1.809439999999999993e+37 1.701999999999999957e+00 2.471260000000000091e+29
2.997240000000000000e+13 8.186790000000000618e+31 1.781480000000000038e+37 1.701999999999999957e+00 2.430960000000000144e+29
2.950060000000000000e+13 8.003339999999999688e+31 1.753520000000000082e+37 1.701999999999999957e+00 2.390770000000000040e+29
2.902890000000000000e+13 7.821170000000000379e+31 1.725559999999999890e+37 1.701999999999999957e+00 2.350690000000000132e+29
2.855710000000000000e+13 7.640289999999999762e+31 1.697599999999999934e+37 1.703000000000000069e+00 2.310729999999999926e+29
2.808540000000000000e+13 7.460699999999999639e+31 1.669639999999999979e+37 1.703000000000000069e+00 2.270879999999999915e+29
2.761370000000000000e+13 7.282419999999999556e+31 1.641680000000000023e+37 1.703000000000000069e+00 2.231140000000000100e+29
2.714210000000000000e+13 7.105450000000000414e+31 1.613720000000000067e+37 1.703999999999999959e+00 2.191529999999999845e+29
2.667050000000000000e+13 6.929819999999999733e+31 1.585760000000000111e+37 1.703999999999999959e+00 2.152030000000000137e+29
2.619890000000000000e+13 6.755539999999999986e+31 1.557799999999999919e+37 1.703999999999999959e+00 2.112659999999999988e+29
2.572730000000000000e+13 6.582610000000000275e+31 1.529839999999999964e+37 1.705000000000000071e+00 2.073409999999999892e+29
2.525580000000000000e+13 6.411050000000000145e+31 1.501880000000000008e+37 1.705000000000000071e+00 2.034279999999999851e+29
2.478440000000000000e+13 6.240880000000000045e+31 1.473920000000000052e+37 1.705999999999999961e+00 1.995289999999999930e+29
2.431290000000000000e+13 6.072109999999999747e+31 1.445960000000000096e+37 1.705999999999999961e+00 1.956420000000000062e+29
2.384150000000000000e+13 5.904759999999999699e+31 1.417999999999999905e+37 1.705999999999999961e+00 1.917689999999999964e+29
2.337020000000000000e+13 5.738850000000000349e+31 1.390039999999999949e+37 1.707000000000000073e+00 1.879090000000000129e+29
2.289880000000000000e+13 5.574379999999999896e+31 1.362079999999999993e+37 1.707999999999999963e+00 1.840630000000000063e+29
2.242750000000000000e+13 5.411380000000000361e+31 1.334120000000000037e+37 1.707999999999999963e+00 1.802310000000000118e+29
2.195630000000000000e+13 5.249870000000000390e+31 1.306160000000000082e+37 1.709000000000000075e+00 1.764129999999999942e+29
2.148510000000000000e+13 5.089859999999999758e+31 1.278199999999999890e+37 1.709000000000000075e+00 1.726089999999999888e+29
2.101390000000000000e+13 4.931379999999999585e+31 1.250239999999999934e+37 1.709999999999999964e+00 1.688189999999999954e+29
2.054280000000000000e+13 4.774439999999999646e+31 1.222279999999999978e+37 1.711000000000000076e+00 1.650439999999999999e+29
2.007170000000000000e+13 4.619070000000000161e+31 1.194320000000000022e+37 1.711999999999999966e+00 1.612840000000000023e+29
1.960060000000000000e+13 4.465289999999999776e+31 1.166360000000000067e+37 1.711999999999999966e+00 1.575400000000000059e+29
1.912960000000000000e+13 4.313129999999999613e+31 1.138400000000000111e+37 1.713000000000000078e+00 1.538100000000000041e+29
1.865860000000000000e+13 4.162600000000000347e+31 1.110439999999999919e+37 1.713999999999999968e+00 1.500970000000000069e+29
1.818770000000000000e+13 4.013729999999999945e+31 1.082479999999999963e+37 1.715000000000000080e+00 1.463990000000000076e+29
1.771680000000000000e+13 3.866549999999999981e+31 1.054520000000000008e+37 1.715999999999999970e+00 1.427169999999999919e+29
1.724590000000000000e+13 3.721090000000000224e+31 1.026560000000000052e+37 1.717000000000000082e+00 1.390509999999999952e+29
1.677510000000000000e+13 3.577379999999999996e+31 9.985999999999999780e+36 1.717999999999999972e+00 1.354020000000000030e+29
1.630440000000000000e+13 3.435440000000000193e+31 9.706400000000000223e+36 1.719000000000000083e+00 1.317699999999999979e+29
1.583360000000000000e+13 3.295320000000000134e+31 9.426799999999999485e+36 1.719999999999999973e+00 1.281539999999999941e+29
1.536300000000000000e+13 3.157030000000000043e+31 9.147199999999999927e+36 1.721000000000000085e+00 1.245559999999999982e+29
1.489230000000000000e+13 3.020629999999999909e+31 8.867600000000000370e+36 1.721999999999999975e+00 1.209750000000000071e+29
1.442180000000000000e+13 2.886129999999999959e+31 8.587999999999999632e+36 1.723000000000000087e+00 1.174120000000000063e+29
1.395120000000000000e+13 2.753599999999999955e+31 8.308400000000000074e+36 1.725000000000000089e+00 1.138659999999999926e+29
1.348080000000000000e+13 2.623059999999999896e+31 8.028800000000000517e+36 1.725999999999999979e+00 1.103380000000000045e+29
1.301030000000000000e+13 2.494549999999999777e+31 7.749199999999999779e+36 1.727000000000000091e+00 1.068289999999999926e+29
1.253990000000000000e+13 2.368139999999999811e+31 7.469600000000000221e+36 1.727999999999999980e+00 1.033380000000000063e+29
1.206960000000000000e+13 2.243860000000000221e+31 7.189999999999999483e+36 1.729999999999999982e+00 9.986530000000000620e+28
1.159930000000000000e+13 2.121759999999999873e+31 6.910399999999999926e+36 1.731000000000000094e+00 9.641120000000000557e+28
1.112910000000000000e+13 2.001900000000000110e+31 6.630800000000000368e+36 1.731999999999999984e+00 9.297590000000000159e+28
1.065890000000000000e+13 1.884350000000000021e+31 6.351199999999999630e+36 1.733999999999999986e+00 8.955939999999999425e+28
1.018880000000000000e+13 1.769150000000000051e+31 6.071600000000000072e+36 1.735000000000000098e+00 8.616160000000000257e+28
9.718780000000000000e+12 1.656389999999999962e+31 5.792000000000000515e+36 1.737000000000000099e+00 8.278270000000000611e+28
9.248780000000000000e+12 1.546119999999999973e+31 5.512399999999999777e+36 1.737999999999999989e+00 7.942250000000000772e+28
8.778850000000000000e+12 1.438430000000000070e+31 5.232800000000000219e+36 1.739999999999999991e+00 7.608080000000000145e+28
8.308980000000000000e+12 1.333400000000000017e+31 4.953200000000000071e+36 1.741000000000000103e+00 7.275749999999999750e+28
7.839170000000000000e+12 1.231120000000000027e+31 4.673599999999999924e+36 1.741999999999999993e+00 6.945210000000000300e+28
7.369430000000000000e+12 1.131680000000000087e+31 4.393999999999999776e+36 1.743000000000000105e+00 6.616409999999999865e+28
6.899760000000000000e+12 1.035199999999999954e+31 4.114400000000000218e+36 1.743999999999999995e+00 6.289290000000000179e+28
6.430160000000000000e+12 9.417769999999999539e+30 3.834800000000000071e+36 1.745000000000000107e+00 5.963740000000000165e+28
5.960640000000000000e+12 8.515509999999999530e+30 3.555199999999999923e+36 1.745000000000000107e+00 5.639639999999999772e+28
5.491190000000000000e+12 7.646600000000000449e+30 3.275599999999999775e+36 1.743999999999999995e+00 5.316799999999999939e+28
5.021820000000000000e+12 6.812569999999999827e+30 2.996000000000000217e+36 1.743000000000000105e+00 4.995000000000000277e+28
4.552530000000000000e+12 6.015179999999999668e+30 2.716400000000000070e+36 1.741000000000000103e+00 4.673900000000000340e+28
4.083330000000000000e+12 5.256379999999999697e+30 2.436799999999999922e+36 1.737000000000000099e+00 4.353050000000000367e+28
3.614230000000000000e+12 4.538420000000000161e+30 2.157200000000000069e+36 1.729999999999999982e+00 4.031830000000000377e+28
3.145220000000000000e+12 3.863850000000000136e+30 1.877599999999999921e+36 1.719999999999999973e+00 3.709279999999999940e+28
2.676320000000000000e+12 3.235629999999999769e+30 1.598000000000000069e+36 1.703999999999999959e+00 3.383979999999999892e+28
2.207530000000000000e+12 2.657180000000000265e+30 1.318400000000000068e+36 1.679999999999999938e+00 3.053609999999999784e+28
1.738870000000000000e+12 2.132399999999999949e+30 1.038800000000000068e+36 1.641999999999999904e+00 2.714020000000000114e+28
4.299000000000000000e+11 7.805000000000000069e+29 2.572000000000000181e+35 1.330000000000000071e+00 1.506450000000000062e+28
4.188000000000000000e+11 7.537999999999999717e+29 2.505999999999999897e+35 1.330000000000000071e+00 1.455129999999999927e+28
3.325000000000000000e+11 5.815999999999999745e+29 1.990000000000000163e+35 1.330000000000000071e+00 1.165809999999999924e+28
2.640000000000000000e+11 4.472999999999999815e+29 1.581000000000000083e+35 1.330000000000000071e+00 9.297799999999999813e+27
2.096000000000000000e+11 3.289999999999999843e+29 1.256000000000000028e+35 1.330000000000000071e+00 6.841069999999999801e+27
1.844000000000000000e+11 2.892000000000000018e+29 1.105000000000000000e+35 1.330000000000000071e+00 6.221810000000000396e+27
1.664000000000000000e+11 2.597000000000000095e+29 9.975999999999999784e+34 1.330000000000000071e+00 3.996079999999999920e+27
1.322000000000000000e+11 2.033000000000000102e+29 7.923999999999999875e+34 1.330000000000000071e+00 3.293160000000000158e+27
1.049000000000000000e+11 1.494999999999999961e+29 6.294000000000000085e+34 1.330000000000000071e+00 2.422460000000000012e+27
8.332000000000000000e+10 1.100000000000000064e+29 4.999999999999999843e+34 1.330000000000000071e+00 1.782300000000000002e+27
6.617000000000000000e+10 8.088999999999999432e+28 3.971999999999999897e+34 1.330000000000000071e+00 1.311289999999999924e+27
5.254000000000000000e+10 5.949000000000000344e+28 3.155000000000000010e+34 1.330000000000000071e+00 9.646129999999999985e+26
4.172000000000000000e+10 4.628000000000000126e+28 2.505999999999999897e+34 1.330000000000000071e+00 7.875200000000000595e+26
3.313000000000000000e+10 3.403999999999999866e+28 1.989999999999999932e+34 1.330000000000000071e+00 5.791050000000000196e+26
2.631000000000000000e+10 2.502999999999999803e+28 1.580999999999999991e+34 1.330000000000000071e+00 4.261170000000000143e+26
2.090000000000000000e+10 1.938000000000000082e+28 1.255999999999999936e+34 1.330000000000000071e+00 3.451690000000000088e+26
1.659000000000000000e+10 1.425000000000000067e+28 9.976000000000000246e+33 1.330000000000000071e+00 2.538950000000000110e+26
1.318000000000000000e+10 1.048000000000000007e+28 7.924000000000000337e+33 1.330000000000000071e+00 1.867689999999999969e+26
1.046000000000000000e+10 7.701999999999999683e+27 6.294000000000000085e+33 1.330000000000000071e+00 1.373879999999999975e+26
8.312000000000000000e+09 5.662000000000000348e+27 4.999999999999999728e+33 1.330000000000000071e+00 1.010819999999999921e+26
6.601000000000000000e+09 4.362000000000000029e+27 3.972000000000000127e+33 1.330000000000000071e+00 8.130089999999999436e+25
4.164000000000000000e+09 2.356000000000000079e+27 2.505999999999999955e+33 1.330000000000000071e+00 4.399369999999999874e+25
2.626000000000000000e+09 1.272000000000000034e+27 1.580999999999999991e+33 1.330000000000000071e+00 2.380450000000000180e+25
1.657000000000000000e+09 6.859999999999999767e+26 9.975999999999999957e+32 1.330000000000000071e+00 1.288319999999999913e+25
1.316000000000000000e+09 5.036000000000000296e+26 7.924000000000000337e+32 1.330000000000000071e+00 9.477099999999999527e+24
1.045000000000000000e+09 4.128999999999999924e+26 6.293999999999999941e+32 1.330000000000000071e+00 6.794269999999999770e+24
8.301000000000000000e+08 3.039000000000000162e+26 4.999999999999999728e+32 1.330000000000000071e+00 4.998809999999999830e+24
5.237000000000000000e+08 1.628999999999999891e+26 3.154999999999999923e+32 1.330000000000000071e+00 2.705450000000000161e+24
3.304000000000000000e+08 8.737999999999999925e+25 1.990000000000000076e+32 1.330000000000000071e+00 1.463449999999999964e+24
2.624000000000000000e+08 6.675999999999999817e+25 1.580999999999999919e+32 1.330000000000000071e+00 1.123400000000000065e+24
1.315000000000000000e+08 2.603999999999999941e+25 7.923999999999999616e+31 1.330000000000000071e+00 4.472499999999999827e+23
6.589000000000000000e+07 1.006000000000000014e+25 3.972000000000000199e+31 1.330000000000000071e+00 1.780890000000000165e+23
3.302000000000000000e+07 3.832999999999999839e+24 1.989999999999999986e+31 1.330000000000000071e+00 7.086450000000000092e+22
1.655000000000000000e+07 1.435000000000000086e+24 9.975999999999999642e+30 1.330000000000000071e+00 2.822060000000000131e+22
8.293000000000000000e+06 5.250000000000000315e+23 4.999999999999999818e+30 1.330000000000000071e+00 1.123529999999999934e+22
6.588000000000000000e+06 3.910999999999999759e+23 3.972000000000000087e+30 1.330000000000000071e+00 8.163429999999999541e+21
2.622000000000000000e+06 9.754999999999999214e+22 1.581000000000000009e+30 1.330000000000000071e+00 2.390210000000000197e+21
1.044000000000000000e+06 2.318000000000000105e+22 6.293999999999999902e+29 1.330000000000000071e+00 6.999960000000000000e+20
4.156000000000000000e+05 5.265999999999999476e+21 2.505999999999999907e+29 1.330000000000000071e+00 2.050380000000000000e+20
1.654000000000000000e+05 1.151000000000000000e+21 9.976000000000000768e+28 1.330000000000000071e+00 6.004390000000000000e+19
6.587000000000000000e+04 2.431000000000000000e+20 3.972000000000000263e+28 1.330000000000000071e+00 1.758760000000000000e+19
2.622000000000000000e+04 4.968000000000000000e+19 1.581000000000000061e+28 1.330000000000000071e+00 5.149550000000000000e+18
1.044000000000000000e+04 9.744000000000000000e+18 6.294999999999999717e+27 1.330000000000000071e+00 1.508420000000000000e+18
