9.880651170400000000e+15 7.971698073599999501e+36 1.996000000000000013e+39 1.000000000000000000e+00 0.000000000000000000e+00
9.831210911800000000e+15 7.927201840899999707e+36 1.990999999999999878e+39 1.000000000000000000e+00 0.000000000000000000e+00
9.781894656900000000e+15 7.882817211499999551e+36 1.986000000000000046e+39 1.000000000000000000e+00 0.000000000000000000e+00
9.732702405700000000e+15 7.838544185400000215e+36 1.980999999999999911e+39 1.000000000000000000e+00 0.000000000000000000e+00
9.683634158100000000e+15 7.794382762600000518e+36 1.976000000000000078e+39 1.000000000000000000e+00 0.000000000000000000e+00
9.634689914200000000e+15 7.750332943100000459e+36 1.970999999999999943e+39 1.000000000000000000e+00 0.000000000000000000e+00
9.585869674000000000e+15 7.706394726900000040e+36 1.966000000000000110e+39 1.000000000000000000e+00 0.000000000000000000e+00
9.537173437400000000e+15 7.662568113899999607e+36 1.960999999999999975e+39 1.000000000000000000e+00 0.000000000000000000e+00
9.488601204400000000e+15 7.618853104299999646e+36 1.956000000000000143e+39 1.000000000000000000e+00 0.000000000000000000e+00
9.440152975200000000e+15 7.575249697899999672e+36 1.951000000000000008e+39 1.000000000000000000e+00 0.000000000000000000e+00
9.391828749500000000e+15 7.531757894900000169e+36 1.945999999999999873e+39 1.000000000000000000e+00 0.000000000000000000e+00
9.343628527600000000e+15 7.488377695099999473e+36 1.941000000000000040e+39 1.000000000000000000e+00 0.000000000000000000e+00
9.295552309300000000e+15 7.445109098700000428e+36 1.935999999999999905e+39 1.000000000000000000e+00 0.000000000000000000e+00
9.247600094600000000e+15 7.401952105500000190e+36 1.931000000000000072e+39 1.000000000000000000e+00 0.000000000000000000e+00
9.199771883700000000e+15 7.358906715599999591e+36 1.925999999999999937e+39 1.000000000000000000e+00 0.000000000000000000e+00
9.152067676300000000e+15 7.315972928999999812e+36 1.921000000000000105e+39 1.000000000000000000e+00 0.000000000000000000e+00
9.104487472700000000e+15 7.273150745699999671e+36 1.915999999999999970e+39 1.000000000000000000e+00 0.000000000000000000e+00
9.057031272600000000e+15 7.230440165700000350e+36 1.911000000000000137e+39 1.000000000000000000e+00 0.000000000000000000e+00
9.009699076300000000e+15 7.187841188999999487e+36 1.906000000000000002e+39 1.000000000000000000e+00 0.000000000000000000e+00
8.962490883600000000e+15 7.145353815499999792e+36 1.900999999999999867e+39 1.000000000000000000e+00 0.000000000000000000e+00
8.915406694600000000e+15 7.102978045400000568e+36 1.896000000000000034e+39 1.000000000000000000e+00 0.000000000000000000e+00
8.868446509200000000e+15 7.060713878599999802e+36 1.890999999999999899e+39 1.000000000000000000e+00 0.000000000000000000e+00
8.821610327500000000e+15 7.018561315000000204e+36 1.886000000000000067e+39 1.000000000000000000e+00 0.000000000000000000e+00
8.774898149400000000e+15 6.976520354799999897e+36 1.880999999999999932e+39 1.000000000000000000e+00 0.000000000000000000e+00
8.728309975000000000e+15 6.934590997799999577e+36 1.876000000000000099e+39 1.000000000000000000e+00 0.000000000000000000e+00
8.681845804200000000e+15 6.892773244100000076e+36 1.870999999999999964e+39 1.000000000000000000e+00 0.000000000000000000e+00
8.635505637200000000e+15 6.851067093700000214e+36 1.866000000000000131e+39 1.000000000000000000e+00 0.000000000000000000e+00
8.589289473700000000e+15 6.809472546699999643e+36 1.860999999999999996e+39 1.000000000000000000e+00 0.000000000000000000e+00
8.543197314000000000e+15 6.767989602900000240e+36 1.855999999999999862e+39 1.000000000000000000e+00 0.000000000000000000e+00
8.497229157800000000e+15 6.726618262400000475e+36 1.851000000000000029e+39 1.000000000000000000e+00 0.000000000000000000e+00
8.451385005400000000e+15 6.685358525200000349e+36 1.845999999999999894e+39 1.000000000000000000e+00 0.000000000000000000e+00
8.405664856600000000e+15 6.644210391200000210e+36 1.841000000000000061e+39 1.000000000000000000e+00 0.000000000000000000e+00
8.360068711500000000e+15 6.603173860600000543e+36 1.835999999999999926e+39 1.000000000000000000e+00 0.000000000000000000e+00
8.314596570000000000e+15 6.562248933300000515e+36 1.831000000000000093e+39 1.000000000000000000e+00 0.000000000000000000e+00
8.269248432200000000e+15 6.521435609200000473e+36 1.825999999999999959e+39 1.000000000000000000e+00 0.000000000000000000e+00
8.224024298000000000e+15 6.480733888499999723e+36 1.821000000000000126e+39 1.000000000000000000e+00 0.000000000000000000e+00
8.178924167500000000e+15 6.440143771000000140e+36 1.815999999999999991e+39 1.000000000000000000e+00 0.000000000000000000e+00
8.133948040600000000e+15 6.399665256899999848e+36 1.810999999999999856e+39 1.000000000000000000e+00 0.000000000000000000e+00
8.089095917500000000e+15 6.359298345999999542e+36 1.806000000000000023e+39 1.000000000000000000e+00 0.000000000000000000e+00
8.044367797900000000e+15 6.319043038400000057e+36 1.800999999999999888e+39 1.000000000000000000e+00 0.000000000000000000e+00
7.999763682100000000e+15 6.278899334100000210e+36 1.796000000000000056e+39 1.000000000000000000e+00 0.000000000000000000e+00
7.955283569800000000e+15 6.238867233199999654e+36 1.790999999999999921e+39 1.000000000000000000e+00 0.000000000000000000e+00
7.910927461300000000e+15 6.198946735500000265e+36 1.786000000000000088e+39 1.000000000000000000e+00 0.000000000000000000e+00
7.866695356400000000e+15 6.159137841100000516e+36 1.780999999999999953e+39 1.000000000000000000e+00 0.000000000000000000e+00
7.822587255200000000e+15 6.119440549899999573e+36 1.776000000000000120e+39 1.000000000000000000e+00 0.000000000000000000e+00
7.778603157600000000e+15 6.079854862100000281e+36 1.770999999999999985e+39 1.000000000000000000e+00 0.000000000000000000e+00
7.734743063600000000e+15 6.040380777599999449e+36 1.765999999999999850e+39 1.000000000000000000e+00 0.000000000000000000e+00
7.691006973400000000e+15 6.001018296299999783e+36 1.761000000000000018e+39 1.000000000000000000e+00 0.000000000000000000e+00
7.647394886800000000e+15 5.961767418400000589e+36 1.755999999999999883e+39 1.000000000000000000e+00 0.000000000000000000e+00
7.603906803800000000e+15 5.922628143700000202e+36 1.751000000000000050e+39 1.000000000000000000e+00 0.000000000000000000e+00
7.560542724500000000e+15 5.883600472400000286e+36 1.745999999999999915e+39 1.000000000000000000e+00 0.000000000000000000e+00
7.517302648900000000e+15 5.844684404300000357e+36 1.741000000000000082e+39 1.000000000000000000e+00 0.000000000000000000e+00
7.474186576900000000e+15 5.805879939500000066e+36 1.735999999999999947e+39 1.000000000000000000e+00 0.000000000000000000e+00
7.431194508600000000e+15 5.767187078100000248e+36 1.731000000000000115e+39 1.000000000000000000e+00 0.000000000000000000e+00
7.388326444000000000e+15 5.728605819900000416e+36 1.725999999999999980e+39 1.000000000000000000e+00 0.000000000000000000e+00
7.345582383000000000e+15 5.690136165000000223e+36 1.721000000000000147e+39 1.000000000000000000e+00 0.000000000000000000e+00
7.302962325600000000e+15 5.651778113399999669e+36 1.716000000000000012e+39 1.000000000000000000e+00 0.000000000000000000e+00
7.260466271900000000e+15 5.613531665099999934e+36 1.710999999999999877e+39 1.000000000000000000e+00 0.000000000000000000e+00
7.218094221900000000e+15 5.575396820000000187e+36 1.706000000000000044e+39 1.000000000000000000e+00 0.000000000000000000e+00
7.175846175600000000e+15 5.537373578299999730e+36 1.700999999999999909e+39 1.000000000000000000e+00 0.000000000000000000e+00
7.133722132900000000e+15 5.499461939900000093e+36 1.696000000000000077e+39 1.000000000000000000e+00 0.000000000000000000e+00
7.091722093800000000e+15 5.461661904700000443e+36 1.690999999999999942e+39 1.000000000000000000e+00 0.000000000000000000e+00
7.049846058400000000e+15 5.423973472900000083e+36 1.686000000000000109e+39 1.000000000000000000e+00 0.000000000000000000e+00
7.008094026700000000e+15 5.386396644299999711e+36 1.680999999999999974e+39 1.000000000000000000e+00 0.000000000000000000e+00
6.966465998600000000e+15 5.348931419000000158e+36 1.676000000000000141e+39 1.000000000000000000e+00 0.000000000000000000e+00
6.924961974200000000e+15 5.311577797099999896e+36 1.671000000000000006e+39 1.000000000000000000e+00 0.000000000000000000e+00
6.883581953400000000e+15 5.274335778400000211e+36 1.665999999999999871e+39 1.000000000000000000e+00 0.000000000000000000e+00
6.842325936300000000e+15 5.237205363000000165e+36 1.661000000000000039e+39 1.000000000000000000e+00 0.000000000000000000e+00
6.801193922900000000e+15 5.200186550899999757e+36 1.655999999999999904e+39 1.000000000000000000e+00 0.000000000000000000e+00
6.760185913100000000e+15 5.163279342100000170e+36 1.651000000000000071e+39 1.000000000000000000e+00 0.000000000000000000e+00
6.719301907000000000e+15 5.126483736600000221e+36 1.645999999999999936e+39 1.000000000000000000e+00 0.000000000000000000e+00
6.678541904500000000e+15 5.089799734399999911e+36 1.641000000000000103e+39 1.000000000000000000e+00 0.000000000000000000e+00
6.637905905700000000e+15 5.053227335400000179e+36 1.635999999999999968e+39 1.000000000000000000e+00 0.000000000000000000e+00
6.597393910600000000e+15 5.016766539799999737e+36 1.631000000000000136e+39 1.000000000000000000e+00 0.000000000000000000e+00
6.557005919100000000e+15 4.980417347500000115e+36 1.626000000000000001e+39 1.000000000000000000e+00 0.000000000000000000e+00
6.516741931200000000e+15 4.944179758399999889e+36 1.620999999999999866e+39 1.000000000000000000e+00 0.000000000000000000e+00
6.476601947100000000e+15 4.908053772700000135e+36 1.616000000000000033e+39 1.000000000000000000e+00 0.000000000000000000e+00
6.436585966500000000e+15 4.872039390199999778e+36 1.610999999999999898e+39 1.000000000000000000e+00 0.000000000000000000e+00
6.396693989700000000e+15 4.836136611000000240e+36 1.606000000000000065e+39 1.000000000000000000e+00 0.000000000000000000e+00
6.356926016500000000e+15 4.800345435099999750e+36 1.600999999999999931e+39 1.000000000000000000e+00 0.000000000000000000e+00
6.317282046900000000e+15 4.764665862599999732e+36 1.596000000000000098e+39 1.000000000000000000e+00 0.000000000000000000e+00
6.277762081100000000e+15 4.729097893300000292e+36 1.590999999999999963e+39 1.000000000000000000e+00 0.000000000000000000e+00
6.238366118800000000e+15 4.693641527299999900e+36 1.586000000000000130e+39 1.000000000000000000e+00 0.000000000000000000e+00
6.199094160300000000e+15 4.658296764500000085e+36 1.580999999999999995e+39 1.000000000000000000e+00 0.000000000000000000e+00
6.159946205400000000e+15 4.623063605100000151e+36 1.575999999999999860e+39 1.000000000000000000e+00 0.000000000000000000e+00
6.120922254100000000e+15 4.587942048999999856e+36 1.571000000000000028e+39 1.000000000000000000e+00 0.000000000000000000e+00
6.082022306500000000e+15 4.552932096199999791e+36 1.565999999999999893e+39 1.000000000000000000e+00 0.000000000000000000e+00
6.043246362600000000e+15 4.518033746599999712e+36 1.561000000000000060e+39 1.000000000000000000e+00 0.000000000000000000e+00
6.004594422300000000e+15 4.483247000400000105e+36 1.555999999999999925e+39 1.000000000000000000e+00 0.000000000000000000e+00
5.966066485700000000e+15 4.448571857399999894e+36 1.551000000000000092e+39 1.000000000000000000e+00 0.000000000000000000e+00
5.927662552700000000e+15 4.414008317800000155e+36 1.545999999999999957e+39 1.000000000000000000e+00 0.000000000000000000e+00
5.889382623400000000e+15 4.379556381399999813e+36 1.541000000000000125e+39 1.000000000000000000e+00 0.000000000000000000e+00
5.851226697800000000e+15 4.345216048300000290e+36 1.535999999999999990e+39 1.000000000000000000e+00 0.000000000000000000e+00
5.813194775800000000e+15 4.310987318499999815e+36 1.530999999999999855e+39 1.000000000000000000e+00 0.000000000000000000e+00
5.775286857500000000e+15 4.276870192000000161e+36 1.526000000000000022e+39 1.000000000000000000e+00 0.000000000000000000e+00
5.737502942800000000e+15 4.242864668800000145e+36 1.520999999999999887e+39 1.000000000000000000e+00 0.000000000000000000e+00
5.699843031800000000e+15 4.208970748899999768e+36 1.516000000000000054e+39 1.000000000000000000e+00 0.000000000000000000e+00
5.662307124400000000e+15 4.175188432300000210e+36 1.510999999999999919e+39 1.000000000000000000e+00 0.000000000000000000e+00
5.624895220800000000e+15 4.141517719000000291e+36 1.506000000000000087e+39 1.000000000000000000e+00 0.000000000000000000e+00
5.587607320700000000e+15 4.107958608899999769e+36 1.500999999999999952e+39 1.000000000000000000e+00 0.000000000000000000e+00
5.550443424300000000e+15 4.074511102199999719e+36 1.496000000000000119e+39 1.000000000000000000e+00 0.000000000000000000e+00
5.513403531600000000e+15 4.041175198799999897e+36 1.490999999999999984e+39 1.000000000000000000e+00 0.000000000000000000e+00
5.476487642600000000e+15 4.007950898600000063e+36 1.485999999999999849e+39 1.000000000000000000e+00 0.000000000000000000e+00
5.439695757200000000e+15 3.974838201699999867e+36 1.481000000000000016e+39 1.000000000000000000e+00 0.000000000000000000e+00
5.403027875400000000e+15 3.941837108200000143e+36 1.475999999999999881e+39 1.000000000000000000e+00 0.000000000000000000e+00
5.366483997300000000e+15 3.908947617899999816e+36 1.471000000000000049e+39 1.000000000000000000e+00 0.000000000000000000e+00
5.330064122900000000e+15 3.876169730899999718e+36 1.465999999999999914e+39 1.000000000000000000e+00 0.000000000000000000e+00
5.293768252100000000e+15 3.843503447199999849e+36 1.461000000000000081e+39 1.000000000000000000e+00 0.000000000000000000e+00
5.257596385000000000e+15 3.810948766800000209e+36 1.455999999999999946e+39 1.000000000000000000e+00 0.000000000000000000e+00
5.221548521600000000e+15 3.778505689700000208e+36 1.451000000000000113e+39 1.000000000000000000e+00 0.000000000000000000e+00
5.185624661800000000e+15 3.746174215899999846e+36 1.445999999999999978e+39 1.000000000000000000e+00 0.000000000000000000e+00
5.149824805600000000e+15 3.713954345399999713e+36 1.441000000000000146e+39 1.000000000000000000e+00 0.000000000000000000e+00
5.114148953200000000e+15 3.681846078100000157e+36 1.436000000000000011e+39 1.000000000000000000e+00 0.000000000000000000e+00
5.078597104300000000e+15 3.649849414199999893e+36 1.430999999999999876e+39 1.000000000000000000e+00 0.000000000000000000e+00
5.043169259200000000e+15 3.617964353599999857e+36 1.426000000000000043e+39 1.000000000000000000e+00 0.000000000000000000e+00
5.007865417700000000e+15 3.586190896199999808e+36 1.420999999999999908e+39 1.000000000000000000e+00 0.000000000000000000e+00
4.972685579800000000e+15 3.554529042200000231e+36 1.416000000000000075e+39 1.000000000000000000e+00 0.000000000000000000e+00
4.937629745600000000e+15 3.522978791400000051e+36 1.410999999999999940e+39 1.000000000000000000e+00 0.000000000000000000e+00
4.902697915100000000e+15 3.491540143900000099e+36 1.406000000000000108e+39 1.000000000000000000e+00 0.000000000000000000e+00
4.867890088300000000e+15 3.460213099699999787e+36 1.400999999999999973e+39 1.000000000000000000e+00 0.000000000000000000e+00
4.833206265000000000e+15 3.428997658800000294e+36 1.396000000000000140e+39 1.000000000000000000e+00 0.000000000000000000e+00
4.798646445500000000e+15 3.397893821199999850e+36 1.391000000000000005e+39 1.000000000000000000e+00 0.000000000000000000e+00
4.764210629600000000e+15 3.366901586900000225e+36 1.385999999999999870e+39 1.000000000000000000e+00 0.000000000000000000e+00
4.729898817400000000e+15 3.336020955900000239e+36 1.381000000000000037e+39 1.000000000000000000e+00 0.000000000000000000e+00
4.695711008800000000e+15 3.305251928199999892e+36 1.375999999999999903e+39 1.000000000000000000e+00 0.000000000000000000e+00
4.661647203900000000e+15 3.274594503799999774e+36 1.371000000000000070e+39 1.000000000000000000e+00 0.000000000000000000e+00
4.627707402600000000e+15 3.244048682600000234e+36 1.365999999999999935e+39 1.000000000000000000e+00 0.000000000000000000e+00
4.593891605000000000e+15 3.213614464799999984e+36 1.360999999999999951e+39 1.000000000000000000e+00 0.000000000000000000e+00
4.560199811000000000e+15 3.183291850199999721e+36 1.355999999999999967e+39 1.000000000000000000e+00 0.000000000000000000e+00
4.526632020800000000e+15 3.153080838999999930e+36 1.350999999999999983e+39 1.000000000000000000e+00 0.000000000000000000e+00
4.493188234100000000e+15 3.122981431000000125e+36 1.346000000000000000e+39 1.000000000000000000e+00 0.000000000000000000e+00
4.459868451200000000e+15 3.092993626299999960e+36 1.341000000000000016e+39 1.000000000000000000e+00 0.000000000000000000e+00
4.426672671800000000e+15 3.063117425000000266e+36 1.336000000000000032e+39 1.000000000000000000e+00 0.000000000000000000e+00
4.393600896200000000e+15 3.033352826899999968e+36 1.331000000000000048e+39 1.000000000000000000e+00 0.000000000000000000e+00
4.360653124200000000e+15 3.003699832099999900e+36 1.326000000000000064e+39 1.000000000000000000e+00 0.000000000000000000e+00
4.327829355800000000e+15 2.974158440600000061e+36 1.320999999999999929e+39 1.000000000000000000e+00 0.000000000000000000e+00
4.295129591200000000e+15 2.944728652399999861e+36 1.315999999999999945e+39 1.000000000000000000e+00 0.000000000000000000e+00
4.262553830100000000e+15 2.915410467400000238e+36 1.310999999999999962e+39 1.000000000000000000e+00 0.000000000000000000e+00
4.230102072800000000e+15 2.886203885799999906e+36 1.305999999999999978e+39 1.000000000000000000e+00 0.000000000000000000e+00
4.197774319100000000e+15 2.857108907499999804e+36 1.300999999999999994e+39 1.000000000000000000e+00 0.000000000000000000e+00
4.165570569000000000e+15 2.828125532400000278e+36 1.296000000000000010e+39 1.000000000000000000e+00 0.000000000000000000e+00
4.133490822600000000e+15 2.799253760700000043e+36 1.291000000000000026e+39 1.000000000000000000e+00 0.000000000000000000e+00
4.101535079900000000e+15 2.770493592199999795e+36 1.286000000000000042e+39 1.000000000000000000e+00 0.000000000000000000e+00
4.069703340800000000e+15 2.741845027100000019e+36 1.281000000000000059e+39 1.000000000000000000e+00 0.000000000000000000e+00
4.037995605400000000e+15 2.713308065200000230e+36 1.276000000000000075e+39 1.000000000000000000e+00 0.000000000000000000e+00
4.006411873700000000e+15 2.684882706600000079e+36 1.270999999999999940e+39 1.000000000000000000e+00 0.000000000000000000e+00
3.974952145600000000e+15 2.656568951299999863e+36 1.265999999999999956e+39 1.000000000000000000e+00 0.000000000000000000e+00
3.943616421100000000e+15 2.628366799299999876e+36 1.260999999999999972e+39 1.000000000000000000e+00 0.000000000000000000e+00
3.912404700400000000e+15 2.600276250600000118e+36 1.255999999999999988e+39 1.000000000000000000e+00 0.000000000000000000e+00
3.881316983200000000e+15 2.572297305199999998e+36 1.251000000000000005e+39 1.000000000000000000e+00 0.000000000000000000e+00
3.850353269800000000e+15 2.544429963100000109e+36 1.246000000000000021e+39 1.000000000000000000e+00 0.000000000000000000e+00
3.819513560000000000e+15 2.516674224299999858e+36 1.241000000000000037e+39 1.000000000000000000e+00 0.000000000000000000e+00
3.788797853800000000e+15 2.489030088699999889e+36 1.236000000000000053e+39 1.000000000000000000e+00 0.000000000000000000e+00
3.758206151300000000e+15 2.461497556500000096e+36 1.231000000000000069e+39 1.000000000000000000e+00 0.000000000000000000e+00
3.727738452500000000e+15 2.434076627499999995e+36 1.225999999999999934e+39 1.000000000000000000e+00 0.000000000000000000e+00
3.697394757300000000e+15 2.406767301900000071e+36 1.220999999999999950e+39 1.000000000000000000e+00 0.000000000000000000e+00
3.667175065800000000e+15 2.379569579500000133e+36 1.215999999999999967e+39 1.000000000000000000e+00 0.000000000000000000e+00
3.637079377900000000e+15 2.352483460500000077e+36 1.210999999999999983e+39 1.000000000000000000e+00 0.000000000000000000e+00
3.607107693700000000e+15 2.325508944700000007e+36 1.205999999999999999e+39 1.000000000000000000e+00 0.000000000000000000e+00
3.577260013200000000e+15 2.298646032199999872e+36 1.201000000000000015e+39 1.000000000000000000e+00 0.000000000000000000e+00
3.547536336300000000e+15 2.271894722999999965e+36 1.196000000000000031e+39 1.000000000000000000e+00 0.000000000000000000e+00
3.517936663100000000e+15 2.245255017099999993e+36 1.191000000000000047e+39 1.000000000000000000e+00 0.000000000000000000e+00
3.488460993500000000e+15 2.218726914499999955e+36 1.186000000000000064e+39 1.000000000000000000e+00 0.000000000000000000e+00
3.459109327600000000e+15 2.192310415200000146e+36 1.180999999999999929e+39 1.000000000000000000e+00 0.000000000000000000e+00
3.429881665400000000e+15 2.166005519100000029e+36 1.175999999999999945e+39 1.000000000000000000e+00 0.000000000000000000e+00
3.400778006800000000e+15 2.139812226400000088e+36 1.170999999999999961e+39 1.000000000000000000e+00 0.000000000000000000e+00
3.371798351900000000e+15 2.113730537000000081e+36 1.165999999999999977e+39 1.000000000000000000e+00 0.000000000000000000e+00
3.342942700600000000e+15 2.087760450800000061e+36 1.160999999999999993e+39 1.000000000000000000e+00 0.000000000000000000e+00
3.314211053000000000e+15 2.061901967999999923e+36 1.156000000000000009e+39 1.000000000000000000e+00 0.000000000000000000e+00
3.285603409000000000e+15 2.036155088400000066e+36 1.151000000000000026e+39 1.000000000000000000e+00 0.000000000000000000e+00
3.257119768700000000e+15 2.010519812100000143e+36 1.146000000000000042e+39 1.000000000000000000e+00 0.000000000000000000e+00
3.228760132100000000e+15 1.984996139200000102e+36 1.141000000000000058e+39 1.000000000000000000e+00 0.000000000000000000e+00
3.200524499100000000e+15 1.959584069500000047e+36 1.136000000000000074e+39 1.000000000000000000e+00 0.000000000000000000e+00
3.172412869800000000e+15 1.934283603099999927e+36 1.130999999999999939e+39 1.000000000000000000e+00 0.000000000000000000e+00
3.144425244100000000e+15 1.909094740000000036e+36 1.125999999999999955e+39 1.000000000000000000e+00 0.000000000000000000e+00
3.116561622100000000e+15 1.884017480200000079e+36 1.120999999999999972e+39 1.000000000000000000e+00 0.000000000000000000e+00
3.088822003700000000e+15 1.859051823700000055e+36 1.115999999999999988e+39 1.000000000000000000e+00 0.000000000000000000e+00
3.061206389000000000e+15 1.834197770400000019e+36 1.111000000000000004e+39 1.000000000000000000e+00 0.000000000000000000e+00
3.033714778000000000e+15 1.809455320499999864e+36 1.106000000000000020e+39 1.000000000000000000e+00 0.000000000000000000e+00
3.006347170600000000e+15 1.784824473899999938e+36 1.101000000000000036e+39 1.000000000000000000e+00 0.000000000000000000e+00
2.979103566900000000e+15 1.760305230499999999e+36 1.096000000000000052e+39 1.000000000000000000e+00 0.000000000000000000e+00
2.951983966900000000e+15 1.735897590499999942e+36 1.091000000000000069e+39 1.000000000000000000e+00 0.000000000000000000e+00
2.924988370500000000e+15 1.711601553699999871e+36 1.085999999999999934e+39 1.000000000000000000e+00 0.000000000000000000e+00
2.898116777700000000e+15 1.687417120200000029e+36 1.080999999999999950e+39 1.000000000000000000e+00 0.000000000000000000e+00
2.871369188600000000e+15 1.663344290100000069e+36 1.075999999999999966e+39 1.000000000000000000e+00 0.000000000000000000e+00
2.844745603200000000e+15 1.639383063200000095e+36 1.070999999999999982e+39 1.000000000000000000e+00 0.000000000000000000e+00
2.818246021400000000e+15 1.615533439600000056e+36 1.065999999999999998e+39 1.000000000000000000e+00 0.000000000000000000e+00
2.791870443300000000e+15 1.591795419299999950e+36 1.061000000000000014e+39 1.000000000000000000e+00 0.000000000000000000e+00
2.765618868900000000e+15 1.568169002300000074e+36 1.056000000000000031e+39 1.000000000000000000e+00 0.000000000000000000e+00
2.739491298100000000e+15 1.544654188600000132e+36 1.051000000000000047e+39 1.000000000000000000e+00 0.000000000000000000e+00
2.713487730900000000e+15 1.521250978200000124e+36 1.046000000000000063e+39 1.000000000000000000e+00 0.000000000000000000e+00
2.687608167500000000e+15 1.497959371000000103e+36 1.040999999999999928e+39 1.000000000000000000e+00 0.000000000000000000e+00
2.661852607700000000e+15 1.474779367199999963e+36 1.035999999999999944e+39 1.000000000000000000e+00 0.000000000000000000e+00
2.636221051500000000e+15 1.451710966600000105e+36 1.030999999999999960e+39 1.000000000000000000e+00 0.000000000000000000e+00
2.610713499000000000e+15 1.428754169400000128e+36 1.025999999999999977e+39 1.000000000000000000e+00 0.000000000000000000e+00
2.585329950200000000e+15 1.405908975400000138e+36 1.020999999999999993e+39 1.000000000000000000e+00 0.000000000000000000e+00
2.560070405000000000e+15 1.383175384800000030e+36 1.016000000000000009e+39 1.000000000000000000e+00 0.000000000000000000e+00
2.534934863400000000e+15 1.360553397399999908e+36 1.011000000000000025e+39 1.000000000000000000e+00 0.000000000000000000e+00
2.509923325600000000e+15 1.338043013300000015e+36 1.006000000000000041e+39 1.000000000000000000e+00 0.000000000000000000e+00
2.485035791400000000e+15 1.315644232500000057e+36 1.001000000000000057e+39 1.000000000000000000e+00 0.000000000000000000e+00
2.460272260800000000e+15 1.293357055000000032e+36 9.960000000000000735e+38 1.000000000000000000e+00 0.000000000000000000e+00
2.435632733900000000e+15 1.271181480799999942e+36 9.909999999999999386e+38 1.000000000000000000e+00 0.000000000000000000e+00
2.411117210700000000e+15 1.249117509899999933e+36 9.859999999999999548e+38 1.000000000000000000e+00 0.000000000000000000e+00
2.386725691100000000e+15 1.227165142300000006e+36 9.809999999999999709e+38 1.000000000000000000e+00 0.000000000000000000e+00
2.362458175200000000e+15 1.205324378000000013e+36 9.759999999999999871e+38 1.000000000000000000e+00 0.000000000000000000e+00
2.338314662900000000e+15 1.183595216900000007e+36 9.710000000000000033e+38 1.000000000000000000e+00 0.000000000000000000e+00
2.314295154300000000e+15 1.161977659200000029e+36 9.660000000000000194e+38 1.000000000000000000e+00 0.000000000000000000e+00
2.290399649400000000e+15 1.140471704700000039e+36 9.610000000000000356e+38 1.000000000000000000e+00 0.000000000000000000e+00
2.266628148100000000e+15 1.119077353599999930e+36 9.560000000000000518e+38 1.000000000000000000e+00 0.000000000000000000e+00
2.242980650500000000e+15 1.097794605699999955e+36 9.510000000000000679e+38 1.000000000000000000e+00 0.000000000000000000e+00
2.219457156500000000e+15 1.076623461100000062e+36 9.459999999999999330e+38 1.000000000000000000e+00 0.000000000000000000e+00
2.196057666200000000e+15 1.055563919900000050e+36 9.409999999999999492e+38 1.000000000000000000e+00 0.000000000000000000e+00
2.172782179500000000e+15 1.034615981900000024e+36 9.359999999999999653e+38 1.000000000000000000e+00 0.000000000000000000e+00
2.149630696500000000e+15 1.013779647199999933e+36 9.309999999999999815e+38 1.000000000000000000e+00 0.000000000000000000e+00
2.126603217200000000e+15 9.930549157799999640e+35 9.259999999999999977e+38 1.000000000000000000e+00 0.000000000000000000e+00
2.103699741500000000e+15 9.724417876599999288e+35 9.210000000000000138e+38 1.000000000000000000e+00 0.000000000000000000e+00
2.080920269500000000e+15 9.519402628500000288e+35 9.160000000000000300e+38 1.000000000000000000e+00 0.000000000000000000e+00
2.058264801100000000e+15 9.315503413199999555e+35 9.110000000000000462e+38 1.000000000000000000e+00 0.000000000000000000e+00
2.035733336400000000e+15 9.112720230899999638e+35 9.060000000000000623e+38 1.000000000000000000e+00 0.000000000000000000e+00
2.013325875400000000e+15 8.911053081499999999e+35 9.009999999999999274e+38 1.000000000000000000e+00 0.000000000000000000e+00
1.991042418000000000e+15 8.710501965000000640e+35 8.959999999999999436e+38 1.000000000000000000e+00 0.000000000000000000e+00
1.968882964300000000e+15 8.511066881400000083e+35 8.909999999999999597e+38 1.000000000000000000e+00 0.000000000000000000e+00
1.946847514200000000e+15 8.312747830800000343e+35 8.859999999999999759e+38 1.000000000000000000e+00 0.000000000000000000e+00
1.924936067800000000e+15 8.115544813099999406e+35 8.809999999999999921e+38 1.000000000000000000e+00 0.000000000000000000e+00
1.903148625000000000e+15 7.919457828300000223e+35 8.760000000000000082e+38 1.000000000000000000e+00 0.000000000000000000e+00
1.881485185900000000e+15 7.724486876399999843e+35 8.710000000000000244e+38 1.000000000000000000e+00 0.000000000000000000e+00
1.859945750500000000e+15 7.530631957500000280e+35 8.660000000000000406e+38 1.000000000000000000e+00 0.000000000000000000e+00
1.838530318700000000e+15 7.337893071499999520e+35 8.610000000000000567e+38 1.000000000000000000e+00 0.000000000000000000e+00
1.817238890600000000e+15 7.146270218400000514e+35 8.560000000000000729e+38 1.000000000000000000e+00 0.000000000000000000e+00
1.796071466100000000e+15 6.955763398200000312e+35 8.509999999999999380e+38 1.000000000000000000e+00 0.000000000000000000e+00
1.775028045300000000e+15 6.766372610999999450e+35 8.459999999999999541e+38 3.352941176499999898e+00 0.000000000000000000e+00
1.760137868700000000e+15 6.633217043300000061e+35 8.409999999999999703e+38 3.352941176499999898e+00 0.000000000000000000e+00
1.745335040800000000e+15 6.501911212000000012e+35 8.359999999999999865e+38 3.352941176499999898e+00 0.000000000000000000e+00
1.730618859700000000e+15 6.372440254100000089e+35 8.310000000000000026e+38 3.352941176499999898e+00 0.000000000000000000e+00
1.715988625000000000e+15 6.244789338099999939e+35 8.260000000000000188e+38 3.352941176499999898e+00 0.000000000000000000e+00
1.701443637800000000e+15 6.118943663700000151e+35 8.210000000000000350e+38 3.352941176499999898e+00 0.000000000000000000e+00
1.686983200700000000e+15 5.994888462299999774e+35 8.160000000000000511e+38 3.352941176499999898e+00 0.000000000000000000e+00
1.672606617800000000e+15 5.872608997200000345e+35 8.110000000000000673e+38 3.352941176499999898e+00 0.000000000000000000e+00
1.658313194800000000e+15 5.752090563200000052e+35 8.059999999999999324e+38 3.352941176499999898e+00 0.000000000000000000e+00
1.644102238600000000e+15 5.633318487400000243e+35 8.009999999999999485e+38 3.352941176499999898e+00 0.000000000000000000e+00
1.629973058000000000e+15 5.516278128800000328e+35 7.959999999999999647e+38 3.352941176499999898e+00 0.000000000000000000e+00
1.615924963100000000e+15 5.400954878500000329e+35 7.909999999999999809e+38 3.352941176499999898e+00 0.000000000000000000e+00
1.601957265500000000e+15 5.287334160299999677e+35 7.859999999999999970e+38 3.352941176499999898e+00 0.000000000000000000e+00
1.588069278400000000e+15 5.175401430099999890e+35 7.810000000000000132e+38 3.352941176499999898e+00 0.000000000000000000e+00
1.574260316700000000e+15 5.065142176799999820e+35 7.760000000000000294e+38 3.352941176499999898e+00 0.000000000000000000e+00
1.560529696500000000e+15 4.956541921699999804e+35 7.710000000000000455e+38 3.352941176499999898e+00 0.000000000000000000e+00
1.546876735800000000e+15 4.849586219200000263e+35 7.660000000000000617e+38 3.352941176499999898e+00 0.000000000000000000e+00
1.533300753900000000e+15 4.744260656599999889e+35 7.609999999999999268e+38 3.352941176499999898e+00 0.000000000000000000e+00
1.519801071700000000e+15 4.640550854599999809e+35 7.559999999999999429e+38 3.352941176499999898e+00 0.000000000000000000e+00
1.506377012000000000e+15 4.538442466899999956e+35 7.509999999999999591e+38 3.352941176499999898e+00 0.000000000000000000e+00
1.493027898700000000e+15 4.437921180800000084e+35 7.459999999999999753e+38 3.352941176499999898e+00 0.000000000000000000e+00
1.479753057600000000e+15 4.338972717300000305e+35 7.409999999999999914e+38 3.352941176499999898e+00 0.000000000000000000e+00
1.466551815900000000e+15 4.241582830900000013e+35 7.360000000000000076e+38 3.352941176499999898e+00 0.000000000000000000e+00
1.453423502600000000e+15 4.145737310099999831e+35 7.310000000000000238e+38 3.352941176499999898e+00 0.000000000000000000e+00
1.440367448300000000e+15 4.051421977599999740e+35 7.260000000000000399e+38 3.352941176499999898e+00 0.000000000000000000e+00
1.427382984900000000e+15 3.958622689999999679e+35 7.210000000000000561e+38 3.352941176499999898e+00 0.000000000000000000e+00
1.414469446300000000e+15 3.867325338300000012e+35 7.160000000000000723e+38 3.352941176499999898e+00 0.000000000000000000e+00
1.401626167800000000e+15 3.777515848200000199e+35 7.109999999999999373e+38 3.352941176499999898e+00 0.000000000000000000e+00
1.388852486400000000e+15 3.689180179899999928e+35 7.059999999999999535e+38 3.352941176499999898e+00 0.000000000000000000e+00
1.376147740900000000e+15 3.602304328300000192e+35 7.009999999999999697e+38 3.352941176499999898e+00 0.000000000000000000e+00
1.363511271400000000e+15 3.516874323500000074e+35 6.959999999999999858e+38 3.352941176499999898e+00 0.000000000000000000e+00
1.350942420000000000e+15 3.432876230399999760e+35 6.910000000000000020e+38 3.352941176499999898e+00 0.000000000000000000e+00
1.338440530300000000e+15 3.350296149600000215e+35 6.860000000000000182e+38 3.352941176499999898e+00 0.000000000000000000e+00
1.326004947600000000e+15 3.269120216799999954e+35 6.810000000000000343e+38 3.352941176499999898e+00 0.000000000000000000e+00
1.313635018800000000e+15 3.189334603499999914e+35 6.759999999999999750e+38 3.352941176499999898e+00 0.000000000000000000e+00
1.301330092700000000e+15 3.110925517000000132e+35 6.709999999999999911e+38 3.352941176499999898e+00 0.000000000000000000e+00
1.289089519700000000e+15 3.033879200400000117e+35 6.660000000000000073e+38 3.352941176499999898e+00 0.000000000000000000e+00
1.276912651700000000e+15 2.958181932999999888e+35 6.610000000000000235e+38 3.352941176499999898e+00 0.000000000000000000e+00
1.264798842600000000e+15 2.883820030600000115e+35 6.559999999999999641e+38 3.352941176499999898e+00 0.000000000000000000e+00
1.252747448000000000e+15 2.810779845200000136e+35 6.509999999999999802e+38 3.352941176499999898e+00 0.000000000000000000e+00
1.240757825000000000e+15 2.739047765699999875e+35 6.459999999999999964e+38 3.352941176499999898e+00 0.000000000000000000e+00
1.228829332600000000e+15 2.668610217600000073e+35 6.410000000000000126e+38 3.352941176499999898e+00 0.000000000000000000e+00
1.216961331700000000e+15 2.599453663799999951e+35 6.360000000000000288e+38 3.352941176499999898e+00 0.000000000000000000e+00
1.205153184600000000e+15 2.531564603900000082e+35 6.309999999999999694e+38 3.352941176499999898e+00 0.000000000000000000e+00
1.193404255700000000e+15 2.464929575500000162e+35 6.259999999999999855e+38 3.352941176499999898e+00 0.000000000000000000e+00
1.181713911000000000e+15 2.399535153199999901e+35 6.210000000000000017e+38 3.352941176499999898e+00 0.000000000000000000e+00
1.170081518300000000e+15 2.335367949900000113e+35 6.160000000000000179e+38 3.352941176499999898e+00 0.000000000000000000e+00
1.158506447200000000e+15 2.272414616300000022e+35 6.110000000000000340e+38 3.352941176499999898e+00 0.000000000000000000e+00
1.146988069100000000e+15 2.210661841099999820e+35 6.059999999999999746e+38 3.352941176499999898e+00 0.000000000000000000e+00
1.135525757300000000e+15 2.150096351699999996e+35 6.009999999999999908e+38 3.352941176499999898e+00 0.000000000000000000e+00
1.124118886900000000e+15 2.090704913900000095e+35 5.960000000000000070e+38 3.352941176499999898e+00 0.000000000000000000e+00
1.112766834600000000e+15 2.032474332300000133e+35 5.910000000000000232e+38 3.352941176499999898e+00 0.000000000000000000e+00
1.101468979300000000e+15 1.975391450700000158e+35 5.859999999999999638e+38 3.352941176499999898e+00 0.000000000000000000e+00
1.090224701500000000e+15 1.919443151899999919e+35 5.809999999999999799e+38 3.352941176499999898e+00 0.000000000000000000e+00
1.079033383700000000e+15 1.864616358299999873e+35 5.759999999999999961e+38 3.352941176499999898e+00 0.000000000000000000e+00
1.067894410200000000e+15 1.810898031900000082e+35 5.710000000000000123e+38 3.352941176499999898e+00 0.000000000000000000e+00
1.056807167100000000e+15 1.758275174500000178e+35 5.660000000000000284e+38 3.352941176499999898e+00 0.000000000000000000e+00
1.045771042600000000e+15 1.706734828199999837e+35 5.609999999999999690e+38 3.352941176499999898e+00 0.000000000000000000e+00
1.034785426700000000e+15 1.656264075300000089e+35 5.559999999999999852e+38 3.352941176499999898e+00 0.000000000000000000e+00
1.023849711300000000e+15 1.606850038699999931e+35 5.510000000000000014e+38 3.352941176499999898e+00 0.000000000000000000e+00
1.012963290300000000e+15 1.558479882199999971e+35 5.460000000000000176e+38 3.352941176499999898e+00 0.000000000000000000e+00
1.002125559300000000e+15 1.511140810400000044e+35 5.410000000000000337e+38 3.352941176499999898e+00 0.000000000000000000e+00
9.913359161900000000e+14 1.464820069400000023e+35 5.359999999999999743e+38 3.352941176499999898e+00 0.000000000000000000e+00
9.805937606100000000e+14 1.419504946899999988e+35 5.309999999999999905e+38 3.352941176499999898e+00 0.000000000000000000e+00
9.698984942400000000e+14 1.375182772200000044e+35 5.260000000000000067e+38 3.352941176499999898e+00 0.000000000000000000e+00
9.592495207200000000e+14 1.331840916600000069e+35 5.210000000000000228e+38 3.352941176499999898e+00 0.000000000000000000e+00
9.486462456900000000e+14 1.289466793999999987e+35 5.159999999999999634e+38 3.352941176499999898e+00 0.000000000000000000e+00
9.380880768200000000e+14 1.248047860500000022e+35 5.109999999999999796e+38 3.352941176499999898e+00 0.000000000000000000e+00
9.275744237900000000e+14 1.207571615399999979e+35 5.059999999999999958e+38 3.352941176499999898e+00 0.000000000000000000e+00
9.171046983100000000e+14 1.168025600700000066e+35 5.010000000000000120e+38 3.352941176499999898e+00 0.000000000000000000e+00
9.066783141400000000e+14 1.129397402000000009e+35 4.960000000000000281e+38 3.352941176499999898e+00 0.000000000000000000e+00
8.962946871100000000e+14 1.091674648599999962e+35 4.909999999999999687e+38 3.352941176499999898e+00 0.000000000000000000e+00
8.859532351100000000e+14 1.054845013599999935e+35 4.859999999999999849e+38 3.352941176499999898e+00 0.000000000000000000e+00
8.756533781400000000e+14 1.018896214500000070e+35 4.810000000000000011e+38 3.352941176499999898e+00 0.000000000000000000e+00
8.653945382800000000e+14 9.838160129799999732e+34 4.760000000000000172e+38 3.352941176499999898e+00 0.000000000000000000e+00
8.551761397400000000e+14 9.495922159299999711e+34 4.710000000000000334e+38 3.352941176499999898e+00 0.000000000000000000e+00
8.449976088600000000e+14 9.162126751400000735e+34 4.659999999999999740e+38 3.352941176499999898e+00 0.000000000000000000e+00
8.348583741200000000e+14 8.836652879000000606e+34 4.609999999999999902e+38 3.352941176499999898e+00 0.000000000000000000e+00
8.247578661600000000e+14 8.519379972099999859e+34 4.560000000000000064e+38 3.352941176499999898e+00 0.000000000000000000e+00
8.146955178000000000e+14 8.210187921800000194e+34 4.510000000000000225e+38 3.352941176499999898e+00 0.000000000000000000e+00
8.046707640500000000e+14 7.908957082699999671e+34 4.459999999999999631e+38 3.352941176499999898e+00 0.000000000000000000e+00
7.946830421200000000e+14 7.615568277000000175e+34 4.409999999999999793e+38 3.352941176499999898e+00 0.000000000000000000e+00
7.847317914600000000e+14 7.329902797399999759e+34 4.359999999999999955e+38 3.352941176499999898e+00 0.000000000000000000e+00
7.748107587600000000e+14 7.066277133199999824e+34 4.310000000000000116e+38 2.470588235300000157e+00 0.000000000000000000e+00
7.649244264200000000e+14 6.865474170799999881e+34 4.260000000000000278e+38 2.470588235300000157e+00 0.000000000000000000e+00
7.550640566700000000e+14 6.668107433099999614e+34 4.209999999999999684e+38 2.470588235300000157e+00 0.000000000000000000e+00
7.452295056500000000e+14 6.474157881199999701e+34 4.159999999999999846e+38 2.470588235300000157e+00 0.000000000000000000e+00
7.354206286200000000e+14 6.283606355900000219e+34 4.110000000000000008e+38 2.470588235300000157e+00 0.000000000000000000e+00
7.256372798800000000e+14 6.096433576000000365e+34 4.060000000000000169e+38 2.470588235300000157e+00 0.000000000000000000e+00
7.158793128200000000e+14 5.912620135500000370e+34 4.010000000000000331e+38 2.470588235300000157e+00 0.000000000000000000e+00
7.061465798500000000e+14 5.732146501400000384e+34 3.959999999999999737e+38 2.470588235300000157e+00 0.000000000000000000e+00
6.964389324100000000e+14 5.554993011399999540e+34 3.909999999999999899e+38 2.470588235300000157e+00 0.000000000000000000e+00
6.867562209500000000e+14 5.381139871300000248e+34 3.860000000000000060e+38 2.470588235300000157e+00 0.000000000000000000e+00
6.770982949000000000e+14 5.210567152600000089e+34 3.810000000000000222e+38 2.470588235300000157e+00 0.000000000000000000e+00
6.674650026400000000e+14 5.043254789300000072e+34 3.759999999999999628e+38 2.470588235300000157e+00 0.000000000000000000e+00
6.578561915200000000e+14 4.879182575900000342e+34 3.709999999999999790e+38 2.470588235300000157e+00 0.000000000000000000e+00
6.482717077800000000e+14 4.718330163800000010e+34 3.659999999999999952e+38 2.470588235300000157e+00 0.000000000000000000e+00
6.387113965900000000e+14 4.560677058900000125e+34 3.610000000000000113e+38 2.470588235300000157e+00 0.000000000000000000e+00
6.291751019700000000e+14 4.406202618200000333e+34 3.560000000000000275e+38 2.470588235300000157e+00 0.000000000000000000e+00
6.196626668100000000e+14 4.254886046900000084e+34 3.509999999999999681e+38 2.470588235300000157e+00 0.000000000000000000e+00
6.101739328200000000e+14 4.106706394700000044e+34 3.459999999999999843e+38 2.470588235300000157e+00 0.000000000000000000e+00
6.007087405000000000e+14 3.961642553100000130e+34 3.410000000000000004e+38 2.470588235300000157e+00 0.000000000000000000e+00
5.912669291500000000e+14 3.819673251099999826e+34 3.360000000000000166e+38 2.470588235300000157e+00 0.000000000000000000e+00
5.818483368100000000e+14 3.680777052200000039e+34 3.309999999999999950e+38 2.470588235300000157e+00 0.000000000000000000e+00
5.724528002100000000e+14 3.544932350299999792e+34 3.260000000000000112e+38 2.470588235300000157e+00 0.000000000000000000e+00
5.630801548200000000e+14 3.412117365500000022e+34 3.209999999999999896e+38 2.470588235300000157e+00 0.000000000000000000e+00
5.537302347200000000e+14 3.282310140699999790e+34 3.160000000000000057e+38 2.470588235300000157e+00 0.000000000000000000e+00
5.444028726400000000e+14 3.155488536799999903e+34 3.109999999999999841e+38 2.470588235300000157e+00 0.000000000000000000e+00
5.350978999100000000e+14 3.031630228300000198e+34 3.060000000000000003e+38 2.470588235300000157e+00 0.000000000000000000e+00
5.258151464000000000e+14 2.910712699199999923e+34 3.010000000000000165e+38 2.470588235300000157e+00 0.000000000000000000e+00
5.165544405100000000e+14 2.792713237499999991e+34 2.959999999999999948e+38 2.470588235300000157e+00 0.000000000000000000e+00
5.073156091300000000e+14 2.677608930799999810e+34 2.910000000000000110e+38 2.470588235300000157e+00 0.000000000000000000e+00
4.980984775800000000e+14 2.565376660700000199e+34 2.859999999999999894e+38 2.470588235300000157e+00 0.000000000000000000e+00
4.889028695900000000e+14 2.455993097599999976e+34 2.810000000000000056e+38 2.470588235300000157e+00 0.000000000000000000e+00
4.797286072600000000e+14 2.349434694900000199e+34 2.759999999999999840e+38 2.470588235300000157e+00 0.000000000000000000e+00
4.705755109900000000e+14 2.245677683200000108e+34 2.710000000000000001e+38 2.470588235300000157e+00 0.000000000000000000e+00
4.614433994700000000e+14 2.144698063800000006e+34 2.660000000000000163e+38 2.470588235300000157e+00 0.000000000000000000e+00
4.523320895800000000e+14 2.046471602600000107e+34 2.609999999999999947e+38 2.470588235300000157e+00 0.000000000000000000e+00
4.432413964000000000e+14 1.950973823000000002e+34 2.560000000000000109e+38 2.470588235300000157e+00 0.000000000000000000e+00
4.341711331100000000e+14 1.858179998900000010e+34 2.509999999999999892e+38 2.470588235300000157e+00 0.000000000000000000e+00
4.251211109400000000e+14 1.768065147100000028e+34 2.460000000000000054e+38 2.470588235300000157e+00 0.000000000000000000e+00
4.160910000000000000e+14 1.689079999999999927e+34 2.409999999999999838e+38 3.829000000000000181e+00 0.000000000000000000e+00
4.070440000000000000e+14 1.560819999999999972e+34 2.360000000000000000e+38 3.846000000000000085e+00 0.000000000000000000e+00
3.980290000000000000e+14 1.439120000000000100e+34 2.310000000000000161e+38 3.862000000000000099e+00 0.000000000000000000e+00
3.890460000000000000e+14 1.323860000000000092e+34 2.259999999999999945e+38 3.879000000000000004e+00 0.000000000000000000e+00
3.800920000000000000e+14 1.214910000000000054e+34 2.210000000000000107e+38 3.895999999999999908e+00 0.000000000000000000e+00
3.711680000000000000e+14 1.112140000000000091e+34 2.159999999999999891e+38 3.912999999999999812e+00 0.000000000000000000e+00
3.622710000000000000e+14 1.015419999999999966e+34 2.110000000000000053e+38 3.930000000000000160e+00 0.000000000000000000e+00
3.534010000000000000e+14 9.245839999999999939e+33 2.059999999999999837e+38 3.947000000000000064e+00 0.000000000000000000e+00
3.445570000000000000e+14 8.394869999999999670e+33 2.009999999999999998e+38 3.963000000000000078e+00 0.000000000000000000e+00
3.357380000000000000e+14 7.599619999999999579e+33 1.960000000000000160e+38 3.979999999999999982e+00 0.000000000000000000e+00
3.269410000000000000e+14 6.858400000000000129e+33 1.909999999999999944e+38 3.995000000000000107e+00 0.000000000000000000e+00
3.181680000000000000e+14 6.169449999999999695e+33 1.860000000000000105e+38 4.009999999999999787e+00 0.000000000000000000e+00
3.094160000000000000e+14 5.530959999999999443e+33 1.809999999999999889e+38 4.025000000000000355e+00 0.000000000000000000e+00
3.006840000000000000e+14 4.941080000000000001e+33 1.760000000000000051e+38 4.036999999999999922e+00 0.000000000000000000e+00
2.919710000000000000e+14 4.397919999999999737e+33 1.709999999999999835e+38 4.048000000000000043e+00 0.000000000000000000e+00
2.832770000000000000e+14 3.899549999999999939e+33 1.659999999999999997e+38 4.057000000000000384e+00 0.000000000000000000e+00
2.746000000000000000e+14 3.444009999999999769e+33 1.609999999999999969e+38 4.062000000000000277e+00 0.000000000000000000e+00
2.659380000000000000e+14 3.029309999999999712e+33 1.559999999999999942e+38 4.064000000000000057e+00 0.000000000000000000e+00
2.572930000000000000e+14 2.653460000000000258e+33 1.509999999999999915e+38 4.059999999999999609e+00 0.000000000000000000e+00
2.486610000000000000e+14 2.314429999999999917e+33 1.460000000000000077e+38 4.049000000000000377e+00 0.000000000000000000e+00
2.400420000000000000e+14 2.010210000000000064e+33 1.410000000000000049e+38 4.028999999999999915e+00 0.000000000000000000e+00
1.535860000000000000e+14 5.819169999999999833e+32 9.051080000000000103e+37 3.418000000000000149e+00 1.034139999999999991e+29
1.531110000000000000e+14 5.799169999999999771e+32 9.023119999999999911e+37 3.424999999999999822e+00 2.848369999999999907e+29
1.526340000000000000e+14 5.783850000000000310e+32 8.995159999999999719e+37 3.432999999999999829e+00 3.859130000000000098e+29
1.521580000000000000e+14 5.767340000000000070e+32 8.967199999999999527e+37 3.439999999999999947e+00 4.493999999999999669e+29
1.516810000000000000e+14 5.750420000000000114e+32 8.939239999999999335e+37 3.444999999999999840e+00 4.972530000000000032e+29
1.512050000000000000e+14 5.733319999999999913e+32 8.911279999999999143e+37 3.450000000000000178e+00 5.363169999999999980e+29
1.507290000000000000e+14 5.716140000000000084e+32 8.883320000000000841e+37 3.455000000000000071e+00 5.697419999999999999e+29
1.502520000000000000e+14 5.698929999999999853e+32 8.855360000000000649e+37 3.459999999999999964e+00 5.992560000000000042e+29
1.497760000000000000e+14 5.681720000000000343e+32 8.827400000000000457e+37 3.464999999999999858e+00 6.259130000000000174e+29
1.492990000000000000e+14 5.664510000000000113e+32 8.799440000000000265e+37 3.470000000000000195e+00 6.504039999999999982e+29
1.488230000000000000e+14 5.647330000000000283e+32 8.771480000000000073e+37 3.474000000000000199e+00 6.732049999999999358e+29
1.483470000000000000e+14 5.630180000000000134e+32 8.743519999999999881e+37 3.479000000000000092e+00 6.946550000000000076e+29
1.478700000000000000e+14 5.613050000000000253e+32 8.715559999999999689e+37 3.483999999999999986e+00 7.150090000000000369e+29
1.473940000000000000e+14 5.595960000000000186e+32 8.687599999999999497e+37 3.487999999999999989e+00 7.344569999999999969e+29
1.469180000000000000e+14 5.578899999999999799e+32 8.659639999999999306e+37 3.491999999999999993e+00 7.531479999999999510e+29
1.464410000000000000e+14 5.561879999999999947e+32 8.631679999999999114e+37 3.496999999999999886e+00 7.712009999999999670e+29
1.459650000000000000e+14 5.544879999999999642e+32 8.603720000000000811e+37 3.500999999999999890e+00 7.887080000000000037e+29
1.454890000000000000e+14 5.527930000000000005e+32 8.575760000000000619e+37 3.505999999999999783e+00 8.057469999999999374e+29
1.450120000000000000e+14 5.510999999999999915e+32 8.547800000000000427e+37 3.509999999999999787e+00 8.223819999999999844e+29
1.445360000000000000e+14 5.494110000000000360e+32 8.519840000000000235e+37 3.513999999999999790e+00 8.386649999999999685e+29
1.440600000000000000e+14 5.477249999999999765e+32 8.491880000000000043e+37 3.517999999999999794e+00 8.546410000000000240e+29
1.435830000000000000e+14 5.460420000000000291e+32 8.463919999999999851e+37 3.523000000000000131e+00 8.703469999999999768e+29
1.431070000000000000e+14 5.443629999999999912e+32 8.435959999999999660e+37 3.527000000000000135e+00 8.858159999999999912e+29
1.426310000000000000e+14 5.426859999999999799e+32 8.408000000000000412e+37 3.531000000000000139e+00 9.010759999999999506e+29
1.421550000000000000e+14 5.410120000000000088e+32 8.380040000000000220e+37 3.535000000000000142e+00 9.161509999999999361e+29
1.416780000000000000e+14 5.393410000000000057e+32 8.352080000000000028e+37 3.539000000000000146e+00 9.310620000000000010e+29
1.412020000000000000e+14 5.376720000000000294e+32 8.324119999999999837e+37 3.543000000000000149e+00 9.458279999999999457e+29
1.407260000000000000e+14 5.360060000000000211e+32 8.296159999999999645e+37 3.548000000000000043e+00 9.604649999999999648e+29
1.402490000000000000e+14 5.343419999999999675e+32 8.268200000000000397e+37 3.552000000000000046e+00 9.749880000000000563e+29
1.397730000000000000e+14 5.326810000000000260e+32 8.240240000000000205e+37 3.556000000000000050e+00 9.894090000000000495e+29
1.392970000000000000e+14 5.310219999999999672e+32 8.212280000000000014e+37 3.560000000000000053e+00 1.003740000000000055e+30
1.388210000000000000e+14 5.293639999999999938e+32 8.184319999999999822e+37 3.564000000000000057e+00 1.017990000000000017e+30
1.383450000000000000e+14 5.277089999999999885e+32 8.156359999999999630e+37 3.568000000000000060e+00 1.032179999999999986e+30
1.378680000000000000e+14 5.260560000000000099e+32 8.128400000000000382e+37 3.572000000000000064e+00 1.046299999999999966e+30
1.373920000000000000e+14 5.244039999999999726e+32 8.100440000000000191e+37 3.576000000000000068e+00 1.060369999999999952e+30
1.369160000000000000e+14 5.227540000000000341e+32 8.072479999999999999e+37 3.580000000000000071e+00 1.074389999999999946e+30
1.364400000000000000e+14 5.211059999999999782e+32 8.044519999999999807e+37 3.583000000000000185e+00 1.088369999999999945e+30
1.359630000000000000e+14 5.194590000000000078e+32 8.016559999999999615e+37 1.258999999999999897e+00 1.102319999999999948e+30
1.354870000000000000e+14 5.178129999999999787e+32 7.988600000000000368e+37 1.260000000000000009e+00 1.116239999999999956e+30
1.350110000000000000e+14 5.161680000000000350e+32 7.960640000000000176e+37 1.260000000000000009e+00 1.130139999999999966e+30
1.345350000000000000e+14 5.145249999999999739e+32 7.932679999999999984e+37 1.260999999999999899e+00 1.144019999999999979e+30
1.340590000000000000e+14 5.128819999999999849e+32 7.904719999999999792e+37 1.262000000000000011e+00 1.157879999999999995e+30
1.335830000000000000e+14 5.112410000000000226e+32 7.876759999999999600e+37 1.262999999999999901e+00 1.171730000000000013e+30
1.331060000000000000e+14 5.095999999999999883e+32 7.848800000000000353e+37 1.264000000000000012e+00 1.185580000000000030e+30
1.326300000000000000e+14 5.079599999999999673e+32 7.820840000000000161e+37 1.264999999999999902e+00 1.199420000000000049e+30
1.321540000000000000e+14 5.063200000000000184e+32 7.792879999999999969e+37 1.266000000000000014e+00 1.213270000000000067e+30
1.316780000000000000e+14 5.046810000000000108e+32 7.764919999999999777e+37 1.266999999999999904e+00 1.227119999999999944e+30
1.312020000000000000e+14 5.030430000000000166e+32 7.736959999999999585e+37 1.268000000000000016e+00 1.240969999999999961e+30
1.307260000000000000e+14 5.014040000000000090e+32 7.709000000000000338e+37 1.268999999999999906e+00 1.254829999999999977e+30
1.302500000000000000e+14 4.997660000000000148e+32 7.681040000000000146e+37 1.270000000000000018e+00 1.268700000000000133e+30
1.297730000000000000e+14 4.981280000000000206e+32 7.653079999999999954e+37 1.272000000000000020e+00 1.282589999999999863e+30
1.292970000000000000e+14 4.964900000000000263e+32 7.625119999999999762e+37 1.272999999999999909e+00 1.296489999999999873e+30
1.288210000000000000e+14 4.948520000000000321e+32 7.597159999999999570e+37 1.274000000000000021e+00 1.310399999999999882e+30
1.283450000000000000e+14 4.932139999999999658e+32 7.569200000000000323e+37 1.276000000000000023e+00 1.324339999999999887e+30
1.278690000000000000e+14 4.915750000000000303e+32 7.541240000000000131e+37 1.276999999999999913e+00 1.338299999999999889e+30
1.273930000000000000e+14 4.899369999999999640e+32 7.513279999999999939e+37 1.278999999999999915e+00 1.352279999999999888e+30
1.269170000000000000e+14 4.882980000000000285e+32 7.485319999999999747e+37 1.280000000000000027e+00 1.366289999999999883e+30
1.264410000000000000e+14 4.866580000000000075e+32 7.457359999999999555e+37 1.282000000000000028e+00 1.380319999999999875e+30
1.259650000000000000e+14 4.850179999999999866e+32 7.429400000000000308e+37 1.282999999999999918e+00 1.394379999999999863e+30
1.254890000000000000e+14 4.833770000000000243e+32 7.401440000000000116e+37 1.284999999999999920e+00 1.408470000000000128e+30
1.250130000000000000e+14 4.817359999999999900e+32 7.373479999999999924e+37 1.286999999999999922e+00 1.422590000000000108e+30
1.245370000000000000e+14 4.800930000000000009e+32 7.345519999999999732e+37 1.288000000000000034e+00 1.436740000000000083e+30
1.240610000000000000e+14 4.786889999999999647e+32 7.317559999999999541e+37 1.288999999999999924e+00 9.309600000000000436e+29
1.235850000000000000e+14 4.770490000000000158e+32 7.289600000000000293e+37 1.290999999999999925e+00 9.375979999999999802e+29
1.231090000000000000e+14 4.754069999999999681e+32 7.261640000000000101e+37 1.292000000000000037e+00 9.442610000000000540e+29
1.226330000000000000e+14 4.737649999999999925e+32 7.233679999999999909e+37 1.294000000000000039e+00 9.509509999999999552e+29
1.221570000000000000e+14 4.721209999999999901e+32 7.205719999999999718e+37 1.296000000000000041e+00 9.576679999999999651e+29
1.216810000000000000e+14 4.704759999999999743e+32 7.177760000000000470e+37 1.298000000000000043e+00 9.644110000000000276e+29
1.212050000000000000e+14 4.688290000000000039e+32 7.149800000000000278e+37 1.300000000000000044e+00 9.711800000000000021e+29
1.207290000000000000e+14 4.671820000000000334e+32 7.121840000000000086e+37 1.302000000000000046e+00 9.779759999999999446e+29
1.202530000000000000e+14 4.655329999999999642e+32 7.093879999999999895e+37 1.304000000000000048e+00 9.847979999999999397e+29
1.197770000000000000e+14 4.638820000000000124e+32 7.065919999999999703e+37 1.306000000000000050e+00 9.916479999999999590e+29
1.193010000000000000e+14 4.622299999999999751e+32 7.037960000000000455e+37 1.308000000000000052e+00 9.985240000000000310e+29
1.188250000000000000e+14 4.610709999999999719e+32 7.010000000000000263e+37 1.306999999999999940e+00 5.629559999999999856e+29
1.183490000000000000e+14 4.594229999999999880e+32 6.982040000000000072e+37 1.308999999999999941e+00 5.641939999999999799e+29
1.178730000000000000e+14 4.577750000000000042e+32 6.954079999999999880e+37 1.310999999999999943e+00 5.654540000000000134e+29
1.173970000000000000e+14 4.561239999999999803e+32 6.926119999999999688e+37 1.312999999999999945e+00 5.667339999999999736e+29
1.164450000000000000e+14 4.528170000000000098e+32 6.870200000000000249e+37 1.318000000000000060e+00 5.693569999999999838e+29
1.154930000000000000e+14 4.495030000000000177e+32 6.814279999999999865e+37 1.322000000000000064e+00 5.720589999999999969e+29
1.150170000000000000e+14 4.478420000000000042e+32 6.786319999999999673e+37 1.324000000000000066e+00 5.734390000000000134e+29
1.140650000000000000e+14 4.445149999999999824e+32 6.730400000000000234e+37 1.328999999999999959e+00 5.762550000000000245e+29
1.131140000000000000e+14 4.411789999999999844e+32 6.674479999999999850e+37 1.332999999999999963e+00 5.791439999999999830e+29
1.121620000000000000e+14 4.378340000000000102e+32 6.618560000000000411e+37 1.338000000000000078e+00 5.821039999999999879e+29
1.116860000000000000e+14 4.361580000000000123e+32 6.590600000000000219e+37 1.340999999999999970e+00 5.836099999999999726e+29
1.093070000000000000e+14 4.277379999999999925e+32 6.450800000000000204e+37 1.352999999999999980e+00 5.913869999999999738e+29
1.083550000000000000e+14 4.243519999999999746e+32 6.394879999999999820e+37 1.358000000000000096e+00 5.946079999999999981e+29
1.059770000000000000e+14 4.158369999999999817e+32 6.255079999999999805e+37 1.370999999999999996e+00 6.029199999999999943e+29
1.050250000000000000e+14 4.124110000000000054e+32 6.199160000000000366e+37 1.375999999999999890e+00 6.063430000000000324e+29
1.035980000000000000e+14 4.072490000000000217e+32 6.115279999999999790e+37 1.383999999999999897e+00 6.115770000000000121e+29
1.031220000000000000e+14 4.055219999999999905e+32 6.087319999999999599e+37 1.387000000000000011e+00 6.133469999999999737e+29
1.016950000000000000e+14 4.003220000000000031e+32 6.003439999999999967e+37 1.395000000000000018e+00 6.187310000000000027e+29
1.007440000000000000e+14 3.968389999999999853e+32 5.947519999999999584e+37 1.401000000000000023e+00 6.223799999999999948e+29
9.979250000000000000e+13 3.933430000000000098e+32 5.891600000000000144e+37 1.407000000000000028e+00 6.260739999999999806e+29
9.884120000000000000e+13 3.898329999999999913e+32 5.835679999999999761e+37 1.411999999999999922e+00 6.298109999999999885e+29
9.741440000000000000e+13 3.845439999999999670e+32 5.751800000000000130e+37 1.421000000000000041e+00 6.354939999999999894e+29
9.551220000000000000e+13 3.774409999999999732e+32 5.639960000000000307e+37 1.431999999999999940e+00 6.432059999999999998e+29
9.503660000000000000e+13 3.756569999999999725e+32 5.612000000000000115e+37 1.435000000000000053e+00 6.451560000000000063e+29
9.408560000000000000e+13 3.720779999999999683e+32 5.556079999999999731e+37 1.441000000000000059e+00 6.490819999999999313e+29
9.361000000000000000e+13 3.702820000000000233e+32 5.528119999999999539e+37 1.443999999999999950e+00 6.510569999999999343e+29
9.218360000000000000e+13 3.648750000000000066e+32 5.444239999999999908e+37 1.453000000000000069e+00 6.570279999999999931e+29
9.075720000000000000e+13 3.594339999999999676e+32 5.360360000000000277e+37 1.461999999999999966e+00 6.630610000000000150e+29
8.980630000000000000e+13 3.557890000000000177e+32 5.304439999999999893e+37 1.467999999999999972e+00 6.671149999999999500e+29
8.885540000000000000e+13 3.521279999999999980e+32 5.248520000000000454e+37 1.473999999999999977e+00 6.711909999999999946e+29
8.838000000000000000e+13 3.502920000000000226e+32 5.220560000000000262e+37 1.477000000000000091e+00 6.732370000000000439e+29
8.742930000000000000e+13 3.466089999999999970e+32 5.164639999999999878e+37 1.483000000000000096e+00 6.773439999999999996e+29
8.600320000000000000e+13 3.410550000000000325e+32 5.080760000000000247e+37 1.491999999999999993e+00 6.835339999999999712e+29
8.172560000000000000e+13 3.241879999999999923e+32 4.829120000000000409e+37 1.520000000000000018e+00 7.022520000000000342e+29
8.077520000000000000e+13 3.203969999999999999e+32 4.773200000000000025e+37 1.526000000000000023e+00 7.064250000000000369e+29
7.934960000000000000e+13 3.146820000000000086e+32 4.689320000000000394e+37 1.534999999999999920e+00 7.126799999999999993e+29
7.887440000000000000e+13 3.127699999999999900e+32 4.661360000000000202e+37 1.538000000000000034e+00 7.147630000000000153e+29
7.792410000000000000e+13 3.089329999999999950e+32 4.605439999999999819e+37 1.544999999999999929e+00 7.189219999999999355e+29
7.744900000000000000e+13 3.076659999999999890e+32 4.577479999999999627e+37 1.540999999999999925e+00 8.138390000000000349e+29
7.697390000000000000e+13 3.057579999999999879e+32 4.549520000000000379e+37 1.544000000000000039e+00 8.116699999999999749e+29
7.649870000000000000e+13 3.038460000000000052e+32 4.521560000000000188e+37 1.546999999999999931e+00 8.094839999999999453e+29
7.602360000000000000e+13 3.019309999999999825e+32 4.493599999999999996e+37 1.550000000000000044e+00 8.072800000000000309e+29
7.554860000000000000e+13 3.000120000000000144e+32 4.465639999999999804e+37 1.552999999999999936e+00 8.050579999999999501e+29
7.507350000000000000e+13 2.980889999999999928e+32 4.437679999999999612e+37 1.556000000000000050e+00 8.028170000000000691e+29
7.459840000000000000e+13 2.961619999999999898e+32 4.409720000000000365e+37 1.558000000000000052e+00 8.005580000000000217e+29
7.412340000000000000e+13 2.942319999999999827e+32 4.381760000000000173e+37 1.560999999999999943e+00 7.982789999999999771e+29
7.364830000000000000e+13 2.922979999999999942e+32 4.353799999999999981e+37 1.564000000000000057e+00 7.959809999999999915e+29
7.317330000000000000e+13 2.903599999999999882e+32 4.325839999999999789e+37 1.566999999999999948e+00 7.936630000000000087e+29
7.269830000000000000e+13 2.884190000000000142e+32 4.297879999999999597e+37 1.570000000000000062e+00 7.913239999999999726e+29
7.222330000000000000e+13 2.864739999999999867e+32 4.269920000000000350e+37 1.572999999999999954e+00 7.889649999999999393e+29
7.174830000000000000e+13 2.845259999999999912e+32 4.241960000000000158e+37 1.576000000000000068e+00 7.865849999999999934e+29
7.127340000000000000e+13 2.825740000000000142e+32 4.213999999999999966e+37 1.578999999999999959e+00 7.841829999999999380e+29
7.079840000000000000e+13 2.806179999999999837e+32 4.186039999999999774e+37 1.582000000000000073e+00 7.817599999999999700e+29
7.032350000000000000e+13 2.786589999999999852e+32 4.158080000000000054e+37 1.584999999999999964e+00 7.793139999999999771e+29
6.984860000000000000e+13 2.766960000000000053e+32 4.130119999999999863e+37 1.588000000000000078e+00 7.768460000000000155e+29
6.937370000000000000e+13 2.747299999999999853e+32 4.102160000000000143e+37 1.590999999999999970e+00 7.743550000000000289e+29
6.889880000000000000e+13 2.727599999999999838e+32 4.074199999999999951e+37 1.594000000000000083e+00 7.718399999999999613e+29
6.842390000000000000e+13 2.707870000000000143e+32 4.046240000000000231e+37 1.596999999999999975e+00 7.693020000000000096e+29
6.794900000000000000e+13 2.688099999999999913e+32 4.018280000000000040e+37 1.600000000000000089e+00 7.667399999999999768e+29
6.747420000000000000e+13 2.668300000000000003e+32 3.990319999999999848e+37 1.602999999999999980e+00 7.641540000000000036e+29
6.699930000000000000e+13 2.648459999999999918e+32 3.962360000000000128e+37 1.606000000000000094e+00 7.615430000000000340e+29
6.652450000000000000e+13 2.628590000000000153e+32 3.934399999999999936e+37 1.608999999999999986e+00 7.589070000000000679e+29
6.604970000000000000e+13 2.608679999999999852e+32 3.906440000000000217e+37 1.612000000000000099e+00 7.562450000000000492e+29
6.557490000000000000e+13 2.588739999999999872e+32 3.878480000000000025e+37 1.614999999999999991e+00 7.535580000000000340e+29
6.510020000000000000e+13 2.568769999999999850e+32 3.850519999999999833e+37 1.618000000000000105e+00 7.508440000000000507e+29
6.462540000000000000e+13 2.548770000000000148e+32 3.822560000000000113e+37 1.620999999999999996e+00 7.481040000000000148e+29
6.415070000000000000e+13 2.528729999999999911e+32 3.794599999999999921e+37 1.624000000000000110e+00 7.453370000000000109e+29
6.367600000000000000e+13 2.508649999999999860e+32 3.766640000000000202e+37 1.627000000000000002e+00 7.425430000000000390e+29
6.320130000000000000e+13 2.488549999999999902e+32 3.738680000000000010e+37 1.629999999999999893e+00 7.397210000000000428e+29
6.272660000000000000e+13 2.468410000000000130e+32 3.710719999999999818e+37 1.633000000000000007e+00 7.368719999999999378e+29
6.225190000000000000e+13 2.448250000000000090e+32 3.682760000000000098e+37 1.635999999999999899e+00 7.339940000000000340e+29
6.177720000000000000e+13 2.428049999999999876e+32 3.654799999999999906e+37 1.639000000000000012e+00 7.310870000000000498e+29
6.130260000000000000e+13 2.407809999999999847e+32 3.626840000000000187e+37 1.641999999999999904e+00 7.281520000000000415e+29
6.082800000000000000e+13 2.387549999999999912e+32 3.598879999999999995e+37 1.643999999999999906e+00 7.251870000000000373e+29
6.035340000000000000e+13 2.367259999999999935e+32 3.570919999999999803e+37 1.647000000000000020e+00 7.221920000000000374e+29
5.987880000000000000e+13 2.346939999999999918e+32 3.542960000000000083e+37 1.649999999999999911e+00 7.191679999999999571e+29
5.940420000000000000e+13 2.326589999999999860e+32 3.514999999999999892e+37 1.653000000000000025e+00 7.161129999999999657e+29
5.892970000000000000e+13 2.306199999999999988e+32 3.487040000000000172e+37 1.655999999999999917e+00 7.130270000000000630e+29
5.845510000000000000e+13 2.285789999999999848e+32 3.459079999999999980e+37 1.659000000000000030e+00 7.099110000000000239e+29
5.798060000000000000e+13 2.265350000000000028e+32 3.431119999999999788e+37 1.661999999999999922e+00 7.067630000000000174e+29
5.750610000000000000e+13 2.244889999999999941e+32 3.403160000000000069e+37 1.665000000000000036e+00 7.035830000000000435e+29
5.703170000000000000e+13 2.224390000000000039e+32 3.375199999999999877e+37 1.667999999999999927e+00 7.003709999999999616e+29
5.655720000000000000e+13 2.203869999999999870e+32 3.347240000000000157e+37 1.671000000000000041e+00 6.971259999999999969e+29
5.608280000000000000e+13 2.183320000000000020e+32 3.319279999999999965e+37 1.673999999999999932e+00 6.938490000000000649e+29
5.560830000000000000e+13 2.162749999999999903e+32 3.291319999999999773e+37 1.675999999999999934e+00 6.905389999999999687e+29
5.513390000000000000e+13 2.143980000000000072e+32 3.263360000000000054e+37 1.675999999999999934e+00 8.287179999999999918e+29
5.465950000000000000e+13 2.123409999999999955e+32 3.235399999999999862e+37 1.679000000000000048e+00 8.221659999999999586e+29
5.418520000000000000e+13 2.102810000000000158e+32 3.207440000000000142e+37 1.681999999999999940e+00 8.155890000000000697e+29
5.371080000000000000e+13 2.082190000000000093e+32 3.179479999999999950e+37 1.685000000000000053e+00 8.089870000000000435e+29
5.323650000000000000e+13 2.061539999999999987e+32 3.151520000000000231e+37 1.687999999999999945e+00 8.023589999999999648e+29
5.276220000000000000e+13 2.040869999999999974e+32 3.123560000000000039e+37 1.691000000000000059e+00 7.957060000000000303e+29
5.228790000000000000e+13 2.020180000000000054e+32 3.095599999999999847e+37 1.693000000000000060e+00 7.890279999999999585e+29
5.181360000000000000e+13 1.999460000000000093e+32 3.067640000000000127e+37 1.695999999999999952e+00 7.823239999999999749e+29
5.133940000000000000e+13 1.978719999999999865e+32 3.039679999999999935e+37 1.699000000000000066e+00 7.755949999999999948e+29
5.086520000000000000e+13 1.957960000000000090e+32 3.011720000000000216e+37 1.701999999999999957e+00 7.688410000000000183e+29
5.039100000000000000e+13 1.937180000000000048e+32 2.983760000000000024e+37 1.705000000000000071e+00 7.620609999999999891e+29
4.991680000000000000e+13 1.916380000000000098e+32 2.955799999999999832e+37 1.707000000000000073e+00 7.552570000000000196e+29
4.944260000000000000e+13 1.895559999999999881e+32 2.927840000000000112e+37 1.709999999999999964e+00 7.484269999999999975e+29
4.896850000000000000e+13 1.874729999999999891e+32 2.899879999999999921e+37 1.713000000000000078e+00 7.415719999999999788e+29
4.849440000000000000e+13 1.853869999999999860e+32 2.871920000000000201e+37 1.715999999999999970e+00 7.346919999999999637e+29
4.802030000000000000e+13 1.833000000000000055e+32 2.843960000000000009e+37 1.719000000000000083e+00 7.277869999999999522e+29
4.754620000000000000e+13 1.812109999999999983e+32 2.815999999999999817e+37 1.721000000000000085e+00 7.208580000000000003e+29
4.707210000000000000e+13 1.791210000000000138e+32 2.788040000000000098e+37 1.723999999999999977e+00 7.139040000000000519e+29
4.659810000000000000e+13 1.770290000000000025e+32 2.760079999999999906e+37 1.727000000000000091e+00 7.069249999999999664e+29
4.612410000000000000e+13 1.749360000000000139e+32 2.732120000000000186e+37 1.729999999999999982e+00 6.999219999999999405e+29
4.565010000000000000e+13 1.728409999999999986e+32 2.704159999999999994e+37 1.731999999999999984e+00 6.928940000000000588e+29
4.517620000000000000e+13 1.707450000000000059e+32 2.676199999999999802e+37 1.735000000000000098e+00 6.858430000000000116e+29
4.470220000000000000e+13 1.686479999999999998e+32 2.648240000000000083e+37 1.737999999999999989e+00 6.787680000000000240e+29
4.422830000000000000e+13 1.665500000000000164e+32 2.620279999999999891e+37 1.741000000000000103e+00 6.716689999999999553e+29
4.375450000000000000e+13 1.644509999999999836e+32 2.592320000000000171e+37 1.743000000000000105e+00 6.645459999999999464e+29
4.328060000000000000e+13 1.623510000000000095e+32 2.564359999999999979e+37 1.745999999999999996e+00 6.574000000000000532e+29
4.280680000000000000e+13 1.602509999999999993e+32 2.536399999999999787e+37 1.749000000000000110e+00 6.502320000000000506e+29
4.233300000000000000e+13 1.581489999999999985e+32 2.508440000000000068e+37 1.750999999999999890e+00 6.430399999999999669e+29
4.185920000000000000e+13 1.560479999999999930e+32 2.480479999999999876e+37 1.754000000000000004e+00 6.358260000000000552e+29
4.138540000000000000e+13 1.539449999999999967e+32 2.452520000000000156e+37 1.756999999999999895e+00 6.285900000000000340e+29
4.091170000000000000e+13 1.518429999999999959e+32 2.424559999999999964e+37 1.758999999999999897e+00 6.213319999999999737e+29
4.043800000000000000e+13 1.497399999999999997e+32 2.396599999999999773e+37 1.762000000000000011e+00 6.140520000000000150e+29
3.996430000000000000e+13 1.476370000000000035e+32 2.368640000000000053e+37 1.764999999999999902e+00 6.067510000000000030e+29
3.949070000000000000e+13 1.455340000000000072e+32 2.340679999999999861e+37 1.766999999999999904e+00 5.994299999999999938e+29
3.901700000000000000e+13 1.434309999999999930e+32 2.312720000000000141e+37 1.770000000000000018e+00 5.920880000000000016e+29
3.854350000000000000e+13 1.413279999999999968e+32 2.284759999999999950e+37 1.772999999999999909e+00 5.847250000000000265e+29
3.806990000000000000e+13 1.392259999999999959e+32 2.256800000000000230e+37 1.774999999999999911e+00 5.773429999999999696e+29
3.759640000000000000e+13 1.371239999999999951e+32 2.228840000000000038e+37 1.778000000000000025e+00 5.699419999999999717e+29
3.712280000000000000e+13 1.350230000000000076e+32 2.200879999999999846e+37 1.780000000000000027e+00 5.625220000000000327e+29
3.664940000000000000e+13 1.329229999999999975e+32 2.172920000000000127e+37 1.782999999999999918e+00 5.550830000000000120e+29
3.617590000000000000e+13 1.308240000000000007e+32 2.144959999999999935e+37 1.786000000000000032e+00 5.476270000000000218e+29
3.570250000000000000e+13 1.287250000000000039e+32 2.116999999999999979e+37 1.788000000000000034e+00 5.401530000000000061e+29
3.522910000000000000e+13 1.266279999999999978e+32 2.089040000000000023e+37 1.790999999999999925e+00 5.326630000000000066e+29
3.475580000000000000e+13 1.245330000000000005e+32 2.061080000000000067e+37 1.792999999999999927e+00 5.251559999999999673e+29
3.428240000000000000e+13 1.224389999999999985e+32 2.033120000000000112e+37 1.796000000000000041e+00 5.176330000000000148e+29
3.380910000000000000e+13 1.203459999999999919e+32 2.005159999999999920e+37 1.798000000000000043e+00 5.100959999999999797e+29
3.333590000000000000e+13 1.182560000000000073e+32 1.977199999999999964e+37 1.800999999999999934e+00 5.025440000000000172e+29
3.286260000000000000e+13 1.161679999999999955e+32 1.949240000000000008e+37 1.802999999999999936e+00 4.949779999999999721e+29
3.238950000000000000e+13 1.140809999999999970e+32 1.921280000000000053e+37 1.806000000000000050e+00 4.873989999999999712e+29
3.191630000000000000e+13 1.119979999999999980e+32 1.893320000000000097e+37 1.808000000000000052e+00 4.798070000000000142e+29
3.144320000000000000e+13 1.099170000000000077e+32 1.865359999999999905e+37 1.810999999999999943e+00 4.722040000000000026e+29
3.097010000000000000e+13 1.078390000000000035e+32 1.837399999999999949e+37 1.812999999999999945e+00 4.645900000000000065e+29
3.049700000000000000e+13 1.057640000000000033e+32 1.809439999999999993e+37 1.816000000000000059e+00 4.569650000000000261e+29
3.002400000000000000e+13 1.036920000000000072e+32 1.781480000000000038e+37 1.818000000000000060e+00 4.493320000000000187e+29
2.955100000000000000e+13 1.016229999999999972e+32 1.753520000000000082e+37 1.820999999999999952e+00 4.416890000000000127e+29
2.907800000000000000e+13 9.955890000000000226e+31 1.725559999999999890e+37 1.822999999999999954e+00 4.340389999999999654e+29
2.860510000000000000e+13 9.749820000000000233e+31 1.697599999999999934e+37 1.826000000000000068e+00 4.263830000000000034e+29
2.813220000000000000e+13 9.544179999999999505e+31 1.669639999999999979e+37 1.828000000000000069e+00 4.187200000000000002e+29
2.765940000000000000e+13 9.338979999999999615e+31 1.641680000000000023e+37 1.830999999999999961e+00 4.110519999999999977e+29
2.718660000000000000e+13 9.134259999999999657e+31 1.613720000000000067e+37 1.832999999999999963e+00 4.033809999999999675e+29
2.671380000000000000e+13 8.930029999999999405e+31 1.585760000000000111e+37 1.834999999999999964e+00 3.957069999999999799e+29
2.624110000000000000e+13 8.726329999999999754e+31 1.557799999999999919e+37 1.838000000000000078e+00 3.880310000000000208e+29
2.576840000000000000e+13 8.523180000000000250e+31 1.529839999999999964e+37 1.840000000000000080e+00 3.803540000000000055e+29
2.529580000000000000e+13 8.320619999999999988e+31 1.501880000000000008e+37 1.842000000000000082e+00 3.726779999999999760e+29
2.482320000000000000e+13 8.118670000000000315e+31 1.473920000000000052e+37 1.844999999999999973e+00 3.650030000000000026e+29
2.435060000000000000e+13 7.917370000000000326e+31 1.445960000000000096e+37 1.846999999999999975e+00 3.573319999999999724e+29
2.387810000000000000e+13 7.716760000000000014e+31 1.417999999999999905e+37 1.848999999999999977e+00 3.496639999999999699e+29
2.340560000000000000e+13 7.516859999999999827e+31 1.390039999999999949e+37 1.852000000000000091e+00 3.420020000000000228e+29
2.293320000000000000e+13 7.317709999999999759e+31 1.362079999999999993e+37 1.854000000000000092e+00 3.343469999999999763e+29
2.246080000000000000e+13 7.119349999999999805e+31 1.334120000000000037e+37 1.856000000000000094e+00 3.267000000000000271e+29
2.198850000000000000e+13 6.921819999999999960e+31 1.306160000000000082e+37 1.858000000000000096e+00 3.190630000000000062e+29
2.151620000000000000e+13 6.725150000000000443e+31 1.278199999999999890e+37 1.860999999999999988e+00 3.114359999999999838e+29
2.104390000000000000e+13 6.529390000000000123e+31 1.250239999999999934e+37 1.862999999999999989e+00 3.038230000000000088e+29
2.057170000000000000e+13 6.334589999999999667e+31 1.222279999999999978e+37 1.864999999999999991e+00 2.962240000000000106e+29
2.009960000000000000e+13 6.140780000000000198e+31 1.194320000000000022e+37 1.866999999999999993e+00 2.886409999999999961e+29
1.962750000000000000e+13 5.948009999999999681e+31 1.166360000000000067e+37 1.868999999999999995e+00 2.810749999999999863e+29
1.915550000000000000e+13 5.756340000000000360e+31 1.138400000000000111e+37 1.870999999999999996e+00 2.735290000000000088e+29
1.868350000000000000e+13 5.565820000000000202e+31 1.110439999999999919e+37 1.872999999999999998e+00 2.660040000000000143e+29
1.821150000000000000e+13 5.376480000000000327e+31 1.082479999999999963e+37 1.875999999999999890e+00 2.585020000000000095e+29
1.773960000000000000e+13 5.188409999999999598e+31 1.054520000000000008e+37 1.877999999999999892e+00 2.510259999999999870e+29
1.726780000000000000e+13 5.001640000000000037e+31 1.026560000000000052e+37 1.879999999999999893e+00 2.435760000000000171e+29
1.679600000000000000e+13 4.816240000000000057e+31 9.985999999999999780e+36 1.881999999999999895e+00 2.361560000000000077e+29
1.632430000000000000e+13 4.632279999999999875e+31 9.706400000000000223e+36 1.883999999999999897e+00 2.287670000000000152e+29
1.585260000000000000e+13 4.449819999999999931e+31 9.426799999999999485e+36 1.885999999999999899e+00 2.214110000000000109e+29
1.538100000000000000e+13 4.268930000000000441e+31 9.147199999999999927e+36 1.887000000000000011e+00 2.140909999999999875e+29
1.490950000000000000e+13 4.089679999999999820e+31 8.867600000000000370e+36 1.889000000000000012e+00 2.068100000000000078e+29
1.443800000000000000e+13 3.912160000000000080e+31 8.587999999999999632e+36 1.891000000000000014e+00 1.995689999999999873e+29
1.396660000000000000e+13 3.736440000000000087e+31 8.308400000000000074e+36 1.893000000000000016e+00 1.923709999999999889e+29
1.349520000000000000e+13 3.562599999999999828e+31 8.028800000000000517e+36 1.895000000000000018e+00 1.852190000000000052e+29
1.302390000000000000e+13 3.390749999999999964e+31 7.749199999999999779e+36 1.895999999999999908e+00 1.781150000000000076e+29
1.255270000000000000e+13 3.220959999999999810e+31 7.469600000000000221e+36 1.897999999999999909e+00 1.710630000000000097e+29
1.208160000000000000e+13 3.053349999999999799e+31 7.189999999999999483e+36 1.899999999999999911e+00 1.640639999999999973e+29
1.161050000000000000e+13 2.888010000000000144e+31 6.910399999999999926e+36 1.901000000000000023e+00 1.571230000000000049e+29
1.113950000000000000e+13 2.725070000000000150e+31 6.630800000000000368e+36 1.901999999999999913e+00 1.502420000000000040e+29
1.066850000000000000e+13 2.564640000000000027e+31 6.351199999999999630e+36 1.903999999999999915e+00 1.434240000000000048e+29
1.019770000000000000e+13 2.406840000000000209e+31 6.071600000000000072e+36 1.905000000000000027e+00 1.366730000000000032e+29
9.726920000000000000e+12 2.251819999999999999e+31 5.792000000000000515e+36 1.905999999999999917e+00 1.299919999999999918e+29
9.256230000000000000e+12 2.099719999999999828e+31 5.512399999999999777e+36 1.907000000000000028e+00 1.233839999999999981e+29
8.785620000000000000e+12 1.950689999999999899e+31 5.232800000000000219e+36 1.907000000000000028e+00 1.168519999999999973e+29
8.315100000000000000e+12 1.804899999999999964e+31 4.953200000000000071e+36 1.907999999999999918e+00 1.104019999999999919e+29
7.844660000000000000e+12 1.662529999999999997e+31 4.673599999999999924e+36 1.907999999999999918e+00 1.040350000000000030e+29
7.374320000000000000e+12 1.523779999999999970e+31 4.393999999999999776e+36 1.907999999999999918e+00 9.775660000000000376e+28
6.904080000000000000e+12 1.388850000000000080e+31 4.114400000000000218e+36 1.907000000000000028e+00 9.156970000000000564e+28
6.433940000000000000e+12 1.257970000000000069e+31 3.834800000000000071e+36 1.905999999999999917e+00 8.547840000000000320e+28
5.963890000000000000e+12 1.131389999999999902e+31 3.555199999999999923e+36 1.903000000000000025e+00 7.948649999999999518e+28
5.493960000000000000e+12 1.009379999999999992e+31 3.275599999999999775e+36 1.899999999999999911e+00 7.359769999999999937e+28
5.024140000000000000e+12 8.922459999999999572e+30 2.996000000000000217e+36 1.895999999999999908e+00 6.781540000000000261e+28
4.554430000000000000e+12 7.803219999999999757e+30 2.716400000000000070e+36 1.889999999999999902e+00 6.214269999999999603e+28
4.084850000000000000e+12 6.739809999999999953e+30 2.436799999999999922e+36 1.881999999999999895e+00 5.658209999999999687e+28
3.615400000000000000e+12 5.736429999999999565e+30 2.157200000000000069e+36 1.870000000000000107e+00 5.113490000000000423e+28
3.146090000000000000e+12 4.797850000000000173e+30 1.877599999999999921e+36 1.852999999999999980e+00 4.580059999999999884e+28
2.676920000000000000e+12 3.929559999999999878e+30 1.598000000000000069e+36 1.828999999999999959e+00 4.057499999999999642e+28
2.207920000000000000e+12 3.137890000000000039e+30 1.318400000000000068e+36 1.792000000000000037e+00 3.544739999999999954e+28
1.739080000000000000e+12 2.430169999999999903e+30 1.038800000000000068e+36 1.737000000000000099e+00 3.039239999999999980e+28
1.270440000000000000e+12 1.814540000000000012e+30 7.592000000000000680e+35 1.649999999999999911e+00 2.534750000000000164e+28
4.299000000000000000e+11 7.805000000000000069e+29 2.572000000000000181e+35 1.330000000000000071e+00 1.506450000000000062e+28
4.188000000000000000e+11 7.537999999999999717e+29 2.505999999999999897e+35 1.330000000000000071e+00 1.455129999999999927e+28
3.325000000000000000e+11 5.815999999999999745e+29 1.990000000000000163e+35 1.330000000000000071e+00 1.165809999999999924e+28
2.640000000000000000e+11 4.472999999999999815e+29 1.581000000000000083e+35 1.330000000000000071e+00 9.297799999999999813e+27
2.096000000000000000e+11 3.289999999999999843e+29 1.256000000000000028e+35 1.330000000000000071e+00 6.841069999999999801e+27
1.844000000000000000e+11 2.892000000000000018e+29 1.105000000000000000e+35 1.330000000000000071e+00 6.221810000000000396e+27
1.664000000000000000e+11 2.597000000000000095e+29 9.975999999999999784e+34 1.330000000000000071e+00 3.996079999999999920e+27
1.322000000000000000e+11 2.033000000000000102e+29 7.923999999999999875e+34 1.330000000000000071e+00 3.293160000000000158e+27
1.049000000000000000e+11 1.494999999999999961e+29 6.294000000000000085e+34 1.330000000000000071e+00 2.422460000000000012e+27
8.332000000000000000e+10 1.100000000000000064e+29 4.999999999999999843e+34 1.330000000000000071e+00 1.782300000000000002e+27
6.617000000000000000e+10 8.088999999999999432e+28 3.971999999999999897e+34 1.330000000000000071e+00 1.311289999999999924e+27
5.254000000000000000e+10 5.949000000000000344e+28 3.155000000000000010e+34 1.330000000000000071e+00 9.646129999999999985e+26
4.172000000000000000e+10 4.628000000000000126e+28 2.505999999999999897e+34 1.330000000000000071e+00 7.875200000000000595e+26
3.313000000000000000e+10 3.403999999999999866e+28 1.989999999999999932e+34 1.330000000000000071e+00 5.791050000000000196e+26
2.631000000000000000e+10 2.502999999999999803e+28 1.580999999999999991e+34 1.330000000000000071e+00 4.261170000000000143e+26
2.090000000000000000e+10 1.938000000000000082e+28 1.255999999999999936e+34 1.330000000000000071e+00 3.451690000000000088e+26
1.659000000000000000e+10 1.425000000000000067e+28 9.976000000000000246e+33 1.330000000000000071e+00 2.538950000000000110e+26
1.318000000000000000e+10 1.048000000000000007e+28 7.924000000000000337e+33 1.330000000000000071e+00 1.867689999999999969e+26
1.046000000000000000e+10 7.701999999999999683e+27 6.294000000000000085e+33 1.330000000000000071e+00 1.373879999999999975e+26
8.312000000000000000e+09 5.662000000000000348e+27 4.999999999999999728e+33 1.330000000000000071e+00 1.010819999999999921e+26
6.601000000000000000e+09 4.362000000000000029e+27 3.972000000000000127e+33 1.330000000000000071e+00 8.130089999999999436e+25
4.164000000000000000e+09 2.356000000000000079e+27 2.505999999999999955e+33 1.330000000000000071e+00 4.399369999999999874e+25
2.626000000000000000e+09 1.272000000000000034e+27 1.580999999999999991e+33 1.330000000000000071e+00 2.380450000000000180e+25
1.657000000000000000e+09 6.859999999999999767e+26 9.975999999999999957e+32 1.330000000000000071e+00 1.288319999999999913e+25
1.316000000000000000e+09 5.036000000000000296e+26 7.924000000000000337e+32 1.330000000000000071e+00 9.477099999999999527e+24
1.045000000000000000e+09 4.128999999999999924e+26 6.293999999999999941e+32 1.330000000000000071e+00 6.794269999999999770e+24
8.301000000000000000e+08 3.039000000000000162e+26 4.999999999999999728e+32 1.330000000000000071e+00 4.998809999999999830e+24
5.237000000000000000e+08 1.628999999999999891e+26 3.154999999999999923e+32 1.330000000000000071e+00 2.705450000000000161e+24
3.304000000000000000e+08 8.737999999999999925e+25 1.990000000000000076e+32 1.330000000000000071e+00 1.463449999999999964e+24
2.624000000000000000e+08 6.675999999999999817e+25 1.580999999999999919e+32 1.330000000000000071e+00 1.123400000000000065e+24
1.315000000000000000e+08 2.603999999999999941e+25 7.923999999999999616e+31 1.330000000000000071e+00 4.472499999999999827e+23
6.589000000000000000e+07 1.006000000000000014e+25 3.972000000000000199e+31 1.330000000000000071e+00 1.780890000000000165e+23
3.302000000000000000e+07 3.832999999999999839e+24 1.989999999999999986e+31 1.330000000000000071e+00 7.086450000000000092e+22
1.655000000000000000e+07 1.435000000000000086e+24 9.975999999999999642e+30 1.330000000000000071e+00 2.822060000000000131e+22
8.293000000000000000e+06 5.250000000000000315e+23 4.999999999999999818e+30 1.330000000000000071e+00 1.123529999999999934e+22
6.588000000000000000e+06 3.910999999999999759e+23 3.972000000000000087e+30 1.330000000000000071e+00 8.163429999999999541e+21
2.622000000000000000e+06 9.754999999999999214e+22 1.581000000000000009e+30 1.330000000000000071e+00 2.390210000000000197e+21
1.044000000000000000e+06 2.318000000000000105e+22 6.293999999999999902e+29 1.330000000000000071e+00 6.999960000000000000e+20
4.156000000000000000e+05 5.265999999999999476e+21 2.505999999999999907e+29 1.330000000000000071e+00 2.050380000000000000e+20
1.654000000000000000e+05 1.151000000000000000e+21 9.976000000000000768e+28 1.330000000000000071e+00 6.004390000000000000e+19
6.587000000000000000e+04 2.431000000000000000e+20 3.972000000000000263e+28 1.330000000000000071e+00 1.758760000000000000e+19
2.622000000000000000e+04 4.968000000000000000e+19 1.581000000000000061e+28 1.330000000000000071e+00 5.149550000000000000e+18
1.044000000000000000e+04 9.744000000000000000e+18 6.294999999999999717e+27 1.330000000000000071e+00 1.508420000000000000e+18
