9.863951005000000000e+15 7.955402965199999863e+36 1.998960000000000059e+39 1.000000000000000000e+00 0.000000000000000000e+00
9.814667304200000000e+15 7.911047634500000039e+36 1.993959999999999924e+39 1.000000000000000000e+00 0.000000000000000000e+00
9.765507031100000000e+15 7.866803388800000516e+36 1.988960000000000092e+39 1.000000000000000000e+00 0.000000000000000000e+00
9.716470185800000000e+15 7.822670228000000464e+36 1.983959999999999957e+39 1.000000000000000000e+00 0.000000000000000000e+00
9.667556768100000000e+15 7.778648152099999880e+36 1.978960000000000124e+39 1.000000000000000000e+00 0.000000000000000000e+00
9.618766778200000000e+15 7.734737161199999600e+36 1.973959999999999989e+39 1.000000000000000000e+00 0.000000000000000000e+00
9.570100216100000000e+15 7.690937255199999969e+36 1.968959999999999854e+39 1.000000000000000000e+00 0.000000000000000000e+00
9.521557081600000000e+15 7.647248434199999460e+36 1.963960000000000021e+39 1.000000000000000000e+00 0.000000000000000000e+00
9.473137374800000000e+15 7.603670698099999602e+36 1.958959999999999886e+39 1.000000000000000000e+00 0.000000000000000000e+00
9.424841095800000000e+15 7.560204047000000045e+36 1.953960000000000054e+39 1.000000000000000000e+00 0.000000000000000000e+00
9.376668244500000000e+15 7.516848480799999959e+36 1.948959999999999919e+39 1.000000000000000000e+00 0.000000000000000000e+00
9.328618820900000000e+15 7.473603999600000174e+36 1.943960000000000086e+39 1.000000000000000000e+00 0.000000000000000000e+00
9.280692825000000000e+15 7.430470603299999860e+36 1.938959999999999951e+39 1.000000000000000000e+00 0.000000000000000000e+00
9.232890256900000000e+15 7.387448291999999847e+36 1.933960000000000118e+39 1.000000000000000000e+00 0.000000000000000000e+00
9.185211116500000000e+15 7.344537065600000485e+36 1.928959999999999983e+39 1.000000000000000000e+00 0.000000000000000000e+00
9.137655403700000000e+15 7.301736924099999412e+36 1.923960000000000151e+39 1.000000000000000000e+00 0.000000000000000000e+00
9.090223118700000000e+15 7.259047867599999821e+36 1.918960000000000016e+39 1.000000000000000000e+00 0.000000000000000000e+00
9.042914261500000000e+15 7.216469896100000533e+36 1.913959999999999881e+39 1.000000000000000000e+00 0.000000000000000000e+00
8.995728831900000000e+15 7.174003009499999535e+36 1.908960000000000048e+39 1.000000000000000000e+00 0.000000000000000000e+00
8.948666830100000000e+15 7.131647207800000366e+36 1.903959999999999913e+39 1.000000000000000000e+00 0.000000000000000000e+00
8.901728256000000000e+15 7.089402491100000320e+36 1.898960000000000080e+39 1.000000000000000000e+00 0.000000000000000000e+00
8.854913109500000000e+15 7.047268859400000576e+36 1.893959999999999945e+39 1.000000000000000000e+00 0.000000000000000000e+00
8.808221390900000000e+15 7.005246312600000301e+36 1.888960000000000113e+39 1.000000000000000000e+00 0.000000000000000000e+00
8.761653099900000000e+15 6.963334850699999497e+36 1.883959999999999978e+39 1.000000000000000000e+00 0.000000000000000000e+00
8.715208236700000000e+15 6.921534473800000175e+36 1.878960000000000145e+39 1.000000000000000000e+00 0.000000000000000000e+00
8.668886801100000000e+15 6.879845181800000322e+36 1.873960000000000010e+39 1.000000000000000000e+00 0.000000000000000000e+00
8.622688793300000000e+15 6.838266974799999592e+36 1.868959999999999875e+39 1.000000000000000000e+00 0.000000000000000000e+00
8.576614213200000000e+15 6.796799852699999511e+36 1.863960000000000042e+39 1.000000000000000000e+00 0.000000000000000000e+00
8.530663060900000000e+15 6.755443815599999733e+36 1.858959999999999908e+39 1.000000000000000000e+00 0.000000000000000000e+00
8.484835336200000000e+15 6.714198863399999425e+36 1.853960000000000075e+39 1.000000000000000000e+00 0.000000000000000000e+00
8.439131039300000000e+15 6.673064996099999766e+36 1.848959999999999940e+39 1.000000000000000000e+00 0.000000000000000000e+00
8.393550170100000000e+15 6.632042213900000063e+36 1.843960000000000107e+39 1.000000000000000000e+00 0.000000000000000000e+00
8.348092728600000000e+15 6.591130516500000176e+36 1.838959999999999972e+39 1.000000000000000000e+00 0.000000000000000000e+00
8.302758714800000000e+15 6.550329904099999412e+36 1.833960000000000140e+39 1.000000000000000000e+00 0.000000000000000000e+00
8.257548128800000000e+15 6.509640376700000130e+36 1.828960000000000005e+39 1.000000000000000000e+00 0.000000000000000000e+00
8.212460970400000000e+15 6.469061934200000318e+36 1.823959999999999870e+39 1.000000000000000000e+00 0.000000000000000000e+00
8.167497239800000000e+15 6.428594576599999975e+36 1.818960000000000037e+39 1.000000000000000000e+00 0.000000000000000000e+00
8.122656936900000000e+15 6.388238303999999935e+36 1.813959999999999902e+39 1.000000000000000000e+00 0.000000000000000000e+00
8.077940061700000000e+15 6.347993116300000545e+36 1.808960000000000069e+39 1.000000000000000000e+00 0.000000000000000000e+00
8.033346614300000000e+15 6.307859013600000277e+36 1.803959999999999934e+39 1.000000000000000000e+00 0.000000000000000000e+00
7.988876594600000000e+15 6.267835995900000311e+36 1.798960000000000102e+39 1.000000000000000000e+00 0.000000000000000000e+00
7.944530002500000000e+15 6.227924063000000163e+36 1.793959999999999967e+39 1.000000000000000000e+00 0.000000000000000000e+00
7.900306838200000000e+15 6.188123215199999969e+36 1.788960000000000134e+39 1.000000000000000000e+00 0.000000000000000000e+00
7.856207101600000000e+15 6.148433452300000425e+36 1.783959999999999999e+39 1.000000000000000000e+00 0.000000000000000000e+00
7.812230792800000000e+15 6.108854774300000351e+36 1.778959999999999864e+39 1.000000000000000000e+00 0.000000000000000000e+00
7.768377911600000000e+15 6.069387181199999747e+36 1.773960000000000031e+39 1.000000000000000000e+00 0.000000000000000000e+00
7.724648458200000000e+15 6.030030673200000277e+36 1.768959999999999896e+39 1.000000000000000000e+00 0.000000000000000000e+00
7.681042432500000000e+15 5.990785249999999445e+36 1.763960000000000064e+39 1.000000000000000000e+00 0.000000000000000000e+00
7.637559834500000000e+15 5.951650911800000095e+36 1.758959999999999929e+39 1.000000000000000000e+00 0.000000000000000000e+00
7.594200664300000000e+15 5.912627658599999867e+36 1.753960000000000096e+39 1.000000000000000000e+00 0.000000000000000000e+00
7.550964921700000000e+15 5.873715490300000289e+36 1.748959999999999961e+39 1.000000000000000000e+00 0.000000000000000000e+00
7.507852606900000000e+15 5.834914406999999833e+36 1.743960000000000128e+39 1.000000000000000000e+00 0.000000000000000000e+00
7.464863719800000000e+15 5.796224408600000028e+36 1.738959999999999993e+39 1.000000000000000000e+00 0.000000000000000000e+00
7.421998260400000000e+15 5.757645495099999691e+36 1.733959999999999858e+39 1.000000000000000000e+00 0.000000000000000000e+00
7.379256228700000000e+15 5.719177666599999658e+36 1.728960000000000026e+39 1.000000000000000000e+00 0.000000000000000000e+00
7.336637624700000000e+15 5.680820923000000274e+36 1.723959999999999891e+39 1.000000000000000000e+00 0.000000000000000000e+00
7.294142448500000000e+15 5.642575264400000012e+36 1.718960000000000058e+39 1.000000000000000000e+00 0.000000000000000000e+00
7.251770700000000000e+15 5.604440690800000052e+36 1.713959999999999923e+39 1.000000000000000000e+00 0.000000000000000000e+00
7.209522379200000000e+15 5.566417201999999910e+36 1.708960000000000090e+39 1.000000000000000000e+00 0.000000000000000000e+00
7.167397486100000000e+15 5.528504798299999723e+36 1.703959999999999955e+39 1.000000000000000000e+00 0.000000000000000000e+00
7.125396020800000000e+15 5.490703479500000185e+36 1.698960000000000123e+39 1.000000000000000000e+00 0.000000000000000000e+00
7.083517983100000000e+15 5.453013245600000117e+36 1.693959999999999988e+39 1.000000000000000000e+00 0.000000000000000000e+00
7.041763373200000000e+15 5.415434096599999519e+36 1.688959999999999853e+39 1.000000000000000000e+00 0.000000000000000000e+00
7.000132191000000000e+15 5.377966032700000056e+36 1.683960000000000020e+39 1.000000000000000000e+00 0.000000000000000000e+00
6.958624436500000000e+15 5.340609053600000410e+36 1.678959999999999885e+39 1.000000000000000000e+00 0.000000000000000000e+00
6.917240109700000000e+15 5.303363159499999886e+36 1.673960000000000052e+39 1.000000000000000000e+00 0.000000000000000000e+00
6.875979210700000000e+15 5.266228350400000255e+36 1.668959999999999917e+39 1.000000000000000000e+00 0.000000000000000000e+00
6.834841739400000000e+15 5.229204626200000093e+36 1.663960000000000085e+39 1.000000000000000000e+00 0.000000000000000000e+00
6.793827695800000000e+15 5.192291987000000234e+36 1.658959999999999950e+39 1.000000000000000000e+00 0.000000000000000000e+00
6.752937079900000000e+15 5.155490432699999844e+36 1.653960000000000117e+39 1.000000000000000000e+00 0.000000000000000000e+00
6.712169891700000000e+15 5.118799963300000105e+36 1.648959999999999982e+39 1.000000000000000000e+00 0.000000000000000000e+00
6.671526131300000000e+15 5.082220578900000077e+36 1.643960000000000149e+39 1.000000000000000000e+00 0.000000000000000000e+00
6.631005798500000000e+15 5.045752279499999761e+36 1.638960000000000014e+39 1.000000000000000000e+00 0.000000000000000000e+00
6.590608893500000000e+15 5.009395064899999854e+36 1.633959999999999880e+39 1.000000000000000000e+00 0.000000000000000000e+00
6.550335416200000000e+15 4.973148935399999900e+36 1.628960000000000047e+39 1.000000000000000000e+00 0.000000000000000000e+00
6.510185366700000000e+15 4.937013890800000007e+36 1.623959999999999912e+39 1.000000000000000000e+00 0.000000000000000000e+00
6.470158744800000000e+15 4.900989931100000174e+36 1.618960000000000079e+39 1.000000000000000000e+00 0.000000000000000000e+00
6.430255550700000000e+15 4.865077056400000052e+36 1.613959999999999944e+39 1.000000000000000000e+00 0.000000000000000000e+00
6.390475784200000000e+15 4.829275266599999991e+36 1.608960000000000112e+39 1.000000000000000000e+00 0.000000000000000000e+00
6.350819445600000000e+15 4.793584561800000231e+36 1.603959999999999977e+39 1.000000000000000000e+00 0.000000000000000000e+00
6.311286534600000000e+15 4.758004941899999942e+36 1.598960000000000144e+39 1.000000000000000000e+00 0.000000000000000000e+00
6.271877051300000000e+15 4.722536406999999954e+36 1.593960000000000009e+39 1.000000000000000000e+00 0.000000000000000000e+00
6.232590995800000000e+15 4.687178957000000027e+36 1.588959999999999874e+39 1.000000000000000000e+00 0.000000000000000000e+00
6.193428367900000000e+15 4.651932591900000160e+36 1.583960000000000041e+39 1.000000000000000000e+00 0.000000000000000000e+00
6.154389167800000000e+15 4.616797311800000004e+36 1.578959999999999906e+39 1.000000000000000000e+00 0.000000000000000000e+00
6.115473395500000000e+15 4.581773116700000151e+36 1.573960000000000074e+39 1.000000000000000000e+00 0.000000000000000000e+00
6.076681050800000000e+15 4.546860006499999768e+36 1.568959999999999939e+39 1.000000000000000000e+00 0.000000000000000000e+00
6.038012133900000000e+15 4.512057981200000034e+36 1.563960000000000106e+39 1.000000000000000000e+00 0.000000000000000000e+00
5.999466644600000000e+15 4.477367040900000013e+36 1.558959999999999971e+39 1.000000000000000000e+00 0.000000000000000000e+00
5.961044583100000000e+15 4.442787185600000294e+36 1.553960000000000138e+39 1.000000000000000000e+00 0.000000000000000000e+00
5.922745949300000000e+15 4.408318415200000045e+36 1.548960000000000003e+39 1.000000000000000000e+00 0.000000000000000000e+00
5.884570743300000000e+15 4.373960729699999855e+36 1.543959999999999868e+39 1.000000000000000000e+00 0.000000000000000000e+00
5.846518964900000000e+15 4.339714129199999968e+36 1.538960000000000036e+39 1.000000000000000000e+00 0.000000000000000000e+00
5.808590614300000000e+15 4.305578613600000141e+36 1.533959999999999901e+39 1.000000000000000000e+00 0.000000000000000000e+00
5.770785691400000000e+15 4.271554183000000026e+36 1.528960000000000068e+39 1.000000000000000000e+00 0.000000000000000000e+00
5.733104196200000000e+15 4.237640837299999971e+36 1.523959999999999933e+39 1.000000000000000000e+00 0.000000000000000000e+00
5.695546128700000000e+15 4.203838576600000218e+36 1.518960000000000100e+39 1.000000000000000000e+00 0.000000000000000000e+00
5.658111488900000000e+15 4.170147400799999934e+36 1.513959999999999965e+39 1.000000000000000000e+00 0.000000000000000000e+00
5.620800276900000000e+15 4.136567309999999953e+36 1.508960000000000133e+39 1.000000000000000000e+00 0.000000000000000000e+00
5.583612492600000000e+15 4.103098304100000032e+36 1.503959999999999998e+39 1.000000000000000000e+00 0.000000000000000000e+00
5.546548136000000000e+15 4.069740383199999823e+36 1.498959999999999863e+39 1.000000000000000000e+00 0.000000000000000000e+00
5.509607207100000000e+15 4.036493547200000264e+36 1.493960000000000030e+39 1.000000000000000000e+00 0.000000000000000000e+00
5.472789706000000000e+15 4.003357796100000175e+36 1.488959999999999895e+39 1.000000000000000000e+00 0.000000000000000000e+00
5.436095632500000000e+15 3.970333129999999798e+36 1.483960000000000062e+39 1.000000000000000000e+00 0.000000000000000000e+00
5.399524986800000000e+15 3.937419548899999723e+36 1.478959999999999927e+39 1.000000000000000000e+00 0.000000000000000000e+00
5.363077768800000000e+15 3.904617052699999708e+36 1.473960000000000095e+39 1.000000000000000000e+00 0.000000000000000000e+00
5.326753978500000000e+15 3.871925641399999753e+36 1.468959999999999960e+39 1.000000000000000000e+00 0.000000000000000000e+00
5.290553615900000000e+15 3.839345315100000100e+36 1.463960000000000127e+39 1.000000000000000000e+00 0.000000000000000000e+00
5.254476681100000000e+15 3.806876073699999917e+36 1.458959999999999992e+39 1.000000000000000000e+00 0.000000000000000000e+00
5.218523174000000000e+15 3.774517917300000036e+36 1.453959999999999857e+39 1.000000000000000000e+00 0.000000000000000000e+00
5.182693094600000000e+15 3.742270845899999867e+36 1.448960000000000024e+39 1.000000000000000000e+00 0.000000000000000000e+00
5.146986442900000000e+15 3.710134859300000106e+36 1.443959999999999889e+39 1.000000000000000000e+00 0.000000000000000000e+00
5.111403218900000000e+15 3.678109957799999710e+36 1.438960000000000057e+39 1.000000000000000000e+00 0.000000000000000000e+00
5.075943422600000000e+15 3.646196141099999721e+36 1.433959999999999922e+39 1.000000000000000000e+00 0.000000000000000000e+00
5.040607054100000000e+15 3.614393409500000276e+36 1.428960000000000089e+39 1.000000000000000000e+00 0.000000000000000000e+00
5.005394113300000000e+15 3.582701762700000059e+36 1.423959999999999954e+39 1.000000000000000000e+00 0.000000000000000000e+00
4.970304600200000000e+15 3.551121200999999796e+36 1.418960000000000121e+39 1.000000000000000000e+00 0.000000000000000000e+00
4.935338514800000000e+15 3.519651724099999942e+36 1.413959999999999987e+39 1.000000000000000000e+00 0.000000000000000000e+00
4.900495857200000000e+15 3.488293332199999799e+36 1.408959999999999852e+39 1.000000000000000000e+00 0.000000000000000000e+00
4.865776627200000000e+15 3.457046025299999958e+36 1.403960000000000019e+39 1.000000000000000000e+00 0.000000000000000000e+00
4.831180825000000000e+15 3.425909803300000177e+36 1.398959999999999884e+39 1.000000000000000000e+00 0.000000000000000000e+00
4.796708450500000000e+15 3.394884666199999866e+36 1.393960000000000051e+39 1.000000000000000000e+00 0.000000000000000000e+00
4.762359503700000000e+15 3.363970614099999858e+36 1.388959999999999916e+39 1.000000000000000000e+00 0.000000000000000000e+00
4.728133984700000000e+15 3.333167647000000151e+36 1.383960000000000084e+39 1.000000000000000000e+00 0.000000000000000000e+00
4.694031893300000000e+15 3.302475764799999915e+36 1.378959999999999949e+39 1.000000000000000000e+00 0.000000000000000000e+00
4.660053229700000000e+15 3.271894967499999738e+36 1.373960000000000116e+39 1.000000000000000000e+00 0.000000000000000000e+00
4.626197993800000000e+15 3.241425255199999863e+36 1.368959999999999981e+39 1.000000000000000000e+00 0.000000000000000000e+00
4.592466185600000000e+15 3.211066627800000049e+36 1.363960000000000148e+39 1.000000000000000000e+00 0.000000000000000000e+00
4.558857805200000000e+15 3.180819085399999946e+36 1.358960000000000013e+39 1.000000000000000000e+00 0.000000000000000000e+00
4.525372852400000000e+15 3.150682627899999903e+36 1.353960000000000029e+39 1.000000000000000000e+00 0.000000000000000000e+00
4.492011327400000000e+15 3.120657255400000163e+36 1.348960000000000046e+39 1.000000000000000000e+00 0.000000000000000000e+00
4.458773230100000000e+15 3.090742967799999892e+36 1.343960000000000062e+39 1.000000000000000000e+00 0.000000000000000000e+00
4.425658560500000000e+15 3.060939765199999924e+36 1.338959999999999927e+39 1.000000000000000000e+00 0.000000000000000000e+00
4.392667318600000000e+15 3.031247647500000015e+36 1.333959999999999943e+39 1.000000000000000000e+00 0.000000000000000000e+00
4.359799504500000000e+15 3.001666614799999819e+36 1.328959999999999959e+39 1.000000000000000000e+00 0.000000000000000000e+00
4.327055118000000000e+15 2.972196667000000272e+36 1.323959999999999975e+39 1.000000000000000000e+00 0.000000000000000000e+00
4.294434159300000000e+15 2.942837804199999848e+36 1.318959999999999991e+39 1.000000000000000000e+00 0.000000000000000000e+00
4.261936628300000000e+15 2.913590026300000074e+36 1.313960000000000008e+39 1.000000000000000000e+00 0.000000000000000000e+00
4.229562525000000000e+15 2.884453333299999769e+36 1.308960000000000024e+39 1.000000000000000000e+00 0.000000000000000000e+00
4.197311849500000000e+15 2.855427725299999766e+36 1.303960000000000040e+39 1.000000000000000000e+00 0.000000000000000000e+00
4.165184601600000000e+15 2.826513202300000066e+36 1.298960000000000056e+39 1.000000000000000000e+00 0.000000000000000000e+00
4.133180781500000000e+15 2.797709764100000184e+36 1.293960000000000072e+39 1.000000000000000000e+00 0.000000000000000000e+00
4.101300389100000000e+15 2.769017411000000256e+36 1.288959999999999937e+39 1.000000000000000000e+00 0.000000000000000000e+00
4.069543424400000000e+15 2.740436142799999797e+36 1.283959999999999954e+39 1.000000000000000000e+00 0.000000000000000000e+00
4.037909887500000000e+15 2.711965959499999989e+36 1.278959999999999970e+39 1.000000000000000000e+00 0.000000000000000000e+00
4.006399778200000000e+15 2.683606861199999892e+36 1.273959999999999986e+39 1.000000000000000000e+00 0.000000000000000000e+00
3.975013096700000000e+15 2.655358847799999856e+36 1.268960000000000002e+39 1.000000000000000000e+00 0.000000000000000000e+00
3.943749842900000000e+15 2.627221919400000122e+36 1.263960000000000018e+39 1.000000000000000000e+00 0.000000000000000000e+00
3.912610016800000000e+15 2.599196075899999857e+36 1.258960000000000034e+39 1.000000000000000000e+00 0.000000000000000000e+00
3.881593618500000000e+15 2.571281317399999895e+36 1.253960000000000051e+39 1.000000000000000000e+00 0.000000000000000000e+00
3.850700647800000000e+15 2.543477643799999993e+36 1.248960000000000067e+39 1.000000000000000000e+00 0.000000000000000000e+00
3.819931104900000000e+15 2.515785055200000098e+36 1.243959999999999932e+39 1.000000000000000000e+00 0.000000000000000000e+00
3.789284989700000000e+15 2.488203551499999968e+36 1.238959999999999948e+39 1.000000000000000000e+00 0.000000000000000000e+00
3.758762302200000000e+15 2.460733132699999897e+36 1.233959999999999964e+39 1.000000000000000000e+00 0.000000000000000000e+00
3.728363042400000000e+15 2.433373798900000129e+36 1.228959999999999980e+39 1.000000000000000000e+00 0.000000000000000000e+00
3.698087210400000000e+15 2.406125550100000073e+36 1.223959999999999996e+39 1.000000000000000000e+00 0.000000000000000000e+00
3.667934806000000000e+15 2.378988386200000077e+36 1.218960000000000013e+39 1.000000000000000000e+00 0.000000000000000000e+00
3.637905829400000000e+15 2.351962307200000141e+36 1.213960000000000029e+39 1.000000000000000000e+00 0.000000000000000000e+00
3.608000280500000000e+15 2.325047313199999917e+36 1.208960000000000045e+39 1.000000000000000000e+00 0.000000000000000000e+00
3.578218159300000000e+15 2.298243404199999995e+36 1.203960000000000061e+39 1.000000000000000000e+00 0.000000000000000000e+00
3.548559465900000000e+15 2.271550580100000133e+36 1.198959999999999926e+39 1.000000000000000000e+00 0.000000000000000000e+00
3.519024200100000000e+15 2.244968840900000036e+36 1.193959999999999942e+39 1.000000000000000000e+00 0.000000000000000000e+00
3.489612362100000000e+15 2.218498186699999946e+36 1.188959999999999959e+39 1.000000000000000000e+00 0.000000000000000000e+00
3.460323951800000000e+15 2.192138617399999916e+36 1.183959999999999975e+39 1.000000000000000000e+00 0.000000000000000000e+00
3.431158969200000000e+15 2.165890133099999893e+36 1.178959999999999991e+39 1.000000000000000000e+00 0.000000000000000000e+00
3.402117414400000000e+15 2.139752733699999930e+36 1.173960000000000007e+39 1.000000000000000000e+00 0.000000000000000000e+00
3.373199287200000000e+15 2.113726419299999974e+36 1.168960000000000023e+39 1.000000000000000000e+00 0.000000000000000000e+00
3.344404587800000000e+15 2.087811189800000078e+36 1.163960000000000039e+39 1.000000000000000000e+00 0.000000000000000000e+00
3.315733316100000000e+15 2.062007045299999894e+36 1.158960000000000056e+39 1.000000000000000000e+00 0.000000000000000000e+00
3.287185472100000000e+15 2.036313985700000065e+36 1.153960000000000072e+39 1.000000000000000000e+00 0.000000000000000000e+00
3.258761055900000000e+15 2.010732011000000001e+36 1.148959999999999937e+39 1.000000000000000000e+00 0.000000000000000000e+00
3.230460067300000000e+15 1.985261121299999944e+36 1.143959999999999953e+39 1.000000000000000000e+00 0.000000000000000000e+00
3.202282506500000000e+15 1.959901316599999894e+36 1.138959999999999969e+39 1.000000000000000000e+00 0.000000000000000000e+00
3.174228373400000000e+15 1.934652596799999904e+36 1.133959999999999985e+39 1.000000000000000000e+00 0.000000000000000000e+00
3.146297668000000000e+15 1.909514961899999975e+36 1.128960000000000001e+39 1.000000000000000000e+00 0.000000000000000000e+00
3.118490390300000000e+15 1.884488412000000052e+36 1.123960000000000018e+39 1.000000000000000000e+00 0.000000000000000000e+00
3.090806540300000000e+15 1.859572947100000136e+36 1.118960000000000034e+39 1.000000000000000000e+00 0.000000000000000000e+00
3.063246118100000000e+15 1.834768567099999985e+36 1.113960000000000050e+39 1.000000000000000000e+00 0.000000000000000000e+00
3.035809123600000000e+15 1.810075271999999894e+36 1.108960000000000066e+39 1.000000000000000000e+00 0.000000000000000000e+00
3.008495556800000000e+15 1.785493061900000106e+36 1.103959999999999931e+39 1.000000000000000000e+00 0.000000000000000000e+00
2.981305417700000000e+15 1.761021936700000082e+36 1.098959999999999947e+39 1.000000000000000000e+00 0.000000000000000000e+00
2.954238706400000000e+15 1.736661896500000065e+36 1.093959999999999963e+39 1.000000000000000000e+00 0.000000000000000000e+00
2.927295422700000000e+15 1.712412941200000109e+36 1.088959999999999980e+39 1.000000000000000000e+00 0.000000000000000000e+00
2.900475566800000000e+15 1.688275070899999864e+36 1.083959999999999996e+39 1.000000000000000000e+00 0.000000000000000000e+00
2.873779138600000000e+15 1.664248285499999974e+36 1.078960000000000012e+39 1.000000000000000000e+00 0.000000000000000000e+00
2.847206138100000000e+15 1.640332585100000092e+36 1.073960000000000028e+39 1.000000000000000000e+00 0.000000000000000000e+00
2.820756565400000000e+15 1.616527969599999974e+36 1.068960000000000044e+39 1.000000000000000000e+00 0.000000000000000000e+00
2.794430420300000000e+15 1.592834439099999863e+36 1.063960000000000060e+39 1.000000000000000000e+00 0.000000000000000000e+00
2.768227703000000000e+15 1.569251993500000108e+36 1.058959999999999926e+39 1.000000000000000000e+00 0.000000000000000000e+00
2.742148413400000000e+15 1.545780632800000117e+36 1.053959999999999942e+39 1.000000000000000000e+00 0.000000000000000000e+00
2.716192551500000000e+15 1.522420357100000134e+36 1.048959999999999958e+39 1.000000000000000000e+00 0.000000000000000000e+00
2.690360117300000000e+15 1.499171166399999862e+36 1.043959999999999974e+39 1.000000000000000000e+00 0.000000000000000000e+00
2.664651110900000000e+15 1.476033060599999946e+36 1.038959999999999990e+39 1.000000000000000000e+00 0.000000000000000000e+00
2.639065532200000000e+15 1.453006039700000089e+36 1.033960000000000006e+39 1.000000000000000000e+00 0.000000000000000000e+00
2.613603381100000000e+15 1.430090103799999945e+36 1.028960000000000023e+39 1.000000000000000000e+00 0.000000000000000000e+00
2.588264657800000000e+15 1.407285252799999860e+36 1.023960000000000039e+39 1.000000000000000000e+00 0.000000000000000000e+00
2.563049362300000000e+15 1.384591486800000078e+36 1.018960000000000055e+39 1.000000000000000000e+00 0.000000000000000000e+00
2.537957494400000000e+15 1.362008805800000007e+36 1.013960000000000071e+39 1.000000000000000000e+00 0.000000000000000000e+00
2.512989054300000000e+15 1.339537209600000050e+36 1.008959999999999936e+39 1.000000000000000000e+00 0.000000000000000000e+00
2.488144041900000000e+15 1.317176698500000047e+36 1.003959999999999952e+39 1.000000000000000000e+00 0.000000000000000000e+00
2.463432321100000000e+15 1.294936149799999956e+36 9.989619999999999914e+38 1.000000000000000000e+00 0.000000000000000000e+00
2.438834114800000000e+15 1.272797764100000052e+36 9.939620000000000075e+38 1.000000000000000000e+00 0.000000000000000000e+00
2.414359336200000000e+15 1.250770463300000061e+36 9.889620000000000237e+38 1.000000000000000000e+00 0.000000000000000000e+00
2.390007985200000000e+15 1.228854247499999930e+36 9.839620000000000399e+38 1.000000000000000000e+00 0.000000000000000000e+00
2.365780062100000000e+15 1.207049116600000006e+36 9.789620000000000560e+38 1.000000000000000000e+00 0.000000000000000000e+00
2.341675566600000000e+15 1.185355070699999942e+36 9.739620000000000722e+38 1.000000000000000000e+00 0.000000000000000000e+00
2.317694498800000000e+15 1.163772109699999937e+36 9.689619999999999373e+38 1.000000000000000000e+00 0.000000000000000000e+00
2.293836858800000000e+15 1.142300233699999940e+36 9.639619999999999534e+38 1.000000000000000000e+00 0.000000000000000000e+00
2.270102646500000000e+15 1.120939442600000003e+36 9.589619999999999696e+38 1.000000000000000000e+00 0.000000000000000000e+00
2.246491861900000000e+15 1.099689736500000073e+36 9.539619999999999858e+38 1.000000000000000000e+00 0.000000000000000000e+00
2.223004505000000000e+15 1.078551115300000055e+36 9.489620000000000019e+38 1.000000000000000000e+00 0.000000000000000000e+00
2.199640575800000000e+15 1.057523578999999950e+36 9.439620000000000181e+38 1.000000000000000000e+00 0.000000000000000000e+00
2.176400074400000000e+15 1.036607127699999999e+36 9.389620000000000343e+38 1.000000000000000000e+00 0.000000000000000000e+00
2.153283000700000000e+15 1.015801761400000055e+36 9.339620000000000504e+38 1.000000000000000000e+00 0.000000000000000000e+00
2.130289354700000000e+15 9.951074799800000642e+35 9.289620000000000666e+38 1.000000000000000000e+00 0.000000000000000000e+00
2.107419136400000000e+15 9.745242835300000665e+35 9.239619999999999317e+38 1.000000000000000000e+00 0.000000000000000000e+00
2.084672345800000000e+15 9.540521720200000487e+35 9.189619999999999478e+38 1.000000000000000000e+00 0.000000000000000000e+00
2.062048983000000000e+15 9.336911454600000643e+35 9.139619999999999640e+38 1.000000000000000000e+00 0.000000000000000000e+00
2.039549047900000000e+15 9.134412038400000598e+35 9.089619999999999802e+38 1.000000000000000000e+00 0.000000000000000000e+00
2.017172540500000000e+15 8.933023471799999950e+35 9.039619999999999963e+38 1.000000000000000000e+00 0.000000000000000000e+00
1.994919460800000000e+15 8.732745754600000575e+35 8.989620000000000125e+38 1.000000000000000000e+00 0.000000000000000000e+00
1.972789808800000000e+15 8.533578886900000061e+35 8.939620000000000287e+38 1.000000000000000000e+00 0.000000000000000000e+00
1.950783584500000000e+15 8.335522868599999344e+35 8.889620000000000448e+38 1.000000000000000000e+00 0.000000000000000000e+00
1.928900788000000000e+15 8.138577699899999500e+35 8.839620000000000610e+38 1.000000000000000000e+00 0.000000000000000000e+00
1.907141419200000000e+15 7.942743380500000392e+35 8.789619999999999261e+38 1.000000000000000000e+00 0.000000000000000000e+00
1.885505478100000000e+15 7.748019910700000681e+35 8.739619999999999422e+38 1.000000000000000000e+00 0.000000000000000000e+00
1.863992964700000000e+15 7.554407290399999830e+35 8.689619999999999584e+38 1.000000000000000000e+00 0.000000000000000000e+00
1.842603879100000000e+15 7.361905519500000252e+35 8.639619999999999746e+38 1.000000000000000000e+00 0.000000000000000000e+00
1.821338221100000000e+15 7.170514598000000473e+35 8.589619999999999907e+38 1.000000000000000000e+00 0.000000000000000000e+00
1.800195990900000000e+15 6.980234526100000090e+35 8.539620000000000069e+38 1.000000000000000000e+00 0.000000000000000000e+00
1.779177188400000000e+15 6.791065303599999506e+35 8.489620000000000231e+38 3.347417840399999900e+00 0.000000000000000000e+00
1.764298303100000000e+15 6.658104067199999811e+35 8.439620000000000392e+38 3.347417840399999900e+00 0.000000000000000000e+00
1.749506336400000000e+15 6.526979139600000254e+35 8.389620000000000554e+38 3.347417840399999900e+00 0.000000000000000000e+00
1.734800595200000000e+15 6.397675877300000091e+35 8.339620000000000716e+38 3.347417840399999900e+00 0.000000000000000000e+00
1.720180387700000000e+15 6.270179667000000042e+35 8.289619999999999366e+38 3.347417840399999900e+00 0.000000000000000000e+00
1.705645023900000000e+15 6.144475925900000220e+35 8.239619999999999528e+38 3.347417840399999900e+00 0.000000000000000000e+00
1.691193814700000000e+15 6.020550101600000328e+35 8.189619999999999690e+38 3.347417840399999900e+00 0.000000000000000000e+00
1.676826072900000000e+15 5.898387672399999796e+35 8.139619999999999851e+38 3.347417840399999900e+00 0.000000000000000000e+00
1.662541112600000000e+15 5.777974147500000334e+35 8.089620000000000013e+38 3.347417840399999900e+00 0.000000000000000000e+00
1.648338249300000000e+15 5.659295066699999889e+35 8.039620000000000175e+38 3.347417840399999900e+00 0.000000000000000000e+00
1.634216800100000000e+15 5.542336001199999899e+35 7.989620000000000336e+38 3.347417840399999900e+00 0.000000000000000000e+00
1.620176083400000000e+15 5.427082552999999853e+35 7.939620000000000498e+38 3.347417840399999900e+00 0.000000000000000000e+00
1.606215419200000000e+15 5.313520355600000317e+35 7.889620000000000660e+38 3.347417840399999900e+00 0.000000000000000000e+00
1.592334129100000000e+15 5.201635073699999844e+35 7.839619999999999310e+38 3.347417840399999900e+00 0.000000000000000000e+00
1.578531535900000000e+15 5.091412403699999877e+35 7.789619999999999472e+38 3.347417840399999900e+00 0.000000000000000000e+00
1.564806964100000000e+15 4.982838073599999781e+35 7.739619999999999634e+38 3.347417840399999900e+00 0.000000000000000000e+00
1.551159739700000000e+15 4.875897843200000136e+35 7.689619999999999795e+38 3.347417840399999900e+00 0.000000000000000000e+00
1.537589190200000000e+15 4.770577504099999782e+35 7.639619999999999957e+38 3.347417840399999900e+00 0.000000000000000000e+00
1.524094644500000000e+15 4.666862880199999986e+35 7.589620000000000119e+38 3.347417840399999900e+00 0.000000000000000000e+00
1.510675433200000000e+15 4.564739827399999872e+35 7.539620000000000280e+38 3.347417840399999900e+00 0.000000000000000000e+00
1.497330888400000000e+15 4.464194234000000053e+35 7.489620000000000442e+38 3.347417840399999900e+00 0.000000000000000000e+00
1.484060343500000000e+15 4.365212020800000213e+35 7.439620000000000604e+38 3.347417840399999900e+00 0.000000000000000000e+00
1.470863133700000000e+15 4.267779141199999647e+35 7.389619999999999254e+38 3.347417840399999900e+00 0.000000000000000000e+00
1.457738595700000000e+15 4.171881581300000010e+35 7.339619999999999416e+38 3.347417840399999900e+00 0.000000000000000000e+00
1.444686067800000000e+15 4.077505360300000089e+35 7.289619999999999578e+38 3.347417840399999900e+00 0.000000000000000000e+00
1.431704889700000000e+15 3.984636530100000295e+35 7.239619999999999739e+38 3.347417840399999900e+00 0.000000000000000000e+00
1.418794402800000000e+15 3.893261176200000120e+35 7.189619999999999901e+38 3.347417840399999900e+00 0.000000000000000000e+00
1.405953950000000000e+15 3.803365417199999878e+35 7.139620000000000063e+38 3.347417840399999900e+00 0.000000000000000000e+00
1.393182876000000000e+15 3.714935405199999903e+35 7.089620000000000224e+38 3.347417840399999900e+00 0.000000000000000000e+00
1.380480526800000000e+15 3.627957326000000147e+35 7.039620000000000386e+38 3.347417840399999900e+00 0.000000000000000000e+00
1.367846250100000000e+15 3.542417399400000322e+35 6.989620000000000548e+38 3.347417840399999900e+00 0.000000000000000000e+00
1.355279395300000000e+15 3.458301878700000154e+35 6.939620000000000710e+38 3.347417840399999900e+00 0.000000000000000000e+00
1.342779313400000000e+15 3.375597051800000142e+35 6.889619999999999360e+38 3.347417840399999900e+00 0.000000000000000000e+00
1.330345356900000000e+15 3.294289240600000169e+35 6.839619999999999522e+38 3.347417840399999900e+00 0.000000000000000000e+00
1.317976879900000000e+15 3.214364801499999980e+35 6.789619999999999683e+38 3.347417840399999900e+00 0.000000000000000000e+00
1.305673238500000000e+15 3.135810125599999886e+35 6.739619999999999845e+38 3.347417840399999900e+00 0.000000000000000000e+00
1.293433789900000000e+15 3.058611638599999860e+35 6.689620000000000007e+38 3.347417840399999900e+00 0.000000000000000000e+00
1.281257893500000000e+15 2.982755801400000177e+35 6.639620000000000168e+38 3.347417840399999900e+00 0.000000000000000000e+00
1.269144910000000000e+15 2.908229109700000003e+35 6.589620000000000330e+38 3.347417840399999900e+00 0.000000000000000000e+00
1.257094201800000000e+15 2.835018094700000052e+35 6.539619999999999736e+38 3.347417840399999900e+00 0.000000000000000000e+00
1.245105133100000000e+15 2.763109322999999830e+35 6.489619999999999898e+38 3.347417840399999900e+00 0.000000000000000000e+00
1.233177069800000000e+15 2.692489396899999993e+35 6.439620000000000060e+38 3.347417840399999900e+00 0.000000000000000000e+00
1.221309379400000000e+15 2.623144954400000126e+35 6.389620000000000221e+38 3.347417840399999900e+00 0.000000000000000000e+00
1.209501431100000000e+15 2.555062669499999992e+35 6.339619999999999627e+38 3.347417840399999900e+00 0.000000000000000000e+00
1.197752595900000000e+15 2.488229252500000032e+35 6.289619999999999789e+38 3.347417840399999900e+00 0.000000000000000000e+00
1.186062246400000000e+15 2.422631449900000098e+35 6.239619999999999951e+38 3.347417840399999900e+00 0.000000000000000000e+00
1.174429757100000000e+15 2.358256045000000086e+35 6.189620000000000113e+38 3.347417840399999900e+00 0.000000000000000000e+00
1.162854504100000000e+15 2.295089857600000176e+35 6.139620000000000274e+38 3.347417840399999900e+00 0.000000000000000000e+00
1.151335865300000000e+15 2.233119744499999823e+35 6.089619999999999680e+38 3.347417840399999900e+00 0.000000000000000000e+00
1.139873220300000000e+15 2.172332599600000147e+35 6.039619999999999842e+38 3.347417840399999900e+00 0.000000000000000000e+00
1.128465950500000000e+15 2.112715354399999973e+35 5.989620000000000004e+38 3.347417840399999900e+00 0.000000000000000000e+00
1.117113439200000000e+15 2.054254977599999956e+35 5.939620000000000165e+38 3.347417840399999900e+00 0.000000000000000000e+00
1.105815071300000000e+15 1.996938475800000072e+35 5.889620000000000327e+38 3.347417840399999900e+00 0.000000000000000000e+00
1.094570233600000000e+15 1.940752893399999816e+35 5.839619999999999733e+38 3.347417840399999900e+00 0.000000000000000000e+00
1.083378314700000000e+15 1.885685313300000121e+35 5.789619999999999895e+38 3.347417840399999900e+00 0.000000000000000000e+00
1.072238704900000000e+15 1.831722856300000136e+35 5.739620000000000057e+38 3.347417840399999900e+00 0.000000000000000000e+00
1.061150796500000000e+15 1.778852682200000182e+35 5.689620000000000218e+38 3.347417840399999900e+00 0.000000000000000000e+00
1.050113983600000000e+15 1.727061989300000172e+35 5.639619999999999624e+38 3.347417840399999900e+00 0.000000000000000000e+00
1.039127662000000000e+15 1.676338015100000059e+35 5.589619999999999786e+38 3.347417840399999900e+00 0.000000000000000000e+00
1.028191229600000000e+15 1.626668036399999995e+35 5.539619999999999948e+38 3.347417840399999900e+00 0.000000000000000000e+00
1.017304085800000000e+15 1.578039369199999988e+35 5.489620000000000109e+38 3.347417840399999900e+00 0.000000000000000000e+00
1.006465632400000000e+15 1.530439369499999950e+35 5.439620000000000271e+38 3.347417840399999900e+00 0.000000000000000000e+00
9.956752725900000000e+14 1.483855433099999921e+35 5.389619999999999677e+38 3.347417840399999900e+00 0.000000000000000000e+00
9.849324117600000000e+14 1.438274996000000000e+35 5.339619999999999839e+38 3.347417840399999900e+00 0.000000000000000000e+00
9.742364571200000000e+14 1.393685534799999915e+35 5.289620000000000001e+38 3.347417840399999900e+00 0.000000000000000000e+00
9.635868178200000000e+14 1.350074566499999976e+35 5.239620000000000162e+38 3.347417840399999900e+00 0.000000000000000000e+00
9.529829049200000000e+14 1.307429649200000042e+35 5.189620000000000324e+38 3.347417840399999900e+00 0.000000000000000000e+00
9.424241314800000000e+14 1.265738382100000076e+35 5.139619999999999730e+38 3.347417840399999900e+00 0.000000000000000000e+00
9.319099124600000000e+14 1.224988405900000076e+35 5.089619999999999892e+38 3.347417840399999900e+00 0.000000000000000000e+00
9.214396648600000000e+14 1.185167403100000035e+35 5.039620000000000053e+38 3.347417840399999900e+00 0.000000000000000000e+00
9.110128076000000000e+14 1.146263097899999949e+35 4.989620000000000215e+38 3.347417840399999900e+00 0.000000000000000000e+00
9.006287616600000000e+14 1.108263256900000081e+35 4.939620000000000377e+38 3.347417840399999900e+00 0.000000000000000000e+00
8.902869499900000000e+14 1.071155689300000003e+35 4.889619999999999783e+38 3.347417840399999900e+00 0.000000000000000000e+00
8.799867975800000000e+14 1.034928247000000058e+35 4.839619999999999945e+38 3.347417840399999900e+00 0.000000000000000000e+00
8.697277314600000000e+14 9.995688248900000391e+34 4.789620000000000106e+38 3.347417840399999900e+00 0.000000000000000000e+00
8.595091807200000000e+14 9.650653614200000772e+34 4.739620000000000268e+38 3.347417840399999900e+00 0.000000000000000000e+00
8.493305765000000000e+14 9.314058386100000688e+34 4.689619999999999674e+38 3.347417840399999900e+00 0.000000000000000000e+00
8.391913520300000000e+14 8.985782824300000199e+34 4.639619999999999836e+38 3.347417840399999900e+00 0.000000000000000000e+00
8.290909426500000000e+14 8.665707631500000833e+34 4.589619999999999997e+38 3.347417840399999900e+00 0.000000000000000000e+00
8.190287857800000000e+14 8.353713956299999770e+34 4.539620000000000159e+38 3.347417840399999900e+00 0.000000000000000000e+00
8.090043209900000000e+14 8.049683396099999714e+34 4.489620000000000321e+38 3.347417840399999900e+00 0.000000000000000000e+00
7.990169899800000000e+14 7.753498000699999835e+34 4.439619999999999727e+38 3.347417840399999900e+00 0.000000000000000000e+00
7.890662366000000000e+14 7.465040275299999903e+34 4.389619999999999889e+38 3.347417840399999900e+00 0.000000000000000000e+00
7.791515069000000000e+14 7.184193183800000130e+34 4.339620000000000050e+38 3.347417840399999900e+00 0.000000000000000000e+00
7.692707823100000000e+14 6.953737065499999590e+34 4.289620000000000212e+38 2.470588235300000157e+00 0.000000000000000000e+00
7.594164820200000000e+14 6.755201427299999685e+34 4.239620000000000374e+38 2.470588235300000157e+00 0.000000000000000000e+00
7.495879735000000000e+14 6.560079404899999925e+34 4.189619999999999780e+38 2.470588235300000157e+00 0.000000000000000000e+00
7.397851131600000000e+14 6.368351993499999989e+34 4.139619999999999941e+38 2.470588235300000157e+00 0.000000000000000000e+00
7.300077564800000000e+14 6.180000067699999558e+34 4.089620000000000103e+38 2.470588235300000157e+00 0.000000000000000000e+00
7.202557580400000000e+14 5.995004379399999756e+34 4.039620000000000265e+38 2.470588235300000157e+00 0.000000000000000000e+00
7.105289714600000000e+14 5.813345555500000379e+34 3.989619999999999671e+38 2.470588235300000157e+00 0.000000000000000000e+00
7.008272494200000000e+14 5.635004095500000092e+34 3.939619999999999833e+38 2.470588235300000157e+00 0.000000000000000000e+00
6.911504435800000000e+14 5.459960369299999918e+34 3.889619999999999994e+38 2.470588235300000157e+00 0.000000000000000000e+00
6.814984046300000000e+14 5.288194614100000223e+34 3.839620000000000156e+38 2.470588235300000157e+00 0.000000000000000000e+00
6.718709822400000000e+14 5.119686932400000111e+34 3.789620000000000318e+38 2.470588235300000157e+00 0.000000000000000000e+00
6.622680250300000000e+14 4.954417288899999952e+34 3.739619999999999724e+38 2.470588235300000157e+00 0.000000000000000000e+00
6.526893805600000000e+14 4.792365507999999927e+34 3.689619999999999885e+38 2.470588235300000157e+00 0.000000000000000000e+00
6.431348953000000000e+14 4.633511270599999991e+34 3.639620000000000047e+38 2.470588235300000157e+00 0.000000000000000000e+00
6.336044146400000000e+14 4.477834111299999945e+34 3.589620000000000209e+38 2.470588235300000157e+00 0.000000000000000000e+00
6.240977828100000000e+14 4.325313415499999716e+34 3.539620000000000371e+38 2.470588235300000157e+00 0.000000000000000000e+00
6.146148429100000000e+14 4.175928415899999911e+34 3.489619999999999777e+38 2.470588235300000157e+00 0.000000000000000000e+00
6.051554368400000000e+14 4.029658189099999868e+34 3.439619999999999938e+38 2.470588235300000157e+00 0.000000000000000000e+00
5.957194053300000000e+14 3.886481652599999980e+34 3.389620000000000100e+38 2.470588235300000157e+00 0.000000000000000000e+00
5.863065878400000000e+14 3.746377560899999823e+34 3.339619999999999884e+38 2.470588235300000157e+00 0.000000000000000000e+00
5.769168226000000000e+14 3.609324502099999898e+34 3.289620000000000046e+38 2.470588235300000157e+00 0.000000000000000000e+00
5.675499465400000000e+14 3.475300893699999899e+34 3.239619999999999829e+38 2.470588235300000157e+00 0.000000000000000000e+00
5.582057952800000000e+14 3.344284978900000132e+34 3.189619999999999991e+38 2.470588235300000157e+00 0.000000000000000000e+00
5.488842030800000000e+14 3.216254822299999988e+34 3.139620000000000153e+38 2.470588235300000157e+00 0.000000000000000000e+00
5.395850028300000000e+14 3.091188305699999899e+34 3.089619999999999937e+38 2.470588235300000157e+00 0.000000000000000000e+00
5.303080259900000000e+14 2.969063123700000011e+34 3.039620000000000098e+38 2.470588235300000157e+00 0.000000000000000000e+00
5.210531025900000000e+14 2.849856778900000117e+34 2.989619999999999882e+38 2.470588235300000157e+00 0.000000000000000000e+00
5.118200611600000000e+14 2.733546576999999790e+34 2.939620000000000044e+38 2.470588235300000157e+00 0.000000000000000000e+00
5.026087287100000000e+14 2.620109622099999963e+34 2.889619999999999828e+38 2.470588235300000157e+00 0.000000000000000000e+00
4.934189306700000000e+14 2.509522810799999991e+34 2.839619999999999990e+38 2.470588235300000157e+00 0.000000000000000000e+00
4.842504908900000000e+14 2.401762827500000155e+34 2.789620000000000151e+38 2.470588235300000157e+00 0.000000000000000000e+00
4.751032315500000000e+14 2.296806137699999863e+34 2.739619999999999935e+38 2.470588235300000157e+00 0.000000000000000000e+00
4.659769731400000000e+14 2.194628982999999836e+34 2.689620000000000097e+38 2.470588235300000157e+00 0.000000000000000000e+00
4.568715344100000000e+14 2.095207373899999925e+34 2.639619999999999881e+38 2.470588235300000157e+00 0.000000000000000000e+00
4.477867323200000000e+14 1.998517083800000075e+34 2.589620000000000042e+38 2.470588235300000157e+00 0.000000000000000000e+00
4.387223819600000000e+14 1.904533641799999984e+34 2.539619999999999826e+38 2.470588235300000157e+00 0.000000000000000000e+00
4.296782965500000000e+14 1.813232325499999936e+34 2.489619999999999988e+38 2.470588235300000157e+00 0.000000000000000000e+00
4.206800000000000000e+14 1.729910000000000023e+34 2.439620000000000150e+38 2.741999999999999993e+00 0.000000000000000000e+00
4.116360000000000000e+14 1.636909999999999942e+34 2.389619999999999934e+38 2.746999999999999886e+00 0.000000000000000000e+00
4.026140000000000000e+14 1.547089999999999949e+34 2.339620000000000095e+38 2.753000000000000114e+00 0.000000000000000000e+00
3.936130000000000000e+14 1.460400000000000069e+34 2.289619999999999879e+38 2.758999999999999897e+00 0.000000000000000000e+00
3.846340000000000000e+14 1.376799999999999996e+34 2.239620000000000041e+38 2.766000000000000014e+00 0.000000000000000000e+00
3.756760000000000000e+14 1.296239999999999984e+34 2.189619999999999825e+38 2.771999999999999797e+00 0.000000000000000000e+00
3.667400000000000000e+14 1.218679999999999960e+34 2.139619999999999986e+38 2.778999999999999915e+00 0.000000000000000000e+00
3.578240000000000000e+14 1.144069999999999947e+34 2.089620000000000148e+38 2.786000000000000032e+00 0.000000000000000000e+00
3.489290000000000000e+14 1.072359999999999968e+34 2.039619999999999932e+38 2.794000000000000039e+00 0.000000000000000000e+00
3.400540000000000000e+14 1.003500000000000047e+34 1.989620000000000094e+38 2.801000000000000156e+00 0.000000000000000000e+00
3.312000000000000000e+14 9.374440000000000289e+33 1.939619999999999878e+38 2.809000000000000163e+00 0.000000000000000000e+00
3.223660000000000000e+14 8.741429999999999516e+33 1.889620000000000039e+38 2.817000000000000171e+00 0.000000000000000000e+00
3.135520000000000000e+14 8.135430000000000150e+33 1.839619999999999823e+38 2.826000000000000068e+00 0.000000000000000000e+00
3.047570000000000000e+14 7.555909999999999716e+33 1.789619999999999985e+38 2.834000000000000075e+00 0.000000000000000000e+00
2.959830000000000000e+14 7.002330000000000218e+33 1.739620000000000147e+38 2.843999999999999861e+00 0.000000000000000000e+00
2.872280000000000000e+14 6.474119999999999801e+33 1.689619999999999930e+38 2.853000000000000203e+00 0.000000000000000000e+00
2.784920000000000000e+14 5.970689999999999798e+33 1.639620000000000092e+38 2.862999999999999989e+00 0.000000000000000000e+00
2.697770000000000000e+14 5.491440000000000259e+33 1.589620000000000065e+38 2.874000000000000110e+00 0.000000000000000000e+00
2.610810000000000000e+14 5.035680000000000029e+33 1.539620000000000038e+38 2.884999999999999787e+00 0.000000000000000000e+00
2.524060000000000000e+14 4.602630000000000209e+33 1.489620000000000011e+38 2.896999999999999797e+00 0.000000000000000000e+00
2.437520000000000000e+14 4.191229999999999886e+33 1.439619999999999983e+38 2.910000000000000142e+00 0.000000000000000000e+00
2.351260000000000000e+14 3.799360000000000114e+33 1.389619999999999956e+38 2.923000000000000043e+00 0.000000000000000000e+00
2.265190000000000000e+14 3.429479999999999773e+33 1.339619999999999929e+38 2.936999999999999833e+00 0.000000000000000000e+00
2.179270000000000000e+14 3.082219999999999791e+33 1.289620000000000091e+38 2.951000000000000068e+00 0.000000000000000000e+00
2.093500000000000000e+14 2.757079999999999825e+33 1.239620000000000063e+38 2.967000000000000082e+00 0.000000000000000000e+00
2.007870000000000000e+14 2.453569999999999952e+33 1.189620000000000036e+38 2.983999999999999986e+00 0.000000000000000000e+00
1.922380000000000000e+14 2.171179999999999984e+33 1.139620000000000009e+38 3.000999999999999890e+00 0.000000000000000000e+00
1.837030000000000000e+14 1.909380000000000040e+33 1.089619999999999982e+38 3.020999999999999908e+00 0.000000000000000000e+00
1.751810000000000000e+14 1.667659999999999931e+33 1.039619999999999955e+38 3.040999999999999925e+00 0.000000000000000000e+00
1.666710000000000000e+14 1.445459999999999952e+33 9.896159999999999949e+37 3.063000000000000167e+00 0.000000000000000000e+00
1.581730000000000000e+14 1.242239999999999945e+33 9.396159999999999677e+37 3.087000000000000188e+00 0.000000000000000000e+00
1.496870000000000000e+14 1.057409999999999948e+33 8.896159999999999405e+37 3.113999999999999879e+00 0.000000000000000000e+00
1.412120000000000000e+14 8.903879999999999624e+32 8.396160000000000077e+37 3.141999999999999904e+00 0.000000000000000000e+00
1.362030000000000000e+14 8.073759999999999397e+32 8.100440000000000191e+37 3.124000000000000110e+00 6.161890000000000022e+28
1.357300000000000000e+14 7.994520000000000662e+32 8.072479999999999999e+37 3.125000000000000000e+00 7.308049999999999770e+28
1.352570000000000000e+14 7.915260000000000218e+32 8.044519999999999807e+37 3.125999999999999890e+00 8.270020000000000015e+28
1.347840000000000000e+14 7.836160000000000472e+32 8.016559999999999615e+37 3.126999999999999780e+00 9.145940000000000783e+28
1.343110000000000000e+14 7.757319999999999879e+32 7.988600000000000368e+37 3.128000000000000114e+00 9.970340000000000299e+28
1.338380000000000000e+14 7.678780000000000415e+32 7.960640000000000176e+37 3.129999999999999893e+00 1.075970000000000004e+29
1.333650000000000000e+14 7.600579999999999732e+32 7.932679999999999984e+37 3.130999999999999783e+00 1.152340000000000038e+29
1.328920000000000000e+14 7.522729999999999404e+32 7.904719999999999792e+37 3.132000000000000117e+00 1.226720000000000035e+29
1.324190000000000000e+14 7.445259999999999834e+32 7.876759999999999600e+37 3.133000000000000007e+00 1.299490000000000049e+29
1.319460000000000000e+14 7.368169999999999580e+32 7.848800000000000353e+37 3.133999999999999897e+00 1.370910000000000076e+29
1.314730000000000000e+14 7.291480000000000350e+32 7.820840000000000161e+37 3.136000000000000121e+00 1.441189999999999948e+29
1.310000000000000000e+14 7.215199999999999396e+32 7.792879999999999969e+37 3.137000000000000011e+00 1.510469999999999961e+29
1.305270000000000000e+14 7.139339999999999734e+32 7.764919999999999777e+37 3.137999999999999901e+00 1.578849999999999925e+29
1.300540000000000000e+14 7.063889999999999789e+32 7.736959999999999585e+37 3.140000000000000124e+00 1.646430000000000001e+29
1.295810000000000000e+14 6.988869999999999828e+32 7.709000000000000338e+37 3.141000000000000014e+00 1.713269999999999866e+29
1.291080000000000000e+14 6.914279999999999852e+32 7.681040000000000146e+37 3.141999999999999904e+00 1.779420000000000038e+29
1.286360000000000000e+14 6.840129999999999994e+32 7.653079999999999954e+37 3.144000000000000128e+00 1.844940000000000018e+29
1.281630000000000000e+14 6.766410000000000120e+32 7.625119999999999762e+37 3.145000000000000018e+00 1.909849999999999873e+29
1.276900000000000000e+14 6.693140000000000498e+32 7.597159999999999570e+37 3.146999999999999797e+00 1.974190000000000090e+29
1.272170000000000000e+14 6.620299999999999419e+32 7.569200000000000323e+37 3.148000000000000131e+00 2.037970000000000175e+29
1.267450000000000000e+14 6.547920000000000167e+32 7.541240000000000131e+37 3.149000000000000021e+00 2.101220000000000053e+29
1.262720000000000000e+14 6.475980000000000313e+32 7.513279999999999939e+37 3.150999999999999801e+00 2.163960000000000143e+29
1.258000000000000000e+14 6.404489999999999990e+32 7.485319999999999747e+37 3.152000000000000135e+00 2.226199999999999952e+29
1.253270000000000000e+14 6.333449999999999918e+32 7.457359999999999555e+37 3.153999999999999915e+00 2.287939999999999832e+29
1.248550000000000000e+14 6.262860000000000098e+32 7.429400000000000308e+37 3.154999999999999805e+00 2.349199999999999850e+29
1.243820000000000000e+14 6.192729999999999944e+32 7.401440000000000116e+37 3.157000000000000028e+00 2.409989999999999864e+29
1.239100000000000000e+14 6.123050000000000041e+32 7.373479999999999924e+37 3.157999999999999918e+00 2.470309999999999873e+29
1.234370000000000000e+14 6.056500000000000192e+32 7.345519999999999732e+37 3.158999999999999808e+00 1.529119999999999970e+29
1.229650000000000000e+14 5.987730000000000206e+32 7.317559999999999541e+37 3.161000000000000032e+00 1.561010000000000012e+29
1.224920000000000000e+14 5.919430000000000018e+32 7.289600000000000293e+37 3.161999999999999922e+00 1.592649999999999914e+29
1.220200000000000000e+14 5.851580000000000082e+32 7.261640000000000101e+37 3.164000000000000146e+00 1.624020000000000135e+29
1.215480000000000000e+14 5.784179999999999678e+32 7.233679999999999909e+37 3.165000000000000036e+00 1.655140000000000040e+29
1.210750000000000000e+14 5.723299999999999975e+32 7.205719999999999718e+37 3.165999999999999925e+00 8.226080000000000089e+28
1.196590000000000000e+14 5.525260000000000336e+32 7.121840000000000086e+37 3.169999999999999929e+00 8.557960000000000722e+28
1.191860000000000000e+14 5.460150000000000284e+32 7.093879999999999895e+37 3.172000000000000153e+00 8.666429999999999924e+28
1.163540000000000000e+14 5.079069999999999793e+32 6.926119999999999688e+37 3.181999999999999940e+00 9.294860000000000262e+28
1.158820000000000000e+14 5.017139999999999743e+32 6.898160000000000440e+37 3.182999999999999829e+00 9.395889999999999669e+28
1.130510000000000000e+14 4.655100000000000170e+32 6.730400000000000234e+37 3.193999999999999950e+00 9.979880000000000151e+28
1.125790000000000000e+14 4.596339999999999988e+32 6.702440000000000042e+37 3.194999999999999840e+00 1.007349999999999934e+29
1.121070000000000000e+14 4.538030000000000058e+32 6.674479999999999850e+37 3.197000000000000064e+00 1.016610000000000070e+29
1.116350000000000000e+14 4.480169999999999660e+32 6.646519999999999658e+37 3.198999999999999844e+00 1.025770000000000046e+29
1.111640000000000000e+14 4.422760000000000234e+32 6.618560000000000411e+37 3.201000000000000068e+00 1.034820000000000001e+29
1.106920000000000000e+14 4.365800000000000339e+32 6.590600000000000219e+37 3.201999999999999957e+00 1.043769999999999970e+29
1.102200000000000000e+14 4.319120000000000255e+32 6.562640000000000027e+37 3.201999999999999957e+00 1.119859999999999938e+29
1.097490000000000000e+14 4.263230000000000254e+32 6.534679999999999835e+37 3.202999999999999847e+00 1.121810000000000015e+29
1.092770000000000000e+14 4.207779999999999651e+32 6.506719999999999643e+37 3.205000000000000071e+00 1.123650000000000072e+29
1.088050000000000000e+14 4.152780000000000020e+32 6.478760000000000396e+37 3.206999999999999851e+00 1.125370000000000076e+29
1.083340000000000000e+14 4.098209999999999653e+32 6.450800000000000204e+37 3.209000000000000075e+00 1.126970000000000026e+29
1.078620000000000000e+14 4.044090000000000258e+32 6.422840000000000012e+37 3.209999999999999964e+00 1.128469999999999991e+29
1.073910000000000000e+14 3.990410000000000261e+32 6.394879999999999820e+37 3.212000000000000188e+00 1.129850000000000077e+29
1.069190000000000000e+14 3.937169999999999661e+32 6.366919999999999628e+37 3.213999999999999968e+00 1.131109999999999935e+29
1.064480000000000000e+14 3.884359999999999766e+32 6.338960000000000381e+37 3.216000000000000192e+00 1.132269999999999982e+29
1.059770000000000000e+14 3.832000000000000123e+32 6.311000000000000189e+37 3.217000000000000082e+00 1.133320000000000010e+29
1.055050000000000000e+14 3.780069999999999744e+32 6.283039999999999997e+37 3.218999999999999861e+00 1.134270000000000052e+29
1.050340000000000000e+14 3.728570000000000070e+32 6.255079999999999805e+37 3.221000000000000085e+00 1.135110000000000075e+29
1.045620000000000000e+14 3.677509999999999794e+32 6.227119999999999613e+37 3.222999999999999865e+00 1.135840000000000077e+29
1.040910000000000000e+14 3.626880000000000222e+32 6.199160000000000366e+37 3.225000000000000089e+00 1.136469999999999918e+29
1.036200000000000000e+14 3.576690000000000048e+32 6.171200000000000174e+37 3.225999999999999979e+00 1.136999999999999949e+29
1.031490000000000000e+14 3.526929999999999858e+32 6.143239999999999982e+37 3.228000000000000203e+00 1.137429999999999994e+29
1.026770000000000000e+14 3.477599999999999653e+32 6.115279999999999790e+37 3.229999999999999982e+00 1.137760000000000053e+29
1.022060000000000000e+14 3.428700000000000153e+32 6.087319999999999599e+37 3.232000000000000206e+00 1.137989999999999950e+29
1.017350000000000000e+14 3.382850000000000358e+32 6.059360000000000351e+37 3.233000000000000096e+00 1.350580000000000022e+29
1.012640000000000000e+14 3.334849999999999920e+32 6.031400000000000159e+37 3.234999999999999876e+00 1.345769999999999962e+29
1.007930000000000000e+14 3.287270000000000053e+32 6.003439999999999967e+37 3.237000000000000099e+00 1.340879999999999983e+29
1.003210000000000000e+14 3.240120000000000171e+32 5.975479999999999776e+37 3.237999999999999989e+00 1.335910000000000085e+29
9.985040000000000000e+13 3.193390000000000140e+32 5.947519999999999584e+37 3.240000000000000213e+00 1.330850000000000060e+29
9.937930000000000000e+13 3.147079999999999959e+32 5.919560000000000336e+37 3.241999999999999993e+00 1.325719999999999974e+29
9.890830000000000000e+13 3.101200000000000123e+32 5.891600000000000144e+37 3.244000000000000217e+00 1.320499999999999936e+29
9.843720000000000000e+13 3.055740000000000138e+32 5.863639999999999953e+37 3.245999999999999996e+00 1.315220000000000047e+29
9.796620000000000000e+13 3.010689999999999870e+32 5.835679999999999761e+37 3.248000000000000220e+00 1.309850000000000030e+29
9.749530000000000000e+13 2.966060000000000173e+32 5.807719999999999569e+37 3.249000000000000110e+00 1.304419999999999987e+29
9.702430000000000000e+13 2.921849999999999966e+32 5.779760000000000321e+37 3.250999999999999890e+00 1.298910000000000025e+29
9.655340000000000000e+13 2.878059999999999971e+32 5.751800000000000130e+37 3.253000000000000114e+00 1.293340000000000036e+29
9.608250000000000000e+13 2.834680000000000052e+32 5.723839999999999938e+37 3.254999999999999893e+00 1.287699999999999987e+29
9.561160000000000000e+13 2.791709999999999851e+32 5.695879999999999746e+37 3.257000000000000117e+00 1.282000000000000087e+29
9.514080000000000000e+13 2.749150000000000087e+32 5.667919999999999554e+37 3.258999999999999897e+00 1.276239999999999984e+29
9.466990000000000000e+13 2.707010000000000174e+32 5.639960000000000307e+37 3.259999999999999787e+00 1.270409999999999997e+29
9.419910000000000000e+13 2.665269999999999845e+32 5.612000000000000115e+37 3.262000000000000011e+00 1.264530000000000017e+29
9.372830000000000000e+13 2.623939999999999953e+32 5.584039999999999923e+37 3.263999999999999790e+00 1.258590000000000010e+29
9.325760000000000000e+13 2.583020000000000138e+32 5.556079999999999731e+37 3.266000000000000014e+00 1.252589999999999976e+29
9.278680000000000000e+13 2.542510000000000040e+32 5.528119999999999539e+37 3.267999999999999794e+00 1.246539999999999950e+29
9.231610000000000000e+13 2.502399999999999886e+32 5.500160000000000292e+37 3.270000000000000018e+00 1.240439999999999930e+29
9.184540000000000000e+13 2.462690000000000036e+32 5.472200000000000100e+37 3.271999999999999797e+00 1.234299999999999952e+29
9.137470000000000000e+13 2.423380000000000129e+32 5.444239999999999908e+37 3.273000000000000131e+00 1.228099999999999946e+29
9.090410000000000000e+13 2.384479999999999939e+32 5.416279999999999716e+37 3.274999999999999911e+00 1.221859999999999982e+29
9.043350000000000000e+13 2.345969999999999920e+32 5.388320000000000469e+37 3.277000000000000135e+00 1.215570000000000024e+29
8.996290000000000000e+13 2.307859999999999844e+32 5.360360000000000277e+37 3.278999999999999915e+00 1.209239999999999931e+29
8.949230000000000000e+13 2.270150000000000072e+32 5.332400000000000085e+37 3.281000000000000139e+00 1.202870000000000055e+29
8.902170000000000000e+13 2.232830000000000110e+32 5.304439999999999893e+37 3.282999999999999918e+00 1.196460000000000044e+29
8.855120000000000000e+13 2.195910000000000091e+32 5.276479999999999701e+37 3.285000000000000142e+00 1.190019999999999932e+29
8.808070000000000000e+13 2.159379999999999883e+32 5.248520000000000454e+37 3.286000000000000032e+00 1.183540000000000037e+29
8.761020000000000000e+13 2.123239999999999844e+32 5.220560000000000262e+37 3.287999999999999812e+00 1.177020000000000006e+29
8.713970000000000000e+13 2.087479999999999842e+32 5.192600000000000070e+37 3.290000000000000036e+00 1.170480000000000084e+29
8.666920000000000000e+13 2.052120000000000144e+32 5.164639999999999878e+37 3.291999999999999815e+00 1.163900000000000026e+29
8.619880000000000000e+13 2.017140000000000123e+32 5.136679999999999686e+37 3.294000000000000039e+00 1.157300000000000077e+29
8.572840000000000000e+13 1.982549999999999911e+32 5.108720000000000439e+37 3.294999999999999929e+00 1.150670000000000027e+29
8.525800000000000000e+13 1.948340000000000096e+32 5.080760000000000247e+37 3.297000000000000153e+00 1.144010000000000051e+29
8.478770000000000000e+13 1.914520000000000090e+32 5.052800000000000055e+37 3.298999999999999932e+00 1.137340000000000042e+29
8.431730000000000000e+13 1.881069999999999988e+32 5.024839999999999863e+37 3.301000000000000156e+00 1.130639999999999931e+29
8.384700000000000000e+13 1.847999999999999922e+32 4.996879999999999671e+37 3.302000000000000046e+00 1.123919999999999928e+29
8.337670000000000000e+13 1.815309999999999892e+32 4.968920000000000424e+37 3.303999999999999826e+00 1.117190000000000068e+29
8.290640000000000000e+13 1.782999999999999900e+32 4.940960000000000232e+37 3.306000000000000050e+00 1.110429999999999930e+29
8.243610000000000000e+13 1.751060000000000170e+32 4.913000000000000040e+37 3.306999999999999940e+00 1.103669999999999969e+29
8.196590000000000000e+13 1.719500000000000116e+32 4.885039999999999848e+37 3.309000000000000163e+00 1.096889999999999940e+29
8.149570000000000000e+13 1.688299999999999831e+32 4.857079999999999657e+37 3.310999999999999943e+00 1.090100000000000053e+29
8.102540000000000000e+13 1.657479999999999944e+32 4.829120000000000409e+37 3.311999999999999833e+00 1.083299999999999956e+29
8.055530000000000000e+13 1.627019999999999825e+32 4.801160000000000217e+37 3.314000000000000057e+00 1.076500000000000035e+29
8.008510000000000000e+13 1.596939999999999923e+32 4.773200000000000025e+37 3.315999999999999837e+00 1.069690000000000080e+29
7.961490000000000000e+13 1.567210000000000016e+32 4.745239999999999834e+37 3.317000000000000171e+00 1.062869999999999916e+29
7.914480000000000000e+13 1.537850000000000013e+32 4.717279999999999642e+37 3.318999999999999950e+00 1.056049999999999928e+29
7.867470000000000000e+13 1.508859999999999912e+32 4.689320000000000394e+37 3.319999999999999840e+00 1.049229999999999939e+29
7.820460000000000000e+13 1.480219999999999987e+32 4.661360000000000202e+37 3.321000000000000174e+00 1.042419999999999985e+29
7.773460000000000000e+13 1.451940000000000011e+32 4.633400000000000011e+37 3.322999999999999954e+00 1.035599999999999996e+29
7.726450000000000000e+13 1.424029999999999939e+32 4.605439999999999819e+37 3.323999999999999844e+00 1.028790000000000042e+29
7.679450000000000000e+13 1.396460000000000088e+32 4.577479999999999627e+37 3.326000000000000068e+00 1.021980000000000087e+29
7.632450000000000000e+13 1.369250000000000006e+32 4.549520000000000379e+37 3.326999999999999957e+00 1.015179999999999991e+29
7.585450000000000000e+13 1.342400000000000054e+32 4.521560000000000188e+37 3.327999999999999847e+00 1.008389999999999928e+29
7.538450000000000000e+13 1.315889999999999964e+32 4.493599999999999996e+37 3.329000000000000181e+00 1.001610000000000074e+29
7.491450000000000000e+13 1.289730000000000050e+32 4.465639999999999804e+37 3.330999999999999961e+00 9.948469999999999794e+28
7.444460000000000000e+13 1.263930000000000085e+32 4.437679999999999612e+37 3.331999999999999851e+00 9.880919999999999467e+28
7.397470000000000000e+13 1.238460000000000028e+32 4.409720000000000365e+37 3.333000000000000185e+00 9.813520000000000526e+28
7.350480000000000000e+13 1.213349999999999920e+32 4.381760000000000173e+37 3.334000000000000075e+00 9.746289999999999169e+28
7.303490000000000000e+13 1.188570000000000082e+32 4.353799999999999981e+37 3.334999999999999964e+00 9.679230000000000673e+28
7.256500000000000000e+13 1.164129999999999925e+32 4.325839999999999789e+37 3.335999999999999854e+00 9.612369999999999333e+28
7.209520000000000000e+13 1.140039999999999944e+32 4.297879999999999597e+37 3.335999999999999854e+00 9.545710000000000429e+28
7.162530000000000000e+13 1.116280000000000051e+32 4.269920000000000350e+37 3.337000000000000188e+00 9.479280000000000014e+28
7.115550000000000000e+13 1.092860000000000021e+32 4.241960000000000158e+37 3.338000000000000078e+00 9.413079999999999849e+28
7.068570000000000000e+13 1.069770000000000079e+32 4.213999999999999966e+37 3.338000000000000078e+00 9.347129999999999648e+28
7.021590000000000000e+13 1.047019999999999999e+32 4.186039999999999774e+37 3.338999999999999968e+00 9.281439999999999269e+28
6.974620000000000000e+13 1.024590000000000054e+32 4.158080000000000054e+37 3.338999999999999968e+00 9.216030000000000189e+28
6.927640000000000000e+13 1.002490000000000018e+32 4.130119999999999863e+37 3.339999999999999858e+00 9.150910000000000504e+28
6.880670000000000000e+13 9.807249999999999567e+31 4.102160000000000143e+37 3.339999999999999858e+00 9.086090000000000073e+28
6.833700000000000000e+13 9.592800000000000305e+31 4.074199999999999951e+37 3.339999999999999858e+00 9.021590000000000372e+28
6.786730000000000000e+13 9.381599999999999460e+31 4.046240000000000231e+37 3.339999999999999858e+00 8.957409999999999640e+28
6.739760000000000000e+13 9.173609999999999738e+31 4.018280000000000040e+37 3.339999999999999858e+00 8.893569999999999353e+28
6.692790000000000000e+13 8.968809999999999792e+31 3.990319999999999848e+37 3.339999999999999858e+00 8.830089999999999226e+28
6.645830000000000000e+13 8.767199999999999621e+31 3.962360000000000128e+37 3.339999999999999858e+00 8.766959999999999401e+28
6.598870000000000000e+13 8.568749999999999905e+31 3.934399999999999936e+37 3.338999999999999968e+00 8.704219999999999311e+28
6.551900000000000000e+13 8.373439999999999296e+31 3.906440000000000217e+37 3.338000000000000078e+00 8.641860000000000855e+28
6.504940000000000000e+13 8.181250000000000048e+31 3.878480000000000025e+37 3.338000000000000078e+00 8.579900000000000233e+28
6.457980000000000000e+13 7.992169999999999687e+31 3.850519999999999833e+37 3.337000000000000188e+00 8.518339999999999202e+28
6.411030000000000000e+13 7.806179999999999565e+31 3.822560000000000113e+37 3.335999999999999854e+00 8.457210000000000854e+28
6.364070000000000000e+13 7.623260000000000137e+31 3.794599999999999921e+37 3.334999999999999964e+00 8.396500000000000055e+28
6.317120000000000000e+13 7.443380000000000279e+31 3.766640000000000202e+37 3.333000000000000185e+00 8.336239999999999897e+28
6.270160000000000000e+13 7.266530000000000220e+31 3.738680000000000010e+37 3.331999999999999851e+00 8.276420000000000520e+28
6.223210000000000000e+13 7.092690000000000412e+31 3.710719999999999818e+37 3.330000000000000071e+00 8.217059999999999883e+28
6.176260000000000000e+13 6.921840000000000407e+31 3.682760000000000098e+37 3.327999999999999847e+00 8.158169999999999601e+28
6.129310000000000000e+13 6.753959999999999759e+31 3.654799999999999906e+37 3.326000000000000068e+00 8.099759999999999533e+28
6.082370000000000000e+13 6.589029999999999820e+31 3.626840000000000187e+37 3.322999999999999954e+00 8.041839999999999537e+28
6.035420000000000000e+13 6.427030000000000144e+31 3.598879999999999995e+37 3.321000000000000174e+00 7.984409999999999613e+28
5.988480000000000000e+13 6.267950000000000056e+31 3.570919999999999803e+37 3.318000000000000060e+00 7.927479999999999618e+28
5.941530000000000000e+13 6.111749999999999562e+31 3.542960000000000083e+37 3.314999999999999947e+00 7.871070000000000148e+28
5.894590000000000000e+13 5.958419999999999790e+31 3.514999999999999892e+37 3.310999999999999943e+00 7.815169999999999585e+28
5.847650000000000000e+13 5.807940000000000291e+31 3.487040000000000172e+37 3.307999999999999829e+00 7.759800000000000285e+28
5.800710000000000000e+13 5.660289999999999717e+31 3.459079999999999980e+37 3.303999999999999826e+00 7.704970000000000346e+28
5.753780000000000000e+13 5.515439999999999649e+31 3.431119999999999788e+37 3.298999999999999932e+00 7.650669999999999910e+28
5.706840000000000000e+13 5.373380000000000314e+31 3.403160000000000069e+37 3.294999999999999929e+00 7.596930000000000310e+28
5.659910000000000000e+13 5.234090000000000363e+31 3.375199999999999877e+37 3.290000000000000036e+00 7.543730000000000070e+28
5.612970000000000000e+13 5.097539999999999576e+31 3.347240000000000157e+37 3.283999999999999808e+00 7.491099999999999645e+28
5.566040000000000000e+13 4.963710000000000206e+31 3.319279999999999965e+37 3.278999999999999915e+00 7.439039999999999913e+28
5.519110000000000000e+13 4.832580000000000005e+31 3.291319999999999773e+37 3.273000000000000131e+00 7.387549999999999996e+28
5.472180000000000000e+13 4.704130000000000327e+31 3.263360000000000054e+37 3.266000000000000014e+00 7.336639999999999750e+28
5.425250000000000000e+13 4.578339999999999824e+31 3.235399999999999862e+37 3.258999999999999897e+00 7.286310000000000056e+28
5.378320000000000000e+13 4.455180000000000076e+31 3.207440000000000142e+37 3.251999999999999780e+00 7.236569999999999892e+28
5.331400000000000000e+13 4.334629999999999734e+31 3.179479999999999950e+37 3.244000000000000217e+00 7.187429999999999994e+28
5.284470000000000000e+13 4.216670000000000154e+31 3.151520000000000231e+37 3.236000000000000210e+00 7.138879999999999627e+28
5.237550000000000000e+13 4.101270000000000212e+31 3.123560000000000039e+37 3.226999999999999869e+00 7.090940000000000265e+28
5.190620000000000000e+13 3.988420000000000136e+31 3.095599999999999847e+37 3.217000000000000082e+00 7.043600000000000290e+28
5.143700000000000000e+13 3.878090000000000155e+31 3.067640000000000127e+37 3.206999999999999851e+00 6.996880000000000298e+28
5.096780000000000000e+13 3.770250000000000048e+31 3.039679999999999935e+37 3.197000000000000064e+00 6.950770000000000431e+28
5.049860000000000000e+13 3.664890000000000042e+31 3.011720000000000216e+37 3.185000000000000053e+00 6.905290000000000405e+28
5.002940000000000000e+13 3.561970000000000142e+31 2.983760000000000024e+37 3.173999999999999932e+00 6.860419999999999624e+28
4.956030000000000000e+13 3.461480000000000125e+31 2.955799999999999832e+37 3.161000000000000032e+00 6.816179999999999564e+28
4.909110000000000000e+13 3.363399999999999993e+31 2.927840000000000112e+37 3.148000000000000131e+00 6.772570000000000224e+28
4.862200000000000000e+13 3.267679999999999978e+31 2.899879999999999921e+37 3.133999999999999897e+00 6.729589999999999845e+28
4.815280000000000000e+13 3.174320000000000082e+31 2.871920000000000201e+37 3.119000000000000217e+00 6.687240000000000187e+28
4.768370000000000000e+13 3.083279999999999858e+31 2.843960000000000009e+37 3.104000000000000092e+00 6.645530000000000228e+28
4.721460000000000000e+13 2.994549999999999984e+31 2.815999999999999817e+37 3.087000000000000188e+00 6.604459999999999967e+28
4.674540000000000000e+13 2.908090000000000015e+31 2.788040000000000098e+37 3.069999999999999840e+00 6.564030000000000284e+28
4.627630000000000000e+13 2.823879999999999954e+31 2.760079999999999906e+37 3.052000000000000046e+00 6.524250000000000158e+28
4.580720000000000000e+13 2.741899999999999803e+31 2.732120000000000186e+37 3.032999999999999918e+00 6.485109999999999731e+28
4.533820000000000000e+13 2.662110000000000020e+31 2.704159999999999994e+37 3.013999999999999790e+00 6.446609999999999881e+28
4.486910000000000000e+13 2.584499999999999929e+31 2.676199999999999802e+37 2.992999999999999883e+00 6.408759999999999589e+28
4.440000000000000000e+13 2.509029999999999987e+31 2.648240000000000083e+37 2.971000000000000085e+00 6.371559999999999732e+28
4.393100000000000000e+13 2.435680000000000196e+31 2.620279999999999891e+37 2.947999999999999954e+00 6.335010000000000312e+28
4.346190000000000000e+13 2.364430000000000109e+31 2.592320000000000171e+37 2.923999999999999932e+00 6.299109999999999568e+28
4.299290000000000000e+13 2.295229999999999958e+31 2.564359999999999979e+37 2.899000000000000021e+00 6.263860000000000140e+28
4.252380000000000000e+13 2.228080000000000194e+31 2.536399999999999787e+37 2.873000000000000220e+00 6.229250000000000411e+28
4.205480000000000000e+13 2.162930000000000148e+31 2.508440000000000068e+37 2.846000000000000085e+00 6.195309999999999954e+28
4.158580000000000000e+13 2.099770000000000046e+31 2.480479999999999876e+37 2.818000000000000060e+00 6.162010000000000076e+28
4.111680000000000000e+13 2.038559999999999895e+31 2.452520000000000156e+37 2.787999999999999812e+00 6.129359999999999753e+28
4.064780000000000000e+13 1.979269999999999923e+31 2.424559999999999964e+37 2.757000000000000117e+00 6.097359999999999867e+28
4.017880000000000000e+13 1.921879999999999908e+31 2.396599999999999773e+37 2.725000000000000089e+00 6.066020000000000275e+28
3.970980000000000000e+13 1.866350000000000082e+31 2.368640000000000053e+37 2.692000000000000171e+00 6.035320000000000382e+28
3.924080000000000000e+13 1.812669999999999994e+31 2.340679999999999861e+37 2.657999999999999918e+00 6.005270000000000045e+28
3.877190000000000000e+13 1.760780000000000105e+31 2.312720000000000141e+37 2.621999999999999886e+00 5.975870000000000144e+28
3.830290000000000000e+13 1.710679999999999963e+31 2.284759999999999950e+37 2.585999999999999854e+00 5.947119999999999800e+28
3.783390000000000000e+13 1.662320000000000027e+31 2.256800000000000230e+37 2.548000000000000043e+00 5.919010000000000034e+28
3.736500000000000000e+13 1.615680000000000073e+31 2.228840000000000038e+37 2.508000000000000007e+00 5.891539999999999966e+28
3.689600000000000000e+13 1.570730000000000106e+31 2.200879999999999846e+37 2.467999999999999972e+00 5.864709999999999597e+28
3.642710000000000000e+13 1.527429999999999906e+31 2.172920000000000127e+37 2.426000000000000156e+00 5.838519999999999807e+28
3.595820000000000000e+13 1.485749999999999928e+31 2.144959999999999935e+37 2.383999999999999897e+00 5.812969999999999715e+28
3.548920000000000000e+13 1.445659999999999951e+31 2.116999999999999979e+37 2.339999999999999858e+00 5.788050000000000344e+28
3.502030000000000000e+13 1.407129999999999980e+31 2.089040000000000023e+37 2.294999999999999929e+00 5.763759999999999933e+28
3.455140000000000000e+13 1.370130000000000017e+31 2.061080000000000067e+37 2.250000000000000000e+00 5.740090000000000386e+28
3.408250000000000000e+13 1.334620000000000070e+31 2.033120000000000112e+37 2.202999999999999847e+00 5.717049999999999799e+28
3.361360000000000000e+13 1.300569999999999917e+31 2.005159999999999920e+37 2.156000000000000139e+00 5.694630000000000075e+28
3.314470000000000000e+13 1.267950000000000013e+31 1.977199999999999964e+37 2.108000000000000096e+00 5.672819999999999597e+28
3.267580000000000000e+13 1.236719999999999913e+31 1.949240000000000008e+37 2.059000000000000163e+00 5.651620000000000123e+28
3.220690000000000000e+13 1.206850000000000071e+31 1.921280000000000053e+37 2.009999999999999787e+00 5.631029999999999895e+28
3.173800000000000000e+13 1.178300000000000044e+31 1.893320000000000097e+37 1.961000000000000076e+00 5.611030000000000076e+28
3.126920000000000000e+13 1.151040000000000059e+31 1.865359999999999905e+37 1.911000000000000032e+00 5.591629999999999645e+28
3.080030000000000000e+13 1.125029999999999899e+31 1.837399999999999949e+37 1.860999999999999988e+00 5.572819999999999623e+28
3.033140000000000000e+13 1.100240000000000016e+31 1.809439999999999993e+37 1.812000000000000055e+00 5.554580000000000295e+28
2.986250000000000000e+13 1.076639999999999966e+31 1.781480000000000038e+37 1.762000000000000011e+00 5.536919999999999759e+28
2.939370000000000000e+13 1.054169999999999982e+31 1.753520000000000082e+37 1.713000000000000078e+00 5.519810000000000201e+28
2.892480000000000000e+13 1.032820000000000065e+31 1.725559999999999890e+37 1.663999999999999924e+00 5.503259999999999720e+28
2.845600000000000000e+13 1.012529999999999998e+31 1.697599999999999934e+37 1.614999999999999991e+00 5.487260000000000217e+28
2.798710000000000000e+13 9.932800000000000104e+30 1.669639999999999979e+37 1.568000000000000060e+00 5.471790000000000217e+28
2.751830000000000000e+13 9.750209999999999953e+30 1.641680000000000023e+37 1.520999999999999908e+00 5.456839999999999862e+28
2.704940000000000000e+13 9.577179999999999580e+30 1.613720000000000067e+37 1.475999999999999979e+00 5.442400000000000174e+28
2.658060000000000000e+13 9.413310000000000168e+30 1.585760000000000111e+37 1.431999999999999940e+00 5.428460000000000415e+28
2.611170000000000000e+13 9.258199999999999520e+30 1.557799999999999919e+37 1.389000000000000012e+00 5.414999999999999991e+28
2.564290000000000000e+13 9.111459999999999944e+30 1.529839999999999964e+37 1.348000000000000087e+00 5.402009999999999922e+28
2.517410000000000000e+13 8.972670000000000373e+30 1.501880000000000008e+37 1.308000000000000052e+00 5.389469999999999615e+28
2.470520000000000000e+13 8.841429999999999738e+30 1.473920000000000052e+37 1.270000000000000018e+00 5.377350000000000374e+28
2.423640000000000000e+13 8.717320000000000349e+30 1.445960000000000096e+37 1.235000000000000098e+00 5.365649999999999560e+28
2.376760000000000000e+13 8.599910000000000015e+30 1.417999999999999905e+37 1.201000000000000068e+00 5.354340000000000240e+28
2.329880000000000000e+13 8.488789999999999920e+30 1.390039999999999949e+37 1.169000000000000039e+00 5.343390000000000201e+28
2.283000000000000000e+13 8.383520000000000126e+30 1.362079999999999993e+37 1.139000000000000012e+00 5.332779999999999727e+28
2.236110000000000000e+13 8.283659999999999570e+30 1.334120000000000037e+37 1.112000000000000099e+00 5.322480000000000123e+28
2.189230000000000000e+13 8.188769999999999438e+30 1.306160000000000082e+37 1.086999999999999966e+00 5.312469999999999916e+28
2.142350000000000000e+13 8.098409999999999794e+30 1.278199999999999890e+37 1.064999999999999947e+00 5.302709999999999674e+28
2.095470000000000000e+13 8.012109999999999577e+30 1.250239999999999934e+37 1.044000000000000039e+00 5.293150000000000107e+28
2.048590000000000000e+13 7.929429999999999976e+30 1.222279999999999978e+37 1.026000000000000023e+00 5.283779999999999599e+28
2.001710000000000000e+13 7.849889999999999932e+30 1.194320000000000022e+37 1.010999999999999899e+00 5.274530000000000023e+28
1.954830000000000000e+13 7.773019999999999512e+30 1.166360000000000067e+37 9.979999999999999982e-01 5.265379999999999906e+28
1.907950000000000000e+13 7.698359999999999906e+30 1.138400000000000111e+37 9.869999999999999885e-01 5.256260000000000242e+28
1.861070000000000000e+13 7.625410000000000059e+30 1.110439999999999919e+37 9.789999999999999813e-01 5.247119999999999983e+28
1.814190000000000000e+13 7.553700000000000037e+30 1.082479999999999963e+37 9.729999999999999760e-01 5.237899999999999981e+28
1.767310000000000000e+13 7.482729999999999910e+30 1.054520000000000008e+37 9.689999999999999725e-01 5.228540000000000210e+28
1.720430000000000000e+13 7.411999999999999750e+30 1.026560000000000052e+37 9.669999999999999707e-01 5.218960000000000048e+28
1.673550000000000000e+13 7.341009999999999626e+30 9.985999999999999780e+36 9.669999999999999707e-01 5.209089999999999610e+28
1.626670000000000000e+13 7.269249999999999611e+30 9.706400000000000223e+36 9.699999999999999734e-01 5.198830000000000318e+28
1.579790000000000000e+13 7.196219999999999775e+30 9.426799999999999485e+36 9.739999999999999769e-01 5.188109999999999648e+28
1.532910000000000000e+13 7.121390000000000193e+30 9.147199999999999927e+36 9.809999999999999831e-01 5.176810000000000185e+28
1.486040000000000000e+13 7.044259999999999810e+30 8.867600000000000370e+36 9.889999999999999902e-01 5.164819999999999976e+28
1.439160000000000000e+13 6.964289999999999826e+30 8.587999999999999632e+36 9.989999999999999991e-01 5.152009999999999988e+28
1.392280000000000000e+13 6.880970000000000315e+30 8.308400000000000074e+36 1.010000000000000009e+00 5.138250000000000310e+28
1.345400000000000000e+13 6.793770000000000226e+30 8.028800000000000517e+36 1.022999999999999909e+00 5.123390000000000434e+28
1.298530000000000000e+13 6.702169999999999630e+30 7.749199999999999779e+36 1.038000000000000034e+00 5.107260000000000140e+28
1.251650000000000000e+13 6.605649999999999729e+30 7.469600000000000221e+36 1.054000000000000048e+00 5.089680000000000227e+28
1.204770000000000000e+13 6.503679999999999470e+30 7.189999999999999483e+36 1.070999999999999952e+00 5.070430000000000302e+28
1.157900000000000000e+13 6.395750000000000051e+30 6.910399999999999926e+36 1.090000000000000080e+00 5.049309999999999691e+28
1.111020000000000000e+13 6.281360000000000417e+30 6.630800000000000368e+36 1.110000000000000098e+00 5.026049999999999593e+28
1.064150000000000000e+13 6.160009999999999513e+30 6.351199999999999630e+36 1.129999999999999893e+00 5.000380000000000327e+28
1.017270000000000000e+13 6.031199999999999661e+30 6.071600000000000072e+36 1.151999999999999913e+00 4.971990000000000143e+28
9.704000000000000000e+12 5.894469999999999799e+30 5.792000000000000515e+36 1.175000000000000044e+00 4.940529999999999618e+28
9.235270000000000000e+12 5.749369999999999992e+30 5.512399999999999777e+36 1.197999999999999954e+00 4.905600000000000040e+28
8.766550000000000000e+12 5.595470000000000300e+30 5.232800000000000219e+36 1.221999999999999975e+00 4.866780000000000341e+28
8.297830000000000000e+12 5.432359999999999654e+30 4.953200000000000071e+36 1.247000000000000108e+00 4.823559999999999856e+28
7.829130000000000000e+12 5.259680000000000358e+30 4.673599999999999924e+36 1.272000000000000020e+00 4.775380000000000386e+28
7.360440000000000000e+12 5.077110000000000205e+30 4.393999999999999776e+36 1.298000000000000043e+00 4.721610000000000333e+28
6.891760000000000000e+12 4.884349999999999799e+30 4.114400000000000218e+36 1.324000000000000066e+00 4.661509999999999659e+28
6.423100000000000000e+12 4.681179999999999735e+30 3.834800000000000071e+36 1.350000000000000089e+00 4.594229999999999892e+28
5.954450000000000000e+12 4.467440000000000036e+30 3.555199999999999923e+36 1.375999999999999890e+00 4.518790000000000009e+28
5.485820000000000000e+12 4.243010000000000155e+30 3.275599999999999775e+36 1.401999999999999913e+00 4.434010000000000070e+28
5.017210000000000000e+12 4.007900000000000092e+30 2.996000000000000217e+36 1.427000000000000046e+00 4.338510000000000341e+28
4.548630000000000000e+12 3.762159999999999838e+30 2.716400000000000070e+36 1.451000000000000068e+00 4.230590000000000358e+28
4.080070000000000000e+12 3.505949999999999934e+30 2.436799999999999922e+36 1.473000000000000087e+00 4.108140000000000207e+28
3.611540000000000000e+12 3.239509999999999784e+30 2.157200000000000069e+36 1.491999999999999993e+00 3.968459999999999566e+28
3.143050000000000000e+12 2.963099999999999914e+30 1.877599999999999921e+36 1.506999999999999895e+00 3.807919999999999895e+28
2.674610000000000000e+12 2.676929999999999732e+30 1.598000000000000069e+36 1.516000000000000014e+00 3.621419999999999803e+28
2.206210000000000000e+12 2.380770000000000113e+30 1.318400000000000068e+36 1.514999999999999902e+00 3.401110000000000045e+28
1.737880000000000000e+12 2.072759999999999914e+30 1.038800000000000068e+36 1.499000000000000110e+00 3.133200000000000049e+28
4.299000000000000000e+11 7.805000000000000069e+29 2.572000000000000181e+35 1.330000000000000071e+00 1.506450000000000062e+28
4.188000000000000000e+11 7.537999999999999717e+29 2.505999999999999897e+35 1.330000000000000071e+00 1.455129999999999927e+28
3.325000000000000000e+11 5.815999999999999745e+29 1.990000000000000163e+35 1.330000000000000071e+00 1.165809999999999924e+28
2.640000000000000000e+11 4.472999999999999815e+29 1.581000000000000083e+35 1.330000000000000071e+00 9.297799999999999813e+27
2.096000000000000000e+11 3.289999999999999843e+29 1.256000000000000028e+35 1.330000000000000071e+00 6.841069999999999801e+27
1.844000000000000000e+11 2.892000000000000018e+29 1.105000000000000000e+35 1.330000000000000071e+00 6.221810000000000396e+27
1.664000000000000000e+11 2.597000000000000095e+29 9.975999999999999784e+34 1.330000000000000071e+00 3.996079999999999920e+27
1.322000000000000000e+11 2.033000000000000102e+29 7.923999999999999875e+34 1.330000000000000071e+00 3.293160000000000158e+27
1.049000000000000000e+11 1.494999999999999961e+29 6.294000000000000085e+34 1.330000000000000071e+00 2.422460000000000012e+27
8.332000000000000000e+10 1.100000000000000064e+29 4.999999999999999843e+34 1.330000000000000071e+00 1.782300000000000002e+27
6.617000000000000000e+10 8.088999999999999432e+28 3.971999999999999897e+34 1.330000000000000071e+00 1.311289999999999924e+27
5.254000000000000000e+10 5.949000000000000344e+28 3.155000000000000010e+34 1.330000000000000071e+00 9.646129999999999985e+26
4.172000000000000000e+10 4.628000000000000126e+28 2.505999999999999897e+34 1.330000000000000071e+00 7.875200000000000595e+26
3.313000000000000000e+10 3.403999999999999866e+28 1.989999999999999932e+34 1.330000000000000071e+00 5.791050000000000196e+26
2.631000000000000000e+10 2.502999999999999803e+28 1.580999999999999991e+34 1.330000000000000071e+00 4.261170000000000143e+26
2.090000000000000000e+10 1.938000000000000082e+28 1.255999999999999936e+34 1.330000000000000071e+00 3.451690000000000088e+26
1.659000000000000000e+10 1.425000000000000067e+28 9.976000000000000246e+33 1.330000000000000071e+00 2.538950000000000110e+26
1.318000000000000000e+10 1.048000000000000007e+28 7.924000000000000337e+33 1.330000000000000071e+00 1.867689999999999969e+26
1.046000000000000000e+10 7.701999999999999683e+27 6.294000000000000085e+33 1.330000000000000071e+00 1.373879999999999975e+26
8.312000000000000000e+09 5.662000000000000348e+27 4.999999999999999728e+33 1.330000000000000071e+00 1.010819999999999921e+26
6.601000000000000000e+09 4.362000000000000029e+27 3.972000000000000127e+33 1.330000000000000071e+00 8.130089999999999436e+25
4.164000000000000000e+09 2.356000000000000079e+27 2.505999999999999955e+33 1.330000000000000071e+00 4.399369999999999874e+25
2.626000000000000000e+09 1.272000000000000034e+27 1.580999999999999991e+33 1.330000000000000071e+00 2.380450000000000180e+25
1.657000000000000000e+09 6.859999999999999767e+26 9.975999999999999957e+32 1.330000000000000071e+00 1.288319999999999913e+25
1.316000000000000000e+09 5.036000000000000296e+26 7.924000000000000337e+32 1.330000000000000071e+00 9.477099999999999527e+24
1.045000000000000000e+09 4.128999999999999924e+26 6.293999999999999941e+32 1.330000000000000071e+00 6.794269999999999770e+24
8.301000000000000000e+08 3.039000000000000162e+26 4.999999999999999728e+32 1.330000000000000071e+00 4.998809999999999830e+24
5.237000000000000000e+08 1.628999999999999891e+26 3.154999999999999923e+32 1.330000000000000071e+00 2.705450000000000161e+24
3.304000000000000000e+08 8.737999999999999925e+25 1.990000000000000076e+32 1.330000000000000071e+00 1.463449999999999964e+24
2.624000000000000000e+08 6.675999999999999817e+25 1.580999999999999919e+32 1.330000000000000071e+00 1.123400000000000065e+24
1.315000000000000000e+08 2.603999999999999941e+25 7.923999999999999616e+31 1.330000000000000071e+00 4.472499999999999827e+23
6.589000000000000000e+07 1.006000000000000014e+25 3.972000000000000199e+31 1.330000000000000071e+00 1.780890000000000165e+23
3.302000000000000000e+07 3.832999999999999839e+24 1.989999999999999986e+31 1.330000000000000071e+00 7.086450000000000092e+22
1.655000000000000000e+07 1.435000000000000086e+24 9.975999999999999642e+30 1.330000000000000071e+00 2.822060000000000131e+22
8.293000000000000000e+06 5.250000000000000315e+23 4.999999999999999818e+30 1.330000000000000071e+00 1.123529999999999934e+22
6.588000000000000000e+06 3.910999999999999759e+23 3.972000000000000087e+30 1.330000000000000071e+00 8.163429999999999541e+21
2.622000000000000000e+06 9.754999999999999214e+22 1.581000000000000009e+30 1.330000000000000071e+00 2.390210000000000197e+21
1.044000000000000000e+06 2.318000000000000105e+22 6.293999999999999902e+29 1.330000000000000071e+00 6.999960000000000000e+20
4.156000000000000000e+05 5.265999999999999476e+21 2.505999999999999907e+29 1.330000000000000071e+00 2.050380000000000000e+20
1.654000000000000000e+05 1.151000000000000000e+21 9.976000000000000768e+28 1.330000000000000071e+00 6.004390000000000000e+19
6.587000000000000000e+04 2.431000000000000000e+20 3.972000000000000263e+28 1.330000000000000071e+00 1.758760000000000000e+19
2.622000000000000000e+04 4.968000000000000000e+19 1.581000000000000061e+28 1.330000000000000071e+00 5.149550000000000000e+18
1.044000000000000000e+04 9.744000000000000000e+18 6.294999999999999717e+27 1.330000000000000071e+00 1.508420000000000000e+18
