1.005919121600000000e+16 8.135652156899999426e+36 1.998089999999999919e+39 1.000000000000000000e+00 0.000000000000000000e+00
1.000891017100000000e+16 8.090399216899999447e+36 1.993090000000000086e+39 1.000000000000000000e+00 0.000000000000000000e+00
9.958755107300000000e+15 8.045259659200000093e+36 1.988089999999999951e+39 1.000000000000000000e+00 0.000000000000000000e+00
9.908726023700000000e+15 8.000233483999999486e+36 1.983090000000000119e+39 1.000000000000000000e+00 0.000000000000000000e+00
9.858822920400000000e+15 7.955320691099999503e+36 1.978089999999999984e+39 1.000000000000000000e+00 0.000000000000000000e+00
9.809045797600000000e+15 7.910521280500000145e+36 1.973090000000000151e+39 1.000000000000000000e+00 0.000000000000000000e+00
9.759394655200000000e+15 7.865835252299999882e+36 1.968090000000000016e+39 1.000000000000000000e+00 0.000000000000000000e+00
9.709869493100000000e+15 7.821262606499999896e+36 1.963089999999999881e+39 1.000000000000000000e+00 0.000000000000000000e+00
9.660470311500000000e+15 7.776803343000000534e+36 1.958090000000000048e+39 1.000000000000000000e+00 0.000000000000000000e+00
9.611197110200000000e+15 7.732457461799999435e+36 1.953089999999999914e+39 1.000000000000000000e+00 0.000000000000000000e+00
9.562049889400000000e+15 7.688224963099999444e+36 1.948090000000000081e+39 1.000000000000000000e+00 0.000000000000000000e+00
9.513028648900000000e+15 7.644105846700000078e+36 1.943089999999999946e+39 1.000000000000000000e+00 0.000000000000000000e+00
9.464133388800000000e+15 7.600100112600000156e+36 1.938090000000000113e+39 1.000000000000000000e+00 0.000000000000000000e+00
9.415364109200000000e+15 7.556207760900000510e+36 1.933089999999999978e+39 1.000000000000000000e+00 0.000000000000000000e+00
9.366720809900000000e+15 7.512428791599999960e+36 1.928090000000000146e+39 1.000000000000000000e+00 0.000000000000000000e+00
9.318203491100000000e+15 7.468763204600000034e+36 1.923090000000000011e+39 1.000000000000000000e+00 0.000000000000000000e+00
9.269812152600000000e+15 7.425211000000000384e+36 1.918089999999999876e+39 1.000000000000000000e+00 0.000000000000000000e+00
9.221546794500000000e+15 7.381772177700000178e+36 1.913090000000000043e+39 1.000000000000000000e+00 0.000000000000000000e+00
9.173407416900000000e+15 7.338446737800000248e+36 1.908089999999999908e+39 1.000000000000000000e+00 0.000000000000000000e+00
9.125394019600000000e+15 7.295234680299999413e+36 1.903090000000000075e+39 1.000000000000000000e+00 0.000000000000000000e+00
9.077506602700000000e+15 7.252136005100000384e+36 1.898089999999999940e+39 1.000000000000000000e+00 0.000000000000000000e+00
9.029745166200000000e+15 7.209150712300000450e+36 1.893090000000000108e+39 1.000000000000000000e+00 0.000000000000000000e+00
8.982109710200000000e+15 7.166278801799999960e+36 1.888089999999999973e+39 1.000000000000000000e+00 0.000000000000000000e+00
8.934600234500000000e+15 7.123520273699999746e+36 1.883090000000000140e+39 1.000000000000000000e+00 0.000000000000000000e+00
8.887216739200000000e+15 7.080875127900000157e+36 1.878090000000000005e+39 1.000000000000000000e+00 0.000000000000000000e+00
8.839959224300000000e+15 7.038343364499999663e+36 1.873089999999999870e+39 1.000000000000000000e+00 0.000000000000000000e+00
8.792827689800000000e+15 6.995924983499999445e+36 1.868090000000000037e+39 1.000000000000000000e+00 0.000000000000000000e+00
8.745822135700000000e+15 6.953619984799999852e+36 1.863089999999999902e+39 1.000000000000000000e+00 0.000000000000000000e+00
8.698942562100000000e+15 6.911428368500000535e+36 1.858090000000000070e+39 1.000000000000000000e+00 0.000000000000000000e+00
8.652188968800000000e+15 6.869350134499999481e+36 1.853089999999999935e+39 1.000000000000000000e+00 0.000000000000000000e+00
8.605561355900000000e+15 6.827385282899999883e+36 1.848090000000000102e+39 1.000000000000000000e+00 0.000000000000000000e+00
8.559059723400000000e+15 6.785533813700000563e+36 1.843089999999999967e+39 1.000000000000000000e+00 0.000000000000000000e+00
8.512684071300000000e+15 6.743795726799999505e+36 1.838090000000000134e+39 1.000000000000000000e+00 0.000000000000000000e+00
8.466434399600000000e+15 6.702171022299999904e+36 1.833089999999999999e+39 1.000000000000000000e+00 0.000000000000000000e+00
8.420310708300000000e+15 6.660659700099999746e+36 1.828089999999999864e+39 1.000000000000000000e+00 0.000000000000000000e+00
8.374312997400000000e+15 6.619261760299999865e+36 1.823090000000000032e+39 1.000000000000000000e+00 0.000000000000000000e+00
8.328441266800000000e+15 6.577977202799999428e+36 1.818089999999999897e+39 1.000000000000000000e+00 0.000000000000000000e+00
8.282695516700000000e+15 6.536806027700000447e+36 1.813090000000000064e+39 1.000000000000000000e+00 0.000000000000000000e+00
8.237075747000000000e+15 6.495748235000000562e+36 1.808089999999999929e+39 1.000000000000000000e+00 0.000000000000000000e+00
8.191581957700000000e+15 6.454803824600000121e+36 1.803090000000000096e+39 1.000000000000000000e+00 0.000000000000000000e+00
8.146214148800000000e+15 6.413972796599999956e+36 1.798089999999999961e+39 1.000000000000000000e+00 0.000000000000000000e+00
8.100972320300000000e+15 6.373255150900000415e+36 1.793090000000000129e+39 1.000000000000000000e+00 0.000000000000000000e+00
8.055856472200000000e+15 6.332650887599999970e+36 1.788089999999999994e+39 1.000000000000000000e+00 0.000000000000000000e+00
8.010866604400000000e+15 6.292160006600000150e+36 1.783089999999999859e+39 1.000000000000000000e+00 0.000000000000000000e+00
7.966002717100000000e+15 6.251782508100000257e+36 1.778090000000000026e+39 1.000000000000000000e+00 0.000000000000000000e+00
7.921264810200000000e+15 6.211518391800000156e+36 1.773089999999999891e+39 1.000000000000000000e+00 0.000000000000000000e+00
7.876652883700000000e+15 6.171367657900000331e+36 1.768090000000000058e+39 1.000000000000000000e+00 0.000000000000000000e+00
7.832166937500000000e+15 6.131330306399999603e+36 1.763089999999999923e+39 1.000000000000000000e+00 0.000000000000000000e+00
7.787806971800000000e+15 6.091406337300000330e+36 1.758090000000000091e+39 1.000000000000000000e+00 0.000000000000000000e+00
7.743572986400000000e+15 6.051595750500000502e+36 1.753089999999999956e+39 1.000000000000000000e+00 0.000000000000000000e+00
7.699464981500000000e+15 6.011898546000000117e+36 1.748090000000000123e+39 1.000000000000000000e+00 0.000000000000000000e+00
7.655482957000000000e+15 5.972314723900000009e+36 1.743089999999999988e+39 1.000000000000000000e+00 0.000000000000000000e+00
7.611626912800000000e+15 5.932844284200000176e+36 1.738089999999999853e+39 1.000000000000000000e+00 0.000000000000000000e+00
7.567896849100000000e+15 5.893487226799999788e+36 1.733090000000000020e+39 1.000000000000000000e+00 0.000000000000000000e+00
7.524292765700000000e+15 5.854243551799999676e+36 1.728089999999999886e+39 1.000000000000000000e+00 0.000000000000000000e+00
7.480814662800000000e+15 5.815113259199999840e+36 1.723090000000000053e+39 1.000000000000000000e+00 0.000000000000000000e+00
7.437462540200000000e+15 5.776096348899999447e+36 1.718089999999999918e+39 1.000000000000000000e+00 0.000000000000000000e+00
7.394236398100000000e+15 5.737192820899999679e+36 1.713090000000000085e+39 1.000000000000000000e+00 0.000000000000000000e+00
7.351136236300000000e+15 5.698402675399999839e+36 1.708089999999999950e+39 1.000000000000000000e+00 0.000000000000000000e+00
7.308162055000000000e+15 5.659725912099999791e+36 1.703090000000000118e+39 1.000000000000000000e+00 0.000000000000000000e+00
7.265313854000000000e+15 5.621162531299999671e+36 1.698089999999999983e+39 1.000000000000000000e+00 0.000000000000000000e+00
7.222591633500000000e+15 5.582712532800000175e+36 1.693090000000000150e+39 1.000000000000000000e+00 0.000000000000000000e+00
7.179995393300000000e+15 5.544375916600000123e+36 1.688090000000000015e+39 1.000000000000000000e+00 0.000000000000000000e+00
7.137525133500000000e+15 5.506152682800000347e+36 1.683089999999999880e+39 1.000000000000000000e+00 0.000000000000000000e+00
7.095180854200000000e+15 5.468042831399999667e+36 1.678090000000000047e+39 1.000000000000000000e+00 0.000000000000000000e+00
7.052962555200000000e+15 5.430046362299999611e+36 1.673089999999999912e+39 1.000000000000000000e+00 0.000000000000000000e+00
7.010870236600000000e+15 5.392163275599999832e+36 1.668090000000000080e+39 1.000000000000000000e+00 0.000000000000000000e+00
6.968903898400000000e+15 5.354393571300000328e+36 1.663089999999999945e+39 1.000000000000000000e+00 0.000000000000000000e+00
6.927063540700000000e+15 5.316737249300000269e+36 1.658090000000000112e+39 1.000000000000000000e+00 0.000000000000000000e+00
6.885349163300000000e+15 5.279194309600000243e+36 1.653089999999999977e+39 1.000000000000000000e+00 0.000000000000000000e+00
6.843760766300000000e+15 5.241764752299999903e+36 1.648090000000000144e+39 1.000000000000000000e+00 0.000000000000000000e+00
6.802298349700000000e+15 5.204448577399999840e+36 1.643090000000000009e+39 1.000000000000000000e+00 0.000000000000000000e+00
6.760961913500000000e+15 5.167245784799999810e+36 1.638089999999999874e+39 1.000000000000000000e+00 0.000000000000000000e+00
6.719751457700000000e+15 5.130156374600000057e+36 1.633090000000000042e+39 1.000000000000000000e+00 0.000000000000000000e+00
6.678666982400000000e+15 5.093180346799999990e+36 1.628089999999999907e+39 1.000000000000000000e+00 0.000000000000000000e+00
6.637708487400000000e+15 5.056317701299999956e+36 1.623090000000000074e+39 1.000000000000000000e+00 0.000000000000000000e+00
6.596875972800000000e+15 5.019568438200000199e+36 1.618089999999999939e+39 1.000000000000000000e+00 0.000000000000000000e+00
6.556169438600000000e+15 4.982932557399999886e+36 1.613090000000000106e+39 1.000000000000000000e+00 0.000000000000000000e+00
6.515588884800000000e+15 4.946410058999999849e+36 1.608089999999999971e+39 1.000000000000000000e+00 0.000000000000000000e+00
6.475134311400000000e+15 4.910000942899999845e+36 1.603090000000000139e+39 1.000000000000000000e+00 0.000000000000000000e+00
6.434805718400000000e+15 4.873705209200000119e+36 1.598090000000000004e+39 1.000000000000000000e+00 0.000000000000000000e+00
6.394603105800000000e+15 4.837522857900000078e+36 1.593089999999999869e+39 1.000000000000000000e+00 0.000000000000000000e+00
6.354526473600000000e+15 4.801453888900000071e+36 1.588090000000000036e+39 1.000000000000000000e+00 0.000000000000000000e+00
6.314575821800000000e+15 4.765498302200000097e+36 1.583089999999999901e+39 1.000000000000000000e+00 0.000000000000000000e+00
6.274751150300000000e+15 4.729656098000000053e+36 1.578090000000000068e+39 1.000000000000000000e+00 0.000000000000000000e+00
6.235052459300000000e+15 4.693927276100000042e+36 1.573089999999999933e+39 1.000000000000000000e+00 0.000000000000000000e+00
6.195479748700000000e+15 4.658311836500000065e+36 1.568090000000000101e+39 1.000000000000000000e+00 0.000000000000000000e+00
6.156033018500000000e+15 4.622809779299999774e+36 1.563089999999999966e+39 1.000000000000000000e+00 0.000000000000000000e+00
6.116712268700000000e+15 4.587421104499999759e+36 1.558090000000000133e+39 1.000000000000000000e+00 0.000000000000000000e+00
6.077517499300000000e+15 4.552145811999999779e+36 1.553089999999999998e+39 1.000000000000000000e+00 0.000000000000000000e+00
6.038448710200000000e+15 4.516983901900000074e+36 1.548089999999999863e+39 1.000000000000000000e+00 0.000000000000000000e+00
5.999505901600000000e+15 4.481935374099999813e+36 1.543090000000000030e+39 1.000000000000000000e+00 0.000000000000000000e+00
5.960689073400000000e+15 4.447000228699999829e+36 1.538089999999999895e+39 1.000000000000000000e+00 0.000000000000000000e+00
5.921998225600000000e+15 4.412178465700000121e+36 1.533090000000000063e+39 1.000000000000000000e+00 0.000000000000000000e+00
5.883433358100000000e+15 4.377470084999999856e+36 1.528089999999999928e+39 1.000000000000000000e+00 0.000000000000000000e+00
5.844994471100000000e+15 4.342875086600000216e+36 1.523090000000000095e+39 1.000000000000000000e+00 0.000000000000000000e+00
5.806681564500000000e+15 4.308393470699999913e+36 1.518089999999999960e+39 1.000000000000000000e+00 0.000000000000000000e+00
5.768494638200000000e+15 4.274025236999999993e+36 1.513090000000000127e+39 1.000000000000000000e+00 0.000000000000000000e+00
5.730433692400000000e+15 4.239770385800000001e+36 1.508089999999999993e+39 1.000000000000000000e+00 0.000000000000000000e+00
5.692498726900000000e+15 4.205628916900000043e+36 1.503089999999999858e+39 1.000000000000000000e+00 0.000000000000000000e+00
5.654689741900000000e+15 4.171600830399999770e+36 1.498090000000000025e+39 1.000000000000000000e+00 0.000000000000000000e+00
5.617006737200000000e+15 4.137686126200000122e+36 1.493089999999999890e+39 1.000000000000000000e+00 0.000000000000000000e+00
5.579449713000000000e+15 4.103884804299999918e+36 1.488090000000000057e+39 1.000000000000000000e+00 0.000000000000000000e+00
5.542018669100000000e+15 4.070196864900000232e+36 1.483089999999999922e+39 1.000000000000000000e+00 0.000000000000000000e+00
5.504713605700000000e+15 4.036622307799999990e+36 1.478090000000000090e+39 1.000000000000000000e+00 0.000000000000000000e+00
5.467534522600000000e+15 4.003161132999999782e+36 1.473089999999999955e+39 1.000000000000000000e+00 0.000000000000000000e+00
5.430481420000000000e+15 3.969813340599999850e+36 1.468090000000000122e+39 1.000000000000000000e+00 0.000000000000000000e+00
5.393554297700000000e+15 3.936578930600000195e+36 1.463089999999999987e+39 1.000000000000000000e+00 0.000000000000000000e+00
5.356753155800000000e+15 3.903457902899999983e+36 1.458089999999999852e+39 1.000000000000000000e+00 0.000000000000000000e+00
5.320077994400000000e+15 3.870450257600000047e+36 1.453090000000000019e+39 1.000000000000000000e+00 0.000000000000000000e+00
5.283528813300000000e+15 3.837555994600000145e+36 1.448089999999999884e+39 1.000000000000000000e+00 0.000000000000000000e+00
5.247105612700000000e+15 3.804775113999999930e+36 1.443090000000000052e+39 1.000000000000000000e+00 0.000000000000000000e+00
5.210808392400000000e+15 3.772107615799999990e+36 1.438089999999999917e+39 1.000000000000000000e+00 0.000000000000000000e+00
5.174637152500000000e+15 3.739553499900000085e+36 1.433090000000000084e+39 1.000000000000000000e+00 0.000000000000000000e+00
5.138591893000000000e+15 3.707112766399999865e+36 1.428089999999999949e+39 1.000000000000000000e+00 0.000000000000000000e+00
5.102672614000000000e+15 3.674785415200000270e+36 1.423090000000000116e+39 1.000000000000000000e+00 0.000000000000000000e+00
5.066879315300000000e+15 3.642571446399999770e+36 1.418089999999999981e+39 1.000000000000000000e+00 0.000000000000000000e+00
5.031211997000000000e+15 3.610470860000000137e+36 1.413090000000000149e+39 1.000000000000000000e+00 0.000000000000000000e+00
4.995670659100000000e+15 3.578483655899999948e+36 1.408090000000000014e+39 1.000000000000000000e+00 0.000000000000000000e+00
4.960255301600000000e+15 3.546609834099999792e+36 1.403089999999999879e+39 1.000000000000000000e+00 0.000000000000000000e+00
4.924965924500000000e+15 3.514849394699999913e+36 1.398090000000000046e+39 1.000000000000000000e+00 0.000000000000000000e+00
4.889802527800000000e+15 3.483202337699999720e+36 1.393089999999999911e+39 1.000000000000000000e+00 0.000000000000000000e+00
4.854765111600000000e+15 3.451668663099999803e+36 1.388090000000000078e+39 1.000000000000000000e+00 0.000000000000000000e+00
4.819853675700000000e+15 3.420248370799999920e+36 1.383089999999999943e+39 1.000000000000000000e+00 0.000000000000000000e+00
4.785068220200000000e+15 3.388941460800000071e+36 1.378090000000000111e+39 1.000000000000000000e+00 0.000000000000000000e+00
4.750408745100000000e+15 3.357747933199999908e+36 1.373089999999999976e+39 1.000000000000000000e+00 0.000000000000000000e+00
4.715875250400000000e+15 3.326667788000000021e+36 1.368090000000000143e+39 1.000000000000000000e+00 0.000000000000000000e+00
4.681467736100000000e+15 3.295701025100000168e+36 1.363090000000000008e+39 1.000000000000000000e+00 0.000000000000000000e+00
4.647186202200000000e+15 3.264847644600000001e+36 1.358090000000000024e+39 1.000000000000000000e+00 0.000000000000000000e+00
4.613030648700000000e+15 3.234107646399999868e+36 1.353090000000000040e+39 1.000000000000000000e+00 0.000000000000000000e+00
4.579001075500000000e+15 3.203481030600000011e+36 1.348090000000000057e+39 1.000000000000000000e+00 0.000000000000000000e+00
4.545097482800000000e+15 3.172967797199999841e+36 1.343090000000000073e+39 1.000000000000000000e+00 0.000000000000000000e+00
4.511319870500000000e+15 3.142567946100000294e+36 1.338089999999999938e+39 1.000000000000000000e+00 0.000000000000000000e+00
4.477668238600000000e+15 3.112281477399999843e+36 1.333089999999999954e+39 1.000000000000000000e+00 0.000000000000000000e+00
4.444142587100000000e+15 3.082108391000000017e+36 1.328089999999999970e+39 1.000000000000000000e+00 0.000000000000000000e+00
4.410742916000000000e+15 3.052048686999999876e+36 1.323089999999999986e+39 1.000000000000000000e+00 0.000000000000000000e+00
4.377469225200000000e+15 3.022102365400000012e+36 1.318090000000000002e+39 1.000000000000000000e+00 0.000000000000000000e+00
4.344321514900000000e+15 2.992269426100000181e+36 1.313090000000000019e+39 1.000000000000000000e+00 0.000000000000000000e+00
4.311299785000000000e+15 2.962549869099999795e+36 1.308090000000000035e+39 1.000000000000000000e+00 0.000000000000000000e+00
4.278404035500000000e+15 2.932943694599999927e+36 1.303090000000000051e+39 1.000000000000000000e+00 0.000000000000000000e+00
4.245634266300000000e+15 2.903450902400000092e+36 1.298090000000000067e+39 1.000000000000000000e+00 0.000000000000000000e+00
4.212990477600000000e+15 2.874071492500000292e+36 1.293089999999999932e+39 1.000000000000000000e+00 0.000000000000000000e+00
4.180472669300000000e+15 2.844805465000000178e+36 1.288089999999999948e+39 1.000000000000000000e+00 0.000000000000000000e+00
4.148080841300000000e+15 2.815652819899999750e+36 1.283089999999999965e+39 1.000000000000000000e+00 0.000000000000000000e+00
4.115814993800000000e+15 2.786613557099999946e+36 1.278089999999999981e+39 1.000000000000000000e+00 0.000000000000000000e+00
4.083675126600000000e+15 2.757687676600000175e+36 1.273089999999999997e+39 1.000000000000000000e+00 0.000000000000000000e+00
4.051661239900000000e+15 2.728875178599999743e+36 1.268090000000000013e+39 1.000000000000000000e+00 0.000000000000000000e+00
4.019773333600000000e+15 2.700176062899999935e+36 1.263090000000000029e+39 1.000000000000000000e+00 0.000000000000000000e+00
3.988011407600000000e+15 2.671590329500000162e+36 1.258090000000000045e+39 1.000000000000000000e+00 0.000000000000000000e+00
3.956375462100000000e+15 2.643117978500000074e+36 1.253090000000000062e+39 1.000000000000000000e+00 0.000000000000000000e+00
3.924865496900000000e+15 2.614759009899999967e+36 1.248089999999999927e+39 1.000000000000000000e+00 0.000000000000000000e+00
3.893481512200000000e+15 2.586513423599999894e+36 1.243089999999999943e+39 1.000000000000000000e+00 0.000000000000000000e+00
3.862223507800000000e+15 2.558381219700000097e+36 1.238089999999999959e+39 1.000000000000000000e+00 0.000000000000000000e+00
3.831091483800000000e+15 2.530362398100000040e+36 1.233089999999999975e+39 1.000000000000000000e+00 0.000000000000000000e+00
3.800085440300000000e+15 2.502456958899999963e+36 1.228089999999999991e+39 1.000000000000000000e+00 0.000000000000000000e+00
3.769205377100000000e+15 2.474664902099999867e+36 1.223090000000000007e+39 1.000000000000000000e+00 0.000000000000000000e+00
3.738451294400000000e+15 2.446986227600000101e+36 1.218090000000000024e+39 1.000000000000000000e+00 0.000000000000000000e+00
3.707823192000000000e+15 2.419420935400000073e+36 1.213090000000000040e+39 1.000000000000000000e+00 0.000000000000000000e+00
3.677321070000000000e+15 2.391969025699999974e+36 1.208090000000000056e+39 1.000000000000000000e+00 0.000000000000000000e+00
3.646944928400000000e+15 2.364630498299999908e+36 1.203090000000000072e+39 1.000000000000000000e+00 0.000000000000000000e+00
3.616694767300000000e+15 2.337405353199999877e+36 1.198089999999999937e+39 1.000000000000000000e+00 0.000000000000000000e+00
3.586570586500000000e+15 2.310293590500000122e+36 1.193089999999999953e+39 1.000000000000000000e+00 0.000000000000000000e+00
3.556572386100000000e+15 2.283295210200000052e+36 1.188089999999999969e+39 1.000000000000000000e+00 0.000000000000000000e+00
3.526700166100000000e+15 2.256410212200000017e+36 1.183089999999999986e+39 1.000000000000000000e+00 0.000000000000000000e+00
3.496953926600000000e+15 2.229638596599999963e+36 1.178090000000000002e+39 1.000000000000000000e+00 0.000000000000000000e+00
3.467333667400000000e+15 2.202980363299999943e+36 1.173090000000000018e+39 1.000000000000000000e+00 0.000000000000000000e+00
3.437839388600000000e+15 2.176435512399999904e+36 1.168090000000000034e+39 1.000000000000000000e+00 0.000000000000000000e+00
3.408471090200000000e+15 2.150004043799999899e+36 1.163090000000000050e+39 1.000000000000000000e+00 0.000000000000000000e+00
3.379228772200000000e+15 2.123685957599999875e+36 1.158090000000000067e+39 1.000000000000000000e+00 0.000000000000000000e+00
3.350112434600000000e+15 2.097481253800000127e+36 1.153089999999999932e+39 1.000000000000000000e+00 0.000000000000000000e+00
3.321122077400000000e+15 2.071389932300000118e+36 1.148089999999999948e+39 1.000000000000000000e+00 0.000000000000000000e+00
3.292257700600000000e+15 2.045411993200000090e+36 1.143089999999999964e+39 1.000000000000000000e+00 0.000000000000000000e+00
3.263519304200000000e+15 2.019547436500000043e+36 1.138089999999999980e+39 1.000000000000000000e+00 0.000000000000000000e+00
3.234906888200000000e+15 1.993796262100000030e+36 1.133089999999999996e+39 1.000000000000000000e+00 0.000000000000000000e+00
3.206420452600000000e+15 1.968158470000000052e+36 1.128090000000000012e+39 1.000000000000000000e+00 0.000000000000000000e+00
3.178059997400000000e+15 1.942634060300000054e+36 1.123090000000000029e+39 1.000000000000000000e+00 0.000000000000000000e+00
3.149825522600000000e+15 1.917223033000000037e+36 1.118090000000000045e+39 1.000000000000000000e+00 0.000000000000000000e+00
3.121717028200000000e+15 1.891925388000000055e+36 1.113090000000000061e+39 1.000000000000000000e+00 0.000000000000000000e+00
3.093734514200000000e+15 1.866741125400000053e+36 1.108089999999999926e+39 1.000000000000000000e+00 0.000000000000000000e+00
3.065877980600000000e+15 1.841670245200000033e+36 1.103089999999999942e+39 1.000000000000000000e+00 0.000000000000000000e+00
3.038147427400000000e+15 1.816712747300000046e+36 1.098089999999999958e+39 1.000000000000000000e+00 0.000000000000000000e+00
3.010542854500000000e+15 1.791868631700000094e+36 1.093089999999999974e+39 1.000000000000000000e+00 0.000000000000000000e+00
2.983064262100000000e+15 1.767137898600000070e+36 1.088089999999999991e+39 1.000000000000000000e+00 0.000000000000000000e+00
2.955711650100000000e+15 1.742520547700000132e+36 1.083090000000000007e+39 1.000000000000000000e+00 0.000000000000000000e+00
2.928485018500000000e+15 1.718016579300000123e+36 1.078090000000000023e+39 1.000000000000000000e+00 0.000000000000000000e+00
2.901384367200000000e+15 1.693625993199999853e+36 1.073090000000000039e+39 1.000000000000000000e+00 0.000000000000000000e+00
2.874409696400000000e+15 1.669348789399999911e+36 1.068090000000000055e+39 1.000000000000000000e+00 0.000000000000000000e+00
2.847561006000000000e+15 1.645184967999999951e+36 1.063090000000000071e+39 1.000000000000000000e+00 0.000000000000000000e+00
2.820838296000000000e+15 1.621134528999999972e+36 1.058089999999999937e+39 1.000000000000000000e+00 0.000000000000000000e+00
2.794241566300000000e+15 1.597197472300000027e+36 1.053089999999999953e+39 1.000000000000000000e+00 0.000000000000000000e+00
2.767770817100000000e+15 1.573373798000000063e+36 1.048089999999999969e+39 1.000000000000000000e+00 0.000000000000000000e+00
2.741426048200000000e+15 1.549663506100000081e+36 1.043089999999999985e+39 1.000000000000000000e+00 0.000000000000000000e+00
2.715207259800000000e+15 1.526066596500000132e+36 1.038090000000000001e+39 1.000000000000000000e+00 0.000000000000000000e+00
2.689114451800000000e+15 1.502583069199999922e+36 1.033090000000000017e+39 1.000000000000000000e+00 0.000000000000000000e+00
2.663147624100000000e+15 1.479212924399999935e+36 1.028090000000000034e+39 1.000000000000000000e+00 0.000000000000000000e+00
2.637306776900000000e+15 1.455956161800000035e+36 1.023090000000000050e+39 1.000000000000000000e+00 0.000000000000000000e+00
2.611591910000000000e+15 1.432812781700000064e+36 1.018090000000000066e+39 1.000000000000000000e+00 0.000000000000000000e+00
2.586003023600000000e+15 1.409782783900000126e+36 1.013089999999999931e+39 1.000000000000000000e+00 0.000000000000000000e+00
2.560540117500000000e+15 1.386866168399999927e+36 1.008089999999999947e+39 1.000000000000000000e+00 0.000000000000000000e+00
2.535203191800000000e+15 1.364062935300000005e+36 1.003089999999999963e+39 1.000000000000000000e+00 0.000000000000000000e+00
2.509992246600000000e+15 1.341373084600000063e+36 9.980899999999999794e+38 1.000000000000000000e+00 0.000000000000000000e+00
2.484907281700000000e+15 1.318796616200000008e+36 9.930899999999999956e+38 1.000000000000000000e+00 0.000000000000000000e+00
2.459948297300000000e+15 1.296333530199999934e+36 9.880900000000000118e+38 1.000000000000000000e+00 0.000000000000000000e+00
2.435115293200000000e+15 1.273983826500000042e+36 9.830900000000000279e+38 1.000000000000000000e+00 0.000000000000000000e+00
2.410408269500000000e+15 1.251747505199999983e+36 9.780900000000000441e+38 1.000000000000000000e+00 0.000000000000000000e+00
2.385827226300000000e+15 1.229624566300000053e+36 9.730900000000000603e+38 1.000000000000000000e+00 0.000000000000000000e+00
2.361372163400000000e+15 1.207615009700000009e+36 9.680899999999999253e+38 1.000000000000000000e+00 0.000000000000000000e+00
2.337043080900000000e+15 1.185718835499999946e+36 9.630899999999999415e+38 1.000000000000000000e+00 0.000000000000000000e+00
2.312839978800000000e+15 1.163936043600000065e+36 9.580899999999999577e+38 1.000000000000000000e+00 0.000000000000000000e+00
2.288762857200000000e+15 1.142266634100000018e+36 9.530899999999999738e+38 1.000000000000000000e+00 0.000000000000000000e+00
2.264811715900000000e+15 1.120710606900000004e+36 9.480899999999999900e+38 1.000000000000000000e+00 0.000000000000000000e+00
2.240986555000000000e+15 1.099267962200000066e+36 9.430900000000000062e+38 1.000000000000000000e+00 0.000000000000000000e+00
2.217287374500000000e+15 1.077938699700000068e+36 9.380900000000000223e+38 1.000000000000000000e+00 0.000000000000000000e+00
2.193714174400000000e+15 1.056722819600000050e+36 9.330900000000000385e+38 1.000000000000000000e+00 0.000000000000000000e+00
2.170266954700000000e+15 1.035620321900000014e+36 9.280900000000000547e+38 1.000000000000000000e+00 0.000000000000000000e+00
2.146945715400000000e+15 1.014631206599999959e+36 9.230900000000000708e+38 1.000000000000000000e+00 0.000000000000000000e+00
2.123750456600000000e+15 9.937554735499999637e+35 9.180899999999999359e+38 1.000000000000000000e+00 0.000000000000000000e+00
2.100681178100000000e+15 9.729931229100000037e+35 9.130899999999999521e+38 1.000000000000000000e+00 0.000000000000000000e+00
2.077737880000000000e+15 9.523441546200000513e+35 9.080899999999999682e+38 1.000000000000000000e+00 0.000000000000000000e+00
2.054920562300000000e+15 9.318085686900000125e+35 9.030899999999999844e+38 1.000000000000000000e+00 0.000000000000000000e+00
2.032229225000000000e+15 9.113863651200000350e+35 8.980900000000000006e+38 1.000000000000000000e+00 0.000000000000000000e+00
2.009663868100000000e+15 8.910775439000000651e+35 8.930900000000000167e+38 1.000000000000000000e+00 0.000000000000000000e+00
1.987224491500000000e+15 8.708821050500000626e+35 8.880900000000000329e+38 1.000000000000000000e+00 0.000000000000000000e+00
1.964911095400000000e+15 8.508000485500000677e+35 8.830900000000000491e+38 1.000000000000000000e+00 0.000000000000000000e+00
1.942723679700000000e+15 8.308313744099999864e+35 8.780900000000000652e+38 1.000000000000000000e+00 0.000000000000000000e+00
1.920662244400000000e+15 8.109760826299999665e+35 8.730899999999999303e+38 1.000000000000000000e+00 0.000000000000000000e+00
1.898726789500000000e+15 7.912341732100000078e+35 8.680899999999999465e+38 1.000000000000000000e+00 0.000000000000000000e+00
1.876917315000000000e+15 7.716056461400000566e+35 8.630899999999999626e+38 1.000000000000000000e+00 0.000000000000000000e+00
1.855233820900000000e+15 7.520905014300000192e+35 8.580899999999999788e+38 1.000000000000000000e+00 0.000000000000000000e+00
1.833676307100000000e+15 7.326887390899999492e+35 8.530899999999999950e+38 1.000000000000000000e+00 0.000000000000000000e+00
1.812244773800000000e+15 7.134003591000000343e+35 8.480900000000000111e+38 1.000000000000000000e+00 0.000000000000000000e+00
1.790939220900000000e+15 6.942253614599999794e+35 8.430900000000000273e+38 1.000000000000000000e+00 0.000000000000000000e+00
1.769759648400000000e+15 6.751637461900000395e+35 8.380900000000000435e+38 1.000000000000000000e+00 0.000000000000000000e+00
1.748706056200000000e+15 6.562155132700000334e+35 8.330900000000000597e+38 3.398081534800000192e+00 0.000000000000000000e+00
1.733879206200000000e+15 6.429284030499999861e+35 8.280899999999999247e+38 3.398081534800000192e+00 0.000000000000000000e+00
1.719140855400000000e+15 6.298322983900000031e+35 8.230899999999999409e+38 3.398081534800000192e+00 0.000000000000000000e+00
1.704490257600000000e+15 6.169255888399999730e+35 8.180899999999999570e+38 3.398081534800000192e+00 0.000000000000000000e+00
1.689926668600000000e+15 6.042066678500000125e+35 8.130899999999999732e+38 3.398081534800000192e+00 0.000000000000000000e+00
1.675449345600000000e+15 5.916739327499999900e+35 8.080899999999999894e+38 3.398081534800000192e+00 0.000000000000000000e+00
1.661057548100000000e+15 5.793257848199999757e+35 8.030900000000000055e+38 3.398081534800000192e+00 0.000000000000000000e+00
1.646750537000000000e+15 5.671606292399999727e+35 7.980900000000000217e+38 3.398081534800000192e+00 0.000000000000000000e+00
1.632527575300000000e+15 5.551768751599999981e+35 7.930900000000000379e+38 3.398081534800000192e+00 0.000000000000000000e+00
1.618387927700000000e+15 5.433729357000000092e+35 7.880900000000000541e+38 3.398081534800000192e+00 0.000000000000000000e+00
1.604330860800000000e+15 5.317472279199999639e+35 7.830900000000000702e+38 3.398081534800000192e+00 0.000000000000000000e+00
1.590355642900000000e+15 5.202981729100000088e+35 7.780899999999999353e+38 3.398081534800000192e+00 0.000000000000000000e+00
1.576461544500000000e+15 5.090241957600000233e+35 7.730899999999999514e+38 3.398081534800000192e+00 0.000000000000000000e+00
1.562647837700000000e+15 4.979237255699999681e+35 7.680899999999999676e+38 3.398081534800000192e+00 0.000000000000000000e+00
1.548913796400000000e+15 4.869951954900000267e+35 7.630899999999999838e+38 3.398081534800000192e+00 0.000000000000000000e+00
1.535258696700000000e+15 4.762370427200000150e+35 7.580899999999999999e+38 3.398081534800000192e+00 0.000000000000000000e+00
1.521681816200000000e+15 4.656477085399999852e+35 7.530900000000000161e+38 3.398081534800000192e+00 0.000000000000000000e+00
1.508182434600000000e+15 4.552256383100000044e+35 7.480900000000000323e+38 3.398081534800000192e+00 0.000000000000000000e+00
1.494759833600000000e+15 4.449692814899999673e+35 7.430900000000000485e+38 3.398081534800000192e+00 0.000000000000000000e+00
1.481413296700000000e+15 4.348770916699999783e+35 7.380900000000000646e+38 3.398081534800000192e+00 0.000000000000000000e+00
1.468142109200000000e+15 4.249475265699999830e+35 7.330899999999999297e+38 3.398081534800000192e+00 0.000000000000000000e+00
1.454945558500000000e+15 4.151790480700000030e+35 7.280899999999999458e+38 3.398081534800000192e+00 0.000000000000000000e+00
1.441822933900000000e+15 4.055701222099999882e+35 7.230899999999999620e+38 3.398081534800000192e+00 0.000000000000000000e+00
1.428773526500000000e+15 3.961192192099999987e+35 7.180899999999999782e+38 3.398081534800000192e+00 0.000000000000000000e+00
1.415796629500000000e+15 3.868248135399999898e+35 7.130899999999999943e+38 3.398081534800000192e+00 0.000000000000000000e+00
1.402891538100000000e+15 3.776853838299999933e+35 7.080900000000000105e+38 3.398081534800000192e+00 0.000000000000000000e+00
1.390057549300000000e+15 3.686994130000000038e+35 7.030900000000000267e+38 3.398081534800000192e+00 0.000000000000000000e+00
1.377293962100000000e+15 3.598653882000000258e+35 6.980900000000000429e+38 3.398081534800000192e+00 0.000000000000000000e+00
1.364600077700000000e+15 3.511818008800000066e+35 6.930900000000000590e+38 3.398081534800000192e+00 0.000000000000000000e+00
1.351975198900000000e+15 3.426471467599999707e+35 6.880900000000000752e+38 3.398081534800000192e+00 0.000000000000000000e+00
1.339418631000000000e+15 3.342599258899999731e+35 6.830899999999999402e+38 3.398081534800000192e+00 0.000000000000000000e+00
1.326929680700000000e+15 3.260186426499999886e+35 6.780900000000000320e+38 3.398081534800000192e+00 0.000000000000000000e+00
1.314507657300000000e+15 3.179218057600000027e+35 6.730899999999999726e+38 3.398081534800000192e+00 0.000000000000000000e+00
1.302151871800000000e+15 3.099679283400000018e+35 6.680899999999999888e+38 3.398081534800000192e+00 0.000000000000000000e+00
1.289861637200000000e+15 3.021555278700000164e+35 6.630900000000000049e+38 3.398081534800000192e+00 0.000000000000000000e+00
1.277636268800000000e+15 2.944831262600000182e+35 6.580900000000000211e+38 3.398081534800000192e+00 0.000000000000000000e+00
1.265475083800000000e+15 2.869492498299999964e+35 6.530900000000000373e+38 3.398081534800000192e+00 0.000000000000000000e+00
1.253377401300000000e+15 2.795524293699999856e+35 6.480899999999999779e+38 3.398081534800000192e+00 0.000000000000000000e+00
1.241342542700000000e+15 2.722912001300000117e+35 6.430899999999999940e+38 3.398081534800000192e+00 0.000000000000000000e+00
1.229369831500000000e+15 2.651641018699999918e+35 6.380900000000000102e+38 3.398081534800000192e+00 0.000000000000000000e+00
1.217458593200000000e+15 2.581696788199999992e+35 6.330900000000000264e+38 3.398081534800000192e+00 0.000000000000000000e+00
1.205608155300000000e+15 2.513064797999999854e+35 6.280899999999999670e+38 3.398081534800000192e+00 0.000000000000000000e+00
1.193817847600000000e+15 2.445730581400000145e+35 6.230899999999999832e+38 3.398081534800000192e+00 0.000000000000000000e+00
1.182087002000000000e+15 2.379679717799999893e+35 6.180899999999999993e+38 3.398081534800000192e+00 0.000000000000000000e+00
1.170414952300000000e+15 2.314897832200000092e+35 6.130900000000000155e+38 3.398081534800000192e+00 0.000000000000000000e+00
1.158801034700000000e+15 2.251370596300000027e+35 6.080900000000000317e+38 3.398081534800000192e+00 0.000000000000000000e+00
1.147244587500000000e+15 2.189083727899999949e+35 6.030899999999999723e+38 3.398081534800000192e+00 0.000000000000000000e+00
1.135744951000000000e+15 2.128022991499999875e+35 5.980899999999999884e+38 3.398081534800000192e+00 0.000000000000000000e+00
1.124301467900000000e+15 2.068174198699999889e+35 5.930900000000000046e+38 3.398081534800000192e+00 0.000000000000000000e+00
1.112913483100000000e+15 2.009523208000000181e+35 5.880900000000000208e+38 3.398081534800000192e+00 0.000000000000000000e+00
1.101580343300000000e+15 1.952055925500000006e+35 5.830900000000000369e+38 3.398081534800000192e+00 0.000000000000000000e+00
1.090301397900000000e+15 1.895758304800000103e+35 5.780899999999999776e+38 3.398081534800000192e+00 0.000000000000000000e+00
1.079075998200000000e+15 1.840616347400000045e+35 5.730899999999999937e+38 3.398081534800000192e+00 0.000000000000000000e+00
1.067903497900000000e+15 1.786616102799999888e+35 5.680900000000000099e+38 3.398081534800000192e+00 0.000000000000000000e+00
1.056783252800000000e+15 1.733743668999999902e+35 5.630900000000000261e+38 3.398081534800000192e+00 0.000000000000000000e+00
1.045714621100000000e+15 1.681985192700000172e+35 5.580899999999999667e+38 3.398081534800000192e+00 0.000000000000000000e+00
1.034696963100000000e+15 1.631326869300000048e+35 5.530899999999999828e+38 3.398081534800000192e+00 0.000000000000000000e+00
1.023729641500000000e+15 1.581754943500000073e+35 5.480899999999999990e+38 3.398081534800000192e+00 0.000000000000000000e+00
1.012812021300000000e+15 1.533255709199999974e+35 5.430900000000000152e+38 3.398081534800000192e+00 0.000000000000000000e+00
1.001943469800000000e+15 1.485815510200000025e+35 5.380900000000000313e+38 3.398081534800000192e+00 0.000000000000000000e+00
9.911233564500000000e+14 1.439420740199999939e+35 5.330899999999999720e+38 3.398081534800000192e+00 0.000000000000000000e+00
9.803510532300000000e+14 1.394057843099999929e+35 5.280899999999999881e+38 3.398081534800000192e+00 0.000000000000000000e+00
9.696259343500000000e+14 1.349713313299999921e+35 5.230900000000000043e+38 3.398081534800000192e+00 0.000000000000000000e+00
9.589473764300000000e+14 1.306373696100000045e+35 5.180900000000000205e+38 3.398081534800000192e+00 0.000000000000000000e+00
9.483147584200000000e+14 1.264025587800000065e+35 5.130900000000000366e+38 3.398081534800000192e+00 0.000000000000000000e+00
9.377274616700000000e+14 1.222655636300000022e+35 5.080899999999999772e+38 3.398081534800000192e+00 0.000000000000000000e+00
9.271848699200000000e+14 1.182250540799999910e+35 5.030899999999999934e+38 3.398081534800000192e+00 0.000000000000000000e+00
9.166863693200000000e+14 1.142797052900000060e+35 4.980900000000000096e+38 3.398081534800000192e+00 0.000000000000000000e+00
9.062313484500000000e+14 1.104281976400000058e+35 4.930900000000000257e+38 3.398081534800000192e+00 0.000000000000000000e+00
8.958191983200000000e+14 1.066692167599999996e+35 4.880899999999999664e+38 3.398081534800000192e+00 0.000000000000000000e+00
8.854493123800000000e+14 1.030014535800000017e+35 4.830899999999999825e+38 3.398081534800000192e+00 0.000000000000000000e+00
8.751210865900000000e+14 9.942360437699999298e+34 4.780899999999999987e+38 3.398081534800000192e+00 0.000000000000000000e+00
8.648339193600000000e+14 9.593437076100000436e+34 4.730900000000000149e+38 3.398081534800000192e+00 0.000000000000000000e+00
8.545872116000000000e+14 9.253245975199999922e+34 4.680900000000000310e+38 3.398081534800000192e+00 0.000000000000000000e+00
8.443803667400000000e+14 8.921658379600000744e+34 4.630899999999999716e+38 3.398081534800000192e+00 0.000000000000000000e+00
8.342127907600000000e+14 8.598546080099999792e+34 4.580899999999999878e+38 3.398081534800000192e+00 0.000000000000000000e+00
8.240838921600000000e+14 8.283781417399999814e+34 4.530900000000000040e+38 3.398081534800000192e+00 0.000000000000000000e+00
8.139930820300000000e+14 7.977237285899999956e+34 4.480900000000000201e+38 3.398081534800000192e+00 0.000000000000000000e+00
8.039397740100000000e+14 7.678787136900000415e+34 4.430900000000000363e+38 3.398081534800000192e+00 0.000000000000000000e+00
7.939233843700000000e+14 7.388304982799999566e+34 4.380899999999999769e+38 3.398081534800000192e+00 0.000000000000000000e+00
7.839433319800000000e+14 7.105665400599999851e+34 4.330899999999999931e+38 3.398081534800000192e+00 0.000000000000000000e+00
7.739831359000000000e+14 6.913394224499999849e+34 4.280900000000000093e+38 2.075268817200000004e+00 0.000000000000000000e+00
7.640568593400000000e+14 6.746874501699999835e+34 4.230900000000000254e+38 2.075268817200000004e+00 0.000000000000000000e+00
7.541523102100000000e+14 6.582457434599999795e+34 4.180899999999999660e+38 2.075268817200000004e+00 0.000000000000000000e+00
7.442694691000000000e+14 6.420141142600000259e+34 4.130899999999999822e+38 2.075268817200000004e+00 0.000000000000000000e+00
7.344083163400000000e+14 6.259923724200000289e+34 4.080899999999999984e+38 2.075268817200000004e+00 0.000000000000000000e+00
7.245688320700000000e+14 6.101803256199999997e+34 4.030900000000000146e+38 2.075268817200000004e+00 0.000000000000000000e+00
7.147509962000000000e+14 5.945777793800000354e+34 3.980900000000000307e+38 2.075268817200000004e+00 0.000000000000000000e+00
7.049547883900000000e+14 5.791845369599999650e+34 3.930899999999999713e+38 2.075268817200000004e+00 0.000000000000000000e+00
6.951801880700000000e+14 5.640003993299999636e+34 3.880899999999999875e+38 2.075268817200000004e+00 0.000000000000000000e+00
6.854271744300000000e+14 5.490251650999999546e+34 3.830900000000000037e+38 2.075268817200000004e+00 0.000000000000000000e+00
6.756957264200000000e+14 5.342586304799999663e+34 3.780900000000000198e+38 2.075268817200000004e+00 0.000000000000000000e+00
6.659858227200000000e+14 5.197005891699999837e+34 3.730900000000000360e+38 2.075268817200000004e+00 0.000000000000000000e+00
6.562974417600000000e+14 5.053508323600000408e+34 3.680899999999999766e+38 2.075268817200000004e+00 0.000000000000000000e+00
6.466305616700000000e+14 4.912091486400000316e+34 3.630899999999999928e+38 2.075268817200000004e+00 0.000000000000000000e+00
6.369851603500000000e+14 4.772753239000000030e+34 3.580900000000000090e+38 2.075268817200000004e+00 0.000000000000000000e+00
6.273612153900000000e+14 4.635491413299999702e+34 3.530900000000000251e+38 2.075268817200000004e+00 0.000000000000000000e+00
6.177587040800000000e+14 4.500303812400000011e+34 3.480899999999999657e+38 2.075268817200000004e+00 0.000000000000000000e+00
6.081776034400000000e+14 4.367188211100000231e+34 3.430899999999999819e+38 2.075268817200000004e+00 0.000000000000000000e+00
5.986178901500000000e+14 4.236142354000000199e+34 3.380899999999999981e+38 2.075268817200000004e+00 0.000000000000000000e+00
5.890795406000000000e+14 4.107163955199999995e+34 3.330900000000000142e+38 2.075268817200000004e+00 0.000000000000000000e+00
5.795625308400000000e+14 3.980250697399999894e+34 3.280899999999999926e+38 2.075268817200000004e+00 0.000000000000000000e+00
5.700668365900000000e+14 3.855400230799999811e+34 3.230900000000000088e+38 2.075268817200000004e+00 0.000000000000000000e+00
5.605924332200000000e+14 3.732610172299999977e+34 3.180899999999999872e+38 2.075268817200000004e+00 0.000000000000000000e+00
5.511392957500000000e+14 3.611878104500000176e+34 3.130900000000000034e+38 2.075268817200000004e+00 0.000000000000000000e+00
5.417073988500000000e+14 3.493201574499999846e+34 3.080899999999999817e+38 2.075268817200000004e+00 0.000000000000000000e+00
5.322967167700000000e+14 3.376578092900000079e+34 3.030899999999999979e+38 2.075268817200000004e+00 0.000000000000000000e+00
5.229072234200000000e+14 3.262005132800000095e+34 2.980900000000000141e+38 2.075268817200000004e+00 0.000000000000000000e+00
5.135388922800000000e+14 3.149480128400000044e+34 2.930899999999999925e+38 2.075268817200000004e+00 0.000000000000000000e+00
5.041916964100000000e+14 3.039000473499999865e+34 2.880900000000000086e+38 2.075268817200000004e+00 0.000000000000000000e+00
4.948656084700000000e+14 2.930563520900000020e+34 2.830899999999999870e+38 2.075268817200000004e+00 0.000000000000000000e+00
4.855606006600000000e+14 2.824166580300000176e+34 2.780900000000000032e+38 2.075268817200000004e+00 0.000000000000000000e+00
4.762766447000000000e+14 2.719806917100000222e+34 2.730899999999999816e+38 2.075268817200000004e+00 0.000000000000000000e+00
4.670137118900000000e+14 2.617481750799999785e+34 2.680899999999999978e+38 2.075268817200000004e+00 0.000000000000000000e+00
4.577717729900000000e+14 2.517188253699999913e+34 2.630900000000000139e+38 2.075268817200000004e+00 0.000000000000000000e+00
4.485507982700000000e+14 2.418923548599999845e+34 2.580899999999999923e+38 2.075268817200000004e+00 0.000000000000000000e+00
4.393507574800000000e+14 2.322684707399999818e+34 2.530900000000000085e+38 2.075268817200000004e+00 0.000000000000000000e+00
4.301716198100000000e+14 2.228468749000000197e+34 2.480899999999999869e+38 2.075268817200000004e+00 0.000000000000000000e+00
4.210530000000000000e+14 2.157350000000000009e+34 2.430900000000000030e+38 3.108999999999999986e+00 0.000000000000000000e+00
4.118470000000000000e+14 2.032680000000000090e+34 2.380899999999999814e+38 3.116000000000000103e+00 0.000000000000000000e+00
4.026730000000000000e+14 1.912479999999999982e+34 2.330899999999999976e+38 3.123000000000000220e+00 0.000000000000000000e+00
3.935300000000000000e+14 1.796710000000000072e+34 2.280900000000000138e+38 3.129999999999999893e+00 0.000000000000000000e+00
3.844180000000000000e+14 1.685299999999999887e+34 2.230899999999999922e+38 3.137000000000000011e+00 0.000000000000000000e+00
3.753350000000000000e+14 1.578219999999999947e+34 2.180900000000000083e+38 3.144000000000000128e+00 0.000000000000000000e+00
3.662820000000000000e+14 1.475400000000000007e+34 2.130899999999999867e+38 3.152000000000000135e+00 0.000000000000000000e+00
3.572590000000000000e+14 1.376790000000000093e+34 2.080900000000000029e+38 3.158999999999999808e+00 0.000000000000000000e+00
3.482640000000000000e+14 1.282339999999999995e+34 2.030899999999999813e+38 3.166999999999999815e+00 0.000000000000000000e+00
3.392980000000000000e+14 1.191979999999999931e+34 1.980899999999999974e+38 3.174999999999999822e+00 0.000000000000000000e+00
3.303600000000000000e+14 1.105659999999999924e+34 1.930900000000000136e+38 3.184000000000000163e+00 0.000000000000000000e+00
3.214490000000000000e+14 1.023309999999999961e+34 1.880899999999999920e+38 3.192000000000000171e+00 0.000000000000000000e+00
3.125650000000000000e+14 9.448639999999999663e+33 1.830900000000000082e+38 3.201000000000000068e+00 0.000000000000000000e+00
3.037080000000000000e+14 8.702539999999999532e+33 1.780899999999999866e+38 3.209999999999999964e+00 0.000000000000000000e+00
2.948770000000000000e+14 7.994090000000000101e+33 1.730900000000000027e+38 3.220000000000000195e+00 0.000000000000000000e+00
2.860720000000000000e+14 7.322540000000000564e+33 1.680900000000000000e+38 3.229000000000000092e+00 0.000000000000000000e+00
2.772920000000000000e+14 6.687119999999999852e+33 1.630899999999999973e+38 3.238999999999999879e+00 0.000000000000000000e+00
2.685380000000000000e+14 6.086999999999999548e+33 1.580899999999999946e+38 3.250000000000000000e+00 0.000000000000000000e+00
2.598090000000000000e+14 5.521280000000000303e+33 1.530899999999999918e+38 3.259999999999999787e+00 0.000000000000000000e+00
2.511040000000000000e+14 4.988979999999999967e+33 1.480900000000000080e+38 3.271999999999999797e+00 0.000000000000000000e+00
2.424250000000000000e+14 4.488930000000000190e+33 1.430900000000000053e+38 3.282999999999999918e+00 0.000000000000000000e+00
2.337740000000000000e+14 4.019329999999999966e+33 1.380900000000000026e+38 3.295999999999999819e+00 0.000000000000000000e+00
2.251530000000000000e+14 3.578659999999999725e+33 1.330899999999999999e+38 3.307999999999999829e+00 0.000000000000000000e+00
2.165520000000000000e+14 3.170389999999999744e+33 1.280899999999999971e+38 3.321000000000000174e+00 0.000000000000000000e+00
2.079670000000000000e+14 2.793590000000000270e+33 1.230899999999999944e+38 3.334000000000000075e+00 0.000000000000000000e+00
1.993990000000000000e+14 2.447180000000000124e+33 1.180899999999999917e+38 3.349000000000000199e+00 0.000000000000000000e+00
1.908470000000000000e+14 2.130080000000000141e+33 1.130900000000000079e+38 3.362999999999999989e+00 0.000000000000000000e+00
1.823100000000000000e+14 1.841170000000000047e+33 1.080900000000000051e+38 3.379000000000000004e+00 0.000000000000000000e+00
1.737870000000000000e+14 1.579309999999999878e+33 1.030900000000000024e+38 3.395000000000000018e+00 0.000000000000000000e+00
1.652780000000000000e+14 1.343330000000000130e+33 9.808999999999999969e+37 3.411000000000000032e+00 0.000000000000000000e+00
1.567820000000000000e+14 1.132030000000000037e+33 9.308999999999999697e+37 3.427999999999999936e+00 0.000000000000000000e+00
1.482980000000000000e+14 9.441759999999999624e+32 8.808999999999999425e+37 3.444999999999999840e+00 0.000000000000000000e+00
1.398250000000000000e+14 7.785089999999999341e+32 8.309000000000000098e+37 3.460999999999999854e+00 0.000000000000000000e+00
1.313630000000000000e+14 6.337439999999999941e+32 7.808999999999999826e+37 3.475999999999999979e+00 0.000000000000000000e+00
1.268340000000000000e+14 5.725709999999999770e+32 7.541240000000000131e+37 3.591000000000000192e+00 4.670299999999999616e+28
1.263610000000000000e+14 5.661440000000000140e+32 7.513279999999999939e+37 3.346000000000000085e+00 6.047309999999999711e+28
1.258890000000000000e+14 5.596799999999999887e+32 7.485319999999999747e+37 3.345000000000000195e+00 7.095410000000000057e+28
1.254160000000000000e+14 5.532250000000000116e+32 7.457359999999999555e+37 3.343999999999999861e+00 8.035169999999999352e+28
1.249440000000000000e+14 5.467939999999999952e+32 7.429400000000000308e+37 3.342999999999999972e+00 8.919429999999999436e+28
1.244710000000000000e+14 5.403930000000000195e+32 7.401440000000000116e+37 3.342000000000000082e+00 9.769860000000000138e+28
1.239990000000000000e+14 5.340249999999999806e+32 7.373479999999999924e+37 3.341000000000000192e+00 1.059749999999999934e+29
1.235260000000000000e+14 5.276950000000000175e+32 7.345519999999999732e+37 3.339999999999999858e+00 1.140880000000000035e+29
1.230540000000000000e+14 5.214039999999999993e+32 7.317559999999999541e+37 3.339999999999999858e+00 1.220780000000000028e+29
1.225820000000000000e+14 5.151540000000000248e+32 7.289600000000000293e+37 3.338999999999999968e+00 1.299710000000000088e+29
1.221090000000000000e+14 5.089460000000000355e+32 7.261640000000000101e+37 3.338000000000000078e+00 1.377870000000000010e+29
1.216370000000000000e+14 5.027819999999999859e+32 7.233679999999999909e+37 3.337000000000000188e+00 1.455399999999999915e+29
1.211650000000000000e+14 4.966610000000000067e+32 7.205719999999999718e+37 3.335999999999999854e+00 1.532380000000000073e+29
1.206920000000000000e+14 4.905859999999999941e+32 7.177760000000000470e+37 3.334999999999999964e+00 1.608889999999999876e+29
1.202200000000000000e+14 4.845560000000000067e+32 7.149800000000000278e+37 3.334999999999999964e+00 1.684990000000000053e+29
1.197480000000000000e+14 4.785719999999999857e+32 7.121840000000000086e+37 3.334000000000000075e+00 1.760719999999999860e+29
1.192760000000000000e+14 4.726350000000000167e+32 7.093879999999999895e+37 3.333000000000000185e+00 1.836120000000000136e+29
1.188030000000000000e+14 4.667440000000000141e+32 7.065919999999999703e+37 3.331999999999999851e+00 1.911200000000000035e+29
1.183310000000000000e+14 4.608999999999999915e+32 7.037960000000000455e+37 3.330999999999999961e+00 1.985979999999999976e+29
1.178590000000000000e+14 4.551030000000000207e+32 7.010000000000000263e+37 3.330000000000000071e+00 2.060480000000000027e+29
1.173870000000000000e+14 4.493539999999999711e+32 6.982040000000000072e+37 3.329000000000000181e+00 2.134719999999999903e+29
1.169150000000000000e+14 4.436510000000000321e+32 6.954079999999999880e+37 3.327999999999999847e+00 2.208690000000000099e+29
1.164430000000000000e+14 4.379970000000000277e+32 6.926119999999999688e+37 3.326999999999999957e+00 2.282389999999999911e+29
1.159710000000000000e+14 4.323900000000000031e+32 6.898160000000000440e+37 3.326000000000000068e+00 2.355849999999999968e+29
1.154990000000000000e+14 4.270999999999999654e+32 6.870200000000000249e+37 3.323999999999999844e+00 1.455929999999999946e+29
1.150270000000000000e+14 4.215900000000000127e+32 6.842240000000000057e+37 3.322999999999999954e+00 1.495240000000000068e+29
1.121960000000000000e+14 3.901480000000000235e+32 6.674479999999999850e+37 3.314000000000000057e+00 8.192540000000000103e+28
1.117240000000000000e+14 3.849730000000000101e+32 6.646519999999999658e+37 3.311999999999999833e+00 8.333769999999999823e+28
1.103080000000000000e+14 3.697310000000000064e+32 6.562640000000000027e+37 3.307999999999999829e+00 8.752290000000000344e+28
1.070070000000000000e+14 3.357940000000000222e+32 6.366919999999999628e+37 3.295999999999999819e+00 9.697800000000000588e+28
1.065350000000000000e+14 3.311310000000000087e+32 6.338960000000000381e+37 3.294000000000000039e+00 9.829220000000000776e+28
1.060640000000000000e+14 3.265130000000000203e+32 6.311000000000000189e+37 3.291999999999999815e+00 9.959700000000000252e+28
1.055920000000000000e+14 3.219399999999999850e+32 6.283039999999999997e+37 3.290000000000000036e+00 1.008919999999999958e+29
1.051210000000000000e+14 3.174129999999999883e+32 6.255079999999999805e+37 3.287999999999999812e+00 1.021779999999999940e+29
1.046490000000000000e+14 3.138149999999999822e+32 6.227119999999999613e+37 3.283999999999999808e+00 1.103809999999999914e+29
1.041780000000000000e+14 3.093980000000000150e+32 6.199160000000000366e+37 3.282000000000000028e+00 1.108659999999999934e+29
1.037070000000000000e+14 3.050249999999999876e+32 6.171200000000000174e+37 3.279999999999999805e+00 1.113370000000000009e+29
1.032350000000000000e+14 3.006969999999999854e+32 6.143239999999999982e+37 3.277000000000000135e+00 1.117929999999999929e+29
1.027640000000000000e+14 2.964129999999999949e+32 6.115279999999999790e+37 3.274999999999999911e+00 1.122340000000000046e+29
1.022930000000000000e+14 2.921720000000000029e+32 6.087319999999999599e+37 3.271999999999999797e+00 1.126610000000000042e+29
1.018210000000000000e+14 2.879760000000000001e+32 6.059360000000000351e+37 3.270000000000000018e+00 1.130730000000000059e+29
1.013500000000000000e+14 2.838219999999999823e+32 6.031400000000000159e+37 3.266999999999999904e+00 1.134719999999999989e+29
1.008790000000000000e+14 2.797129999999999897e+32 6.003439999999999967e+37 3.265000000000000124e+00 1.138559999999999940e+29
1.004070000000000000e+14 2.756459999999999822e+32 5.975479999999999776e+37 3.262000000000000011e+00 1.142269999999999980e+29
9.993610000000000000e+13 2.716220000000000092e+32 5.947519999999999584e+37 3.258999999999999897e+00 1.145849999999999932e+29
9.946490000000000000e+13 2.676409999999999985e+32 5.919560000000000336e+37 3.255999999999999783e+00 1.149280000000000082e+29
9.899370000000000000e+13 2.637029999999999863e+32 5.891600000000000144e+37 3.253000000000000114e+00 1.152590000000000002e+29
9.852250000000000000e+13 2.598069999999999952e+32 5.863639999999999953e+37 3.250000000000000000e+00 1.155759999999999978e+29
9.805130000000000000e+13 2.559529999999999892e+32 5.835679999999999761e+37 3.246999999999999886e+00 1.158810000000000075e+29
9.758020000000000000e+13 2.521420000000000176e+32 5.807719999999999569e+37 3.244000000000000217e+00 1.161720000000000052e+29
9.710910000000000000e+13 2.483720000000000178e+32 5.779760000000000321e+37 3.241000000000000103e+00 1.164509999999999975e+29
9.663800000000000000e+13 2.446429999999999896e+32 5.751800000000000130e+37 3.237000000000000099e+00 1.167180000000000021e+29
9.616690000000000000e+13 2.409569999999999959e+32 5.723839999999999938e+37 3.233999999999999986e+00 1.169719999999999980e+29
9.569580000000000000e+13 2.375289999999999929e+32 5.695879999999999746e+37 3.229999999999999982e+00 1.398889999999999931e+29
9.522480000000000000e+13 2.339279999999999827e+32 5.667919999999999554e+37 3.226999999999999869e+00 1.396530000000000053e+29
9.475380000000000000e+13 2.303670000000000029e+32 5.639960000000000307e+37 3.222999999999999865e+00 1.394049999999999945e+29
9.428280000000000000e+13 2.268469999999999948e+32 5.612000000000000115e+37 3.218999999999999861e+00 1.391459999999999993e+29
9.381180000000000000e+13 2.233660000000000038e+32 5.584039999999999923e+37 3.214999999999999858e+00 1.388760000000000022e+29
9.334080000000000000e+13 2.199259999999999844e+32 5.556079999999999731e+37 3.210999999999999854e+00 1.385950000000000032e+29
9.286990000000000000e+13 2.165259999999999954e+32 5.528119999999999539e+37 3.206999999999999851e+00 1.383040000000000055e+29
9.239900000000000000e+13 2.131649999999999874e+32 5.500160000000000292e+37 3.202999999999999847e+00 1.380029999999999916e+29
9.192810000000000000e+13 2.098429999999999965e+32 5.472200000000000100e+37 3.198999999999999844e+00 1.376919999999999968e+29
9.145720000000000000e+13 2.065609999999999999e+32 5.444239999999999908e+37 3.193999999999999950e+00 1.373720000000000067e+29
9.098630000000000000e+13 2.033170000000000069e+32 5.416279999999999716e+37 3.189999999999999947e+00 1.370420000000000005e+29
9.051550000000000000e+13 2.001119999999999949e+32 5.388320000000000469e+37 3.185000000000000053e+00 1.367029999999999990e+29
9.004460000000000000e+13 1.969460000000000000e+32 5.360360000000000277e+37 3.180000000000000160e+00 1.363560000000000057e+29
8.957380000000000000e+13 1.938180000000000087e+32 5.332400000000000085e+37 3.176000000000000156e+00 1.359989999999999962e+29
8.910300000000000000e+13 1.907270000000000077e+32 5.304439999999999893e+37 3.170999999999999819e+00 1.356349999999999983e+29
8.863220000000000000e+13 1.876749999999999876e+32 5.276479999999999701e+37 3.165999999999999925e+00 1.352630000000000085e+29
8.816150000000000000e+13 1.846599999999999939e+32 5.248520000000000454e+37 3.160000000000000142e+00 1.348829999999999917e+29
8.769070000000000000e+13 1.816819999999999905e+32 5.220560000000000262e+37 3.154999999999999805e+00 1.344960000000000041e+29
8.722000000000000000e+13 1.787419999999999907e+32 5.192600000000000070e+37 3.149999999999999911e+00 1.341010000000000070e+29
8.674930000000000000e+13 1.758380000000000038e+32 5.164639999999999878e+37 3.144000000000000128e+00 1.336990000000000039e+29
8.627860000000000000e+13 1.729710000000000072e+32 5.136679999999999686e+37 3.137999999999999901e+00 1.332909999999999981e+29
8.580800000000000000e+13 1.701410000000000010e+32 5.108720000000000439e+37 3.133000000000000007e+00 1.328760000000000038e+29
8.533730000000000000e+13 1.673470000000000076e+32 5.080760000000000247e+37 3.126999999999999780e+00 1.324559999999999927e+29
8.486670000000000000e+13 1.645880000000000138e+32 5.052800000000000055e+37 3.120000000000000107e+00 1.320289999999999930e+29
8.439610000000000000e+13 1.618659999999999923e+32 5.024839999999999863e+37 3.113999999999999879e+00 1.315960000000000084e+29
8.392550000000000000e+13 1.591790000000000064e+32 4.996879999999999671e+37 3.108000000000000096e+00 1.311580000000000068e+29
8.345490000000000000e+13 1.565270000000000020e+32 4.968920000000000424e+37 3.100999999999999979e+00 1.307150000000000059e+29
8.298430000000000000e+13 1.539099999999999972e+32 4.940960000000000232e+37 3.093999999999999861e+00 1.302670000000000058e+29
8.251380000000000000e+13 1.513279999999999919e+32 4.913000000000000040e+37 3.087000000000000188e+00 1.298140000000000063e+29
8.204320000000000000e+13 1.487810000000000043e+32 4.885039999999999848e+37 3.080000000000000071e+00 1.293560000000000075e+29
8.157270000000000000e+13 1.462680000000000028e+32 4.857079999999999657e+37 3.072999999999999954e+00 1.288939999999999953e+29
8.110220000000000000e+13 1.437890000000000056e+32 4.829120000000000409e+37 3.065999999999999837e+00 1.284280000000000047e+29
8.063170000000000000e+13 1.413439999999999946e+32 4.801160000000000217e+37 3.057999999999999829e+00 1.279590000000000040e+29
8.016120000000000000e+13 1.389319999999999924e+32 4.773200000000000025e+37 3.049999999999999822e+00 1.274850000000000039e+29
7.969080000000000000e+13 1.365539999999999944e+32 4.745239999999999834e+37 3.041999999999999815e+00 1.270079999999999938e+29
7.922030000000000000e+13 1.342090000000000053e+32 4.717279999999999642e+37 3.033999999999999808e+00 1.265280000000000087e+29
7.874990000000000000e+13 1.318970000000000070e+32 4.689320000000000394e+37 3.025999999999999801e+00 1.260449999999999959e+29
7.827950000000000000e+13 1.296179999999999996e+32 4.661360000000000202e+37 3.017999999999999794e+00 1.255599999999999939e+29
7.780910000000000000e+13 1.273710000000000057e+32 4.633400000000000011e+37 3.008999999999999897e+00 1.250709999999999960e+29
7.733870000000000000e+13 1.251570000000000026e+32 4.605439999999999819e+37 3.000000000000000000e+00 1.245809999999999947e+29
7.686840000000000000e+13 1.229739999999999996e+32 4.577479999999999627e+37 2.991000000000000103e+00 1.240880000000000009e+29
7.639800000000000000e+13 1.208229999999999922e+32 4.549520000000000379e+37 2.982000000000000206e+00 1.235930000000000003e+29
7.592770000000000000e+13 1.187039999999999982e+32 4.521560000000000188e+37 2.971999999999999975e+00 1.230959999999999930e+29
7.545740000000000000e+13 1.166160000000000044e+32 4.493599999999999996e+37 2.962000000000000188e+00 1.225979999999999999e+29
7.498710000000000000e+13 1.145579999999999973e+32 4.465639999999999804e+37 2.951999999999999957e+00 1.220980000000000000e+29
7.451680000000000000e+13 1.125320000000000038e+32 4.437679999999999612e+37 2.942000000000000171e+00 1.215969999999999968e+29
7.404650000000000000e+13 1.105359999999999970e+32 4.409720000000000365e+37 2.931999999999999940e+00 1.210950000000000077e+29
7.357620000000000000e+13 1.085710000000000083e+32 4.381760000000000173e+37 2.920999999999999819e+00 1.205930000000000011e+29
7.310600000000000000e+13 1.066349999999999931e+32 4.353799999999999981e+37 2.911000000000000032e+00 1.200890000000000053e+29
7.263570000000000000e+13 1.047299999999999960e+32 4.325839999999999789e+37 2.899000000000000021e+00 1.195849999999999919e+29
7.216550000000000000e+13 1.028529999999999949e+32 4.297879999999999597e+37 2.887999999999999901e+00 1.190809999999999962e+29
7.169530000000000000e+13 1.010069999999999940e+32 4.269920000000000350e+37 2.876999999999999780e+00 1.185759999999999970e+29
7.122510000000000000e+13 9.918879999999999364e+31 4.241960000000000158e+37 2.865000000000000213e+00 1.180720000000000012e+29
7.075490000000000000e+13 9.739979999999999819e+31 4.213999999999999966e+37 2.853000000000000203e+00 1.175680000000000054e+29
7.028480000000000000e+13 9.563940000000000321e+31 4.186039999999999774e+37 2.839999999999999858e+00 1.170630000000000063e+29
6.981460000000000000e+13 9.390729999999999749e+31 4.158080000000000054e+37 2.827999999999999847e+00 1.165599999999999962e+29
6.934450000000000000e+13 9.220330000000000356e+31 4.130119999999999863e+37 2.814999999999999947e+00 1.160570000000000038e+29
6.887430000000000000e+13 9.052720000000000796e+31 4.102160000000000143e+37 2.802000000000000046e+00 1.155539999999999938e+29
6.840420000000000000e+13 8.887860000000000172e+31 4.074199999999999951e+37 2.789000000000000146e+00 1.150530000000000082e+29
6.793410000000000000e+13 8.725730000000000739e+31 4.046240000000000231e+37 2.774999999999999911e+00 1.145530000000000083e+29
6.746400000000000000e+13 8.566309999999999348e+31 4.018280000000000040e+37 2.761000000000000121e+00 1.140530000000000084e+29
6.699390000000000000e+13 8.409570000000000281e+31 3.990319999999999848e+37 2.746999999999999886e+00 1.135549999999999977e+29
6.652390000000000000e+13 8.255490000000000389e+31 3.962360000000000128e+37 2.732000000000000206e+00 1.130589999999999938e+29
6.605380000000000000e+13 8.104040000000000351e+31 3.934399999999999936e+37 2.717999999999999972e+00 1.125639999999999932e+29
6.558380000000000000e+13 7.955189999999999947e+31 3.906440000000000217e+37 2.702999999999999847e+00 1.120699999999999960e+29
6.511370000000000000e+13 7.808930000000000303e+31 3.878480000000000025e+37 2.686999999999999833e+00 1.115789999999999914e+29
6.464370000000000000e+13 7.665219999999999625e+31 3.850519999999999833e+37 2.672000000000000153e+00 1.110890000000000077e+29
6.417370000000000000e+13 7.524040000000000165e+31 3.822560000000000113e+37 2.656000000000000139e+00 1.106009999999999956e+29
6.370370000000000000e+13 7.385369999999999677e+31 3.794599999999999921e+37 2.640000000000000124e+00 1.101159999999999936e+29
6.323370000000000000e+13 7.249169999999999966e+31 3.766640000000000202e+37 2.623000000000000220e+00 1.096319999999999950e+29
6.276380000000000000e+13 7.115430000000000358e+31 3.738680000000000010e+37 2.607000000000000206e+00 1.091510000000000065e+29
6.229380000000000000e+13 6.984109999999999959e+31 3.710719999999999818e+37 2.589999999999999858e+00 1.086729999999999930e+29
6.182380000000000000e+13 6.855199999999999896e+31 3.682760000000000098e+37 2.572000000000000064e+00 1.081960000000000004e+29
6.135390000000000000e+13 6.728650000000000400e+31 3.654799999999999906e+37 2.555000000000000160e+00 1.077230000000000038e+29
6.088400000000000000e+13 6.604459999999999671e+31 3.626840000000000187e+37 2.536999999999999922e+00 1.072519999999999963e+29
6.041400000000000000e+13 6.482590000000000417e+31 3.598879999999999995e+37 2.517999999999999794e+00 1.067839999999999989e+29
5.994410000000000000e+13 6.363009999999999713e+31 3.570919999999999803e+37 2.500000000000000000e+00 1.063180000000000084e+29
5.947420000000000000e+13 6.245709999999999589e+31 3.542960000000000083e+37 2.480999999999999872e+00 1.058559999999999961e+29
5.900430000000000000e+13 6.130650000000000050e+31 3.514999999999999892e+37 2.462000000000000188e+00 1.053969999999999940e+29
5.853450000000000000e+13 6.017799999999999974e+31 3.487040000000000172e+37 2.443000000000000060e+00 1.049399999999999986e+29
5.806460000000000000e+13 5.907149999999999588e+31 3.459079999999999980e+37 2.423000000000000043e+00 1.044869999999999991e+29
5.759470000000000000e+13 5.798650000000000024e+31 3.431119999999999788e+37 2.403000000000000025e+00 1.040369999999999922e+29
5.712490000000000000e+13 5.692300000000000383e+31 3.403160000000000069e+37 2.383000000000000007e+00 1.035899999999999954e+29
5.665500000000000000e+13 5.588049999999999995e+31 3.375199999999999877e+37 2.362999999999999989e+00 1.031460000000000088e+29
5.618520000000000000e+13 5.485889999999999988e+31 3.347240000000000157e+37 2.342000000000000082e+00 1.027060000000000004e+29
5.571540000000000000e+13 5.385780000000000367e+31 3.319279999999999965e+37 2.321000000000000174e+00 1.022690000000000022e+29
5.524560000000000000e+13 5.287699999999999785e+31 3.291319999999999773e+37 2.299999999999999822e+00 1.018360000000000000e+29
5.477580000000000000e+13 5.191619999999999821e+31 3.263360000000000054e+37 2.278999999999999915e+00 1.014060000000000078e+29
5.430600000000000000e+13 5.097520000000000029e+31 3.235399999999999862e+37 2.257000000000000117e+00 1.009799999999999940e+29
5.383620000000000000e+13 5.005360000000000413e+31 3.207440000000000142e+37 2.234999999999999876e+00 1.005570000000000079e+29
5.336640000000000000e+13 4.915130000000000300e+31 3.179479999999999950e+37 2.213000000000000078e+00 1.001380000000000001e+29
5.289670000000000000e+13 4.826779999999999922e+31 3.151520000000000231e+37 2.190999999999999837e+00 9.972190000000000390e+28
5.242690000000000000e+13 4.740300000000000407e+31 3.123560000000000039e+37 2.168000000000000149e+00 9.930990000000000218e+28
5.195720000000000000e+13 4.655649999999999957e+31 3.095599999999999847e+37 2.145000000000000018e+00 9.890160000000000064e+28
5.148740000000000000e+13 4.572819999999999702e+31 3.067640000000000127e+37 2.123000000000000220e+00 9.849690000000000071e+28
5.101770000000000000e+13 4.491759999999999872e+31 3.039679999999999935e+37 2.100000000000000089e+00 9.809599999999999953e+28
5.054800000000000000e+13 4.412450000000000021e+31 3.011720000000000216e+37 2.076000000000000068e+00 9.769869999999999996e+28
5.007820000000000000e+13 4.334869999999999701e+31 2.983760000000000024e+37 2.052999999999999936e+00 9.730519999999999915e+28
4.960850000000000000e+13 4.258989999999999591e+31 2.955799999999999832e+37 2.029999999999999805e+00 9.691529999999999994e+28
4.913880000000000000e+13 4.184769999999999698e+31 2.927840000000000112e+37 2.005999999999999783e+00 9.652919999999999949e+28
4.866910000000000000e+13 4.112189999999999573e+31 2.899879999999999921e+37 1.983000000000000096e+00 9.614679999999999922e+28
4.819940000000000000e+13 4.041219999999999897e+31 2.871920000000000201e+37 1.959000000000000075e+00 9.576809999999999914e+28
4.772980000000000000e+13 3.971840000000000222e+31 2.843960000000000009e+37 1.935000000000000053e+00 9.539300000000000066e+28
4.726010000000000000e+13 3.903999999999999879e+31 2.815999999999999817e+37 1.911999999999999922e+00 9.502170000000000094e+28
4.679040000000000000e+13 3.837700000000000221e+31 2.788040000000000098e+37 1.887999999999999901e+00 9.465400000000000282e+28
4.632080000000000000e+13 3.772879999999999903e+31 2.760079999999999906e+37 1.864000000000000101e+00 9.428990000000000631e+28
4.585110000000000000e+13 3.709539999999999826e+31 2.732120000000000186e+37 1.840999999999999970e+00 9.392939999999999381e+28
4.538150000000000000e+13 3.647630000000000224e+31 2.704159999999999994e+37 1.816999999999999948e+00 9.357250000000000050e+28
4.491190000000000000e+13 3.587130000000000197e+31 2.676199999999999802e+37 1.792999999999999927e+00 9.321909999999999263e+28
4.444220000000000000e+13 3.528009999999999976e+31 2.648240000000000083e+37 1.770000000000000018e+00 9.286920000000000537e+28
4.397260000000000000e+13 3.470230000000000017e+31 2.620279999999999891e+37 1.747000000000000108e+00 9.252280000000000355e+28
4.350300000000000000e+13 3.413780000000000095e+31 2.592320000000000171e+37 1.723000000000000087e+00 9.217970000000000759e+28
4.303340000000000000e+13 3.358620000000000216e+31 2.564359999999999979e+37 1.699999999999999956e+00 9.183999999999999849e+28
4.256380000000000000e+13 3.304720000000000160e+31 2.536399999999999787e+37 1.677999999999999936e+00 9.150359999999999526e+28
4.209420000000000000e+13 3.252050000000000156e+31 2.508440000000000068e+37 1.655000000000000027e+00 9.117039999999999932e+28
4.162460000000000000e+13 3.200579999999999982e+31 2.480479999999999876e+37 1.633000000000000007e+00 9.084029999999999449e+28
4.115500000000000000e+13 3.150290000000000092e+31 2.452520000000000156e+37 1.610000000000000098e+00 9.051329999999999838e+28
4.068550000000000000e+13 3.101129999999999818e+31 2.424559999999999964e+37 1.588999999999999968e+00 9.018929999999999480e+28
4.021590000000000000e+13 3.053080000000000063e+31 2.396599999999999773e+37 1.566999999999999948e+00 8.986830000000000136e+28
3.974630000000000000e+13 3.006119999999999929e+31 2.368640000000000053e+37 1.546000000000000041e+00 8.955000000000000472e+28
3.927680000000000000e+13 2.960209999999999872e+31 2.340679999999999861e+37 1.524999999999999911e+00 8.923450000000000347e+28
3.880720000000000000e+13 2.915309999999999897e+31 2.312720000000000141e+37 1.504000000000000004e+00 8.892160000000000044e+28
3.833770000000000000e+13 2.871409999999999782e+31 2.284759999999999950e+37 1.483999999999999986e+00 8.861119999999999706e+28
3.786810000000000000e+13 2.828469999999999982e+31 2.256800000000000230e+37 1.465000000000000080e+00 8.830319999999999475e+28
3.739860000000000000e+13 2.786450000000000052e+31 2.228840000000000038e+37 1.445999999999999952e+00 8.799749999999999492e+28
3.692910000000000000e+13 2.745340000000000219e+31 2.200879999999999846e+37 1.427000000000000046e+00 8.769390000000000044e+28
3.645960000000000000e+13 2.705089999999999815e+31 2.172920000000000127e+37 1.409000000000000030e+00 8.739229999999999511e+28
3.599010000000000000e+13 2.665669999999999968e+31 2.144959999999999935e+37 1.391000000000000014e+00 8.709259999999999796e+28
3.552050000000000000e+13 2.627070000000000007e+31 2.116999999999999979e+37 1.374000000000000110e+00 8.679459999999999424e+28
3.505100000000000000e+13 2.589240000000000161e+31 2.089040000000000023e+37 1.356999999999999984e+00 8.649810000000000438e+28
3.458150000000000000e+13 2.552150000000000212e+31 2.061080000000000067e+37 1.340999999999999970e+00 8.620309999999999320e+28
3.411200000000000000e+13 2.515769999999999937e+31 2.033120000000000112e+37 1.324999999999999956e+00 8.590920000000000156e+28
3.364260000000000000e+13 2.480079999999999790e+31 2.005159999999999920e+37 1.310000000000000053e+00 8.561629999999999572e+28
3.317310000000000000e+13 2.445039999999999777e+31 1.977199999999999964e+37 1.296000000000000041e+00 8.532429999999999467e+28
3.270360000000000000e+13 2.410620000000000127e+31 1.949240000000000008e+37 1.282999999999999918e+00 8.503280000000000410e+28
3.223410000000000000e+13 2.376779999999999944e+31 1.921280000000000053e+37 1.270000000000000018e+00 8.474180000000000643e+28
3.176470000000000000e+13 2.343509999999999906e+31 1.893320000000000097e+37 1.256999999999999895e+00 8.445090000000000734e+28
3.129520000000000000e+13 2.310759999999999795e+31 1.865359999999999905e+37 1.245000000000000107e+00 8.415989999999999207e+28
3.082580000000000000e+13 2.278510000000000064e+31 1.837399999999999949e+37 1.233999999999999986e+00 8.386850000000000009e+28
3.035630000000000000e+13 2.246719999999999818e+31 1.809439999999999993e+37 1.223999999999999977e+00 8.357659999999999762e+28
2.988690000000000000e+13 2.215360000000000186e+31 1.781480000000000038e+37 1.215000000000000080e+00 8.328380000000000794e+28
2.941740000000000000e+13 2.184409999999999821e+31 1.753520000000000082e+37 1.205999999999999961e+00 8.298980000000000013e+28
2.894800000000000000e+13 2.153830000000000080e+31 1.725559999999999890e+37 1.197000000000000064e+00 8.269429999999999606e+28
2.847860000000000000e+13 2.123589999999999840e+31 1.697599999999999934e+37 1.189999999999999947e+00 8.239690000000000140e+28
2.800910000000000000e+13 2.093659999999999782e+31 1.669639999999999979e+37 1.183000000000000052e+00 8.209740000000000141e+28
2.753970000000000000e+13 2.064010000000000134e+31 1.641680000000000023e+37 1.177000000000000046e+00 8.179540000000000177e+28
2.707030000000000000e+13 2.034609999999999776e+31 1.613720000000000067e+37 1.171999999999999931e+00 8.149050000000000817e+28
2.660090000000000000e+13 2.005430000000000062e+31 1.585760000000000111e+37 1.167000000000000037e+00 8.118230000000000870e+28
2.613150000000000000e+13 1.976440000000000097e+31 1.557799999999999919e+37 1.163000000000000034e+00 8.087039999999999146e+28
2.566210000000000000e+13 1.947600000000000110e+31 1.529839999999999964e+37 1.159999999999999920e+00 8.055429999999999873e+28
2.519270000000000000e+13 1.918900000000000103e+31 1.501880000000000008e+37 1.157999999999999918e+00 8.023360000000000102e+28
2.472340000000000000e+13 1.890290000000000084e+31 1.473920000000000052e+37 1.155999999999999917e+00 7.990770000000000686e+28
2.425400000000000000e+13 1.861760000000000053e+31 1.445960000000000096e+37 1.155000000000000027e+00 7.957630000000000293e+28
2.378460000000000000e+13 1.833260000000000019e+31 1.417999999999999905e+37 1.155000000000000027e+00 7.923869999999999916e+28
2.331520000000000000e+13 1.804779999999999981e+31 1.390039999999999949e+37 1.155000000000000027e+00 7.889450000000000125e+28
2.284590000000000000e+13 1.776279999999999946e+31 1.362079999999999993e+37 1.155999999999999917e+00 7.854290000000000297e+28
2.237650000000000000e+13 1.747739999999999917e+31 1.334120000000000037e+37 1.157999999999999918e+00 7.818340000000000264e+28
2.190720000000000000e+13 1.719119999999999899e+31 1.306160000000000082e+37 1.159999999999999920e+00 7.781520000000000284e+28
2.143790000000000000e+13 1.690409999999999894e+31 1.278199999999999890e+37 1.163000000000000034e+00 7.743790000000000045e+28
2.096850000000000000e+13 1.661579999999999906e+31 1.250239999999999934e+37 1.167000000000000037e+00 7.705050000000000088e+28
2.049920000000000000e+13 1.632589999999999940e+31 1.222279999999999978e+37 1.171000000000000041e+00 7.665229999999999651e+28
2.002990000000000000e+13 1.603429999999999999e+31 1.194320000000000022e+37 1.175999999999999934e+00 7.624259999999999728e+28
1.956060000000000000e+13 1.574060000000000086e+31 1.166360000000000067e+37 1.181000000000000050e+00 7.582049999999999839e+28
1.909130000000000000e+13 1.544479999999999979e+31 1.138400000000000111e+37 1.187999999999999945e+00 7.538499999999999646e+28
1.862200000000000000e+13 1.514639999999999908e+31 1.110439999999999919e+37 1.193999999999999950e+00 7.493530000000000287e+28
1.815270000000000000e+13 1.484540000000000099e+31 1.082479999999999963e+37 1.201999999999999957e+00 7.447029999999999807e+28
1.768340000000000000e+13 1.454140000000000107e+31 1.054520000000000008e+37 1.209000000000000075e+00 7.398899999999999627e+28
1.721410000000000000e+13 1.423429999999999933e+31 1.026560000000000052e+37 1.217999999999999972e+00 7.349030000000000431e+28
1.674490000000000000e+13 1.392400000000000030e+31 9.985999999999999780e+36 1.227000000000000091e+00 7.297300000000000406e+28
1.627560000000000000e+13 1.361009999999999952e+31 9.706400000000000223e+36 1.235999999999999988e+00 7.243590000000000379e+28
1.580640000000000000e+13 1.329249999999999927e+31 9.426799999999999485e+36 1.245999999999999996e+00 7.187759999999999702e+28
1.533720000000000000e+13 1.297119999999999953e+31 9.147199999999999927e+36 1.256999999999999895e+00 7.129680000000000221e+28
1.486790000000000000e+13 1.264590000000000037e+31 8.867600000000000370e+36 1.268000000000000016e+00 7.069199999999999671e+28
1.439870000000000000e+13 1.231649999999999952e+31 8.587999999999999632e+36 1.278999999999999915e+00 7.006170000000000184e+28
1.392950000000000000e+13 1.198289999999999927e+31 8.308400000000000074e+36 1.290999999999999925e+00 6.940419999999999779e+28
1.346040000000000000e+13 1.164499999999999963e+31 8.028800000000000517e+36 1.302999999999999936e+00 6.871770000000000135e+28
1.299120000000000000e+13 1.130270000000000060e+31 7.749199999999999779e+36 1.316000000000000059e+00 6.800050000000000149e+28
1.252200000000000000e+13 1.095609999999999993e+31 7.469600000000000221e+36 1.328999999999999959e+00 6.725040000000000311e+28
1.205290000000000000e+13 1.060489999999999991e+31 7.189999999999999483e+36 1.342000000000000082e+00 6.646530000000000087e+28
1.158380000000000000e+13 1.024930000000000051e+31 6.910399999999999926e+36 1.356000000000000094e+00 6.564309999999999823e+28
1.111460000000000000e+13 9.889309999999999480e+30 6.630800000000000368e+36 1.370000000000000107e+00 6.478119999999999696e+28
1.064560000000000000e+13 9.524880000000000199e+30 6.351199999999999630e+36 1.383999999999999897e+00 6.387709999999999742e+28
1.017650000000000000e+13 9.156120000000000403e+30 6.071600000000000072e+36 1.399000000000000021e+00 6.292789999999999685e+28
9.707410000000000000e+12 8.783150000000000074e+30 5.792000000000000515e+36 1.413999999999999924e+00 6.193050000000000414e+28
9.238370000000000000e+12 8.406100000000000320e+30 5.512399999999999777e+36 1.429000000000000048e+00 6.088170000000000319e+28
8.769350000000000000e+12 8.025179999999999986e+30 5.232800000000000219e+36 1.443999999999999950e+00 5.977770000000000404e+28
8.300360000000000000e+12 7.640590000000000170e+30 4.953200000000000071e+36 1.459999999999999964e+00 5.861479999999999771e+28
7.831380000000000000e+12 7.252629999999999703e+30 4.673599999999999924e+36 1.475000000000000089e+00 5.738829999999999825e+28
7.362430000000000000e+12 6.861609999999999667e+30 4.393999999999999776e+36 1.491000000000000103e+00 5.609350000000000207e+28
6.893510000000000000e+12 6.467940000000000005e+30 4.114400000000000218e+36 1.506000000000000005e+00 5.472489999999999942e+28
6.424610000000000000e+12 6.072059999999999529e+30 3.834800000000000071e+36 1.520999999999999908e+00 5.327610000000000209e+28
5.955750000000000000e+12 5.674530000000000411e+30 3.555199999999999923e+36 1.534999999999999920e+00 5.174010000000000404e+28
5.486920000000000000e+12 5.275940000000000317e+30 3.275599999999999775e+36 1.548999999999999932e+00 5.010840000000000295e+28
5.018130000000000000e+12 4.877020000000000270e+30 2.996000000000000217e+36 1.560999999999999943e+00 4.837100000000000022e+28
4.549380000000000000e+12 4.478600000000000151e+30 2.716400000000000070e+36 1.572000000000000064e+00 4.651599999999999789e+28
4.080670000000000000e+12 4.081609999999999832e+30 2.436799999999999922e+36 1.580999999999999961e+00 4.452800000000000376e+28
3.612000000000000000e+12 3.687109999999999724e+30 2.157200000000000069e+36 1.586999999999999966e+00 4.238760000000000332e+28
3.143400000000000000e+12 3.296270000000000226e+30 1.877599999999999921e+36 1.588000000000000078e+00 4.006799999999999930e+28
2.674850000000000000e+12 2.910280000000000044e+30 1.598000000000000069e+36 1.582999999999999963e+00 3.753099999999999813e+28
2.206380000000000000e+12 2.530119999999999884e+30 1.318400000000000068e+36 1.566999999999999948e+00 3.471659999999999949e+28
1.737980000000000000e+12 2.155630000000000051e+30 1.038800000000000068e+36 1.536000000000000032e+00 3.151709999999999938e+28
1.269700000000000000e+12 1.781439999999999894e+30 7.592000000000000680e+35 1.475000000000000089e+00 2.768739999999999858e+28
4.299000000000000000e+11 7.805000000000000069e+29 2.572000000000000181e+35 1.330000000000000071e+00 1.506450000000000062e+28
4.188000000000000000e+11 7.537999999999999717e+29 2.505999999999999897e+35 1.330000000000000071e+00 1.455129999999999927e+28
3.325000000000000000e+11 5.815999999999999745e+29 1.990000000000000163e+35 1.330000000000000071e+00 1.165809999999999924e+28
2.640000000000000000e+11 4.472999999999999815e+29 1.581000000000000083e+35 1.330000000000000071e+00 9.297799999999999813e+27
2.096000000000000000e+11 3.289999999999999843e+29 1.256000000000000028e+35 1.330000000000000071e+00 6.841069999999999801e+27
1.844000000000000000e+11 2.892000000000000018e+29 1.105000000000000000e+35 1.330000000000000071e+00 6.221810000000000396e+27
1.664000000000000000e+11 2.597000000000000095e+29 9.975999999999999784e+34 1.330000000000000071e+00 3.996079999999999920e+27
1.322000000000000000e+11 2.033000000000000102e+29 7.923999999999999875e+34 1.330000000000000071e+00 3.293160000000000158e+27
1.049000000000000000e+11 1.494999999999999961e+29 6.294000000000000085e+34 1.330000000000000071e+00 2.422460000000000012e+27
8.332000000000000000e+10 1.100000000000000064e+29 4.999999999999999843e+34 1.330000000000000071e+00 1.782300000000000002e+27
6.617000000000000000e+10 8.088999999999999432e+28 3.971999999999999897e+34 1.330000000000000071e+00 1.311289999999999924e+27
5.254000000000000000e+10 5.949000000000000344e+28 3.155000000000000010e+34 1.330000000000000071e+00 9.646129999999999985e+26
4.172000000000000000e+10 4.628000000000000126e+28 2.505999999999999897e+34 1.330000000000000071e+00 7.875200000000000595e+26
3.313000000000000000e+10 3.403999999999999866e+28 1.989999999999999932e+34 1.330000000000000071e+00 5.791050000000000196e+26
2.631000000000000000e+10 2.502999999999999803e+28 1.580999999999999991e+34 1.330000000000000071e+00 4.261170000000000143e+26
2.090000000000000000e+10 1.938000000000000082e+28 1.255999999999999936e+34 1.330000000000000071e+00 3.451690000000000088e+26
1.659000000000000000e+10 1.425000000000000067e+28 9.976000000000000246e+33 1.330000000000000071e+00 2.538950000000000110e+26
1.318000000000000000e+10 1.048000000000000007e+28 7.924000000000000337e+33 1.330000000000000071e+00 1.867689999999999969e+26
1.046000000000000000e+10 7.701999999999999683e+27 6.294000000000000085e+33 1.330000000000000071e+00 1.373879999999999975e+26
8.312000000000000000e+09 5.662000000000000348e+27 4.999999999999999728e+33 1.330000000000000071e+00 1.010819999999999921e+26
6.601000000000000000e+09 4.362000000000000029e+27 3.972000000000000127e+33 1.330000000000000071e+00 8.130089999999999436e+25
4.164000000000000000e+09 2.356000000000000079e+27 2.505999999999999955e+33 1.330000000000000071e+00 4.399369999999999874e+25
2.626000000000000000e+09 1.272000000000000034e+27 1.580999999999999991e+33 1.330000000000000071e+00 2.380450000000000180e+25
1.657000000000000000e+09 6.859999999999999767e+26 9.975999999999999957e+32 1.330000000000000071e+00 1.288319999999999913e+25
1.316000000000000000e+09 5.036000000000000296e+26 7.924000000000000337e+32 1.330000000000000071e+00 9.477099999999999527e+24
1.045000000000000000e+09 4.128999999999999924e+26 6.293999999999999941e+32 1.330000000000000071e+00 6.794269999999999770e+24
8.301000000000000000e+08 3.039000000000000162e+26 4.999999999999999728e+32 1.330000000000000071e+00 4.998809999999999830e+24
5.237000000000000000e+08 1.628999999999999891e+26 3.154999999999999923e+32 1.330000000000000071e+00 2.705450000000000161e+24
3.304000000000000000e+08 8.737999999999999925e+25 1.990000000000000076e+32 1.330000000000000071e+00 1.463449999999999964e+24
2.624000000000000000e+08 6.675999999999999817e+25 1.580999999999999919e+32 1.330000000000000071e+00 1.123400000000000065e+24
1.315000000000000000e+08 2.603999999999999941e+25 7.923999999999999616e+31 1.330000000000000071e+00 4.472499999999999827e+23
6.589000000000000000e+07 1.006000000000000014e+25 3.972000000000000199e+31 1.330000000000000071e+00 1.780890000000000165e+23
3.302000000000000000e+07 3.832999999999999839e+24 1.989999999999999986e+31 1.330000000000000071e+00 7.086450000000000092e+22
1.655000000000000000e+07 1.435000000000000086e+24 9.975999999999999642e+30 1.330000000000000071e+00 2.822060000000000131e+22
8.293000000000000000e+06 5.250000000000000315e+23 4.999999999999999818e+30 1.330000000000000071e+00 1.123529999999999934e+22
6.588000000000000000e+06 3.910999999999999759e+23 3.972000000000000087e+30 1.330000000000000071e+00 8.163429999999999541e+21
2.622000000000000000e+06 9.754999999999999214e+22 1.581000000000000009e+30 1.330000000000000071e+00 2.390210000000000197e+21
1.044000000000000000e+06 2.318000000000000105e+22 6.293999999999999902e+29 1.330000000000000071e+00 6.999960000000000000e+20
4.156000000000000000e+05 5.265999999999999476e+21 2.505999999999999907e+29 1.330000000000000071e+00 2.050380000000000000e+20
1.654000000000000000e+05 1.151000000000000000e+21 9.976000000000000768e+28 1.330000000000000071e+00 6.004390000000000000e+19
6.587000000000000000e+04 2.431000000000000000e+20 3.972000000000000263e+28 1.330000000000000071e+00 1.758760000000000000e+19
2.622000000000000000e+04 4.968000000000000000e+19 1.581000000000000061e+28 1.330000000000000071e+00 5.149550000000000000e+18
1.044000000000000000e+04 9.744000000000000000e+18 6.294999999999999717e+27 1.330000000000000071e+00 1.508420000000000000e+18
