9.928742210600000000e+15 8.016504775400000016e+36 1.996000000000000013e+39 1.000000000000000000e+00 0.000000000000000000e+00
9.879061316800000000e+15 7.971791971000000073e+36 1.990999999999999878e+39 1.000000000000000000e+00 0.000000000000000000e+00
9.829505030100000000e+15 7.927191313000000177e+36 1.986000000000000046e+39 1.000000000000000000e+00 0.000000000000000000e+00
9.780073350700000000e+15 7.882702801499999981e+36 1.980999999999999911e+39 1.000000000000000000e+00 0.000000000000000000e+00
9.730766278500000000e+15 7.838326436499999485e+36 1.976000000000000078e+39 1.000000000000000000e+00 0.000000000000000000e+00
9.681583813500000000e+15 7.794062217999999869e+36 1.970999999999999943e+39 1.000000000000000000e+00 0.000000000000000000e+00
9.632525955700000000e+15 7.749910145999999953e+36 1.966000000000000110e+39 1.000000000000000000e+00 0.000000000000000000e+00
9.583592705100000000e+15 7.705870220499999736e+36 1.960999999999999975e+39 1.000000000000000000e+00 0.000000000000000000e+00
9.534784061700000000e+15 7.661942441399999567e+36 1.956000000000000143e+39 1.000000000000000000e+00 0.000000000000000000e+00
9.486100025500000000e+15 7.618126808800000278e+36 1.951000000000000008e+39 1.000000000000000000e+00 0.000000000000000000e+00
9.437540596500000000e+15 7.574423322800000341e+36 1.945999999999999873e+39 1.000000000000000000e+00 0.000000000000000000e+00
9.389105774800000000e+15 7.530831983200000452e+36 1.941000000000000040e+39 1.000000000000000000e+00 0.000000000000000000e+00
9.340795560200000000e+15 7.487352790100000262e+36 1.935999999999999905e+39 1.000000000000000000e+00 0.000000000000000000e+00
9.292609952900000000e+15 7.443985743499999772e+36 1.931000000000000072e+39 1.000000000000000000e+00 0.000000000000000000e+00
9.244548952700000000e+15 7.400730843300000510e+36 1.925999999999999937e+39 1.000000000000000000e+00 0.000000000000000000e+00
9.196612559800000000e+15 7.357588089699999419e+36 1.921000000000000105e+39 1.000000000000000000e+00 0.000000000000000000e+00
9.148800774100000000e+15 7.314557482600000389e+36 1.915999999999999970e+39 1.000000000000000000e+00 0.000000000000000000e+00
9.101113595600000000e+15 7.271639021900000226e+36 1.911000000000000137e+39 1.000000000000000000e+00 0.000000000000000000e+00
9.053551024200000000e+15 7.228832707699999763e+36 1.906000000000000002e+39 1.000000000000000000e+00 0.000000000000000000e+00
9.006113060100000000e+15 7.186138540000000180e+36 1.900999999999999867e+39 1.000000000000000000e+00 0.000000000000000000e+00
8.958799703300000000e+15 7.143556518800000297e+36 1.896000000000000034e+39 1.000000000000000000e+00 0.000000000000000000e+00
8.911610953600000000e+15 7.101086644100000113e+36 1.890999999999999899e+39 1.000000000000000000e+00 0.000000000000000000e+00
8.864546811100000000e+15 7.058728915899999629e+36 1.886000000000000067e+39 1.000000000000000000e+00 0.000000000000000000e+00
8.817607275800000000e+15 7.016483334100000374e+36 1.880999999999999932e+39 1.000000000000000000e+00 0.000000000000000000e+00
8.770792347800000000e+15 6.974349898900000469e+36 1.876000000000000099e+39 1.000000000000000000e+00 0.000000000000000000e+00
8.724102026900000000e+15 6.932328610099999432e+36 1.870999999999999964e+39 1.000000000000000000e+00 0.000000000000000000e+00
8.677536313300000000e+15 6.890419467800000456e+36 1.866000000000000131e+39 1.000000000000000000e+00 0.000000000000000000e+00
8.631095206800000000e+15 6.848622472099999651e+36 1.860999999999999996e+39 1.000000000000000000e+00 0.000000000000000000e+00
8.584778707600000000e+15 6.806937622700000422e+36 1.855999999999999862e+39 1.000000000000000000e+00 0.000000000000000000e+00
8.538586815600000000e+15 6.765364919900000545e+36 1.851000000000000029e+39 1.000000000000000000e+00 0.000000000000000000e+00
8.492519530800000000e+15 6.723904363600000367e+36 1.845999999999999894e+39 1.000000000000000000e+00 0.000000000000000000e+00
8.446576853200000000e+15 6.682555953799999890e+36 1.841000000000000061e+39 1.000000000000000000e+00 0.000000000000000000e+00
8.400758782800000000e+15 6.641319690399999459e+36 1.835999999999999926e+39 1.000000000000000000e+00 0.000000000000000000e+00
8.355065319600000000e+15 6.600195573499999909e+36 1.831000000000000093e+39 1.000000000000000000e+00 0.000000000000000000e+00
8.309496463600000000e+15 6.559183603199999711e+36 1.825999999999999959e+39 1.000000000000000000e+00 0.000000000000000000e+00
8.264052214900000000e+15 6.518283779299999560e+36 1.821000000000000126e+39 1.000000000000000000e+00 0.000000000000000000e+00
8.218732573300000000e+15 6.477496101900000290e+36 1.815999999999999991e+39 1.000000000000000000e+00 0.000000000000000000e+00
8.173537538900000000e+15 6.436820570899999887e+36 1.810999999999999856e+39 1.000000000000000000e+00 0.000000000000000000e+00
8.128467111800000000e+15 6.396257186500000016e+36 1.806000000000000023e+39 1.000000000000000000e+00 0.000000000000000000e+00
8.083521291900000000e+15 6.355805948599999844e+36 1.800999999999999888e+39 1.000000000000000000e+00 0.000000000000000000e+00
8.038700079100000000e+15 6.315466857099999720e+36 1.796000000000000056e+39 1.000000000000000000e+00 0.000000000000000000e+00
7.994003473600000000e+15 6.275239912100000477e+36 1.790999999999999921e+39 1.000000000000000000e+00 0.000000000000000000e+00
7.949431475300000000e+15 6.235125113599999752e+36 1.786000000000000088e+39 1.000000000000000000e+00 0.000000000000000000e+00
7.904984084200000000e+15 6.195122461699999560e+36 1.780999999999999953e+39 1.000000000000000000e+00 0.000000000000000000e+00
7.860661300300000000e+15 6.155231956099999764e+36 1.776000000000000120e+39 1.000000000000000000e+00 0.000000000000000000e+00
7.816463123600000000e+15 6.115453597100000499e+36 1.770999999999999985e+39 1.000000000000000000e+00 0.000000000000000000e+00
7.772389554100000000e+15 6.075787384599999754e+36 1.765999999999999850e+39 1.000000000000000000e+00 0.000000000000000000e+00
7.728440591800000000e+15 6.036233318500000237e+36 1.761000000000000018e+39 1.000000000000000000e+00 0.000000000000000000e+00
7.684616236800000000e+15 5.996791399000000072e+36 1.755999999999999883e+39 1.000000000000000000e+00 0.000000000000000000e+00
7.640916488900000000e+15 5.957461625899999954e+36 1.751000000000000050e+39 1.000000000000000000e+00 0.000000000000000000e+00
7.597341348300000000e+15 5.918243999299999536e+36 1.745999999999999915e+39 1.000000000000000000e+00 0.000000000000000000e+00
7.553890814800000000e+15 5.879138519199999999e+36 1.741000000000000082e+39 1.000000000000000000e+00 0.000000000000000000e+00
7.510564888600000000e+15 5.840145185600000160e+36 1.735999999999999947e+39 1.000000000000000000e+00 0.000000000000000000e+00
7.467363569600000000e+15 5.801263998500000022e+36 1.731000000000000115e+39 1.000000000000000000e+00 0.000000000000000000e+00
7.424286857700000000e+15 5.762494957899999583e+36 1.725999999999999980e+39 1.000000000000000000e+00 0.000000000000000000e+00
7.381334753100000000e+15 5.723838063700000373e+36 1.721000000000000147e+39 1.000000000000000000e+00 0.000000000000000000e+00
7.338507255700000000e+15 5.685293315999999681e+36 1.716000000000000012e+39 1.000000000000000000e+00 0.000000000000000000e+00
7.295804365500000000e+15 5.646860714899999522e+36 1.710999999999999877e+39 1.000000000000000000e+00 0.000000000000000000e+00
7.253226082500000000e+15 5.608540260199999411e+36 1.706000000000000044e+39 1.000000000000000000e+00 0.000000000000000000e+00
7.210772406800000000e+15 5.570331952000000179e+36 1.700999999999999909e+39 1.000000000000000000e+00 0.000000000000000000e+00
7.168443338200000000e+15 5.532235790299999467e+36 1.696000000000000077e+39 1.000000000000000000e+00 0.000000000000000000e+00
7.126238876800000000e+15 5.494251774999999983e+36 1.690999999999999942e+39 1.000000000000000000e+00 0.000000000000000000e+00
7.084159022700000000e+15 5.456379906299999851e+36 1.686000000000000109e+39 1.000000000000000000e+00 0.000000000000000000e+00
7.042203775700000000e+15 5.418620184099999418e+36 1.680999999999999974e+39 1.000000000000000000e+00 0.000000000000000000e+00
7.000373136000000000e+15 5.380972608300000214e+36 1.676000000000000141e+39 1.000000000000000000e+00 0.000000000000000000e+00
6.958667103500000000e+15 5.343437178999999528e+36 1.671000000000000006e+39 1.000000000000000000e+00 0.000000000000000000e+00
6.917085678100000000e+15 5.306013896199999723e+36 1.665999999999999871e+39 1.000000000000000000e+00 0.000000000000000000e+00
6.875628860000000000e+15 5.268702759900000208e+36 1.661000000000000039e+39 1.000000000000000000e+00 0.000000000000000000e+00
6.834296649100000000e+15 5.231503770099999803e+36 1.655999999999999904e+39 1.000000000000000000e+00 0.000000000000000000e+00
6.793089045400000000e+15 5.194416926800000277e+36 1.651000000000000071e+39 1.000000000000000000e+00 0.000000000000000000e+00
6.752006048900000000e+15 5.157442229900000209e+36 1.645999999999999936e+39 1.000000000000000000e+00 0.000000000000000000e+00
6.711047659700000000e+15 5.120579679600000083e+36 1.641000000000000103e+39 1.000000000000000000e+00 0.000000000000000000e+00
6.670213877600000000e+15 5.083829275700000004e+36 1.635999999999999968e+39 1.000000000000000000e+00 0.000000000000000000e+00
6.629504702700000000e+15 5.047191018300000216e+36 1.631000000000000136e+39 1.000000000000000000e+00 0.000000000000000000e+00
6.588920135100000000e+15 5.010664907499999779e+36 1.626000000000000001e+39 1.000000000000000000e+00 0.000000000000000000e+00
6.548460174600000000e+15 4.974250942999999737e+36 1.620999999999999866e+39 1.000000000000000000e+00 0.000000000000000000e+00
6.508124821400000000e+15 4.937949125100000228e+36 1.616000000000000033e+39 1.000000000000000000e+00 0.000000000000000000e+00
6.467914075300000000e+15 4.901759453699999829e+36 1.610999999999999898e+39 1.000000000000000000e+00 0.000000000000000000e+00
6.427827936500000000e+15 4.865681928799999719e+36 1.606000000000000065e+39 1.000000000000000000e+00 0.000000000000000000e+00
6.387866404900000000e+15 4.829716550300000247e+36 1.600999999999999931e+39 1.000000000000000000e+00 0.000000000000000000e+00
6.348029480500000000e+15 4.793863318299999885e+36 1.596000000000000098e+39 1.000000000000000000e+00 0.000000000000000000e+00
6.308317163300000000e+15 4.758122232900000055e+36 1.590999999999999963e+39 1.000000000000000000e+00 0.000000000000000000e+00
6.268729453300000000e+15 4.722493293900000272e+36 1.586000000000000130e+39 1.000000000000000000e+00 0.000000000000000000e+00
6.229266350500000000e+15 4.686976501400000190e+36 1.580999999999999995e+39 1.000000000000000000e+00 0.000000000000000000e+00
6.189927854900000000e+15 4.651571855300000155e+36 1.575999999999999860e+39 1.000000000000000000e+00 0.000000000000000000e+00
6.150713966600000000e+15 4.616279355800000061e+36 1.571000000000000028e+39 1.000000000000000000e+00 0.000000000000000000e+00
6.111624685400000000e+15 4.581099002800000258e+36 1.565999999999999893e+39 1.000000000000000000e+00 0.000000000000000000e+00
6.072660011500000000e+15 4.546030796199999912e+36 1.561000000000000060e+39 1.000000000000000000e+00 0.000000000000000000e+00
6.033819944700000000e+15 4.511074736099999856e+36 1.555999999999999925e+39 1.000000000000000000e+00 0.000000000000000000e+00
5.995104485200000000e+15 4.476230822500000090e+36 1.551000000000000092e+39 1.000000000000000000e+00 0.000000000000000000e+00
5.956513632800000000e+15 4.441499055400000024e+36 1.545999999999999957e+39 1.000000000000000000e+00 0.000000000000000000e+00
5.918047387700000000e+15 4.406879434800000248e+36 1.541000000000000125e+39 1.000000000000000000e+00 0.000000000000000000e+00
5.879705749800000000e+15 4.372371960700000171e+36 1.535999999999999990e+39 1.000000000000000000e+00 0.000000000000000000e+00
5.841488719100000000e+15 4.337976633099999794e+36 1.530999999999999855e+39 1.000000000000000000e+00 0.000000000000000000e+00
5.803396295600000000e+15 4.303693451900000055e+36 1.526000000000000022e+39 1.000000000000000000e+00 0.000000000000000000e+00
5.765428479300000000e+15 4.269522417300000258e+36 1.520999999999999887e+39 1.000000000000000000e+00 0.000000000000000000e+00
5.727585270200000000e+15 4.235463529099999918e+36 1.516000000000000054e+39 1.000000000000000000e+00 0.000000000000000000e+00
5.689866668400000000e+15 4.201516787399999868e+36 1.510999999999999919e+39 1.000000000000000000e+00 0.000000000000000000e+00
5.652272673700000000e+15 4.167682192200000109e+36 1.506000000000000087e+39 1.000000000000000000e+00 0.000000000000000000e+00
5.614803286200000000e+15 4.133959743500000048e+36 1.500999999999999952e+39 1.000000000000000000e+00 0.000000000000000000e+00
5.577458506000000000e+15 4.100349441300000278e+36 1.496000000000000119e+39 1.000000000000000000e+00 0.000000000000000000e+00
5.540238333000000000e+15 4.066851285600000208e+36 1.490999999999999984e+39 1.000000000000000000e+00 0.000000000000000000e+00
5.503142767100000000e+15 4.033465276300000185e+36 1.485999999999999849e+39 1.000000000000000000e+00 0.000000000000000000e+00
5.466171808500000000e+15 4.000191413499999862e+36 1.481000000000000016e+39 1.000000000000000000e+00 0.000000000000000000e+00
5.429325457100000000e+15 3.967029697300000071e+36 1.475999999999999881e+39 1.000000000000000000e+00 0.000000000000000000e+00
5.392603712900000000e+15 3.933980127499999737e+36 1.471000000000000049e+39 1.000000000000000000e+00 0.000000000000000000e+00
5.356006575900000000e+15 3.901042704200000284e+36 1.465999999999999914e+39 1.000000000000000000e+00 0.000000000000000000e+00
5.319534046100000000e+15 3.868217427399999940e+36 1.461000000000000081e+39 1.000000000000000000e+00 0.000000000000000000e+00
5.283186123500000000e+15 3.835504297000000233e+36 1.455999999999999946e+39 1.000000000000000000e+00 0.000000000000000000e+00
5.246962808100000000e+15 3.802903313199999879e+36 1.451000000000000113e+39 1.000000000000000000e+00 0.000000000000000000e+00
5.210864100000000000e+15 3.770414475899999815e+36 1.445999999999999978e+39 1.000000000000000000e+00 0.000000000000000000e+00
5.174889999000000000e+15 3.738037784999999798e+36 1.441000000000000146e+39 1.000000000000000000e+00 0.000000000000000000e+00
5.139040505200000000e+15 3.705773240600000071e+36 1.436000000000000011e+39 1.000000000000000000e+00 0.000000000000000000e+00
5.103315618700000000e+15 3.673620842700000044e+36 1.430999999999999876e+39 1.000000000000000000e+00 0.000000000000000000e+00
5.067715339400000000e+15 3.641580591299999716e+36 1.426000000000000043e+39 1.000000000000000000e+00 0.000000000000000000e+00
5.032239667200000000e+15 3.609652486400000269e+36 1.420999999999999908e+39 1.000000000000000000e+00 0.000000000000000000e+00
4.996888602300000000e+15 3.577836527999999931e+36 1.416000000000000075e+39 1.000000000000000000e+00 0.000000000000000000e+00
4.961662144600000000e+15 3.546132716000000231e+36 1.410999999999999940e+39 1.000000000000000000e+00 0.000000000000000000e+00
4.926560294100000000e+15 3.514541050599999883e+36 1.406000000000000108e+39 1.000000000000000000e+00 0.000000000000000000e+00
4.891583050800000000e+15 3.483061531600000173e+36 1.400999999999999973e+39 1.000000000000000000e+00 0.000000000000000000e+00
4.856730414700000000e+15 3.451694159100000162e+36 1.396000000000000140e+39 1.000000000000000000e+00 0.000000000000000000e+00
4.822002385800000000e+15 3.420438933099999851e+36 1.391000000000000005e+39 1.000000000000000000e+00 0.000000000000000000e+00
4.787398964200000000e+15 3.389295853599999830e+36 1.385999999999999870e+39 1.000000000000000000e+00 0.000000000000000000e+00
4.752920149700000000e+15 3.358264920600000099e+36 1.381000000000000037e+39 1.000000000000000000e+00 0.000000000000000000e+00
4.718565942400000000e+15 3.327346134100000068e+36 1.375999999999999903e+39 1.000000000000000000e+00 0.000000000000000000e+00
4.684336342400000000e+15 3.296539494099999736e+36 1.371000000000000070e+39 1.000000000000000000e+00 0.000000000000000000e+00
4.650231349600000000e+15 3.265845000500000042e+36 1.365999999999999935e+39 1.000000000000000000e+00 0.000000000000000000e+00
4.616250963900000000e+15 3.235262653400000048e+36 1.360999999999999951e+39 1.000000000000000000e+00 0.000000000000000000e+00
4.582395185500000000e+15 3.204792452799999753e+36 1.355999999999999967e+39 1.000000000000000000e+00 0.000000000000000000e+00
4.548664014300000000e+15 3.174434398799999991e+36 1.350999999999999983e+39 1.000000000000000000e+00 0.000000000000000000e+00
4.515057450300000000e+15 3.144188491100000034e+36 1.346000000000000000e+39 1.000000000000000000e+00 0.000000000000000000e+00
4.481575493500000000e+15 3.114054730000000019e+36 1.341000000000000016e+39 1.000000000000000000e+00 0.000000000000000000e+00
4.448218143900000000e+15 3.084033115400000294e+36 1.336000000000000032e+39 1.000000000000000000e+00 0.000000000000000000e+00
4.414985401500000000e+15 3.054123647200000027e+36 1.331000000000000048e+39 1.000000000000000000e+00 0.000000000000000000e+00
4.381877266300000000e+15 3.024326325600000291e+36 1.326000000000000064e+39 1.000000000000000000e+00 0.000000000000000000e+00
4.348893738400000000e+15 2.994641150400000013e+36 1.320999999999999929e+39 1.000000000000000000e+00 0.000000000000000000e+00
4.316034817600000000e+15 2.965068121700000025e+36 1.315999999999999945e+39 1.000000000000000000e+00 0.000000000000000000e+00
4.283300504100000000e+15 2.935607239499999737e+36 1.310999999999999962e+39 1.000000000000000000e+00 0.000000000000000000e+00
4.250690797700000000e+15 2.906258503799999738e+36 1.305999999999999978e+39 1.000000000000000000e+00 0.000000000000000000e+00
4.218205698600000000e+15 2.877021914600000030e+36 1.300999999999999994e+39 1.000000000000000000e+00 0.000000000000000000e+00
4.185845206600000000e+15 2.847897471900000021e+36 1.296000000000000010e+39 1.000000000000000000e+00 0.000000000000000000e+00
4.153609321900000000e+15 2.818885175600000060e+36 1.291000000000000026e+39 1.000000000000000000e+00 0.000000000000000000e+00
4.121498044400000000e+15 2.789985025900000041e+36 1.286000000000000042e+39 1.000000000000000000e+00 0.000000000000000000e+00
4.089511374100000000e+15 2.761197022600000069e+36 1.281000000000000059e+39 1.000000000000000000e+00 0.000000000000000000e+00
4.057649311000000000e+15 2.732521165799999797e+36 1.276000000000000075e+39 1.000000000000000000e+00 0.000000000000000000e+00
4.025911855100000000e+15 2.703957455499999816e+36 1.270999999999999940e+39 1.000000000000000000e+00 0.000000000000000000e+00
3.994299006500000000e+15 2.675505891700000124e+36 1.265999999999999956e+39 1.000000000000000000e+00 0.000000000000000000e+00
3.962810765000000000e+15 2.647166474400000131e+36 1.260999999999999972e+39 1.000000000000000000e+00 0.000000000000000000e+00
3.931447130700000000e+15 2.618939203499999891e+36 1.255999999999999988e+39 1.000000000000000000e+00 0.000000000000000000e+00
3.900208103700000000e+15 2.590824079199999889e+36 1.251000000000000005e+39 1.000000000000000000e+00 0.000000000000000000e+00
3.869093683800000000e+15 2.562821101299999934e+36 1.246000000000000021e+39 1.000000000000000000e+00 0.000000000000000000e+00
3.838103871200000000e+15 2.534930269999999921e+36 1.241000000000000037e+39 1.000000000000000000e+00 0.000000000000000000e+00
3.807238665800000000e+15 2.507151585099999955e+36 1.236000000000000053e+39 1.000000000000000000e+00 0.000000000000000000e+00
3.776498067500000000e+15 2.479485046699999985e+36 1.231000000000000069e+39 1.000000000000000000e+00 0.000000000000000000e+00
3.745882076500000000e+15 2.451930654800000009e+36 1.225999999999999934e+39 1.000000000000000000e+00 0.000000000000000000e+00
3.715390692700000000e+15 2.424488409300000081e+36 1.220999999999999950e+39 1.000000000000000000e+00 0.000000000000000000e+00
3.685023916100000000e+15 2.397158310400000095e+36 1.215999999999999967e+39 1.000000000000000000e+00 0.000000000000000000e+00
3.654781746700000000e+15 2.369940357899999861e+36 1.210999999999999983e+39 1.000000000000000000e+00 0.000000000000000000e+00
3.624664184500000000e+15 2.342834551999999864e+36 1.205999999999999999e+39 1.000000000000000000e+00 0.000000000000000000e+00
3.594671229600000000e+15 2.315840892499999915e+36 1.201000000000000015e+39 1.000000000000000000e+00 0.000000000000000000e+00
3.564802881800000000e+15 2.288959379499999961e+36 1.196000000000000031e+39 1.000000000000000000e+00 0.000000000000000000e+00
3.535059141200000000e+15 2.262190013000000002e+36 1.191000000000000047e+39 1.000000000000000000e+00 0.000000000000000000e+00
3.505440007900000000e+15 2.235532793000000037e+36 1.186000000000000064e+39 1.000000000000000000e+00 0.000000000000000000e+00
3.475945481700000000e+15 2.208987719500000068e+36 1.180999999999999929e+39 1.000000000000000000e+00 0.000000000000000000e+00
3.446575562800000000e+15 2.182554792400000146e+36 1.175999999999999945e+39 1.000000000000000000e+00 0.000000000000000000e+00
3.417330251100000000e+15 2.156234011899999871e+36 1.170999999999999961e+39 1.000000000000000000e+00 0.000000000000000000e+00
3.388209546600000000e+15 2.130025377799999938e+36 1.165999999999999977e+39 1.000000000000000000e+00 0.000000000000000000e+00
3.359213449300000000e+15 2.103928890200000001e+36 1.160999999999999993e+39 1.000000000000000000e+00 0.000000000000000000e+00
3.330341959200000000e+15 2.077944549100000058e+36 1.156000000000000009e+39 1.000000000000000000e+00 0.000000000000000000e+00
3.301595076300000000e+15 2.052072354500000110e+36 1.151000000000000026e+39 1.000000000000000000e+00 0.000000000000000000e+00
3.272972800600000000e+15 2.026312306399999861e+36 1.146000000000000042e+39 1.000000000000000000e+00 0.000000000000000000e+00
3.244475132100000000e+15 2.000664404799999903e+36 1.141000000000000058e+39 1.000000000000000000e+00 0.000000000000000000e+00
3.216102070800000000e+15 1.975128649599999992e+36 1.136000000000000074e+39 1.000000000000000000e+00 0.000000000000000000e+00
3.187853616800000000e+15 1.949705041000000024e+36 1.130999999999999939e+39 1.000000000000000000e+00 0.000000000000000000e+00
3.159729769900000000e+15 1.924393578800000102e+36 1.125999999999999955e+39 1.000000000000000000e+00 0.000000000000000000e+00
3.131730530300000000e+15 1.899194263099999881e+36 1.120999999999999972e+39 1.000000000000000000e+00 0.000000000000000000e+00
3.103855897800000000e+15 1.874107093899999950e+36 1.115999999999999988e+39 1.000000000000000000e+00 0.000000000000000000e+00
3.076105872600000000e+15 1.849132071200000013e+36 1.111000000000000004e+39 1.000000000000000000e+00 0.000000000000000000e+00
3.048480454600000000e+15 1.824269195000000071e+36 1.106000000000000020e+39 1.000000000000000000e+00 0.000000000000000000e+00
3.020979643800000000e+15 1.799518465300000124e+36 1.101000000000000036e+39 1.000000000000000000e+00 0.000000000000000000e+00
2.993603440200000000e+15 1.774879881999999929e+36 1.096000000000000052e+39 1.000000000000000000e+00 0.000000000000000000e+00
2.966351843800000000e+15 1.750353445299999972e+36 1.091000000000000069e+39 1.000000000000000000e+00 0.000000000000000000e+00
2.939224854600000000e+15 1.725939155000000062e+36 1.085999999999999934e+39 1.000000000000000000e+00 0.000000000000000000e+00
2.912222472600000000e+15 1.701637011200000147e+36 1.080999999999999950e+39 1.000000000000000000e+00 0.000000000000000000e+00
2.885344697800000000e+15 1.677447013899999932e+36 1.075999999999999966e+39 1.000000000000000000e+00 0.000000000000000000e+00
2.858591530300000000e+15 1.653369163100000007e+36 1.070999999999999982e+39 1.000000000000000000e+00 0.000000000000000000e+00
2.831962969900000000e+15 1.629403458800000076e+36 1.065999999999999998e+39 1.000000000000000000e+00 0.000000000000000000e+00
2.805459016700000000e+15 1.605549901000000140e+36 1.061000000000000014e+39 1.000000000000000000e+00 0.000000000000000000e+00
2.779079670800000000e+15 1.581808489599999957e+36 1.056000000000000031e+39 1.000000000000000000e+00 0.000000000000000000e+00
2.752824932100000000e+15 1.558179224800000011e+36 1.051000000000000047e+39 1.000000000000000000e+00 0.000000000000000000e+00
2.726694800500000000e+15 1.534662106400000112e+36 1.046000000000000063e+39 1.000000000000000000e+00 0.000000000000000000e+00
2.700689276200000000e+15 1.511257134499999914e+36 1.040999999999999928e+39 1.000000000000000000e+00 0.000000000000000000e+00
2.674808359100000000e+15 1.487964309100000005e+36 1.035999999999999944e+39 1.000000000000000000e+00 0.000000000000000000e+00
2.649052049200000000e+15 1.464783630200000091e+36 1.030999999999999960e+39 1.000000000000000000e+00 0.000000000000000000e+00
2.623420346500000000e+15 1.441715097799999876e+36 1.025999999999999977e+39 1.000000000000000000e+00 0.000000000000000000e+00
2.597913251000000000e+15 1.418758711800000005e+36 1.020999999999999993e+39 1.000000000000000000e+00 0.000000000000000000e+00
2.572530762800000000e+15 1.395914472400000075e+36 1.016000000000000009e+39 1.000000000000000000e+00 0.000000000000000000e+00
2.547272881700000000e+15 1.373182379399999898e+36 1.011000000000000025e+39 1.000000000000000000e+00 0.000000000000000000e+00
2.522139607800000000e+15 1.350562432900000011e+36 1.006000000000000041e+39 1.000000000000000000e+00 0.000000000000000000e+00
2.497130941200000000e+15 1.328054633000000066e+36 1.001000000000000057e+39 1.000000000000000000e+00 0.000000000000000000e+00
2.472246881700000000e+15 1.305658979500000020e+36 9.960000000000000735e+38 1.000000000000000000e+00 0.000000000000000000e+00
2.447487429500000000e+15 1.283375472400000023e+36 9.909999999999999386e+38 1.000000000000000000e+00 0.000000000000000000e+00
2.422852584500000000e+15 1.261204111899999967e+36 9.859999999999999548e+38 1.000000000000000000e+00 0.000000000000000000e+00
2.398342346700000000e+15 1.239144897900000054e+36 9.809999999999999709e+38 1.000000000000000000e+00 0.000000000000000000e+00
2.373956716000000000e+15 1.217197830300000041e+36 9.759999999999999871e+38 1.000000000000000000e+00 0.000000000000000000e+00
2.349695692600000000e+15 1.195362909299999970e+36 9.710000000000000033e+38 1.000000000000000000e+00 0.000000000000000000e+00
2.325559276400000000e+15 1.173640134699999947e+36 9.660000000000000194e+38 1.000000000000000000e+00 0.000000000000000000e+00
2.301547467500000000e+15 1.152029506600000066e+36 9.610000000000000356e+38 1.000000000000000000e+00 0.000000000000000000e+00
2.277660265700000000e+15 1.130531025000000032e+36 9.560000000000000518e+38 1.000000000000000000e+00 0.000000000000000000e+00
2.253897671100000000e+15 1.109144689899999993e+36 9.510000000000000679e+38 1.000000000000000000e+00 0.000000000000000000e+00
2.230259683700000000e+15 1.087870501299999949e+36 9.459999999999999330e+38 1.000000000000000000e+00 0.000000000000000000e+00
2.206746303600000000e+15 1.066708459099999952e+36 9.409999999999999492e+38 1.000000000000000000e+00 0.000000000000000000e+00
2.183357530600000000e+15 1.045658563500000045e+36 9.359999999999999653e+38 1.000000000000000000e+00 0.000000000000000000e+00
2.160093364900000000e+15 1.024720814300000038e+36 9.309999999999999815e+38 1.000000000000000000e+00 0.000000000000000000e+00
2.136953806400000000e+15 1.003895211600000026e+36 9.259999999999999977e+38 1.000000000000000000e+00 0.000000000000000000e+00
2.113938855000000000e+15 9.831817554199999687e+35 9.210000000000000138e+38 1.000000000000000000e+00 0.000000000000000000e+00
2.091048510900000000e+15 9.625804457199999462e+35 9.160000000000000300e+38 1.000000000000000000e+00 0.000000000000000000e+00
2.068282774000000000e+15 9.420912824999999586e+35 9.110000000000000462e+38 1.000000000000000000e+00 0.000000000000000000e+00
2.045641644300000000e+15 9.217142657700000596e+35 9.060000000000000623e+38 1.000000000000000000e+00 0.000000000000000000e+00
2.023125121800000000e+15 9.014493955299999541e+35 9.009999999999999274e+38 1.000000000000000000e+00 0.000000000000000000e+00
2.000733206500000000e+15 8.812966717700000311e+35 8.959999999999999436e+38 1.000000000000000000e+00 0.000000000000000000e+00
1.978465898500000000e+15 8.612560945000000492e+35 8.909999999999999597e+38 1.000000000000000000e+00 0.000000000000000000e+00
1.956323197600000000e+15 8.413276637200000083e+35 8.859999999999999759e+38 1.000000000000000000e+00 0.000000000000000000e+00
1.934305103900000000e+15 8.215113794300000560e+35 8.809999999999999921e+38 1.000000000000000000e+00 0.000000000000000000e+00
1.912411617500000000e+15 8.018072416199999911e+35 8.760000000000000082e+38 1.000000000000000000e+00 0.000000000000000000e+00
1.890642738200000000e+15 7.822152503000000148e+35 8.710000000000000244e+38 1.000000000000000000e+00 0.000000000000000000e+00
1.868998466200000000e+15 7.627354054699999796e+35 8.660000000000000406e+38 1.000000000000000000e+00 0.000000000000000000e+00
1.847478801400000000e+15 7.433677071199999792e+35 8.610000000000000567e+38 1.000000000000000000e+00 0.000000000000000000e+00
1.826083743700000000e+15 7.241121552699999737e+35 8.560000000000000729e+38 1.000000000000000000e+00 0.000000000000000000e+00
1.804813293300000000e+15 7.049687499000000030e+35 8.509999999999999380e+38 1.000000000000000000e+00 0.000000000000000000e+00
1.783667450100000000e+15 6.859374910100000673e+35 8.459999999999999541e+38 1.000000000000000000e+00 0.000000000000000000e+00
1.762646214100000000e+15 6.670183786199999788e+35 8.409999999999999703e+38 3.358490565999999955e+00 0.000000000000000000e+00
1.747804368300000000e+15 6.537929838999999784e+35 8.359999999999999865e+38 3.358490565999999955e+00 0.000000000000000000e+00
1.733049793400000000e+15 6.407528342300000280e+35 8.310000000000000026e+38 3.358490565999999955e+00 0.000000000000000000e+00
1.718381781200000000e+15 6.278964261300000246e+35 8.260000000000000188e+38 3.358490565999999955e+00 0.000000000000000000e+00
1.703799624900000000e+15 6.152222593399999804e+35 8.210000000000000350e+38 3.358490565999999955e+00 0.000000000000000000e+00
1.689302619300000000e+15 6.027288368799999759e+35 8.160000000000000511e+38 3.358490565999999955e+00 0.000000000000000000e+00
1.674890060600000000e+15 5.904146650100000189e+35 8.110000000000000673e+38 3.358490565999999955e+00 0.000000000000000000e+00
1.660561246700000000e+15 5.782782532800000182e+35 8.059999999999999324e+38 3.358490565999999955e+00 0.000000000000000000e+00
1.646315476900000000e+15 5.663181145300000048e+35 8.009999999999999485e+38 3.358490565999999955e+00 0.000000000000000000e+00
1.632152052300000000e+15 5.545327648899999841e+35 7.959999999999999647e+38 3.358490565999999955e+00 0.000000000000000000e+00
1.618070275300000000e+15 5.429207238299999839e+35 7.909999999999999809e+38 3.358490565999999955e+00 0.000000000000000000e+00
1.604069449900000000e+15 5.314805141400000200e+35 7.859999999999999970e+38 3.358490565999999955e+00 0.000000000000000000e+00
1.590148881800000000e+15 5.202106619499999830e+35 7.810000000000000132e+38 3.358490565999999955e+00 0.000000000000000000e+00
1.576307878300000000e+15 5.091096967399999867e+35 7.760000000000000294e+38 3.358490565999999955e+00 0.000000000000000000e+00
1.562545748100000000e+15 4.981761513799999928e+35 7.710000000000000455e+38 3.358490565999999955e+00 0.000000000000000000e+00
1.548861801600000000e+15 4.874085621199999790e+35 7.660000000000000617e+38 3.358490565999999955e+00 0.000000000000000000e+00
1.535255351000000000e+15 4.768054685900000123e+35 7.609999999999999268e+38 3.358490565999999955e+00 0.000000000000000000e+00
1.521725709700000000e+15 4.663654138599999814e+35 7.559999999999999429e+38 3.358490565999999955e+00 0.000000000000000000e+00
1.508272193100000000e+15 4.560869444100000255e+35 7.509999999999999591e+38 3.358490565999999955e+00 0.000000000000000000e+00
1.494894117900000000e+15 4.459686101700000121e+35 7.459999999999999753e+38 3.358490565999999955e+00 0.000000000000000000e+00
1.481590802700000000e+15 4.360089645300000326e+35 7.409999999999999914e+38 3.358490565999999955e+00 0.000000000000000000e+00
1.468361567500000000e+15 4.262065643299999801e+35 7.360000000000000076e+38 3.358490565999999955e+00 0.000000000000000000e+00
1.455205734300000000e+15 4.165599699299999996e+35 7.310000000000000238e+38 3.358490565999999955e+00 0.000000000000000000e+00
1.442122626200000000e+15 4.070677451699999774e+35 7.260000000000000399e+38 3.358490565999999955e+00 0.000000000000000000e+00
1.429111568500000000e+15 3.977284574099999777e+35 7.210000000000000561e+38 3.358490565999999955e+00 0.000000000000000000e+00
1.416171887800000000e+15 3.885406775499999812e+35 7.160000000000000723e+38 3.358490565999999955e+00 0.000000000000000000e+00
1.403302912600000000e+15 3.795029800199999788e+35 7.109999999999999373e+38 3.358490565999999955e+00 0.000000000000000000e+00
1.390503973000000000e+15 3.706139428499999790e+35 7.059999999999999535e+38 3.358490565999999955e+00 0.000000000000000000e+00
1.377774400600000000e+15 3.618721476099999805e+35 7.009999999999999697e+38 3.358490565999999955e+00 0.000000000000000000e+00
1.365113529000000000e+15 3.532761794900000333e+35 6.959999999999999858e+38 3.358490565999999955e+00 0.000000000000000000e+00
1.352520693400000000e+15 3.448246272899999637e+35 6.910000000000000020e+38 3.358490565999999955e+00 0.000000000000000000e+00
1.339995230600000000e+15 3.365160834399999979e+35 6.860000000000000182e+38 3.358490565999999955e+00 0.000000000000000000e+00
1.327536479200000000e+15 3.283491440199999845e+35 6.810000000000000343e+38 3.358490565999999955e+00 0.000000000000000000e+00
1.315143779500000000e+15 3.203224087500000048e+35 6.759999999999999750e+38 3.358490565999999955e+00 0.000000000000000000e+00
1.302816473700000000e+15 3.124344810600000109e+35 6.709999999999999911e+38 3.358490565999999955e+00 0.000000000000000000e+00
1.290553905400000000e+15 3.046839680700000134e+35 6.660000000000000073e+38 3.358490565999999955e+00 0.000000000000000000e+00
1.278355420300000000e+15 2.970694805999999878e+35 6.610000000000000235e+38 3.358490565999999955e+00 0.000000000000000000e+00
1.266220365600000000e+15 2.895896332300000124e+35 6.559999999999999641e+38 3.358490565999999955e+00 0.000000000000000000e+00
1.254148090400000000e+15 2.822430442800000133e+35 6.509999999999999802e+38 3.358490565999999955e+00 0.000000000000000000e+00
1.242137945600000000e+15 2.750283358299999822e+35 6.459999999999999964e+38 3.358490565999999955e+00 0.000000000000000000e+00
1.230189283800000000e+15 2.679441337499999908e+35 6.410000000000000126e+38 3.358490565999999955e+00 0.000000000000000000e+00
1.218301459400000000e+15 2.609890677500000160e+35 6.360000000000000288e+38 3.358490565999999955e+00 0.000000000000000000e+00
1.206473828800000000e+15 2.541617713199999871e+35 6.309999999999999694e+38 3.358490565999999955e+00 0.000000000000000000e+00
1.194705749800000000e+15 2.474608818299999907e+35 6.259999999999999855e+38 3.358490565999999955e+00 0.000000000000000000e+00
1.182996582400000000e+15 2.408850404899999820e+35 6.210000000000000017e+38 3.358490565999999955e+00 0.000000000000000000e+00
1.171345688200000000e+15 2.344328924299999938e+35 6.160000000000000179e+38 3.358490565999999955e+00 0.000000000000000000e+00
1.159752430900000000e+15 2.281030866399999981e+35 6.110000000000000340e+38 3.358490565999999955e+00 0.000000000000000000e+00
1.148216175800000000e+15 2.218942760700000010e+35 6.059999999999999746e+38 3.358490565999999955e+00 0.000000000000000000e+00
1.136736290100000000e+15 2.158051175999999920e+35 6.009999999999999908e+38 3.358490565999999955e+00 0.000000000000000000e+00
1.125312142900000000e+15 2.098342720800000117e+35 5.960000000000000070e+38 3.358490565999999955e+00 0.000000000000000000e+00
1.113943105300000000e+15 2.039804043600000178e+35 5.910000000000000232e+38 3.358490565999999955e+00 0.000000000000000000e+00
1.102628550100000000e+15 1.982421832899999955e+35 5.859999999999999638e+38 3.358490565999999955e+00 0.000000000000000000e+00
1.091367852100000000e+15 1.926182817399999916e+35 5.809999999999999799e+38 3.358490565999999955e+00 0.000000000000000000e+00
1.080160388000000000e+15 1.871073766399999972e+35 5.759999999999999961e+38 3.358490565999999955e+00 0.000000000000000000e+00
1.069005536400000000e+15 1.817081490200000152e+35 5.710000000000000123e+38 3.358490565999999955e+00 0.000000000000000000e+00
1.057902677800000000e+15 1.764192839699999931e+35 5.660000000000000284e+38 3.358490565999999955e+00 0.000000000000000000e+00
1.046851194800000000e+15 1.712394707199999943e+35 5.609999999999999690e+38 3.358490565999999955e+00 0.000000000000000000e+00
1.035850471700000000e+15 1.661674026499999939e+35 5.559999999999999852e+38 3.358490565999999955e+00 0.000000000000000000e+00
1.024899894900000000e+15 1.612017773000000062e+35 5.510000000000000014e+38 3.358490565999999955e+00 0.000000000000000000e+00
1.013998852900000000e+15 1.563412964000000061e+35 5.460000000000000176e+38 3.358490565999999955e+00 0.000000000000000000e+00
1.003146735900000000e+15 1.515846658999999980e+35 5.410000000000000337e+38 3.358490565999999955e+00 0.000000000000000000e+00
9.923429363800000000e+14 1.469305959999999928e+35 5.359999999999999743e+38 3.358490565999999955e+00 0.000000000000000000e+00
9.815868486500000000e+14 1.423778011500000078e+35 5.309999999999999905e+38 3.358490565999999955e+00 0.000000000000000000e+00
9.708778691200000000e+14 1.379250001000000034e+35 5.260000000000000067e+38 3.358490565999999955e+00 0.000000000000000000e+00
9.602153962000000000e+14 1.335709159300000075e+35 5.210000000000000228e+38 3.358490565999999955e+00 0.000000000000000000e+00
9.495988303700000000e+14 1.293142760400000062e+35 5.159999999999999634e+38 3.358490565999999955e+00 0.000000000000000000e+00
9.390275741500000000e+14 1.251538122100000084e+35 5.109999999999999796e+38 3.358490565999999955e+00 0.000000000000000000e+00
9.285010321400000000e+14 1.210882606400000023e+35 5.059999999999999958e+38 3.358490565999999955e+00 0.000000000000000000e+00
9.180186110300000000e+14 1.171163619099999986e+35 5.010000000000000120e+38 3.358490565999999955e+00 0.000000000000000000e+00
9.075797196100000000e+14 1.132368610999999932e+35 4.960000000000000281e+38 3.358490565999999955e+00 0.000000000000000000e+00
8.971837687600000000e+14 1.094485077399999935e+35 4.909999999999999687e+38 3.358490565999999955e+00 0.000000000000000000e+00
8.868301715200000000e+14 1.057500558900000054e+35 4.859999999999999849e+38 3.358490565999999955e+00 0.000000000000000000e+00
8.765183430300000000e+14 1.021402641399999970e+35 4.810000000000000011e+38 3.358490565999999955e+00 0.000000000000000000e+00
8.662477006100000000e+14 9.861789565600000881e+34 4.760000000000000172e+38 3.358490565999999955e+00 0.000000000000000000e+00
8.560176637500000000e+14 9.518171819599999268e+34 4.710000000000000334e+38 3.358490565999999955e+00 0.000000000000000000e+00
8.458276540900000000e+14 9.183050415900000895e+34 4.659999999999999740e+38 3.358490565999999955e+00 0.000000000000000000e+00
8.356770955100000000e+14 8.856303060200000776e+34 4.609999999999999902e+38 3.358490565999999955e+00 0.000000000000000000e+00
8.255654140700000000e+14 8.537807928000000718e+34 4.560000000000000064e+38 3.358490565999999955e+00 0.000000000000000000e+00
8.154920380700000000e+14 8.227443667200000425e+34 4.510000000000000225e+38 3.358490565999999955e+00 0.000000000000000000e+00
8.054563980400000000e+14 7.925089402200000348e+34 4.459999999999999631e+38 3.358490565999999955e+00 0.000000000000000000e+00
7.954579268000000000e+14 7.630624736599999964e+34 4.409999999999999793e+38 3.358490565999999955e+00 0.000000000000000000e+00
7.854960594100000000e+14 7.343929757000000310e+34 4.359999999999999955e+38 3.358490565999999955e+00 0.000000000000000000e+00
7.755667047100000000e+14 7.079437502400000451e+34 4.310000000000000116e+38 2.470588235300000157e+00 0.000000000000000000e+00
7.656699306000000000e+14 6.878260560700000147e+34 4.260000000000000278e+38 2.470588235300000157e+00 0.000000000000000000e+00
7.557991674300000000e+14 6.680526243400000205e+34 4.209999999999999684e+38 2.470588235300000157e+00 0.000000000000000000e+00
7.459542710800000000e+14 6.486215476099999573e+34 4.159999999999999846e+38 2.470588235300000157e+00 0.000000000000000000e+00
7.361350965300000000e+14 6.295309064100000287e+34 4.110000000000000008e+38 2.470588235300000157e+00 0.000000000000000000e+00
7.263414978200000000e+14 6.107787690100000090e+34 4.060000000000000169e+38 2.470588235300000157e+00 0.000000000000000000e+00
7.165733280600000000e+14 5.923631911899999811e+34 4.010000000000000331e+38 2.470588235300000157e+00 0.000000000000000000e+00
7.068304393900000000e+14 5.742822160200000390e+34 3.959999999999999737e+38 2.470588235300000157e+00 0.000000000000000000e+00
6.971126829700000000e+14 5.565338736200000314e+34 3.909999999999999899e+38 2.470588235300000157e+00 0.000000000000000000e+00
6.874199089600000000e+14 5.391161808699999577e+34 3.860000000000000060e+38 2.470588235300000157e+00 0.000000000000000000e+00
6.777519665300000000e+14 5.220271412100000001e+34 3.810000000000000222e+38 2.470588235300000157e+00 0.000000000000000000e+00
6.681087037700000000e+14 5.052647443199999661e+34 3.759999999999999628e+38 2.470588235300000157e+00 0.000000000000000000e+00
6.584899677400000000e+14 4.888269658500000133e+34 3.709999999999999790e+38 2.470588235300000157e+00 0.000000000000000000e+00
6.488956044000000000e+14 4.727117671800000240e+34 3.659999999999999952e+38 2.470588235300000157e+00 0.000000000000000000e+00
6.393254586200000000e+14 4.569170950800000098e+34 3.610000000000000113e+38 2.470588235300000157e+00 0.000000000000000000e+00
6.297793741500000000e+14 4.414408813900000144e+34 3.560000000000000275e+38 2.470588235300000157e+00 0.000000000000000000e+00
6.202571935700000000e+14 4.262810427699999697e+34 3.509999999999999681e+38 2.470588235300000157e+00 0.000000000000000000e+00
6.107587583000000000e+14 4.114354802900000093e+34 3.459999999999999843e+38 2.470588235300000157e+00 0.000000000000000000e+00
6.012839085600000000e+14 3.969020791599999956e+34 3.410000000000000004e+38 2.470588235300000157e+00 0.000000000000000000e+00
5.918324833200000000e+14 3.826787083399999777e+34 3.360000000000000166e+38 2.470588235300000157e+00 0.000000000000000000e+00
5.824043203300000000e+14 3.687632201500000053e+34 3.309999999999999950e+38 2.470588235300000157e+00 0.000000000000000000e+00
5.729992560400000000e+14 3.551534499800000173e+34 3.260000000000000112e+38 2.470588235300000157e+00 0.000000000000000000e+00
5.636171255700000000e+14 3.418472157900000139e+34 3.209999999999999896e+38 2.470588235300000157e+00 0.000000000000000000e+00
5.542577627300000000e+14 3.288423177600000202e+34 3.160000000000000057e+38 2.470588235300000157e+00 0.000000000000000000e+00
5.449209999200000000e+14 3.161365378700000050e+34 3.109999999999999841e+38 2.470588235300000157e+00 0.000000000000000000e+00
5.356066681500000000e+14 3.037276394200000130e+34 3.060000000000000003e+38 2.470588235300000157e+00 0.000000000000000000e+00
5.263145969900000000e+14 2.916133666000000113e+34 3.010000000000000165e+38 2.470588235300000157e+00 0.000000000000000000e+00
5.170446145100000000e+14 2.797914439900000157e+34 2.959999999999999948e+38 2.470588235300000157e+00 0.000000000000000000e+00
5.077965472800000000e+14 2.682595760700000114e+34 2.910000000000000110e+38 2.470588235300000157e+00 0.000000000000000000e+00
4.985702202900000000e+14 2.570154467100000064e+34 2.859999999999999894e+38 2.470588235300000157e+00 0.000000000000000000e+00
4.893654569500000000e+14 2.460567186000000211e+34 2.810000000000000056e+38 2.470588235300000157e+00 0.000000000000000000e+00
4.801820790200000000e+14 2.353810326900000113e+34 2.759999999999999840e+38 2.470588235300000157e+00 0.000000000000000000e+00
4.710199065700000000e+14 2.249860076100000155e+34 2.710000000000000001e+38 2.470588235300000157e+00 0.000000000000000000e+00
4.618787579500000000e+14 2.148692390399999879e+34 2.660000000000000163e+38 2.470588235300000157e+00 0.000000000000000000e+00
4.527584497100000000e+14 2.050282990300000079e+34 2.609999999999999947e+38 2.470588235300000157e+00 0.000000000000000000e+00
4.436587965800000000e+14 1.954607353900000039e+34 2.560000000000000109e+38 2.470588235300000157e+00 0.000000000000000000e+00
4.345796113800000000e+14 1.861640708799999924e+34 2.509999999999999892e+38 2.470588235300000157e+00 0.000000000000000000e+00
4.255207050000000000e+14 1.771358025399999913e+34 2.460000000000000054e+38 2.470588235300000157e+00 0.000000000000000000e+00
4.164870000000000000e+14 1.692339999999999932e+34 2.409999999999999838e+38 3.843999999999999861e+00 0.000000000000000000e+00
4.074310000000000000e+14 1.563269999999999985e+34 2.360000000000000000e+38 3.859999999999999876e+00 0.000000000000000000e+00
3.984070000000000000e+14 1.440820000000000001e+34 2.310000000000000161e+38 3.876999999999999780e+00 0.000000000000000000e+00
3.894150000000000000e+14 1.324890000000000028e+34 2.259999999999999945e+38 3.894000000000000128e+00 0.000000000000000000e+00
3.804520000000000000e+14 1.215340000000000038e+34 2.210000000000000107e+38 3.910000000000000142e+00 0.000000000000000000e+00
3.715200000000000000e+14 1.112059999999999944e+34 2.159999999999999891e+38 3.927000000000000046e+00 0.000000000000000000e+00
3.626150000000000000e+14 1.014880000000000009e+34 2.110000000000000053e+38 3.943999999999999950e+00 0.000000000000000000e+00
3.537370000000000000e+14 9.236699999999999949e+33 2.059999999999999837e+38 3.959999999999999964e+00 0.000000000000000000e+00
3.448840000000000000e+14 8.382619999999999605e+33 2.009999999999999998e+38 3.975999999999999979e+00 0.000000000000000000e+00
3.360570000000000000e+14 7.584920000000000192e+33 1.960000000000000160e+38 3.991999999999999993e+00 0.000000000000000000e+00
3.272530000000000000e+14 6.841860000000000353e+33 1.909999999999999944e+38 4.006999999999999673e+00 0.000000000000000000e+00
3.184720000000000000e+14 6.151650000000000368e+33 1.860000000000000105e+38 4.020999999999999908e+00 0.000000000000000000e+00
3.097120000000000000e+14 5.512439999999999712e+33 1.809999999999999889e+38 4.033000000000000362e+00 0.000000000000000000e+00
3.009720000000000000e+14 4.922349999999999769e+33 1.760000000000000051e+38 4.043999999999999595e+00 0.000000000000000000e+00
2.922520000000000000e+14 4.379429999999999831e+33 1.709999999999999835e+38 4.052999999999999936e+00 0.000000000000000000e+00
2.835500000000000000e+14 3.881710000000000077e+33 1.659999999999999997e+38 4.059000000000000163e+00 0.000000000000000000e+00
2.748650000000000000e+14 3.427180000000000151e+33 1.609999999999999969e+38 4.062000000000000277e+00 0.000000000000000000e+00
2.661960000000000000e+14 3.013810000000000006e+33 1.559999999999999942e+38 4.059000000000000163e+00 0.000000000000000000e+00
2.575420000000000000e+14 2.639570000000000172e+33 1.509999999999999915e+38 4.051000000000000156e+00 0.000000000000000000e+00
2.489020000000000000e+14 2.302379999999999932e+33 1.460000000000000077e+38 4.033999999999999808e+00 0.000000000000000000e+00
2.402750000000000000e+14 2.000169999999999858e+33 1.410000000000000049e+38 4.008000000000000007e+00 0.000000000000000000e+00
1.541830000000000000e+14 6.222830000000000293e+32 9.079040000000000295e+37 3.370000000000000107e+00 9.314540000000000232e+28
1.537070000000000000e+14 6.190899999999999976e+32 9.051080000000000103e+37 3.366000000000000103e+00 2.134939999999999943e+29
1.532300000000000000e+14 6.176389999999999816e+32 9.023119999999999911e+37 3.375000000000000000e+00 3.808880000000000146e+29
1.527530000000000000e+14 6.160379999999999776e+32 8.995159999999999719e+37 3.380999999999999783e+00 4.691009999999999897e+29
1.522760000000000000e+14 6.143679999999999879e+32 8.967199999999999527e+37 3.386000000000000121e+00 5.314890000000000173e+29
1.518000000000000000e+14 6.126660000000000027e+32 8.939239999999999335e+37 3.391000000000000014e+00 5.806879999999999905e+29
1.513230000000000000e+14 6.109490000000000331e+32 8.911279999999999143e+37 3.395000000000000018e+00 6.218119999999999764e+29
1.508460000000000000e+14 6.092230000000000153e+32 8.883320000000000841e+37 3.399000000000000021e+00 6.574930000000000682e+29
1.503690000000000000e+14 6.074930000000000160e+32 8.855360000000000649e+37 3.403999999999999915e+00 6.892720000000000347e+29
1.498920000000000000e+14 6.057590000000000353e+32 8.827400000000000457e+37 3.407999999999999918e+00 7.181340000000000185e+29
1.494150000000000000e+14 6.040249999999999826e+32 8.799440000000000265e+37 3.411999999999999922e+00 7.447440000000000664e+29
1.489380000000000000e+14 6.022899999999999885e+32 8.771480000000000073e+37 3.415999999999999925e+00 7.695689999999999438e+29
1.484610000000000000e+14 6.005549999999999945e+32 8.743519999999999881e+37 3.419000000000000039e+00 7.929540000000000242e+29
1.479850000000000000e+14 5.988210000000000138e+32 8.715559999999999689e+37 3.423000000000000043e+00 8.151559999999999618e+29
1.475080000000000000e+14 5.970870000000000331e+32 8.687599999999999497e+37 3.427000000000000046e+00 8.363739999999999538e+29
1.470310000000000000e+14 5.953550000000000071e+32 8.659639999999999306e+37 3.431000000000000050e+00 8.567640000000000343e+29
1.465540000000000000e+14 5.936229999999999811e+32 8.631679999999999114e+37 3.435000000000000053e+00 8.764489999999999327e+29
1.460770000000000000e+14 5.918919999999999685e+32 8.603720000000000811e+37 3.439000000000000057e+00 8.955319999999999442e+29
1.456000000000000000e+14 5.901619999999999692e+32 8.575760000000000619e+37 3.442000000000000171e+00 9.140939999999999728e+29
1.451240000000000000e+14 5.884339999999999967e+32 8.547800000000000427e+37 3.446000000000000174e+00 9.322039999999999526e+29
1.446470000000000000e+14 5.867060000000000241e+32 8.519840000000000235e+37 3.450000000000000178e+00 9.499189999999999881e+29
1.441700000000000000e+14 5.849789999999999929e+32 8.491880000000000043e+37 3.452999999999999847e+00 9.672880000000000161e+29
1.436930000000000000e+14 5.832529999999999751e+32 8.463919999999999851e+37 3.456999999999999851e+00 9.843530000000000024e+29
1.432160000000000000e+14 5.815270000000000293e+32 8.435959999999999660e+37 3.460999999999999854e+00 1.001149999999999998e+30
1.427400000000000000e+14 5.798029999999999661e+32 8.408000000000000412e+37 3.463999999999999968e+00 1.017710000000000056e+30
1.422630000000000000e+14 5.780789999999999750e+32 8.380040000000000220e+37 3.467999999999999972e+00 1.034050000000000004e+30
1.417860000000000000e+14 5.763559999999999973e+32 8.352080000000000028e+37 3.471999999999999975e+00 1.050209999999999977e+30
1.413090000000000000e+14 5.746330000000000196e+32 8.324119999999999837e+37 3.475000000000000089e+00 1.066199999999999974e+30
1.408330000000000000e+14 5.729109999999999831e+32 8.296159999999999645e+37 3.479000000000000092e+00 1.082039999999999993e+30
1.403560000000000000e+14 5.711890000000000188e+32 8.268200000000000397e+37 3.482000000000000206e+00 1.097760000000000028e+30
1.398790000000000000e+14 5.694669999999999823e+32 8.240240000000000205e+37 3.486000000000000210e+00 1.113349999999999941e+30
1.394020000000000000e+14 5.677460000000000313e+32 8.212280000000000014e+37 3.488999999999999879e+00 1.128840000000000009e+30
1.389260000000000000e+14 5.660239999999999949e+32 8.184319999999999822e+37 3.492999999999999883e+00 1.144229999999999950e+30
1.384490000000000000e+14 5.643029999999999719e+32 8.156359999999999630e+37 3.496999999999999886e+00 1.159540000000000043e+30
1.379720000000000000e+14 5.625820000000000209e+32 8.128400000000000382e+37 3.500000000000000000e+00 1.174780000000000005e+30
1.374950000000000000e+14 5.608609999999999978e+32 8.100440000000000191e+37 3.504000000000000004e+00 1.189959999999999976e+30
1.370190000000000000e+14 5.591390000000000335e+32 8.072479999999999999e+37 3.507000000000000117e+00 1.205079999999999955e+30
1.365420000000000000e+14 5.574180000000000104e+32 8.044519999999999807e+37 3.511000000000000121e+00 1.220149999999999941e+30
1.360650000000000000e+14 5.556959999999999740e+32 8.016559999999999615e+37 3.513999999999999790e+00 1.235179999999999933e+30
1.355890000000000000e+14 5.539729999999999962e+32 7.988600000000000368e+37 1.296000000000000041e+00 1.250169999999999931e+30
1.351120000000000000e+14 5.522500000000000185e+32 7.960640000000000176e+37 1.296999999999999931e+00 1.265129999999999932e+30
1.346350000000000000e+14 5.505269999999999687e+32 7.932679999999999984e+37 1.298999999999999932e+00 1.280069999999999937e+30
1.341590000000000000e+14 5.488029999999999776e+32 7.904719999999999792e+37 1.300999999999999934e+00 1.294990000000000085e+30
1.336820000000000000e+14 5.470779999999999731e+32 7.876759999999999600e+37 1.302000000000000046e+00 1.309889999999999954e+30
1.332050000000000000e+14 5.453529999999999687e+32 7.848800000000000353e+37 1.304000000000000048e+00 1.324780000000000107e+30
1.327290000000000000e+14 5.436270000000000229e+32 7.820840000000000161e+37 1.306000000000000050e+00 1.339659999999999979e+30
1.322520000000000000e+14 5.418989999999999783e+32 7.792879999999999969e+37 1.306999999999999940e+00 1.354530000000000134e+30
1.317750000000000000e+14 5.401710000000000058e+32 7.764919999999999777e+37 1.308999999999999941e+00 1.369410000000000006e+30
1.312990000000000000e+14 5.384420000000000199e+32 7.736959999999999585e+37 1.310999999999999943e+00 1.384289999999999879e+30
1.308220000000000000e+14 5.367120000000000206e+32 7.709000000000000338e+37 1.312999999999999945e+00 1.399170000000000032e+30
1.303460000000000000e+14 5.349799999999999946e+32 7.681040000000000146e+37 1.314000000000000057e+00 1.414059999999999903e+30
1.298690000000000000e+14 5.332479999999999686e+32 7.653079999999999954e+37 1.316000000000000059e+00 1.428960000000000054e+30
1.293920000000000000e+14 5.315139999999999879e+32 7.625119999999999762e+37 1.318000000000000060e+00 1.443879999999999921e+30
1.289160000000000000e+14 5.297779999999999805e+32 7.597159999999999570e+37 1.320000000000000062e+00 1.458810000000000067e+30
1.284390000000000000e+14 5.280419999999999731e+32 7.569200000000000323e+37 1.322000000000000064e+00 1.473749999999999931e+30
1.279630000000000000e+14 5.263029999999999976e+32 7.541240000000000131e+37 1.324000000000000066e+00 1.488720000000000072e+30
1.274860000000000000e+14 5.245640000000000221e+32 7.513279999999999939e+37 1.326000000000000068e+00 1.503709999999999929e+30
1.270090000000000000e+14 5.228220000000000065e+32 7.485319999999999747e+37 1.328000000000000069e+00 1.518720000000000064e+30
1.265330000000000000e+14 5.210789999999999775e+32 7.457359999999999555e+37 1.330000000000000071e+00 1.533749999999999915e+30
1.260560000000000000e+14 5.193339999999999939e+32 7.429400000000000308e+37 1.332000000000000073e+00 1.548810000000000044e+30
1.255800000000000000e+14 5.175879999999999969e+32 7.401440000000000116e+37 1.334000000000000075e+00 1.563899999999999886e+30
1.251030000000000000e+14 5.158390000000000318e+32 7.373479999999999924e+37 1.336000000000000076e+00 1.579010000000000008e+30
1.246270000000000000e+14 5.140889999999999813e+32 7.345519999999999732e+37 1.338000000000000078e+00 1.594160000000000123e+30
1.241500000000000000e+14 5.123369999999999762e+32 7.317559999999999541e+37 1.340000000000000080e+00 1.609339999999999953e+30
1.236740000000000000e+14 5.105830000000000163e+32 7.289600000000000293e+37 1.342999999999999972e+00 1.624550000000000061e+30
1.231970000000000000e+14 5.088270000000000297e+32 7.261640000000000101e+37 1.344999999999999973e+00 1.639799999999999881e+30
1.227210000000000000e+14 5.073299999999999751e+32 7.233679999999999909e+37 1.346000000000000085e+00 1.059459999999999940e+30
1.222440000000000000e+14 5.055739999999999885e+32 7.205719999999999718e+37 1.348000000000000087e+00 1.066499999999999932e+30
1.217680000000000000e+14 5.038150000000000339e+32 7.177760000000000470e+37 1.350000000000000089e+00 1.073570000000000061e+30
1.212910000000000000e+14 5.020539999999999804e+32 7.149800000000000278e+37 1.352000000000000091e+00 1.080670000000000045e+30
1.208150000000000000e+14 5.002909999999999723e+32 7.121840000000000086e+37 1.354999999999999982e+00 1.087800000000000025e+30
1.203380000000000000e+14 4.985260000000000095e+32 7.093879999999999895e+37 1.356999999999999984e+00 1.094950000000000002e+30
1.198620000000000000e+14 4.967580000000000066e+32 7.065919999999999703e+37 1.358999999999999986e+00 1.102129999999999975e+30
1.193850000000000000e+14 4.949870000000000356e+32 7.037960000000000455e+37 1.362000000000000099e+00 1.109339999999999943e+30
1.189090000000000000e+14 4.932149999999999792e+32 7.010000000000000263e+37 1.364000000000000101e+00 1.116580000000000048e+30
1.184330000000000000e+14 4.914390000000000134e+32 6.982040000000000072e+37 1.366000000000000103e+00 1.123850000000000009e+30
1.174800000000000000e+14 4.884239999999999837e+32 6.926119999999999688e+37 1.368000000000000105e+00 6.344389999999999974e+29
1.170030000000000000e+14 4.866499999999999726e+32 6.898160000000000440e+37 1.370000000000000107e+00 6.356039999999999739e+29
1.136690000000000000e+14 4.741550000000000185e+32 6.702440000000000042e+37 1.387000000000000011e+00 6.443750000000000601e+29
1.127160000000000000e+14 4.705579999999999898e+32 6.646519999999999658e+37 1.391999999999999904e+00 6.470679999999999900e+29
1.112870000000000000e+14 4.651419999999999968e+32 6.562640000000000027e+37 1.399999999999999911e+00 6.512520000000000475e+29
1.108110000000000000e+14 4.633299999999999821e+32 6.534679999999999835e+37 1.401999999999999913e+00 6.526830000000000428e+29
1.103340000000000000e+14 4.615149999999999993e+32 6.506719999999999643e+37 1.405000000000000027e+00 6.541329999999999791e+29
1.089060000000000000e+14 4.560510000000000131e+32 6.422840000000000012e+37 1.413000000000000034e+00 6.585880000000000546e+29
1.079530000000000000e+14 4.523920000000000201e+32 6.366919999999999628e+37 1.417999999999999927e+00 6.616430000000000460e+29
1.074770000000000000e+14 4.505579999999999995e+32 6.338960000000000381e+37 1.419999999999999929e+00 6.631949999999999398e+29
1.065240000000000000e+14 4.468790000000000274e+32 6.283039999999999997e+37 1.425999999999999934e+00 6.663459999999999740e+29
1.041430000000000000e+14 4.376219999999999860e+32 6.143239999999999982e+37 1.439000000000000057e+00 6.744889999999999799e+29
1.017630000000000000e+14 4.282759999999999797e+32 6.003439999999999967e+37 1.453000000000000069e+00 6.829799999999999649e+29
1.012860000000000000e+14 4.263959999999999926e+32 5.975479999999999776e+37 1.455999999999999961e+00 6.847169999999999733e+29
9.985810000000000000e+13 4.207340000000000253e+32 5.891600000000000144e+37 1.463999999999999968e+00 6.900019999999999318e+29
9.890590000000000000e+13 4.169409999999999702e+32 5.835679999999999761e+37 1.469000000000000083e+00 6.935830000000000461e+29
9.795380000000000000e+13 4.131330000000000027e+32 5.779760000000000321e+37 1.475000000000000089e+00 6.972070000000000418e+29
9.652570000000000000e+13 4.073930000000000014e+32 5.695879999999999746e+37 1.483000000000000096e+00 7.027219999999999679e+29
9.557370000000000000e+13 4.035460000000000169e+32 5.639960000000000307e+37 1.489000000000000101e+00 7.064480000000000618e+29
9.414570000000000000e+13 3.977480000000000327e+32 5.556079999999999731e+37 1.497000000000000108e+00 7.121029999999999681e+29
9.081420000000000000e+13 3.840830000000000004e+32 5.360360000000000277e+37 1.516999999999999904e+00 7.255719999999999830e+29
8.986250000000000000e+13 3.801429999999999975e+32 5.304439999999999893e+37 1.522999999999999909e+00 7.294809999999999385e+29
8.938660000000000000e+13 3.781670000000000239e+32 5.276479999999999701e+37 1.526000000000000023e+00 7.314439999999999714e+29
8.795910000000000000e+13 3.722160000000000118e+32 5.192600000000000070e+37 1.534999999999999920e+00 7.373630000000000656e+29
8.748330000000000000e+13 3.702239999999999685e+32 5.164639999999999878e+37 1.536999999999999922e+00 7.393450000000000395e+29
8.558020000000000000e+13 3.622180000000000074e+32 5.052800000000000055e+37 1.548999999999999932e+00 7.473100000000000424e+29
8.510440000000000000e+13 3.602059999999999849e+32 5.024839999999999863e+37 1.552000000000000046e+00 7.493089999999999857e+29
8.415300000000000000e+13 3.561710000000000089e+32 4.968920000000000424e+37 1.558000000000000052e+00 7.533130000000000685e+29
8.367720000000000000e+13 3.541469999999999700e+32 4.940960000000000232e+37 1.560999999999999943e+00 7.553170000000000111e+29
8.272580000000000000e+13 3.500880000000000334e+32 4.885039999999999848e+37 1.566000000000000059e+00 7.593300000000000364e+29
8.129890000000000000e+13 3.439700000000000223e+32 4.801160000000000217e+37 1.574999999999999956e+00 7.653520000000000036e+29
8.082320000000000000e+13 3.419229999999999642e+32 4.773200000000000025e+37 1.578000000000000069e+00 7.673589999999999739e+29
8.034760000000000000e+13 3.398709999999999833e+32 4.745239999999999834e+37 1.580999999999999961e+00 7.693639999999999727e+29
7.939640000000000000e+13 3.357570000000000319e+32 4.689320000000000394e+37 1.586999999999999966e+00 7.733709999999999425e+29
7.796970000000000000e+13 3.295559999999999920e+32 4.605439999999999819e+37 1.594999999999999973e+00 7.793630000000000547e+29
7.701860000000000000e+13 3.254020000000000103e+32 4.549520000000000379e+37 1.600999999999999979e+00 7.833409999999999441e+29
7.654310000000000000e+13 3.240309999999999829e+32 4.521560000000000188e+37 1.596999999999999975e+00 8.842580000000000420e+29
7.606760000000000000e+13 3.219649999999999950e+32 4.493599999999999996e+37 1.600000000000000089e+00 8.815190000000000623e+29
7.559210000000000000e+13 3.198960000000000030e+32 4.465639999999999804e+37 1.602000000000000091e+00 8.787620000000000569e+29
7.511660000000000000e+13 3.178229999999999936e+32 4.437679999999999612e+37 1.604999999999999982e+00 8.759870000000000260e+29
7.464110000000000000e+13 3.157460000000000027e+32 4.409720000000000365e+37 1.608000000000000096e+00 8.731939999999999695e+29
7.416570000000000000e+13 3.136660000000000077e+32 4.381760000000000173e+37 1.610999999999999988e+00 8.703819999999999719e+29
7.369020000000000000e+13 3.115810000000000180e+32 4.353799999999999981e+37 1.614000000000000101e+00 8.675510000000000333e+29
7.321480000000000000e+13 3.094929999999999881e+32 4.325839999999999789e+37 1.616000000000000103e+00 8.647010000000000129e+29
7.273940000000000000e+13 3.074019999999999902e+32 4.297879999999999597e+37 1.618999999999999995e+00 8.618299999999999392e+29
7.226400000000000000e+13 3.053070000000000109e+32 4.269920000000000350e+37 1.622000000000000108e+00 8.589390000000000091e+29
7.178860000000000000e+13 3.032080000000000141e+32 4.241960000000000158e+37 1.625000000000000000e+00 8.560279999999999410e+29
7.131320000000000000e+13 3.011049999999999999e+32 4.213999999999999966e+37 1.627000000000000002e+00 8.530950000000000449e+29
7.083790000000000000e+13 2.989990000000000176e+32 4.186039999999999774e+37 1.629999999999999893e+00 8.501409999999999548e+29
7.036260000000000000e+13 2.968890000000000179e+32 4.158080000000000054e+37 1.633000000000000007e+00 8.471639999999999805e+29
6.988720000000000000e+13 2.947760000000000141e+32 4.130119999999999863e+37 1.635999999999999899e+00 8.441659999999999528e+29
6.941190000000000000e+13 2.926589999999999928e+32 4.102160000000000143e+37 1.637999999999999901e+00 8.411450000000000410e+29
6.893660000000000000e+13 2.905390000000000035e+32 4.074199999999999951e+37 1.641000000000000014e+00 8.381009999999999636e+29
6.846140000000000000e+13 2.884149999999999968e+32 4.046240000000000231e+37 1.643999999999999906e+00 8.350340000000000020e+29
6.798610000000000000e+13 2.862879999999999859e+32 4.018280000000000040e+37 1.647000000000000020e+00 8.319420000000000439e+29
6.751090000000000000e+13 2.841569999999999936e+32 3.990319999999999848e+37 1.649000000000000021e+00 8.288270000000000609e+29
6.703570000000000000e+13 2.820229999999999973e+32 3.962360000000000128e+37 1.651999999999999913e+00 8.256869999999999406e+29
6.656050000000000000e+13 2.798849999999999835e+32 3.934399999999999936e+37 1.655000000000000027e+00 8.225219999999999647e+29
6.608530000000000000e+13 2.777440000000000017e+32 3.906440000000000217e+37 1.657999999999999918e+00 8.193319999999999923e+29
6.561010000000000000e+13 2.756000000000000157e+32 3.878480000000000025e+37 1.659999999999999920e+00 8.161159999999999672e+29
6.513490000000000000e+13 2.734520000000000123e+32 3.850519999999999833e+37 1.663000000000000034e+00 8.128740000000000303e+29
6.465980000000000000e+13 2.713010000000000049e+32 3.822560000000000113e+37 1.665999999999999925e+00 8.096060000000000407e+29
6.418470000000000000e+13 2.691469999999999933e+32 3.794599999999999921e+37 1.667999999999999927e+00 8.063109999999999423e+29
6.370960000000000000e+13 2.669900000000000138e+32 3.766640000000000202e+37 1.671000000000000041e+00 8.029890000000000167e+29
6.323450000000000000e+13 2.648290000000000167e+32 3.738680000000000010e+37 1.673999999999999932e+00 7.996399999999999822e+29
6.275940000000000000e+13 2.626650000000000156e+32 3.710719999999999818e+37 1.677000000000000046e+00 7.962620000000000082e+29
6.228440000000000000e+13 2.604980000000000104e+32 3.682760000000000098e+37 1.679000000000000048e+00 7.928570000000000660e+29
6.180930000000000000e+13 2.583280000000000011e+32 3.654799999999999906e+37 1.681999999999999940e+00 7.894230000000000436e+29
6.133430000000000000e+13 2.561549999999999877e+32 3.626840000000000187e+37 1.685000000000000053e+00 7.859599999999999408e+29
6.085930000000000000e+13 2.539790000000000063e+32 3.598879999999999995e+37 1.687000000000000055e+00 7.824669999999999829e+29
6.038430000000000000e+13 2.517999999999999848e+32 3.570919999999999803e+37 1.689999999999999947e+00 7.789449999999999447e+29
5.990940000000000000e+13 2.496179999999999952e+32 3.542960000000000083e+37 1.693000000000000060e+00 7.753930000000000515e+29
5.943450000000000000e+13 2.474330000000000016e+32 3.514999999999999892e+37 1.695000000000000062e+00 7.718110000000000217e+29
5.895950000000000000e+13 2.452450000000000038e+32 3.487040000000000172e+37 1.697999999999999954e+00 7.681979999999999401e+29
5.848460000000000000e+13 2.430550000000000154e+32 3.459079999999999980e+37 1.701000000000000068e+00 7.645539999999999472e+29
5.800970000000000000e+13 2.408619999999999868e+32 3.431119999999999788e+37 1.703000000000000069e+00 7.608790000000000432e+29
5.753490000000000000e+13 2.386659999999999902e+32 3.403160000000000069e+37 1.705999999999999961e+00 7.571709999999999749e+29
5.706000000000000000e+13 2.364669999999999895e+32 3.375199999999999877e+37 1.709000000000000075e+00 7.534319999999999954e+29
5.658520000000000000e+13 2.342659999999999981e+32 3.347240000000000157e+37 1.711000000000000076e+00 7.496610000000000486e+29
5.611040000000000000e+13 2.320620000000000026e+32 3.319279999999999965e+37 1.713999999999999968e+00 7.458560000000000222e+29
5.563560000000000000e+13 2.298560000000000164e+32 3.291319999999999773e+37 1.717000000000000082e+00 7.420190000000000284e+29
5.516090000000000000e+13 2.276469999999999901e+32 3.263360000000000054e+37 1.719000000000000083e+00 7.381479999999999550e+29
5.468610000000000000e+13 2.256309999999999862e+32 3.235399999999999862e+37 1.719000000000000083e+00 8.853110000000000624e+29
5.421140000000000000e+13 2.234230000000000092e+32 3.207440000000000142e+37 1.721999999999999975e+00 8.778779999999999564e+29
5.373670000000000000e+13 2.212130000000000056e+32 3.179479999999999950e+37 1.723999999999999977e+00 8.704230000000000224e+29
5.326200000000000000e+13 2.189999999999999979e+32 3.151520000000000231e+37 1.727000000000000091e+00 8.629459999999999789e+29
5.278740000000000000e+13 2.167849999999999994e+32 3.123560000000000039e+37 1.729000000000000092e+00 8.554460000000000512e+29
5.231270000000000000e+13 2.145680000000000103e+32 3.095599999999999847e+37 1.731999999999999984e+00 8.479250000000000702e+29
5.183810000000000000e+13 2.123489999999999944e+32 3.067640000000000127e+37 1.735000000000000098e+00 8.403810000000000643e+29
5.136350000000000000e+13 2.101279999999999878e+32 3.039679999999999935e+37 1.737000000000000099e+00 8.328149999999999489e+29
5.088900000000000000e+13 2.079049999999999905e+32 3.011720000000000216e+37 1.739999999999999991e+00 8.252280000000000617e+29
5.041440000000000000e+13 2.056800000000000025e+32 2.983760000000000024e+37 1.741999999999999993e+00 8.176180000000000088e+29
4.993990000000000000e+13 2.034529999999999877e+32 2.955799999999999832e+37 1.745000000000000107e+00 8.099859999999999871e+29
4.946540000000000000e+13 2.012249999999999956e+32 2.927840000000000112e+37 1.747000000000000108e+00 8.023330000000000529e+29
4.899090000000000000e+13 1.989939999999999995e+32 2.899879999999999921e+37 1.750000000000000000e+00 7.946580000000000091e+29
4.851640000000000000e+13 1.967630000000000033e+32 2.871920000000000201e+37 1.752000000000000002e+00 7.869620000000000528e+29
4.804200000000000000e+13 1.945300000000000164e+32 2.843960000000000009e+37 1.754999999999999893e+00 7.792439999999999870e+29
4.756760000000000000e+13 1.922950000000000028e+32 2.815999999999999817e+37 1.756999999999999895e+00 7.715039999999999524e+29
4.709320000000000000e+13 1.900590000000000118e+32 2.788040000000000098e+37 1.760000000000000009e+00 7.637440000000000614e+29
4.661890000000000000e+13 1.878220000000000074e+32 2.760079999999999906e+37 1.762000000000000011e+00 7.559620000000000609e+29
4.614450000000000000e+13 1.855830000000000124e+32 2.732120000000000186e+37 1.764999999999999902e+00 7.481600000000000632e+29
4.567020000000000000e+13 1.833440000000000173e+32 2.704159999999999994e+37 1.766999999999999904e+00 7.403370000000000122e+29
4.519590000000000000e+13 1.811029999999999956e+32 2.676199999999999802e+37 1.770000000000000018e+00 7.324939999999999640e+29
4.472170000000000000e+13 1.788620000000000098e+32 2.648240000000000083e+37 1.772000000000000020e+00 7.246300000000000033e+29
4.424740000000000000e+13 1.766200000000000107e+32 2.620279999999999891e+37 1.774999999999999911e+00 7.167469999999999607e+29
4.377320000000000000e+13 1.743769999999999982e+32 2.592320000000000171e+37 1.776999999999999913e+00 7.088430000000000056e+29
4.329910000000000000e+13 1.721330000000000083e+32 2.564359999999999979e+37 1.780000000000000027e+00 7.009210000000000248e+29
4.282490000000000000e+13 1.698889999999999824e+32 2.536399999999999787e+37 1.782000000000000028e+00 6.929790000000000469e+29
4.235080000000000000e+13 1.676449999999999926e+32 2.508440000000000068e+37 1.784000000000000030e+00 6.850179999999999872e+29
4.187670000000000000e+13 1.654010000000000028e+32 2.480479999999999876e+37 1.786999999999999922e+00 6.770379999999999864e+29
4.140260000000000000e+13 1.631559999999999995e+32 2.452520000000000156e+37 1.788999999999999924e+00 6.690410000000000162e+29
4.092860000000000000e+13 1.609109999999999963e+32 2.424559999999999964e+37 1.792000000000000037e+00 6.610249999999999643e+29
4.045460000000000000e+13 1.586659999999999931e+32 2.396599999999999773e+37 1.794000000000000039e+00 6.529919999999999429e+29
3.998060000000000000e+13 1.564220000000000033e+32 2.368640000000000053e+37 1.796000000000000041e+00 6.449419999999999520e+29
3.950660000000000000e+13 1.541770000000000001e+32 2.340679999999999861e+37 1.798999999999999932e+00 6.368749999999999917e+29
3.903270000000000000e+13 1.519340000000000056e+32 2.312720000000000141e+37 1.800999999999999934e+00 6.287919999999999774e+29
3.855880000000000000e+13 1.496909999999999931e+32 2.284759999999999950e+37 1.804000000000000048e+00 6.206929999999999794e+29
3.808490000000000000e+13 1.474479999999999986e+32 2.256800000000000230e+37 1.806000000000000050e+00 6.125789999999999834e+29
3.761110000000000000e+13 1.452069999999999948e+32 2.228840000000000038e+37 1.808000000000000052e+00 6.044499999999999897e+29
3.713730000000000000e+13 1.429659999999999910e+32 2.200879999999999846e+37 1.810999999999999943e+00 5.963059999999999980e+29
3.666350000000000000e+13 1.407269999999999960e+32 2.172920000000000127e+37 1.812999999999999945e+00 5.881489999999999800e+29
3.618980000000000000e+13 1.384889999999999963e+32 2.144959999999999935e+37 1.814999999999999947e+00 5.799780000000000203e+29
3.571610000000000000e+13 1.362519999999999919e+32 2.116999999999999979e+37 1.818000000000000060e+00 5.717940000000000342e+29
3.524240000000000000e+13 1.340179999999999917e+32 2.089040000000000023e+37 1.820000000000000062e+00 5.635980000000000077e+29
3.476880000000000000e+13 1.317839999999999914e+32 2.061080000000000067e+37 1.822000000000000064e+00 5.553909999999999967e+29
3.429520000000000000e+13 1.295529999999999952e+32 2.033120000000000112e+37 1.824000000000000066e+00 5.471730000000000014e+29
3.382160000000000000e+13 1.273250000000000031e+32 2.005159999999999920e+37 1.826999999999999957e+00 5.389440000000000217e+29
3.334800000000000000e+13 1.250980000000000064e+32 1.977199999999999964e+37 1.828999999999999959e+00 5.307060000000000292e+29
3.287450000000000000e+13 1.228739999999999957e+32 1.949240000000000008e+37 1.830999999999999961e+00 5.224600000000000097e+29
3.240110000000000000e+13 1.206530000000000071e+32 1.921280000000000053e+37 1.834000000000000075e+00 5.142049999999999774e+29
3.192760000000000000e+13 1.184350000000000046e+32 1.893320000000000097e+37 1.836000000000000076e+00 5.059429999999999742e+29
3.145420000000000000e+13 1.162200000000000062e+32 1.865359999999999905e+37 1.838000000000000078e+00 4.976740000000000001e+29
3.098090000000000000e+13 1.140079999999999938e+32 1.837399999999999949e+37 1.840000000000000080e+00 4.894000000000000268e+29
3.050750000000000000e+13 1.117999999999999989e+32 1.809439999999999993e+37 1.842000000000000082e+00 4.811209999999999838e+29
3.003420000000000000e+13 1.095950000000000081e+32 1.781480000000000038e+37 1.844999999999999973e+00 4.728379999999999976e+29
2.956100000000000000e+13 1.073949999999999940e+32 1.753520000000000082e+37 1.846999999999999975e+00 4.645519999999999837e+29
2.908780000000000000e+13 1.051989999999999974e+32 1.725559999999999890e+37 1.848999999999999977e+00 4.562639999999999983e+29
2.861460000000000000e+13 1.030079999999999956e+32 1.697599999999999934e+37 1.850999999999999979e+00 4.479750000000000271e+29
2.814150000000000000e+13 1.008209999999999932e+32 1.669639999999999979e+37 1.852999999999999980e+00 4.396859999999999855e+29
2.766840000000000000e+13 9.863970000000000576e+31 1.641680000000000023e+37 1.854999999999999982e+00 4.313980000000000000e+29
2.719530000000000000e+13 9.646360000000000860e+31 1.613720000000000067e+37 1.856999999999999984e+00 4.231119999999999861e+29
2.672230000000000000e+13 9.429299999999999490e+31 1.585760000000000111e+37 1.860000000000000098e+00 4.148299999999999858e+29
2.624930000000000000e+13 9.212850000000000510e+31 1.557799999999999919e+37 1.862000000000000099e+00 4.065519999999999989e+29
2.577640000000000000e+13 8.997020000000000092e+31 1.529839999999999964e+37 1.864000000000000101e+00 3.982790000000000114e+29
2.530350000000000000e+13 8.781839999999999358e+31 1.501880000000000008e+37 1.866000000000000103e+00 3.900139999999999804e+29
2.483070000000000000e+13 8.567360000000000776e+31 1.473920000000000052e+37 1.868000000000000105e+00 3.817559999999999908e+29
2.435790000000000000e+13 8.353590000000000518e+31 1.445960000000000096e+37 1.870000000000000107e+00 3.735089999999999855e+29
2.388510000000000000e+13 8.140590000000000827e+31 1.417999999999999905e+37 1.872000000000000108e+00 3.652719999999999788e+29
2.341240000000000000e+13 7.928380000000000350e+31 1.390039999999999949e+37 1.874000000000000110e+00 3.570479999999999984e+29
2.293980000000000000e+13 7.717009999999999753e+31 1.362079999999999993e+37 1.875999999999999890e+00 3.488369999999999739e+29
2.246720000000000000e+13 7.506510000000000160e+31 1.334120000000000037e+37 1.877999999999999892e+00 3.406420000000000035e+29
2.199460000000000000e+13 7.296919999999999763e+31 1.306160000000000082e+37 1.879999999999999893e+00 3.324640000000000025e+29
2.152210000000000000e+13 7.088290000000000132e+31 1.278199999999999890e+37 1.881999999999999895e+00 3.243040000000000272e+29
2.104960000000000000e+13 6.880670000000000132e+31 1.250239999999999934e+37 1.883999999999999897e+00 3.161640000000000138e+29
2.057720000000000000e+13 6.674080000000000213e+31 1.222279999999999978e+37 1.885999999999999899e+00 3.080469999999999902e+29
2.010490000000000000e+13 6.468600000000000363e+31 1.194320000000000022e+37 1.887000000000000011e+00 2.999529999999999915e+29
1.963260000000000000e+13 6.264259999999999901e+31 1.166360000000000067e+37 1.889000000000000012e+00 2.918850000000000102e+29
1.916030000000000000e+13 6.061110000000000397e+31 1.138400000000000111e+37 1.891000000000000014e+00 2.838439999999999970e+29
1.868810000000000000e+13 5.859220000000000266e+31 1.110439999999999919e+37 1.893000000000000016e+00 2.758330000000000147e+29
1.821600000000000000e+13 5.658630000000000401e+31 1.082479999999999963e+37 1.895000000000000018e+00 2.678539999999999997e+29
1.774390000000000000e+13 5.459410000000000119e+31 1.054520000000000008e+37 1.895999999999999908e+00 2.599080000000000083e+29
1.727190000000000000e+13 5.261619999999999859e+31 1.026560000000000052e+37 1.897999999999999909e+00 2.519979999999999977e+29
1.679990000000000000e+13 5.065320000000000065e+31 9.985999999999999780e+36 1.899999999999999911e+00 2.441260000000000099e+29
1.632800000000000000e+13 4.870580000000000052e+31 9.706400000000000223e+36 1.901999999999999913e+00 2.362940000000000164e+29
1.585610000000000000e+13 4.677479999999999807e+31 9.426799999999999485e+36 1.903000000000000025e+00 2.285050000000000099e+29
1.538440000000000000e+13 4.486069999999999999e+31 9.147199999999999927e+36 1.905000000000000027e+00 2.207609999999999970e+29
1.491260000000000000e+13 4.296450000000000164e+31 8.867600000000000370e+36 1.905999999999999917e+00 2.130650000000000055e+29
1.444100000000000000e+13 4.108700000000000290e+31 8.587999999999999632e+36 1.907999999999999918e+00 2.054199999999999927e+29
1.396940000000000000e+13 3.922899999999999917e+31 8.308400000000000074e+36 1.909000000000000030e+00 1.978270000000000148e+29
1.349790000000000000e+13 3.739140000000000156e+31 8.028800000000000517e+36 1.911000000000000032e+00 1.902910000000000007e+29
1.302640000000000000e+13 3.557509999999999870e+31 7.749199999999999779e+36 1.911999999999999922e+00 1.828139999999999924e+29
1.255510000000000000e+13 3.378129999999999942e+31 7.469600000000000221e+36 1.913999999999999924e+00 1.753979999999999966e+29
1.208380000000000000e+13 3.201090000000000135e+31 7.189999999999999483e+36 1.915000000000000036e+00 1.680469999999999916e+29
1.161250000000000000e+13 3.026500000000000208e+31 6.910399999999999926e+36 1.915999999999999925e+00 1.607649999999999910e+29
1.114140000000000000e+13 2.854489999999999916e+31 6.630800000000000368e+36 1.917000000000000037e+00 1.535529999999999981e+29
1.067030000000000000e+13 2.685189999999999918e+31 6.351199999999999630e+36 1.917999999999999927e+00 1.464169999999999980e+29
1.019930000000000000e+13 2.518729999999999970e+31 6.071600000000000072e+36 1.919000000000000039e+00 1.393589999999999975e+29
9.728420000000000000e+12 2.355239999999999829e+31 5.792000000000000515e+36 1.919999999999999929e+00 1.323829999999999924e+29
9.257600000000000000e+12 2.194899999999999918e+31 5.512399999999999777e+36 1.919999999999999929e+00 1.254929999999999963e+29
8.786870000000000000e+12 2.037859999999999993e+31 5.232800000000000219e+36 1.921000000000000041e+00 1.186920000000000017e+29
8.316230000000000000e+12 1.884290000000000029e+31 4.953200000000000071e+36 1.921000000000000041e+00 1.119840000000000046e+29
7.845690000000000000e+12 1.734389999999999998e+31 4.673599999999999924e+36 1.921000000000000041e+00 1.053740000000000042e+29
7.375240000000000000e+12 1.588370000000000095e+31 4.393999999999999776e+36 1.919999999999999929e+00 9.886530000000000647e+28
6.904900000000000000e+12 1.446450000000000065e+31 4.114400000000000218e+36 1.919000000000000039e+00 9.246210000000000437e+28
6.434650000000000000e+12 1.308860000000000100e+31 3.834800000000000071e+36 1.917000000000000037e+00 8.616870000000000720e+28
5.964520000000000000e+12 1.175869999999999936e+31 3.555199999999999923e+36 1.915000000000000036e+00 7.998909999999999328e+28
5.494500000000000000e+12 1.047769999999999983e+31 3.275599999999999775e+36 1.911999999999999922e+00 7.392759999999999824e+28
5.024600000000000000e+12 9.248879999999999709e+30 2.996000000000000217e+36 1.907999999999999918e+00 6.798800000000000326e+28
4.554820000000000000e+12 8.075649999999999626e+30 2.716400000000000070e+36 1.901000000000000023e+00 6.217390000000000113e+28
4.085170000000000000e+12 6.961990000000000151e+30 2.436799999999999922e+36 1.893000000000000016e+00 5.648830000000000200e+28
3.615660000000000000e+12 5.912359999999999529e+30 2.157200000000000069e+36 1.881000000000000005e+00 5.093330000000000240e+28
3.146290000000000000e+12 4.931799999999999864e+30 1.877599999999999921e+36 1.864000000000000101e+00 4.550890000000000232e+28
2.677070000000000000e+12 4.026089999999999779e+30 1.598000000000000069e+36 1.840000000000000080e+00 4.021229999999999760e+28
2.208020000000000000e+12 3.201950000000000014e+30 1.318400000000000068e+36 1.804000000000000048e+00 3.503420000000000168e+28
1.739160000000000000e+12 2.467140000000000039e+30 1.038800000000000068e+36 1.749000000000000110e+00 2.995200000000000156e+28
4.299000000000000000e+11 7.805000000000000069e+29 2.572000000000000181e+35 1.330000000000000071e+00 1.506450000000000062e+28
4.188000000000000000e+11 7.537999999999999717e+29 2.505999999999999897e+35 1.330000000000000071e+00 1.455129999999999927e+28
3.325000000000000000e+11 5.815999999999999745e+29 1.990000000000000163e+35 1.330000000000000071e+00 1.165809999999999924e+28
2.640000000000000000e+11 4.472999999999999815e+29 1.581000000000000083e+35 1.330000000000000071e+00 9.297799999999999813e+27
2.096000000000000000e+11 3.289999999999999843e+29 1.256000000000000028e+35 1.330000000000000071e+00 6.841069999999999801e+27
1.844000000000000000e+11 2.892000000000000018e+29 1.105000000000000000e+35 1.330000000000000071e+00 6.221810000000000396e+27
1.664000000000000000e+11 2.597000000000000095e+29 9.975999999999999784e+34 1.330000000000000071e+00 3.996079999999999920e+27
1.322000000000000000e+11 2.033000000000000102e+29 7.923999999999999875e+34 1.330000000000000071e+00 3.293160000000000158e+27
1.049000000000000000e+11 1.494999999999999961e+29 6.294000000000000085e+34 1.330000000000000071e+00 2.422460000000000012e+27
8.332000000000000000e+10 1.100000000000000064e+29 4.999999999999999843e+34 1.330000000000000071e+00 1.782300000000000002e+27
6.617000000000000000e+10 8.088999999999999432e+28 3.971999999999999897e+34 1.330000000000000071e+00 1.311289999999999924e+27
5.254000000000000000e+10 5.949000000000000344e+28 3.155000000000000010e+34 1.330000000000000071e+00 9.646129999999999985e+26
4.172000000000000000e+10 4.628000000000000126e+28 2.505999999999999897e+34 1.330000000000000071e+00 7.875200000000000595e+26
3.313000000000000000e+10 3.403999999999999866e+28 1.989999999999999932e+34 1.330000000000000071e+00 5.791050000000000196e+26
2.631000000000000000e+10 2.502999999999999803e+28 1.580999999999999991e+34 1.330000000000000071e+00 4.261170000000000143e+26
2.090000000000000000e+10 1.938000000000000082e+28 1.255999999999999936e+34 1.330000000000000071e+00 3.451690000000000088e+26
1.659000000000000000e+10 1.425000000000000067e+28 9.976000000000000246e+33 1.330000000000000071e+00 2.538950000000000110e+26
1.318000000000000000e+10 1.048000000000000007e+28 7.924000000000000337e+33 1.330000000000000071e+00 1.867689999999999969e+26
1.046000000000000000e+10 7.701999999999999683e+27 6.294000000000000085e+33 1.330000000000000071e+00 1.373879999999999975e+26
8.312000000000000000e+09 5.662000000000000348e+27 4.999999999999999728e+33 1.330000000000000071e+00 1.010819999999999921e+26
6.601000000000000000e+09 4.362000000000000029e+27 3.972000000000000127e+33 1.330000000000000071e+00 8.130089999999999436e+25
4.164000000000000000e+09 2.356000000000000079e+27 2.505999999999999955e+33 1.330000000000000071e+00 4.399369999999999874e+25
2.626000000000000000e+09 1.272000000000000034e+27 1.580999999999999991e+33 1.330000000000000071e+00 2.380450000000000180e+25
1.657000000000000000e+09 6.859999999999999767e+26 9.975999999999999957e+32 1.330000000000000071e+00 1.288319999999999913e+25
1.316000000000000000e+09 5.036000000000000296e+26 7.924000000000000337e+32 1.330000000000000071e+00 9.477099999999999527e+24
1.045000000000000000e+09 4.128999999999999924e+26 6.293999999999999941e+32 1.330000000000000071e+00 6.794269999999999770e+24
8.301000000000000000e+08 3.039000000000000162e+26 4.999999999999999728e+32 1.330000000000000071e+00 4.998809999999999830e+24
5.237000000000000000e+08 1.628999999999999891e+26 3.154999999999999923e+32 1.330000000000000071e+00 2.705450000000000161e+24
3.304000000000000000e+08 8.737999999999999925e+25 1.990000000000000076e+32 1.330000000000000071e+00 1.463449999999999964e+24
2.624000000000000000e+08 6.675999999999999817e+25 1.580999999999999919e+32 1.330000000000000071e+00 1.123400000000000065e+24
1.315000000000000000e+08 2.603999999999999941e+25 7.923999999999999616e+31 1.330000000000000071e+00 4.472499999999999827e+23
6.589000000000000000e+07 1.006000000000000014e+25 3.972000000000000199e+31 1.330000000000000071e+00 1.780890000000000165e+23
3.302000000000000000e+07 3.832999999999999839e+24 1.989999999999999986e+31 1.330000000000000071e+00 7.086450000000000092e+22
1.655000000000000000e+07 1.435000000000000086e+24 9.975999999999999642e+30 1.330000000000000071e+00 2.822060000000000131e+22
8.293000000000000000e+06 5.250000000000000315e+23 4.999999999999999818e+30 1.330000000000000071e+00 1.123529999999999934e+22
6.588000000000000000e+06 3.910999999999999759e+23 3.972000000000000087e+30 1.330000000000000071e+00 8.163429999999999541e+21
2.622000000000000000e+06 9.754999999999999214e+22 1.581000000000000009e+30 1.330000000000000071e+00 2.390210000000000197e+21
1.044000000000000000e+06 2.318000000000000105e+22 6.293999999999999902e+29 1.330000000000000071e+00 6.999960000000000000e+20
4.156000000000000000e+05 5.265999999999999476e+21 2.505999999999999907e+29 1.330000000000000071e+00 2.050380000000000000e+20
1.654000000000000000e+05 1.151000000000000000e+21 9.976000000000000768e+28 1.330000000000000071e+00 6.004390000000000000e+19
6.587000000000000000e+04 2.431000000000000000e+20 3.972000000000000263e+28 1.330000000000000071e+00 1.758760000000000000e+19
2.622000000000000000e+04 4.968000000000000000e+19 1.581000000000000061e+28 1.330000000000000071e+00 5.149550000000000000e+18
1.044000000000000000e+04 9.744000000000000000e+18 6.294999999999999717e+27 1.330000000000000071e+00 1.508420000000000000e+18
