8.078741049800000000e+15 6.144723813999999755e+36 1.998220000000000048e+39 1.000000000000000000e+00 0.000000000000000000e+00
8.038361944300000000e+15 6.108382619000000042e+36 1.993219999999999913e+39 1.000000000000000000e+00 0.000000000000000000e+00
7.998084003000000000e+15 6.072132471800000306e+36 1.988220000000000080e+39 1.000000000000000000e+00 0.000000000000000000e+00
7.957907226000000000e+15 6.035973372500000197e+36 1.983219999999999945e+39 1.000000000000000000e+00 0.000000000000000000e+00
7.917831613200000000e+15 5.999905321000000066e+36 1.978220000000000112e+39 1.000000000000000000e+00 0.000000000000000000e+00
7.877857164700000000e+15 5.963928317299999910e+36 1.973219999999999978e+39 1.000000000000000000e+00 0.000000000000000000e+00
7.837983880400000000e+15 5.928042361500000563e+36 1.968220000000000145e+39 1.000000000000000000e+00 0.000000000000000000e+00
7.798211760400000000e+15 5.892247453500000012e+36 1.963220000000000010e+39 1.000000000000000000e+00 0.000000000000000000e+00
7.758540804600000000e+15 5.856543593299999437e+36 1.958219999999999875e+39 1.000000000000000000e+00 0.000000000000000000e+00
7.718971013100000000e+15 5.820930780900000019e+36 1.953220000000000042e+39 1.000000000000000000e+00 0.000000000000000000e+00
7.679502385900000000e+15 5.785409016400000230e+36 1.948219999999999907e+39 1.000000000000000000e+00 0.000000000000000000e+00
7.640134922900000000e+15 5.749978299700000417e+36 1.943220000000000075e+39 1.000000000000000000e+00 0.000000000000000000e+00
7.600868624200000000e+15 5.714638630900000232e+36 1.938219999999999940e+39 1.000000000000000000e+00 0.000000000000000000e+00
7.561703489700000000e+15 5.679390009800000371e+36 1.933220000000000107e+39 1.000000000000000000e+00 0.000000000000000000e+00
7.522639519500000000e+15 5.644232436600000139e+36 1.928219999999999972e+39 1.000000000000000000e+00 0.000000000000000000e+00
7.483676713500000000e+15 5.609165911299999535e+36 1.923220000000000139e+39 1.000000000000000000e+00 0.000000000000000000e+00
7.444815071800000000e+15 5.574190433700000435e+36 1.918220000000000004e+39 1.000000000000000000e+00 0.000000000000000000e+00
7.406054594300000000e+15 5.539306003999999784e+36 1.913219999999999869e+39 1.000000000000000000e+00 0.000000000000000000e+00
7.367395281100000000e+15 5.504512622100000289e+36 1.908220000000000037e+39 1.000000000000000000e+00 0.000000000000000000e+00
7.328837132200000000e+15 5.469810288100000423e+36 1.903219999999999902e+39 1.000000000000000000e+00 0.000000000000000000e+00
7.290380147500000000e+15 5.435199001799999701e+36 1.898220000000000069e+39 1.000000000000000000e+00 0.000000000000000000e+00
7.252024327000000000e+15 5.400678763499999439e+36 1.893219999999999934e+39 1.000000000000000000e+00 0.000000000000000000e+00
7.213769670900000000e+15 5.366249572899999502e+36 1.888220000000000101e+39 1.000000000000000000e+00 0.000000000000000000e+00
7.175616178900000000e+15 5.331911430200000373e+36 1.883219999999999966e+39 1.000000000000000000e+00 0.000000000000000000e+00
7.137563851300000000e+15 5.297664335300000040e+36 1.878220000000000134e+39 1.000000000000000000e+00 0.000000000000000000e+00
7.099612687800000000e+15 5.263508288200000274e+36 1.873219999999999999e+39 1.000000000000000000e+00 0.000000000000000000e+00
7.061762688700000000e+15 5.229443288899999894e+36 1.868219999999999864e+39 1.000000000000000000e+00 0.000000000000000000e+00
7.024013853800000000e+15 5.195469337499999732e+36 1.863220000000000031e+39 1.000000000000000000e+00 0.000000000000000000e+00
6.986366183100000000e+15 5.161586433900000137e+36 1.858219999999999896e+39 1.000000000000000000e+00 0.000000000000000000e+00
6.948819676700000000e+15 5.127794578200000171e+36 1.853220000000000063e+39 1.000000000000000000e+00 0.000000000000000000e+00
6.911374334600000000e+15 5.094093770300000180e+36 1.848219999999999928e+39 1.000000000000000000e+00 0.000000000000000000e+00
6.874030156700000000e+15 5.060484010200000166e+36 1.843220000000000096e+39 1.000000000000000000e+00 0.000000000000000000e+00
6.836787143100000000e+15 5.026965297900000129e+36 1.838219999999999961e+39 1.000000000000000000e+00 0.000000000000000000e+00
6.799645293700000000e+15 4.993537633499999719e+36 1.833220000000000128e+39 1.000000000000000000e+00 0.000000000000000000e+00
6.762604608600000000e+15 4.960201016899999876e+36 1.828219999999999993e+39 1.000000000000000000e+00 0.000000000000000000e+00
6.725665087700000000e+15 4.926955448100000010e+36 1.823219999999999858e+39 1.000000000000000000e+00 0.000000000000000000e+00
6.688826731100000000e+15 4.893800927100000119e+36 1.818220000000000025e+39 1.000000000000000000e+00 0.000000000000000000e+00
6.652089538800000000e+15 4.860737453999999858e+36 1.813219999999999890e+39 1.000000000000000000e+00 0.000000000000000000e+00
6.615453510700000000e+15 4.827765028700000162e+36 1.808220000000000058e+39 1.000000000000000000e+00 0.000000000000000000e+00
6.578918646900000000e+15 4.794883651300000095e+36 1.803219999999999923e+39 1.000000000000000000e+00 0.000000000000000000e+00
6.542484947300000000e+15 4.762093321700000004e+36 1.798220000000000090e+39 1.000000000000000000e+00 0.000000000000000000e+00
6.506152411900000000e+15 4.729394039899999890e+36 1.793219999999999955e+39 1.000000000000000000e+00 0.000000000000000000e+00
6.469921040900000000e+15 4.696785805899999752e+36 1.788220000000000122e+39 1.000000000000000000e+00 0.000000000000000000e+00
6.433790834000000000e+15 4.664268619799999832e+36 1.783219999999999987e+39 1.000000000000000000e+00 0.000000000000000000e+00
6.397761791500000000e+15 4.631842481499999889e+36 1.778219999999999852e+39 1.000000000000000000e+00 0.000000000000000000e+00
6.361833913200000000e+15 4.599507390999999922e+36 1.773220000000000020e+39 1.000000000000000000e+00 0.000000000000000000e+00
6.326007199100000000e+15 4.567263348299999931e+36 1.768219999999999885e+39 1.000000000000000000e+00 0.000000000000000000e+00
6.290281649300000000e+15 4.535110353500000159e+36 1.763220000000000052e+39 1.000000000000000000e+00 0.000000000000000000e+00
6.254657263800000000e+15 4.503048406499999773e+36 1.758219999999999917e+39 1.000000000000000000e+00 0.000000000000000000e+00
6.219134042500000000e+15 4.471077507400000196e+36 1.753220000000000084e+39 1.000000000000000000e+00 0.000000000000000000e+00
6.183711985500000000e+15 4.439197655999999763e+36 1.748219999999999950e+39 1.000000000000000000e+00 0.000000000000000000e+00
6.148391092700000000e+15 4.407408852500000138e+36 1.743220000000000117e+39 1.000000000000000000e+00 0.000000000000000000e+00
6.113171364200000000e+15 4.375711096900000142e+36 1.738219999999999982e+39 1.000000000000000000e+00 0.000000000000000000e+00
6.078052799900000000e+15 4.344104388999999879e+36 1.733220000000000149e+39 1.000000000000000000e+00 0.000000000000000000e+00
6.043035399900000000e+15 4.312588728999999836e+36 1.728220000000000014e+39 1.000000000000000000e+00 0.000000000000000000e+00
6.008119164200000000e+15 4.281164116900000011e+36 1.723219999999999879e+39 1.000000000000000000e+00 0.000000000000000000e+00
5.973304092700000000e+15 4.249830552499999920e+36 1.718220000000000047e+39 1.000000000000000000e+00 0.000000000000000000e+00
5.938590185400000000e+15 4.218588036000000047e+36 1.713219999999999912e+39 1.000000000000000000e+00 0.000000000000000000e+00
5.903977442400000000e+15 4.187436567300000151e+36 1.708220000000000079e+39 1.000000000000000000e+00 0.000000000000000000e+00
5.869465863700000000e+15 4.156376146400000231e+36 1.703219999999999944e+39 1.000000000000000000e+00 0.000000000000000000e+00
5.835055449200000000e+15 4.125406773399999940e+36 1.698220000000000111e+39 1.000000000000000000e+00 0.000000000000000000e+00
5.800746199000000000e+15 4.094528448200000215e+36 1.693219999999999976e+39 1.000000000000000000e+00 0.000000000000000000e+00
5.766538113000000000e+15 4.063741170799999876e+36 1.688220000000000144e+39 1.000000000000000000e+00 0.000000000000000000e+00
5.732431191300000000e+15 4.033044941299999755e+36 1.683220000000000009e+39 1.000000000000000000e+00 0.000000000000000000e+00
5.698425433900000000e+15 4.002439759600000202e+36 1.678219999999999874e+39 1.000000000000000000e+00 0.000000000000000000e+00
5.664520840700000000e+15 3.971925625700000034e+36 1.673220000000000041e+39 1.000000000000000000e+00 0.000000000000000000e+00
5.630717411700000000e+15 3.941502539700000085e+36 1.668219999999999906e+39 1.000000000000000000e+00 0.000000000000000000e+00
5.597015147000000000e+15 3.911170501399999870e+36 1.663220000000000073e+39 1.000000000000000000e+00 0.000000000000000000e+00
5.563414046600000000e+15 3.880929510999999873e+36 1.658219999999999938e+39 1.000000000000000000e+00 0.000000000000000000e+00
5.529914110400000000e+15 3.850779568500000095e+36 1.653220000000000106e+39 1.000000000000000000e+00 0.000000000000000000e+00
5.496515338500000000e+15 3.820720673800000293e+36 1.648219999999999971e+39 1.000000000000000000e+00 0.000000000000000000e+00
5.463217730800000000e+15 3.790752826899999878e+36 1.643220000000000138e+39 1.000000000000000000e+00 0.000000000000000000e+00
5.430021287400000000e+15 3.760876027800000029e+36 1.638220000000000003e+39 1.000000000000000000e+00 0.000000000000000000e+00
5.396926008300000000e+15 3.731090276500000156e+36 1.633219999999999868e+39 1.000000000000000000e+00 0.000000000000000000e+00
5.363931893300000000e+15 3.701395573099999911e+36 1.628220000000000035e+39 1.000000000000000000e+00 0.000000000000000000e+00
5.331038942700000000e+15 3.671791917500000234e+36 1.623219999999999900e+39 1.000000000000000000e+00 0.000000000000000000e+00
5.298247156300000000e+15 3.642279309800000184e+36 1.618220000000000068e+39 1.000000000000000000e+00 0.000000000000000000e+00
5.265556534200000000e+15 3.612857749900000111e+36 1.613219999999999933e+39 1.000000000000000000e+00 0.000000000000000000e+00
5.232967076300000000e+15 3.583527237800000014e+36 1.608220000000000100e+39 1.000000000000000000e+00 0.000000000000000000e+00
5.200478782700000000e+15 3.554287773499999893e+36 1.603219999999999965e+39 1.000000000000000000e+00 0.000000000000000000e+00
5.168091653300000000e+15 3.525139357099999991e+36 1.598220000000000132e+39 1.000000000000000000e+00 0.000000000000000000e+00
5.135805688200000000e+15 3.496081988500000065e+36 1.593219999999999997e+39 1.000000000000000000e+00 0.000000000000000000e+00
5.103620887300000000e+15 3.467115667700000116e+36 1.588219999999999862e+39 1.000000000000000000e+00 0.000000000000000000e+00
5.071537250700000000e+15 3.438240394799999795e+36 1.583220000000000030e+39 1.000000000000000000e+00 0.000000000000000000e+00
5.039554778400000000e+15 3.409456169700000040e+36 1.578219999999999895e+39 1.000000000000000000e+00 0.000000000000000000e+00
5.007673470300000000e+15 3.380762992400000262e+36 1.573220000000000062e+39 1.000000000000000000e+00 0.000000000000000000e+00
4.975893326400000000e+15 3.352160862899999870e+36 1.568219999999999927e+39 1.000000000000000000e+00 0.000000000000000000e+00
4.944214346900000000e+15 3.323649781300000286e+36 1.563220000000000094e+39 1.000000000000000000e+00 0.000000000000000000e+00
4.912636531500000000e+15 3.295229747500000089e+36 1.558219999999999959e+39 1.000000000000000000e+00 0.000000000000000000e+00
4.881159880500000000e+15 3.266900761499999868e+36 1.553220000000000127e+39 1.000000000000000000e+00 0.000000000000000000e+00
4.849784393600000000e+15 3.238662823399999866e+36 1.548219999999999992e+39 1.000000000000000000e+00 0.000000000000000000e+00
4.818510071100000000e+15 3.210515933099999839e+36 1.543219999999999857e+39 1.000000000000000000e+00 0.000000000000000000e+00
4.787336912800000000e+15 3.182460090599999789e+36 1.538220000000000024e+39 1.000000000000000000e+00 0.000000000000000000e+00
4.756264918700000000e+15 3.154495295999999958e+36 1.533219999999999889e+39 1.000000000000000000e+00 0.000000000000000000e+00
4.725294088900000000e+15 3.126621549200000103e+36 1.528220000000000056e+39 1.000000000000000000e+00 0.000000000000000000e+00
4.694424423400000000e+15 3.098838850200000225e+36 1.523219999999999922e+39 1.000000000000000000e+00 0.000000000000000000e+00
4.663655922100000000e+15 3.071147198999999732e+36 1.518220000000000089e+39 1.000000000000000000e+00 0.000000000000000000e+00
4.632988585100000000e+15 3.043546595700000048e+36 1.513219999999999954e+39 1.000000000000000000e+00 0.000000000000000000e+00
4.602422412300000000e+15 3.016037040199999750e+36 1.508220000000000121e+39 1.000000000000000000e+00 0.000000000000000000e+00
4.571957403800000000e+15 2.988618532500000019e+36 1.503219999999999986e+39 1.000000000000000000e+00 0.000000000000000000e+00
4.541593559500000000e+15 2.961291072699999916e+36 1.498219999999999851e+39 1.000000000000000000e+00 0.000000000000000000e+00
4.511330879500000000e+15 2.934054660699999790e+36 1.493220000000000019e+39 1.000000000000000000e+00 0.000000000000000000e+00
4.481169363800000000e+15 2.906909296500000230e+36 1.488219999999999884e+39 1.000000000000000000e+00 0.000000000000000000e+00
4.451109012300000000e+15 2.879854980199999708e+36 1.483220000000000051e+39 1.000000000000000000e+00 0.000000000000000000e+00
4.421149825000000000e+15 2.852891711699999753e+36 1.478219999999999916e+39 1.000000000000000000e+00 0.000000000000000000e+00
4.391291802100000000e+15 2.826019490999999774e+36 1.473220000000000083e+39 1.000000000000000000e+00 0.000000000000000000e+00
4.361534943300000000e+15 2.799238318099999771e+36 1.468219999999999948e+39 1.000000000000000000e+00 0.000000000000000000e+00
4.331879248800000000e+15 2.772548193099999987e+36 1.463220000000000116e+39 1.000000000000000000e+00 0.000000000000000000e+00
4.302324718600000000e+15 2.745949115900000179e+36 1.458219999999999981e+39 1.000000000000000000e+00 0.000000000000000000e+00
4.272871352700000000e+15 2.719441086499999757e+36 1.453220000000000148e+39 1.000000000000000000e+00 0.000000000000000000e+00
4.243519151000000000e+15 2.693024105000000144e+36 1.448220000000000013e+39 1.000000000000000000e+00 0.000000000000000000e+00
4.214268113500000000e+15 2.666698171299999917e+36 1.443219999999999878e+39 1.000000000000000000e+00 0.000000000000000000e+00
4.185118240300000000e+15 2.640463285399999962e+36 1.438220000000000045e+39 1.000000000000000000e+00 0.000000000000000000e+00
4.156069531400000000e+15 2.614319447299999982e+36 1.433219999999999910e+39 1.000000000000000000e+00 0.000000000000000000e+00
4.127121986700000000e+15 2.588266657099999927e+36 1.428220000000000078e+39 1.000000000000000000e+00 0.000000000000000000e+00
4.098275606200000000e+15 2.562304914700000142e+36 1.423219999999999943e+39 1.000000000000000000e+00 0.000000000000000000e+00
4.069530390100000000e+15 2.536434220199999986e+36 1.418220000000000110e+39 1.000000000000000000e+00 0.000000000000000000e+00
4.040886338100000000e+15 2.510654573399999859e+36 1.413219999999999975e+39 1.000000000000000000e+00 0.000000000000000000e+00
4.012343450500000000e+15 2.484965974499999951e+36 1.408220000000000142e+39 1.000000000000000000e+00 0.000000000000000000e+00
3.983901727100000000e+15 2.459368423499999966e+36 1.403220000000000007e+39 1.000000000000000000e+00 0.000000000000000000e+00
3.955561167900000000e+15 2.433861920200000011e+36 1.398219999999999872e+39 1.000000000000000000e+00 0.000000000000000000e+00
3.927321773000000000e+15 2.408446464799999978e+36 1.393220000000000040e+39 1.000000000000000000e+00 0.000000000000000000e+00
3.899183542400000000e+15 2.383122057299999870e+36 1.388219999999999905e+39 1.000000000000000000e+00 0.000000000000000000e+00
3.871146476000000000e+15 2.357888697500000085e+36 1.383220000000000072e+39 1.000000000000000000e+00 0.000000000000000000e+00
3.843210573800000000e+15 2.332746385599999929e+36 1.378219999999999937e+39 1.000000000000000000e+00 0.000000000000000000e+00
3.815375836000000000e+15 2.307695121500000044e+36 1.373220000000000104e+39 1.000000000000000000e+00 0.000000000000000000e+00
3.787642262300000000e+15 2.282734905200000136e+36 1.368219999999999969e+39 1.000000000000000000e+00 0.000000000000000000e+00
3.760009853000000000e+15 2.257865736799999856e+36 1.363220000000000137e+39 1.000000000000000000e+00 0.000000000000000000e+00
3.732478607900000000e+15 2.233087616200000142e+36 1.358220000000000002e+39 1.000000000000000000e+00 0.000000000000000000e+00
3.705048527000000000e+15 2.208400543400000110e+36 1.353220000000000018e+39 1.000000000000000000e+00 0.000000000000000000e+00
3.677719610400000000e+15 2.183804518500000001e+36 1.348220000000000034e+39 1.000000000000000000e+00 0.000000000000000000e+00
3.650491858100000000e+15 2.159299541399999869e+36 1.343220000000000050e+39 1.000000000000000000e+00 0.000000000000000000e+00
3.623365270000000000e+15 2.134885612100000007e+36 1.338220000000000066e+39 1.000000000000000000e+00 0.000000000000000000e+00
3.596339846100000000e+15 2.110562730600000123e+36 1.333219999999999931e+39 1.000000000000000000e+00 0.000000000000000000e+00
3.569415586600000000e+15 2.086330896999999866e+36 1.328219999999999948e+39 1.000000000000000000e+00 0.000000000000000000e+00
3.542592491200000000e+15 2.062190111199999881e+36 1.323219999999999964e+39 1.000000000000000000e+00 0.000000000000000000e+00
3.515870560200000000e+15 2.038140373300000114e+36 1.318219999999999980e+39 1.000000000000000000e+00 0.000000000000000000e+00
3.489249793400000000e+15 2.014181683100000082e+36 1.313219999999999996e+39 1.000000000000000000e+00 0.000000000000000000e+00
3.462730190800000000e+15 1.990314040799999973e+36 1.308220000000000012e+39 1.000000000000000000e+00 0.000000000000000000e+00
3.436311752500000000e+15 1.966537446400000082e+36 1.303220000000000028e+39 1.000000000000000000e+00 0.000000000000000000e+00
3.409994478400000000e+15 1.942851899699999926e+36 1.298220000000000045e+39 1.000000000000000000e+00 0.000000000000000000e+00
3.383778368600000000e+15 1.919257400899999988e+36 1.293220000000000061e+39 1.000000000000000000e+00 0.000000000000000000e+00
3.357663423100000000e+15 1.895753949900000027e+36 1.288219999999999926e+39 1.000000000000000000e+00 0.000000000000000000e+00
3.331649641800000000e+15 1.872341546799999988e+36 1.283219999999999942e+39 1.000000000000000000e+00 0.000000000000000000e+00
3.305737024800000000e+15 1.849020191399999979e+36 1.278219999999999958e+39 1.000000000000000000e+00 0.000000000000000000e+00
3.279925572000000000e+15 1.825789883899999894e+36 1.273219999999999974e+39 1.000000000000000000e+00 0.000000000000000000e+00
3.254215283500000000e+15 1.802650624300000027e+36 1.268219999999999991e+39 1.000000000000000000e+00 0.000000000000000000e+00
3.228606159300000000e+15 1.779602412399999894e+36 1.263220000000000007e+39 1.000000000000000000e+00 0.000000000000000000e+00
3.203098199300000000e+15 1.756645248399999980e+36 1.258220000000000023e+39 1.000000000000000000e+00 0.000000000000000000e+00
3.177691403500000000e+15 1.733779132299999989e+36 1.253220000000000039e+39 1.000000000000000000e+00 0.000000000000000000e+00
3.152385772000000000e+15 1.711004063900000027e+36 1.248220000000000055e+39 1.000000000000000000e+00 0.000000000000000000e+00
3.127181304800000000e+15 1.688320043399999989e+36 1.243220000000000071e+39 1.000000000000000000e+00 0.000000000000000000e+00
3.102078001800000000e+15 1.665727070699999927e+36 1.238219999999999936e+39 1.000000000000000000e+00 0.000000000000000000e+00
3.077075863100000000e+15 1.643225145900000084e+36 1.233219999999999953e+39 1.000000000000000000e+00 0.000000000000000000e+00
3.052174888600000000e+15 1.620814268799999974e+36 1.228219999999999969e+39 1.000000000000000000e+00 0.000000000000000000e+00
3.027375078400000000e+15 1.598494439600000084e+36 1.223219999999999985e+39 1.000000000000000000e+00 0.000000000000000000e+00
3.002676432400000000e+15 1.576265658300000116e+36 1.218220000000000001e+39 1.000000000000000000e+00 0.000000000000000000e+00
2.978078950700000000e+15 1.554127924699999883e+36 1.213220000000000017e+39 1.000000000000000000e+00 0.000000000000000000e+00
2.953582633300000000e+15 1.532081238999999868e+36 1.208220000000000033e+39 1.000000000000000000e+00 0.000000000000000000e+00
2.929187480100000000e+15 1.510125601200000072e+36 1.203220000000000050e+39 1.000000000000000000e+00 0.000000000000000000e+00
2.904893491100000000e+15 1.488261011100000010e+36 1.198220000000000066e+39 1.000000000000000000e+00 0.000000000000000000e+00
2.880700666400000000e+15 1.466487468899999871e+36 1.193219999999999931e+39 1.000000000000000000e+00 0.000000000000000000e+00
2.856609006000000000e+15 1.444804974500000004e+36 1.188219999999999947e+39 1.000000000000000000e+00 0.000000000000000000e+00
2.832618509800000000e+15 1.423213528000000061e+36 1.183219999999999963e+39 1.000000000000000000e+00 0.000000000000000000e+00
2.808729177900000000e+15 1.401713129200000146e+36 1.178219999999999979e+39 1.000000000000000000e+00 0.000000000000000000e+00
2.784941010200000000e+15 1.380303778299999860e+36 1.173219999999999996e+39 1.000000000000000000e+00 0.000000000000000000e+00
2.761254006800000000e+15 1.358985475300000087e+36 1.168220000000000012e+39 1.000000000000000000e+00 0.000000000000000000e+00
2.737668167700000000e+15 1.337758220000000048e+36 1.163220000000000028e+39 1.000000000000000000e+00 0.000000000000000000e+00
2.714183492800000000e+15 1.316622012599999933e+36 1.158220000000000044e+39 1.000000000000000000e+00 0.000000000000000000e+00
2.690799982100000000e+15 1.295576852999999942e+36 1.153220000000000060e+39 1.000000000000000000e+00 0.000000000000000000e+00
2.667517635800000000e+15 1.274622741300000022e+36 1.148219999999999925e+39 1.000000000000000000e+00 0.000000000000000000e+00
2.644336453600000000e+15 1.253759677399999930e+36 1.143219999999999941e+39 1.000000000000000000e+00 0.000000000000000000e+00
2.621256435700000000e+15 1.232987661299999963e+36 1.138219999999999958e+39 1.000000000000000000e+00 0.000000000000000000e+00
2.598277582100000000e+15 1.212306692999999972e+36 1.133219999999999974e+39 1.000000000000000000e+00 0.000000000000000000e+00
2.575399892800000000e+15 1.191716772600000051e+36 1.128219999999999990e+39 1.000000000000000000e+00 0.000000000000000000e+00
2.552623367700000000e+15 1.171217899999999960e+36 1.123220000000000006e+39 1.000000000000000000e+00 0.000000000000000000e+00
2.529948006800000000e+15 1.150810075199999992e+36 1.118220000000000022e+39 1.000000000000000000e+00 0.000000000000000000e+00
2.507373810200000000e+15 1.130493298299999948e+36 1.113220000000000038e+39 1.000000000000000000e+00 0.000000000000000000e+00
2.484900777900000000e+15 1.110267569200000028e+36 1.108220000000000055e+39 1.000000000000000000e+00 0.000000000000000000e+00
2.462528909800000000e+15 1.090132887899999936e+36 1.103220000000000071e+39 1.000000000000000000e+00 0.000000000000000000e+00
2.440258205900000000e+15 1.070089254500000063e+36 1.098219999999999936e+39 3.040816326499999889e+00 0.000000000000000000e+00
2.423772306400000000e+15 1.055343339300000046e+36 1.093219999999999952e+39 3.040816326499999889e+00 0.000000000000000000e+00
2.407360994400000000e+15 1.040734421700000010e+36 1.088219999999999968e+39 3.040816326499999889e+00 0.000000000000000000e+00
2.391023915000000000e+15 1.026261849599999991e+36 1.083219999999999984e+39 3.040816326499999889e+00 0.000000000000000000e+00
2.374760713100000000e+15 1.011924970999999970e+36 1.078220000000000000e+39 3.040816326499999889e+00 0.000000000000000000e+00
2.358571033900000000e+15 9.977231339700000108e+35 1.073220000000000017e+39 3.040816326499999889e+00 0.000000000000000000e+00
2.342454522500000000e+15 9.836556868800000176e+35 1.068220000000000033e+39 3.040816326499999889e+00 0.000000000000000000e+00
2.326410824200000000e+15 9.697219781099999492e+35 1.063220000000000049e+39 3.040816326499999889e+00 0.000000000000000000e+00
2.310439584300000000e+15 9.559213561700000201e+35 1.058220000000000065e+39 3.040816326499999889e+00 0.000000000000000000e+00
2.294540448200000000e+15 9.422531697299999766e+35 1.053219999999999930e+39 3.040816326499999889e+00 0.000000000000000000e+00
2.278713061300000000e+15 9.287167675500000487e+35 1.048219999999999946e+39 3.040816326499999889e+00 0.000000000000000000e+00
2.262957069100000000e+15 9.153114985399999447e+35 1.043219999999999963e+39 3.040816326499999889e+00 0.000000000000000000e+00
2.247272117200000000e+15 9.020367117300000178e+35 1.038219999999999979e+39 3.040816326499999889e+00 0.000000000000000000e+00
2.231657851300000000e+15 8.888917562699999378e+35 1.033219999999999995e+39 3.040816326499999889e+00 0.000000000000000000e+00
2.216113917000000000e+15 8.758759814499999797e+35 1.028220000000000011e+39 3.040816326499999889e+00 0.000000000000000000e+00
2.200639960200000000e+15 8.629887366800000303e+35 1.023220000000000027e+39 3.040816326499999889e+00 0.000000000000000000e+00
2.185235626800000000e+15 8.502293714999999375e+35 1.018220000000000043e+39 3.040816326499999889e+00 0.000000000000000000e+00
2.169900562600000000e+15 8.375972355900000062e+35 1.013220000000000060e+39 3.040816326499999889e+00 0.000000000000000000e+00
2.154634413700000000e+15 8.250916787399999522e+35 1.008219999999999925e+39 3.040816326499999889e+00 0.000000000000000000e+00
2.139436826100000000e+15 8.127120508799999487e+35 1.003219999999999941e+39 3.040816326499999889e+00 0.000000000000000000e+00
2.124310465100000000e+15 8.004601404799999354e+35 9.982210000000000440e+38 3.040816326499999889e+00 0.000000000000000000e+00
2.109248925200000000e+15 7.883303960800000475e+35 9.932210000000000601e+38 3.040816326499999889e+00 0.000000000000000000e+00
2.094254885400000000e+15 7.763246314000000262e+35 9.882209999999999252e+38 3.040816326499999889e+00 0.000000000000000000e+00
2.079327992000000000e+15 7.644421968999999420e+35 9.832209999999999413e+38 3.040816326499999889e+00 0.000000000000000000e+00
2.064467891500000000e+15 7.526824431800000272e+35 9.782209999999999575e+38 3.040816326499999889e+00 0.000000000000000000e+00
2.049674230300000000e+15 7.410447209700000326e+35 9.732209999999999737e+38 3.040816326499999889e+00 0.000000000000000000e+00
2.034946655100000000e+15 7.295283811299999648e+35 9.682209999999999899e+38 3.040816326499999889e+00 0.000000000000000000e+00
2.020284812500000000e+15 7.181327746700000465e+35 9.632210000000000060e+38 3.040816326499999889e+00 0.000000000000000000e+00
2.005688349300000000e+15 7.068572527300000185e+35 9.582210000000000222e+38 3.040816326499999889e+00 0.000000000000000000e+00
1.991156912200000000e+15 6.957011665899999312e+35 9.532210000000000384e+38 3.040816326499999889e+00 0.000000000000000000e+00
1.976690148200000000e+15 6.846638676500000375e+35 9.482210000000000545e+38 3.040816326499999889e+00 0.000000000000000000e+00
1.962287704100000000e+15 6.737447074899999344e+35 9.432210000000000707e+38 3.040816326499999889e+00 0.000000000000000000e+00
1.947949227100000000e+15 6.629430377799999977e+35 9.382209999999999358e+38 3.040816326499999889e+00 0.000000000000000000e+00
1.933674364200000000e+15 6.522582103700000213e+35 9.332209999999999519e+38 3.040816326499999889e+00 0.000000000000000000e+00
1.919462762600000000e+15 6.416895772200000214e+35 9.282209999999999681e+38 3.040816326499999889e+00 0.000000000000000000e+00
1.905314069700000000e+15 6.312364904700000223e+35 9.232209999999999843e+38 3.040816326499999889e+00 0.000000000000000000e+00
1.891227932600000000e+15 6.208983023599999956e+35 9.182210000000000004e+38 3.040816326499999889e+00 0.000000000000000000e+00
1.877203998900000000e+15 6.106743652900000351e+35 9.132210000000000166e+38 3.040816326499999889e+00 0.000000000000000000e+00
1.863241916100000000e+15 6.005640318199999876e+35 9.082210000000000328e+38 3.040816326499999889e+00 0.000000000000000000e+00
1.849341331700000000e+15 5.905666546400000300e+35 9.032210000000000489e+38 3.040816326499999889e+00 0.000000000000000000e+00
1.835501893300000000e+15 5.806815865799999845e+35 8.982210000000000651e+38 3.040816326499999889e+00 0.000000000000000000e+00
1.821723248800000000e+15 5.709081806300000171e+35 8.932209999999999302e+38 3.040816326499999889e+00 0.000000000000000000e+00
1.808005045900000000e+15 5.612457898999999794e+35 8.882209999999999463e+38 3.040816326499999889e+00 0.000000000000000000e+00
1.794346932500000000e+15 5.516937676999999863e+35 8.832209999999999625e+38 3.040816326499999889e+00 0.000000000000000000e+00
1.780748556600000000e+15 5.422514674299999726e+35 8.782209999999999787e+38 3.040816326499999889e+00 0.000000000000000000e+00
1.767209566300000000e+15 5.329182426700000286e+35 8.732209999999999948e+38 3.040816326499999889e+00 0.000000000000000000e+00
1.753729609700000000e+15 5.236934471500000180e+35 8.682210000000000110e+38 3.040816326499999889e+00 0.000000000000000000e+00
1.740308335000000000e+15 5.145764347500000206e+35 8.632210000000000272e+38 3.040816326499999889e+00 0.000000000000000000e+00
1.726945390500000000e+15 5.055665594899999828e+35 8.582210000000000433e+38 3.040816326499999889e+00 0.000000000000000000e+00
1.713640424600000000e+15 4.966631755600000274e+35 8.532210000000000595e+38 3.040816326499999889e+00 0.000000000000000000e+00
1.700393085800000000e+15 4.878656372899999963e+35 8.482209999999999246e+38 3.040816326499999889e+00 0.000000000000000000e+00
1.687203022700000000e+15 4.791732991700000012e+35 8.432209999999999407e+38 3.040816326499999889e+00 0.000000000000000000e+00
1.674069883800000000e+15 4.705855158499999809e+35 8.382209999999999569e+38 3.040816326499999889e+00 0.000000000000000000e+00
1.660993317900000000e+15 4.621016421200000361e+35 8.332209999999999731e+38 3.040816326499999889e+00 0.000000000000000000e+00
1.647972973800000000e+15 4.537210329400000009e+35 8.282209999999999892e+38 3.040816326499999889e+00 0.000000000000000000e+00
1.635008500500000000e+15 4.454430434400000329e+35 8.232210000000000054e+38 3.040816326499999889e+00 0.000000000000000000e+00
1.622099546800000000e+15 4.372670288699999751e+35 8.182210000000000216e+38 3.040816326499999889e+00 0.000000000000000000e+00
1.609245761900000000e+15 4.291923446899999879e+35 8.132210000000000377e+38 3.040816326499999889e+00 0.000000000000000000e+00
1.596446794900000000e+15 4.212183464700000113e+35 8.082210000000000539e+38 3.040816326499999889e+00 0.000000000000000000e+00
1.583702295100000000e+15 4.133443899900000070e+35 8.032210000000000701e+38 3.040816326499999889e+00 0.000000000000000000e+00
1.571011911800000000e+15 4.055698311599999715e+35 7.982209999999999351e+38 3.040816326499999889e+00 0.000000000000000000e+00
1.558375294400000000e+15 3.978940260600000035e+35 7.932209999999999513e+38 3.040816326499999889e+00 0.000000000000000000e+00
1.545792092400000000e+15 3.903163309400000083e+35 7.882209999999999675e+38 3.040816326499999889e+00 0.000000000000000000e+00
1.533261955500000000e+15 3.828361022100000136e+35 7.832209999999999836e+38 3.040816326499999889e+00 0.000000000000000000e+00
1.520784533300000000e+15 3.754526964599999815e+35 7.782209999999999998e+38 3.040816326499999889e+00 0.000000000000000000e+00
1.508359475600000000e+15 3.681654704300000163e+35 7.732210000000000160e+38 3.040816326499999889e+00 0.000000000000000000e+00
1.495986432300000000e+15 3.609737810400000091e+35 7.682210000000000321e+38 3.040816326499999889e+00 0.000000000000000000e+00
1.483665053400000000e+15 3.538769853800000269e+35 7.632210000000000483e+38 3.040816326499999889e+00 0.000000000000000000e+00
1.471394988900000000e+15 3.468744406899999837e+35 7.582210000000000645e+38 3.040816326499999889e+00 0.000000000000000000e+00
1.459175889000000000e+15 3.399655044099999831e+35 7.532209999999999295e+38 3.040816326499999889e+00 0.000000000000000000e+00
1.447007403900000000e+15 3.331495341500000094e+35 7.482209999999999457e+38 3.040816326499999889e+00 0.000000000000000000e+00
1.434889183900000000e+15 3.264258876700000045e+35 7.432209999999999619e+38 3.040816326499999889e+00 0.000000000000000000e+00
1.422820879600000000e+15 3.197939229299999894e+35 7.382209999999999780e+38 3.040816326499999889e+00 0.000000000000000000e+00
1.410802141500000000e+15 3.132529980499999962e+35 7.332209999999999942e+38 3.040816326499999889e+00 0.000000000000000000e+00
1.398832620100000000e+15 3.068024713499999886e+35 7.282210000000000104e+38 3.040816326499999889e+00 0.000000000000000000e+00
1.386911966200000000e+15 3.004417012900000184e+35 7.232210000000000265e+38 3.040816326499999889e+00 0.000000000000000000e+00
1.375039830700000000e+15 2.941700465499999921e+35 7.182210000000000427e+38 3.040816326499999889e+00 0.000000000000000000e+00
1.363215864400000000e+15 2.879868659700000118e+35 7.132210000000000589e+38 3.040816326499999889e+00 0.000000000000000000e+00
1.351439718400000000e+15 2.818915185700000035e+35 7.082210000000000750e+38 3.040816326499999889e+00 0.000000000000000000e+00
1.339711043800000000e+15 2.758833635700000089e+35 7.032209999999999401e+38 3.040816326499999889e+00 0.000000000000000000e+00
1.328029491900000000e+15 2.699617603599999875e+35 6.982209999999999563e+38 3.040816326499999889e+00 0.000000000000000000e+00
1.316394713900000000e+15 2.641260685100000174e+35 6.932209999999999724e+38 3.040816326499999889e+00 0.000000000000000000e+00
1.304806361400000000e+15 2.583756478000000145e+35 6.882209999999999886e+38 3.040816326499999889e+00 0.000000000000000000e+00
1.293264085700000000e+15 2.527098581799999967e+35 6.832210000000000048e+38 3.040816326499999889e+00 0.000000000000000000e+00
1.281767538700000000e+15 2.471280597900000068e+35 6.782210000000000209e+38 3.040816326499999889e+00 0.000000000000000000e+00
1.270316371900000000e+15 2.416296129799999990e+35 6.732210000000000371e+38 3.040816326499999889e+00 0.000000000000000000e+00
1.258910237200000000e+15 2.362138782699999929e+35 6.682209999999999777e+38 3.040816326499999889e+00 0.000000000000000000e+00
1.247548786700000000e+15 2.308802163800000128e+35 6.632209999999999939e+38 3.040816326499999889e+00 0.000000000000000000e+00
1.236231672300000000e+15 2.256279882300000145e+35 6.582210000000000101e+38 3.040816326499999889e+00 0.000000000000000000e+00
1.224958546200000000e+15 2.204565549399999957e+35 6.532210000000000262e+38 3.040816326499999889e+00 0.000000000000000000e+00
1.213729060700000000e+15 2.153652778099999994e+35 6.482209999999999668e+38 3.040816326499999889e+00 0.000000000000000000e+00
1.202542868200000000e+15 2.103535183700000134e+35 6.432209999999999830e+38 3.040816326499999889e+00 0.000000000000000000e+00
1.191399621100000000e+15 2.054206383200000168e+35 6.382209999999999992e+38 3.040816326499999889e+00 0.000000000000000000e+00
1.180298972000000000e+15 2.005659995700000109e+35 6.332210000000000153e+38 3.040816326499999889e+00 0.000000000000000000e+00
1.169240573700000000e+15 1.957889642600000157e+35 6.282210000000000315e+38 3.040816326499999889e+00 0.000000000000000000e+00
1.158224079000000000e+15 1.910888947000000055e+35 6.232209999999999721e+38 3.040816326499999889e+00 0.000000000000000000e+00
1.147249140800000000e+15 1.864651534199999935e+35 6.182209999999999883e+38 3.040816326499999889e+00 0.000000000000000000e+00
1.136315412200000000e+15 1.819171031699999950e+35 6.132210000000000045e+38 3.040816326499999889e+00 0.000000000000000000e+00
1.125422546200000000e+15 1.774441068999999931e+35 6.082210000000000206e+38 3.040816326499999889e+00 0.000000000000000000e+00
1.114570196300000000e+15 1.730455277699999931e+35 6.032210000000000368e+38 3.040816326499999889e+00 0.000000000000000000e+00
1.103758015800000000e+15 1.687207291499999853e+35 5.982209999999999774e+38 3.040816326499999889e+00 0.000000000000000000e+00
1.092985658100000000e+15 1.644690746499999956e+35 5.932209999999999936e+38 3.040816326499999889e+00 0.000000000000000000e+00
1.082252777000000000e+15 1.602899280600000027e+35 5.882210000000000097e+38 3.040816326499999889e+00 0.000000000000000000e+00
1.071559026200000000e+15 1.561826534200000009e+35 5.832210000000000259e+38 3.040816326499999889e+00 0.000000000000000000e+00
1.060904059600000000e+15 1.521466149800000067e+35 5.782209999999999665e+38 3.040816326499999889e+00 0.000000000000000000e+00
1.050287531000000000e+15 1.481811772100000012e+35 5.732209999999999827e+38 3.040816326499999889e+00 0.000000000000000000e+00
1.039709094800000000e+15 1.442857048000000046e+35 5.682209999999999989e+38 3.040816326499999889e+00 0.000000000000000000e+00
1.029168405000000000e+15 1.404595626700000003e+35 5.632210000000000150e+38 3.040816326499999889e+00 0.000000000000000000e+00
1.018665116100000000e+15 1.367021159800000074e+35 5.582210000000000312e+38 3.040816326499999889e+00 0.000000000000000000e+00
1.008198882500000000e+15 1.330127300999999931e+35 5.532209999999999718e+38 3.040816326499999889e+00 0.000000000000000000e+00
9.977693588000000000e+14 1.293907706399999973e+35 5.482209999999999880e+38 3.040816326499999889e+00 0.000000000000000000e+00
9.873761998200000000e+14 1.258356034600000013e+35 5.432210000000000041e+38 3.040816326499999889e+00 0.000000000000000000e+00
9.770190603900000000e+14 1.223465946300000087e+35 5.382210000000000203e+38 3.040816326499999889e+00 0.000000000000000000e+00
9.666975955000000000e+14 1.189231104700000016e+35 5.332210000000000365e+38 3.040816326499999889e+00 0.000000000000000000e+00
9.564114602800000000e+14 1.155645175399999976e+35 5.282209999999999771e+38 3.040816326499999889e+00 0.000000000000000000e+00
9.461603100000000000e+14 1.122701826499999933e+35 5.232209999999999933e+38 3.040816326499999889e+00 0.000000000000000000e+00
9.359438000300000000e+14 1.090394728400000037e+35 5.182210000000000094e+38 3.040816326499999889e+00 0.000000000000000000e+00
9.257615859200000000e+14 1.058717554100000026e+35 5.132210000000000256e+38 3.040816326499999889e+00 0.000000000000000000e+00
9.156133233100000000e+14 1.027663978900000010e+35 5.082209999999999662e+38 3.040816326499999889e+00 0.000000000000000000e+00
9.054986680200000000e+14 9.972276808700000826e+34 5.032209999999999824e+38 3.040816326499999889e+00 0.000000000000000000e+00
8.954172759700000000e+14 9.674023404599999955e+34 4.982209999999999985e+38 3.040816326499999889e+00 0.000000000000000000e+00
8.853688032500000000e+14 9.381816407000000490e+34 4.932210000000000147e+38 3.040816326499999889e+00 0.000000000000000000e+00
8.753529060700000000e+14 9.095592672400000899e+34 4.882210000000000309e+38 3.040816326499999889e+00 0.000000000000000000e+00
8.653692408000000000e+14 8.815289083099999603e+34 4.832209999999999715e+38 3.040816326499999889e+00 0.000000000000000000e+00
8.554174639300000000e+14 8.540842548000000753e+34 4.782209999999999877e+38 3.040816326499999889e+00 0.000000000000000000e+00
8.454972321100000000e+14 8.272190002499999672e+34 4.732210000000000038e+38 3.040816326499999889e+00 0.000000000000000000e+00
8.356082021500000000e+14 8.009268409100000101e+34 4.682210000000000200e+38 3.040816326499999889e+00 0.000000000000000000e+00
8.257500309700000000e+14 7.752014757199999838e+34 4.632210000000000362e+38 3.040816326499999889e+00 0.000000000000000000e+00
8.159223756900000000e+14 7.500366063900000211e+34 4.582209999999999768e+38 3.040816326499999889e+00 0.000000000000000000e+00
8.061248935300000000e+14 7.254259373899999813e+34 4.532209999999999929e+38 3.040816326499999889e+00 0.000000000000000000e+00
7.963572419000000000e+14 7.013631759999999965e+34 4.482210000000000091e+38 3.040816326499999889e+00 0.000000000000000000e+00
7.866190783400000000e+14 6.778420323400000417e+34 4.432210000000000253e+38 3.040816326499999889e+00 0.000000000000000000e+00
7.769100605700000000e+14 6.548562193800000078e+34 4.382209999999999659e+38 3.040816326499999889e+00 0.000000000000000000e+00
7.672298464400000000e+14 6.323994529899999698e+34 4.332209999999999821e+38 3.040816326499999889e+00 0.000000000000000000e+00
7.575693795400000000e+14 6.108948669199999845e+34 4.282209999999999982e+38 2.960784313700000059e+00 0.000000000000000000e+00
7.479449368800000000e+14 5.900166243900000347e+34 4.232210000000000144e+38 2.960784313700000059e+00 0.000000000000000000e+00
7.383475857700000000e+14 5.696164680999999685e+34 4.182210000000000306e+38 2.960784313700000059e+00 0.000000000000000000e+00
7.287770186400000000e+14 5.496889700900000297e+34 4.132209999999999712e+38 2.960784313700000059e+00 0.000000000000000000e+00
7.192329277500000000e+14 5.302286998699999977e+34 4.082209999999999874e+38 2.960784313700000059e+00 0.000000000000000000e+00
7.097150052200000000e+14 5.112302243499999733e+34 4.032210000000000035e+38 2.960784313700000059e+00 0.000000000000000000e+00
7.002229430300000000e+14 4.926881078300000298e+34 3.982210000000000197e+38 2.960784313700000059e+00 0.000000000000000000e+00
6.907564330200000000e+14 4.745969120000000285e+34 3.932210000000000359e+38 2.960784313700000059e+00 0.000000000000000000e+00
6.813151668600000000e+14 4.569511958300000236e+34 3.882209999999999765e+38 2.960784313700000059e+00 0.000000000000000000e+00
6.718988360600000000e+14 4.397455156000000177e+34 3.832209999999999926e+38 2.960784313700000059e+00 0.000000000000000000e+00
6.625071320100000000e+14 4.229744248399999897e+34 3.782210000000000088e+38 2.960784313700000059e+00 0.000000000000000000e+00
6.531397458900000000e+14 4.066324742700000150e+34 3.732210000000000250e+38 2.960784313700000059e+00 0.000000000000000000e+00
6.437963687700000000e+14 3.907142117999999891e+34 3.682209999999999656e+38 2.960784313700000059e+00 0.000000000000000000e+00
6.344766915300000000e+14 3.752141824899999838e+34 3.632209999999999818e+38 2.960784313700000059e+00 0.000000000000000000e+00
6.251804048900000000e+14 3.601269284699999932e+34 3.582209999999999979e+38 2.960784313700000059e+00 0.000000000000000000e+00
6.159071994000000000e+14 3.454469889299999993e+34 3.532210000000000141e+38 2.960784313700000059e+00 0.000000000000000000e+00
6.066567654500000000e+14 3.311689000800000063e+34 3.482210000000000303e+38 2.960784313700000059e+00 0.000000000000000000e+00
5.974287932500000000e+14 3.172871950700000165e+34 3.432209999999999709e+38 2.960784313700000059e+00 0.000000000000000000e+00
5.882229728400000000e+14 3.037964040000000100e+34 3.382209999999999870e+38 2.960784313700000059e+00 0.000000000000000000e+00
5.790389940900000000e+14 2.906910538299999868e+34 3.332210000000000032e+38 2.960784313700000059e+00 0.000000000000000000e+00
5.698765466600000000e+14 2.779656683499999809e+34 3.282209999999999816e+38 2.960784313700000059e+00 0.000000000000000000e+00
5.607353200700000000e+14 2.656147681199999960e+34 3.232209999999999978e+38 2.960784313700000059e+00 0.000000000000000000e+00
5.516150036200000000e+14 2.536328704299999934e+34 3.182210000000000139e+38 2.960784313700000059e+00 0.000000000000000000e+00
5.425152864300000000e+14 2.420144892400000121e+34 3.132209999999999923e+38 2.960784313700000059e+00 0.000000000000000000e+00
5.334358574500000000e+14 2.307541351400000186e+34 3.082210000000000085e+38 2.960784313700000059e+00 0.000000000000000000e+00
5.243764054100000000e+14 2.198463152599999949e+34 3.032209999999999869e+38 2.960784313700000059e+00 0.000000000000000000e+00
5.153366188500000000e+14 2.092855332600000045e+34 2.982210000000000030e+38 2.960784313700000059e+00 0.000000000000000000e+00
5.063161861100000000e+14 1.990662892199999982e+34 2.932209999999999814e+38 2.960784313700000059e+00 0.000000000000000000e+00
4.973147953200000000e+14 1.891830796099999890e+34 2.882209999999999976e+38 2.960784313700000059e+00 0.000000000000000000e+00
4.883321344000000000e+14 1.796303972399999911e+34 2.832210000000000138e+38 2.960784313700000059e+00 0.000000000000000000e+00
4.793678910700000000e+14 1.704027311400000068e+34 2.782209999999999922e+38 2.960784313700000059e+00 0.000000000000000000e+00
4.704217528300000000e+14 1.614945665299999942e+34 2.732210000000000083e+38 2.960784313700000059e+00 0.000000000000000000e+00
4.614934069500000000e+14 1.529003847699999906e+34 2.682209999999999867e+38 2.960784313700000059e+00 0.000000000000000000e+00
4.525825404800000000e+14 1.446146632099999979e+34 2.632210000000000029e+38 2.960784313700000059e+00 0.000000000000000000e+00
4.436888402500000000e+14 1.366318752099999886e+34 2.582209999999999813e+38 2.960784313700000059e+00 0.000000000000000000e+00
4.348119928300000000e+14 1.289464899699999931e+34 2.532209999999999975e+38 2.960784313700000059e+00 0.000000000000000000e+00
4.259516846000000000e+14 1.215529725200000041e+34 2.482210000000000136e+38 2.960784313700000059e+00 0.000000000000000000e+00
4.171190000000000000e+14 1.144239999999999914e+34 2.432209999999999920e+38 2.951000000000000068e+00 0.000000000000000000e+00
4.082800000000000000e+14 1.075820000000000111e+34 2.382210000000000082e+38 2.951000000000000068e+00 0.000000000000000000e+00
3.994550000000000000e+14 1.010169999999999987e+34 2.332209999999999866e+38 2.951000000000000068e+00 0.000000000000000000e+00
3.906460000000000000e+14 9.472449999999999792e+33 2.282210000000000027e+38 2.950000000000000178e+00 0.000000000000000000e+00
3.818510000000000000e+14 8.869929999999999682e+33 2.232209999999999811e+38 2.950000000000000178e+00 0.000000000000000000e+00
3.730700000000000000e+14 8.293670000000000176e+33 2.182209999999999973e+38 2.948999999999999844e+00 0.000000000000000000e+00
3.643040000000000000e+14 7.743150000000000085e+33 2.132210000000000135e+38 2.947000000000000064e+00 0.000000000000000000e+00
3.555510000000000000e+14 7.217879999999999775e+33 2.082209999999999919e+38 2.946000000000000174e+00 0.000000000000000000e+00
3.468120000000000000e+14 6.717340000000000365e+33 2.032210000000000080e+38 2.943999999999999950e+00 0.000000000000000000e+00
3.380860000000000000e+14 6.241000000000000533e+33 1.982209999999999864e+38 2.940999999999999837e+00 0.000000000000000000e+00
3.293730000000000000e+14 5.788330000000000110e+33 1.932210000000000026e+38 2.938000000000000167e+00 0.000000000000000000e+00
3.206720000000000000e+14 5.358800000000000082e+33 1.882210000000000187e+38 2.934000000000000163e+00 0.000000000000000000e+00
3.119840000000000000e+14 4.951839999999999745e+33 1.832209999999999971e+38 2.930000000000000160e+00 0.000000000000000000e+00
3.033080000000000000e+14 4.566890000000000259e+33 1.782210000000000133e+38 2.924999999999999822e+00 0.000000000000000000e+00
2.946440000000000000e+14 4.203379999999999767e+33 1.732209999999999917e+38 2.919000000000000039e+00 0.000000000000000000e+00
2.859910000000000000e+14 3.860729999999999739e+33 1.682210000000000079e+38 2.911999999999999922e+00 0.000000000000000000e+00
2.773500000000000000e+14 3.538330000000000089e+33 1.632210000000000051e+38 2.903000000000000025e+00 0.000000000000000000e+00
2.687210000000000000e+14 3.235579999999999713e+33 1.582210000000000024e+38 2.894000000000000128e+00 0.000000000000000000e+00
2.601020000000000000e+14 2.951839999999999854e+33 1.532209999999999997e+38 2.883000000000000007e+00 0.000000000000000000e+00
2.514940000000000000e+14 2.686459999999999892e+33 1.482209999999999970e+38 2.870000000000000107e+00 0.000000000000000000e+00
2.428980000000000000e+14 2.438770000000000094e+33 1.432209999999999943e+38 2.854999999999999982e+00 0.000000000000000000e+00
2.343120000000000000e+14 2.208059999999999900e+33 1.382209999999999915e+38 2.838999999999999968e+00 0.000000000000000000e+00
2.257380000000000000e+14 1.993570000000000104e+33 1.332210000000000077e+38 2.819999999999999840e+00 0.000000000000000000e+00
2.171760000000000000e+14 1.794359999999999955e+33 1.282210000000000050e+38 2.798000000000000043e+00 0.000000000000000000e+00
2.086310000000000000e+14 1.609559999999999927e+33 1.232210000000000023e+38 2.773000000000000131e+00 0.000000000000000000e+00
2.000940000000000000e+14 1.439350000000000120e+33 1.182209999999999995e+38 2.745000000000000107e+00 0.000000000000000000e+00
1.915650000000000000e+14 1.283090000000000049e+33 1.132209999999999968e+38 2.712000000000000188e+00 0.000000000000000000e+00
1.830440000000000000e+14 1.140119999999999969e+33 1.082209999999999941e+38 2.673999999999999932e+00 0.000000000000000000e+00
1.745300000000000000e+14 1.009779999999999990e+33 1.032209999999999914e+38 2.632000000000000117e+00 0.000000000000000000e+00
1.660230000000000000e+14 8.913879999999999295e+32 9.822119999999999473e+37 2.584000000000000075e+00 0.000000000000000000e+00
1.552880000000000000e+14 7.937020000000000032e+32 9.190879999999999173e+37 2.634999999999999787e+00 1.550030000000000048e+29
1.548130000000000000e+14 7.892259999999999678e+32 9.162920000000000870e+37 2.641999999999999904e+00 2.203829999999999870e+29
1.543380000000000000e+14 7.844860000000000056e+32 9.134960000000000678e+37 2.645999999999999908e+00 2.535409999999999842e+29
1.538620000000000000e+14 7.797089999999999811e+32 9.107000000000000487e+37 2.649999999999999911e+00 2.791480000000000047e+29
1.533870000000000000e+14 7.749250000000000071e+32 9.079040000000000295e+37 2.653999999999999915e+00 3.011300000000000085e+29
1.529120000000000000e+14 7.701439999999999291e+32 9.051080000000000103e+37 2.657999999999999918e+00 3.209959999999999729e+29
1.524370000000000000e+14 7.653709999999999581e+32 9.023119999999999911e+37 2.661999999999999922e+00 3.394909999999999688e+29
1.519620000000000000e+14 7.606089999999999900e+32 8.995159999999999719e+37 2.665999999999999925e+00 3.570389999999999856e+29
1.514870000000000000e+14 7.558590000000000383e+32 8.967199999999999527e+37 2.669999999999999929e+00 3.739040000000000001e+29
1.510130000000000000e+14 7.511209999999999587e+32 8.939239999999999335e+37 2.673999999999999932e+00 3.902600000000000021e+29
1.505380000000000000e+14 7.463979999999999356e+32 8.911279999999999143e+37 2.677000000000000046e+00 4.062269999999999744e+29
1.500630000000000000e+14 7.416889999999999556e+32 8.883320000000000841e+37 2.681000000000000050e+00 4.218939999999999890e+29
1.495880000000000000e+14 7.369950000000000320e+32 8.855360000000000649e+37 2.685000000000000053e+00 4.373230000000000090e+29
1.491130000000000000e+14 7.323170000000000340e+32 8.827400000000000457e+37 2.689000000000000057e+00 4.525629999999999713e+29
1.486380000000000000e+14 7.276539999999999484e+32 8.799440000000000265e+37 2.275999999999999801e+00 4.676509999999999831e+29
1.481630000000000000e+14 7.230069999999999326e+32 8.771480000000000073e+37 2.273000000000000131e+00 4.826180000000000260e+29
1.476880000000000000e+14 7.183759999999999866e+32 8.743519999999999881e+37 2.270000000000000018e+00 4.974859999999999985e+29
1.472130000000000000e+14 7.137609999999999663e+32 8.715559999999999689e+37 2.266999999999999904e+00 5.122729999999999965e+29
1.467390000000000000e+14 7.091630000000000291e+32 8.687599999999999497e+37 2.263999999999999790e+00 5.269950000000000036e+29
1.462640000000000000e+14 7.045820000000000310e+32 8.659639999999999306e+37 2.262000000000000011e+00 5.416639999999999900e+29
1.457890000000000000e+14 7.000179999999999720e+32 8.631679999999999114e+37 2.258999999999999897e+00 5.562910000000000106e+29
1.453140000000000000e+14 6.954709999999999961e+32 8.603720000000000811e+37 2.255999999999999783e+00 5.708819999999999799e+29
1.448400000000000000e+14 6.909399999999999459e+32 8.575760000000000619e+37 2.253000000000000114e+00 5.854459999999999811e+29
1.443650000000000000e+14 6.864280000000000056e+32 8.547800000000000427e+37 2.250000000000000000e+00 5.999870000000000278e+29
1.438900000000000000e+14 6.819319999999999911e+32 8.519840000000000235e+37 2.246999999999999886e+00 6.145099999999999786e+29
1.434160000000000000e+14 6.774539999999999289e+32 8.491880000000000043e+37 2.244000000000000217e+00 6.290199999999999734e+29
1.429410000000000000e+14 6.729939999999999633e+32 8.463919999999999851e+37 2.241000000000000103e+00 6.435180000000000684e+29
1.424660000000000000e+14 6.685509999999999367e+32 8.435959999999999660e+37 2.237999999999999989e+00 6.580090000000000518e+29
1.419920000000000000e+14 6.641260000000000067e+32 8.408000000000000412e+37 2.234999999999999876e+00 6.724930000000000643e+29
1.415170000000000000e+14 6.597190000000000291e+32 8.380040000000000220e+37 2.233000000000000096e+00 6.869719999999999368e+29
1.410420000000000000e+14 6.553300000000000039e+32 8.352080000000000028e+37 2.229999999999999982e+00 7.014480000000000631e+29
1.405680000000000000e+14 6.509580000000000619e+32 8.324119999999999837e+37 2.226999999999999869e+00 7.159219999999999363e+29
1.400930000000000000e+14 6.466050000000000137e+32 8.296159999999999645e+37 2.224000000000000199e+00 7.303930000000000632e+29
1.396190000000000000e+14 6.422699999999999899e+32 8.268200000000000397e+37 2.221000000000000085e+00 7.448640000000000495e+29
1.391440000000000000e+14 6.383820000000000337e+32 8.240240000000000205e+37 2.217000000000000082e+00 4.741709999999999786e+29
1.386700000000000000e+14 6.340889999999999950e+32 8.212280000000000014e+37 2.214999999999999858e+00 4.815119999999999849e+29
1.381950000000000000e+14 6.298139999999999808e+32 8.184319999999999822e+37 2.212000000000000188e+00 4.888579999999999906e+29
1.377210000000000000e+14 6.255559999999999777e+32 8.156359999999999630e+37 2.209000000000000075e+00 4.962080000000000098e+29
1.367720000000000000e+14 6.180200000000000314e+32 8.100440000000000191e+37 2.201999999999999957e+00 2.728939999999999928e+29
1.353480000000000000e+14 6.055009999999999726e+32 8.016559999999999615e+37 2.193000000000000060e+00 2.793339999999999995e+29
1.339250000000000000e+14 5.931429999999999767e+32 7.932679999999999984e+37 2.184000000000000163e+00 2.858539999999999950e+29
1.334510000000000000e+14 5.890589999999999941e+32 7.904719999999999792e+37 2.181000000000000050e+00 2.880419999999999961e+29
1.325020000000000000e+14 5.809459999999999716e+32 7.848800000000000353e+37 2.174999999999999822e+00 2.924350000000000030e+29
1.315530000000000000e+14 5.729040000000000337e+32 7.792879999999999969e+37 2.168000000000000149e+00 2.968460000000000003e+29
1.306050000000000000e+14 5.649339999999999775e+32 7.736959999999999585e+37 2.161999999999999922e+00 3.012710000000000097e+29
1.282340000000000000e+14 5.453240000000000133e+32 7.597159999999999570e+37 2.146999999999999797e+00 3.123650000000000077e+29
1.272860000000000000e+14 5.376049999999999983e+32 7.541240000000000131e+37 2.141000000000000014e+00 3.168039999999999940e+29
1.239670000000000000e+14 5.111509999999999723e+32 7.345519999999999732e+37 2.119000000000000217e+00 3.322900000000000130e+29
1.220710000000000000e+14 4.964250000000000220e+32 7.233679999999999909e+37 2.105999999999999872e+00 3.410670000000000139e+29
1.206490000000000000e+14 4.855650000000000220e+32 7.149800000000000278e+37 2.096999999999999975e+00 3.475989999999999796e+29
1.178060000000000000e+14 4.643180000000000049e+32 6.982040000000000072e+37 2.076999999999999957e+00 3.605020000000000180e+29
1.159110000000000000e+14 4.505000000000000167e+32 6.870200000000000249e+37 2.064999999999999947e+00 3.689609999999999653e+29
1.140160000000000000e+14 4.369560000000000169e+32 6.758360000000000426e+37 2.052000000000000046e+00 3.772890000000000154e+29
1.130690000000000000e+14 4.302869999999999889e+32 6.702440000000000042e+37 2.044999999999999929e+00 3.813989999999999989e+29
1.125950000000000000e+14 4.269769999999999782e+32 6.674479999999999850e+37 2.041999999999999815e+00 3.834399999999999785e+29
1.121210000000000000e+14 4.247420000000000006e+32 6.646519999999999658e+37 2.036999999999999922e+00 4.372790000000000012e+29
1.116480000000000000e+14 4.214859999999999914e+32 6.618560000000000411e+37 2.033999999999999808e+00 4.370200000000000236e+29
1.111740000000000000e+14 4.182469999999999932e+32 6.590600000000000219e+37 2.031000000000000139e+00 4.367490000000000055e+29
1.107000000000000000e+14 4.150229999999999794e+32 6.562640000000000027e+37 2.028000000000000025e+00 4.364660000000000173e+29
1.102270000000000000e+14 4.118169999999999901e+32 6.534679999999999835e+37 2.024000000000000021e+00 4.361709999999999885e+29
1.097530000000000000e+14 4.086259999999999851e+32 6.506719999999999643e+37 2.020999999999999908e+00 4.358639999999999896e+29
1.092800000000000000e+14 4.054519999999999913e+32 6.478760000000000396e+37 2.017999999999999794e+00 4.355450000000000205e+29
1.088060000000000000e+14 4.022939999999999953e+32 6.450800000000000204e+37 2.013999999999999790e+00 4.352140000000000108e+29
1.083330000000000000e+14 3.991530000000000103e+32 6.422840000000000012e+37 2.011000000000000121e+00 4.348710000000000311e+29
1.078590000000000000e+14 3.960270000000000097e+32 6.394879999999999820e+37 2.008000000000000007e+00 4.345160000000000107e+29
1.073860000000000000e+14 3.929180000000000202e+32 6.366919999999999628e+37 2.004000000000000004e+00 4.341490000000000203e+29
1.069120000000000000e+14 3.898250000000000285e+32 6.338960000000000381e+37 2.000999999999999890e+00 4.337690000000000035e+29
1.064390000000000000e+14 3.867470000000000211e+32 6.311000000000000189e+37 1.997999999999999998e+00 4.333770000000000165e+29
1.059650000000000000e+14 3.836860000000000249e+32 6.283039999999999997e+37 1.995000000000000107e+00 4.329729999999999891e+29
1.054920000000000000e+14 3.806400000000000130e+32 6.255079999999999805e+37 1.991000000000000103e+00 4.325560000000000056e+29
1.050180000000000000e+14 3.776110000000000123e+32 6.227119999999999613e+37 1.987999999999999989e+00 4.321269999999999817e+29
1.045450000000000000e+14 3.745969999999999959e+32 6.199160000000000366e+37 1.985000000000000098e+00 4.316850000000000018e+29
1.040720000000000000e+14 3.715989999999999772e+32 6.171200000000000174e+37 1.981000000000000094e+00 4.312309999999999813e+29
1.035980000000000000e+14 3.686160000000000150e+32 6.143239999999999982e+37 1.977999999999999980e+00 4.307649999999999908e+29
1.031250000000000000e+14 3.656489999999999785e+32 6.115279999999999790e+37 1.975000000000000089e+00 4.302870000000000300e+29
1.026510000000000000e+14 3.626980000000000118e+32 6.087319999999999599e+37 1.971000000000000085e+00 4.297959999999999726e+29
1.021780000000000000e+14 3.597620000000000295e+32 6.059360000000000351e+37 1.967999999999999972e+00 4.292920000000000296e+29
1.017050000000000000e+14 3.568419999999999728e+32 6.031400000000000159e+37 1.965000000000000080e+00 4.287770000000000318e+29
1.012310000000000000e+14 3.539369999999999726e+32 6.003439999999999967e+37 1.961000000000000076e+00 4.282480000000000220e+29
1.007580000000000000e+14 3.510479999999999701e+32 5.975479999999999776e+37 1.957999999999999963e+00 4.277080000000000277e+29
1.002850000000000000e+14 3.481730000000000107e+32 5.947519999999999584e+37 1.955000000000000071e+00 4.271550000000000072e+29
9.981170000000000000e+13 3.453139999999999769e+32 5.919560000000000336e+37 1.951000000000000068e+00 4.265900000000000165e+29
9.933840000000000000e+13 3.424710000000000130e+32 5.891600000000000144e+37 1.947999999999999954e+00 4.260119999999999995e+29
9.886520000000000000e+13 3.396420000000000201e+32 5.863639999999999953e+37 1.945000000000000062e+00 4.254229999999999981e+29
9.839200000000000000e+13 3.368280000000000115e+32 5.835679999999999761e+37 1.941000000000000059e+00 4.248209999999999704e+29
9.791880000000000000e+13 3.340289999999999874e+32 5.807719999999999569e+37 1.937999999999999945e+00 4.242059999999999867e+29
9.744560000000000000e+13 3.312460000000000330e+32 5.779760000000000321e+37 1.935000000000000053e+00 4.235800000000000187e+29
9.697240000000000000e+13 3.284769999999999775e+32 5.751800000000000130e+37 1.931000000000000050e+00 4.229410000000000243e+29
9.649930000000000000e+13 3.257229999999999785e+32 5.723839999999999938e+37 1.927999999999999936e+00 4.222899999999999895e+29
9.602620000000000000e+13 3.229840000000000000e+32 5.695879999999999746e+37 1.925000000000000044e+00 4.216269999999999844e+29
9.555300000000000000e+13 3.202589999999999924e+32 5.667919999999999554e+37 1.921000000000000041e+00 4.209520000000000092e+29
9.507990000000000000e+13 3.175490000000000052e+32 5.639960000000000307e+37 1.917999999999999927e+00 4.202649999999999935e+29
9.460680000000000000e+13 3.148540000000000024e+32 5.612000000000000115e+37 1.915000000000000036e+00 4.195660000000000076e+29
9.413380000000000000e+13 3.121730000000000066e+32 5.584039999999999923e+37 1.911000000000000032e+00 4.188549999999999812e+29
9.366070000000000000e+13 3.095069999999999952e+32 5.556079999999999731e+37 1.907999999999999918e+00 4.181319999999999846e+29
9.318760000000000000e+13 3.068549999999999908e+32 5.528119999999999539e+37 1.905000000000000027e+00 4.173970000000000179e+29
9.271460000000000000e+13 3.042169999999999935e+32 5.500160000000000292e+37 1.901000000000000023e+00 4.166500000000000106e+29
9.224160000000000000e+13 3.015940000000000165e+32 5.472200000000000100e+37 1.897999999999999909e+00 4.158910000000000332e+29
9.176860000000000000e+13 2.989850000000000106e+32 5.444239999999999908e+37 1.895000000000000018e+00 4.151210000000000010e+29
9.129560000000000000e+13 2.966350000000000087e+32 5.416279999999999716e+37 1.891000000000000014e+00 5.032899999999999683e+29
9.082260000000000000e+13 2.940569999999999849e+32 5.388320000000000469e+37 1.887999999999999901e+00 5.010969999999999679e+29
9.034970000000000000e+13 2.914930000000000041e+32 5.360360000000000277e+37 1.883999999999999897e+00 4.989000000000000243e+29
8.987670000000000000e+13 2.889429999999999944e+32 5.332400000000000085e+37 1.881000000000000005e+00 4.966959999999999691e+29
8.940380000000000000e+13 2.864069999999999916e+32 5.304439999999999893e+37 1.877999999999999892e+00 4.944879999999999709e+29
8.893090000000000000e+13 2.838839999999999826e+32 5.276479999999999701e+37 1.874000000000000110e+00 4.922739999999999875e+29
8.845800000000000000e+13 2.813759999999999939e+32 5.248520000000000454e+37 1.870999999999999996e+00 4.900550000000000048e+29
8.798510000000000000e+13 2.788809999999999990e+32 5.220560000000000262e+37 1.868000000000000105e+00 4.878310000000000228e+29
8.751220000000000000e+13 2.764000000000000110e+32 5.192600000000000070e+37 1.864000000000000101e+00 4.856019999999999712e+29
8.703940000000000000e+13 2.739320000000000167e+32 5.164639999999999878e+37 1.860999999999999988e+00 4.833679999999999906e+29
8.656650000000000000e+13 2.714779999999999934e+32 5.136679999999999686e+37 1.858000000000000096e+00 4.811290000000000108e+29
8.609370000000000000e+13 2.690369999999999999e+32 5.108720000000000439e+37 1.854000000000000092e+00 4.788850000000000317e+29
8.562090000000000000e+13 2.666100000000000133e+32 5.080760000000000247e+37 1.850999999999999979e+00 4.766369999999999686e+29
8.514810000000000000e+13 2.641959999999999844e+32 5.052800000000000055e+37 1.848000000000000087e+00 4.743839999999999767e+29
8.467530000000000000e+13 2.617959999999999985e+32 5.024839999999999863e+37 1.844999999999999973e+00 4.721259999999999854e+29
8.420250000000000000e+13 2.594079999999999929e+32 4.996879999999999671e+37 1.840999999999999970e+00 4.698639999999999807e+29
8.372980000000000000e+13 2.570339999999999944e+32 4.968920000000000424e+37 1.838000000000000078e+00 4.675980000000000328e+29
8.325710000000000000e+13 2.546729999999999895e+32 4.940960000000000232e+37 1.834999999999999964e+00 4.653270000000000152e+29
8.278430000000000000e+13 2.523250000000000144e+32 4.913000000000000040e+37 1.832000000000000073e+00 4.630519999999999841e+29
8.231160000000000000e+13 2.499899999999999968e+32 4.885039999999999848e+37 1.828000000000000069e+00 4.607730000000000099e+29
8.183890000000000000e+13 2.476680000000000090e+32 4.857079999999999657e+37 1.824999999999999956e+00 4.584900000000000222e+29
8.136630000000000000e+13 2.453580000000000014e+32 4.829120000000000409e+37 1.822000000000000064e+00 4.562030000000000210e+29
8.089360000000000000e+13 2.430620000000000009e+32 4.801160000000000217e+37 1.818999999999999950e+00 4.539120000000000062e+29
8.042090000000000000e+13 2.407780000000000167e+32 4.773200000000000025e+37 1.816000000000000059e+00 4.516169999999999780e+29
7.994830000000000000e+13 2.385069999999999901e+32 4.745239999999999834e+37 1.812000000000000055e+00 4.493180000000000066e+29
7.947570000000000000e+13 2.362480000000000159e+32 4.717279999999999642e+37 1.808999999999999941e+00 4.470160000000000075e+29
7.900310000000000000e+13 2.340030000000000127e+32 4.689320000000000394e+37 1.806000000000000050e+00 4.447099999999999949e+29
7.853050000000000000e+13 2.317690000000000124e+32 4.661360000000000202e+37 1.802999999999999936e+00 4.424010000000000249e+29
7.805790000000000000e+13 2.295480000000000058e+32 4.633400000000000011e+37 1.800000000000000044e+00 4.400879999999999710e+29
7.758540000000000000e+13 2.273399999999999929e+32 4.605439999999999819e+37 1.796999999999999931e+00 4.377720000000000302e+29
7.711280000000000000e+13 2.251429999999999829e+32 4.577479999999999627e+37 1.792999999999999927e+00 4.354520000000000054e+29
7.664030000000000000e+13 2.229590000000000026e+32 4.549520000000000379e+37 1.790000000000000036e+00 4.331290000000000234e+29
7.616780000000000000e+13 2.207880000000000160e+32 4.521560000000000188e+37 1.786999999999999922e+00 4.308030000000000135e+29
7.569530000000000000e+13 2.186279999999999963e+32 4.493599999999999996e+37 1.784000000000000030e+00 4.284739999999999760e+29
7.522280000000000000e+13 2.164799999999999929e+32 4.465639999999999804e+37 1.780999999999999917e+00 4.261419999999999811e+29
7.475030000000000000e+13 2.143449999999999832e+32 4.437679999999999612e+37 1.778000000000000025e+00 4.238070000000000289e+29
7.427790000000000000e+13 2.122210000000000125e+32 4.409720000000000365e+37 1.774999999999999911e+00 4.214689999999999786e+29
7.380540000000000000e+13 2.101089999999999860e+32 4.381760000000000173e+37 1.772000000000000020e+00 4.191279999999999709e+29
7.333300000000000000e+13 2.080099999999999892e+32 4.353799999999999981e+37 1.768999999999999906e+00 4.167849999999999916e+29
7.286060000000000000e+13 2.059219999999999954e+32 4.325839999999999789e+37 1.766000000000000014e+00 4.144379999999999988e+29
7.238820000000000000e+13 2.038450000000000045e+32 4.297879999999999597e+37 1.762999999999999901e+00 4.120890000000000345e+29
7.191580000000000000e+13 2.017810000000000073e+32 4.269920000000000350e+37 1.760000000000000009e+00 4.097380000000000282e+29
7.144340000000000000e+13 1.997269999999999997e+32 4.241960000000000158e+37 1.756999999999999895e+00 4.073839999999999942e+29
7.097110000000000000e+13 1.976859999999999857e+32 4.213999999999999966e+37 1.754000000000000004e+00 4.050270000000000028e+29
7.049880000000000000e+13 1.956560000000000107e+32 4.186039999999999774e+37 1.750999999999999890e+00 4.026679999999999695e+29
7.002640000000000000e+13 1.936370000000000027e+32 4.158080000000000054e+37 1.747999999999999998e+00 4.003070000000000350e+29
6.955410000000000000e+13 1.916300000000000110e+32 4.130119999999999863e+37 1.745000000000000107e+00 3.979439999999999882e+29
6.908180000000000000e+13 1.896339999999999861e+32 4.102160000000000143e+37 1.741999999999999993e+00 3.955779999999999841e+29
6.860960000000000000e+13 1.876490000000000003e+32 4.074199999999999951e+37 1.739000000000000101e+00 3.932100000000000083e+29
6.813730000000000000e+13 1.856759999999999948e+32 4.046240000000000231e+37 1.735999999999999988e+00 3.908399999999999906e+29
6.766510000000000000e+13 1.837139999999999922e+32 4.018280000000000040e+37 1.733000000000000096e+00 3.884680000000000014e+29
6.719280000000000000e+13 1.817620000000000152e+32 3.990319999999999848e+37 1.729999999999999982e+00 3.860929999999999844e+29
6.672060000000000000e+13 1.798219999999999825e+32 3.962360000000000128e+37 1.727999999999999980e+00 3.837169999999999817e+29
6.624840000000000000e+13 1.778929999999999888e+32 3.934399999999999936e+37 1.725000000000000089e+00 3.813390000000000073e+29
6.577620000000000000e+13 1.759739999999999846e+32 3.906440000000000217e+37 1.721999999999999975e+00 3.789589999999999911e+29
6.530410000000000000e+13 1.740669999999999968e+32 3.878480000000000025e+37 1.719000000000000083e+00 3.765770000000000032e+29
6.483190000000000000e+13 1.721699999999999986e+32 3.850519999999999833e+37 1.715999999999999970e+00 3.741929999999999735e+29
6.435980000000000000e+13 1.702840000000000033e+32 3.822560000000000113e+37 1.713999999999999968e+00 3.718080000000000283e+29
6.388760000000000000e+13 1.684079999999999976e+32 3.794599999999999921e+37 1.711000000000000076e+00 3.694199999999999850e+29
6.341550000000000000e+13 1.665440000000000082e+32 3.766640000000000202e+37 1.707999999999999963e+00 3.670310000000000263e+29
6.294340000000000000e+13 1.646889999999999951e+32 3.738680000000000010e+37 1.705000000000000071e+00 3.646410000000000114e+29
6.247140000000000000e+13 1.628459999999999982e+32 3.710719999999999818e+37 1.703000000000000069e+00 3.622490000000000250e+29
6.199930000000000000e+13 1.610119999999999956e+32 3.682760000000000098e+37 1.699999999999999956e+00 3.598549999999999966e+29
6.152730000000000000e+13 1.591899999999999913e+32 3.654799999999999906e+37 1.697000000000000064e+00 3.574589999999999967e+29
6.105520000000000000e+13 1.573769999999999992e+32 3.626840000000000187e+37 1.695000000000000062e+00 3.550629999999999968e+29
6.058320000000000000e+13 1.555749999999999921e+32 3.598879999999999995e+37 1.691999999999999948e+00 3.526639999999999691e+29
6.011120000000000000e+13 1.537829999999999926e+32 3.570919999999999803e+37 1.689999999999999947e+00 3.502640000000000260e+29
5.963920000000000000e+13 1.520010000000000006e+32 3.542960000000000083e+37 1.687000000000000055e+00 3.478630000000000268e+29
5.916730000000000000e+13 1.502289999999999983e+32 3.514999999999999892e+37 1.685000000000000053e+00 3.454599999999999856e+29
5.869530000000000000e+13 1.484670000000000035e+32 3.487040000000000172e+37 1.681999999999999940e+00 3.430560000000000290e+29
5.822340000000000000e+13 1.467149999999999984e+32 3.459079999999999980e+37 1.679999999999999938e+00 3.406510000000000163e+29
5.775140000000000000e+13 1.449739999999999961e+32 3.431119999999999788e+37 1.677000000000000046e+00 3.382440000000000320e+29
5.727950000000000000e+13 1.432420000000000062e+32 3.403160000000000069e+37 1.675000000000000044e+00 3.358359999999999915e+29
5.680760000000000000e+13 1.415200000000000058e+32 3.375199999999999877e+37 1.671999999999999931e+00 3.334259999999999795e+29
5.633580000000000000e+13 1.398069999999999996e+32 3.347240000000000157e+37 1.669999999999999929e+00 3.310159999999999675e+29
5.586390000000000000e+13 1.381049999999999964e+32 3.319279999999999965e+37 1.667999999999999927e+00 3.286029999999999981e+29
5.539210000000000000e+13 1.364120000000000054e+32 3.291319999999999773e+37 1.665000000000000036e+00 3.261900000000000287e+29
5.492020000000000000e+13 1.347290000000000040e+32 3.263360000000000054e+37 1.663000000000000034e+00 3.237760000000000031e+29
5.444840000000000000e+13 1.330549999999999969e+32 3.235399999999999862e+37 1.661000000000000032e+00 3.213600000000000060e+29
5.397660000000000000e+13 1.313909999999999973e+32 3.207440000000000142e+37 1.657999999999999918e+00 3.189430000000000231e+29
5.350480000000000000e+13 1.297359999999999920e+32 3.179479999999999950e+37 1.655999999999999917e+00 3.165239999999999983e+29
5.303310000000000000e+13 1.280909999999999942e+32 3.151520000000000231e+37 1.653999999999999915e+00 3.141050000000000086e+29
5.256130000000000000e+13 1.264550000000000087e+32 3.123560000000000039e+37 1.651999999999999913e+00 3.116840000000000122e+29
5.208960000000000000e+13 1.248279999999999994e+32 3.095599999999999847e+37 1.649999999999999911e+00 3.092619999999999948e+29
5.161790000000000000e+13 1.232109999999999977e+32 3.067640000000000127e+37 1.647999999999999909e+00 3.068389999999999917e+29
5.114620000000000000e+13 1.216030000000000083e+32 3.039679999999999935e+37 1.645999999999999908e+00 3.044140000000000169e+29
5.067450000000000000e+13 1.200039999999999951e+32 3.011720000000000216e+37 1.643999999999999906e+00 3.019879999999999860e+29
5.020280000000000000e+13 1.184139999999999941e+32 2.983760000000000024e+37 1.641999999999999904e+00 2.995619999999999903e+29
4.973120000000000000e+13 1.168340000000000007e+32 2.955799999999999832e+37 1.639999999999999902e+00 2.971330000000000021e+29
4.925960000000000000e+13 1.152620000000000062e+32 2.927840000000000112e+37 1.637999999999999901e+00 2.947040000000000138e+29
4.878790000000000000e+13 1.136990000000000059e+32 2.899879999999999921e+37 1.635999999999999899e+00 2.922729999999999836e+29
4.831630000000000000e+13 1.121449999999999998e+32 2.871920000000000201e+37 1.633999999999999897e+00 2.898410000000000029e+29
4.784480000000000000e+13 1.106010000000000013e+32 2.843960000000000009e+37 1.631999999999999895e+00 2.874080000000000011e+29
4.737320000000000000e+13 1.090650000000000017e+32 2.815999999999999817e+37 1.629999999999999893e+00 2.849740000000000136e+29
4.690160000000000000e+13 1.075370000000000010e+32 2.788040000000000098e+37 1.627999999999999892e+00 2.825379999999999841e+29
4.643010000000000000e+13 1.060190000000000079e+32 2.760079999999999906e+37 1.627000000000000002e+00 2.801010000000000040e+29
4.595860000000000000e+13 1.045089999999999956e+32 2.732120000000000186e+37 1.625000000000000000e+00 2.776620000000000172e+29
4.548710000000000000e+13 1.030079999999999956e+32 2.704159999999999994e+37 1.622999999999999998e+00 2.752220000000000094e+29
4.501560000000000000e+13 1.015160000000000078e+32 2.676199999999999802e+37 1.622000000000000108e+00 2.727810000000000158e+29
4.454410000000000000e+13 1.000320000000000009e+32 2.648240000000000083e+37 1.620000000000000107e+00 2.703380000000000154e+29
4.407270000000000000e+13 9.855659999999999722e+31 2.620279999999999891e+37 1.618999999999999995e+00 2.678939999999999941e+29
4.360130000000000000e+13 9.708989999999999460e+31 2.592320000000000171e+37 1.616999999999999993e+00 2.654489999999999870e+29
4.312990000000000000e+13 9.563159999999999981e+31 2.564359999999999979e+37 1.616000000000000103e+00 2.630020000000000083e+29
4.265850000000000000e+13 9.418179999999999256e+31 2.536399999999999787e+37 1.614000000000000101e+00 2.605529999999999877e+29
4.218710000000000000e+13 9.274029999999999540e+31 2.508440000000000068e+37 1.612999999999999989e+00 2.581030000000000165e+29
4.171570000000000000e+13 9.130730000000000380e+31 2.480479999999999876e+37 1.610999999999999988e+00 2.556510000000000034e+29
4.124440000000000000e+13 8.988260000000000427e+31 2.452520000000000156e+37 1.610000000000000098e+00 2.531980000000000044e+29
4.077310000000000000e+13 8.846609999999999908e+31 2.424559999999999964e+37 1.608999999999999986e+00 2.507429999999999987e+29
4.030180000000000000e+13 8.705800000000000171e+31 2.396599999999999773e+37 1.608000000000000096e+00 2.482870000000000072e+29
3.983050000000000000e+13 8.565800000000000096e+31 2.368640000000000053e+37 1.606000000000000094e+00 2.458279999999999880e+29
3.935920000000000000e+13 8.426629999999999227e+31 2.340679999999999861e+37 1.604999999999999982e+00 2.433679999999999831e+29
3.888790000000000000e+13 8.288269999999999820e+31 2.312720000000000141e+37 1.604000000000000092e+00 2.409060000000000065e+29
3.841670000000000000e+13 8.150729999999999848e+31 2.284759999999999950e+37 1.602999999999999980e+00 2.384430000000000090e+29
3.794550000000000000e+13 8.014010000000000210e+31 2.256800000000000230e+37 1.602000000000000091e+00 2.359769999999999837e+29
3.747430000000000000e+13 7.878089999999999559e+31 2.228840000000000038e+37 1.600999999999999979e+00 2.335089999999999869e+29
3.700310000000000000e+13 7.742969999999999696e+31 2.200879999999999846e+37 1.600000000000000089e+00 2.310400000000000043e+29
3.653200000000000000e+13 7.608670000000000167e+31 2.172920000000000127e+37 1.598999999999999977e+00 2.285679999999999940e+29
3.606080000000000000e+13 7.475159999999999852e+31 2.144959999999999935e+37 1.598999999999999977e+00 2.260940000000000121e+29
3.558970000000000000e+13 7.342460000000000097e+31 2.116999999999999979e+37 1.598000000000000087e+00 2.236190000000000092e+29
3.511860000000000000e+13 7.210549999999999556e+31 2.089040000000000023e+37 1.596999999999999975e+00 2.211410000000000138e+29
3.464750000000000000e+13 7.079439999999999803e+31 2.061080000000000067e+37 1.596000000000000085e+00 2.186599999999999907e+29
3.417650000000000000e+13 6.949120000000000164e+31 2.033120000000000112e+37 1.596000000000000085e+00 2.161780000000000169e+29
3.370540000000000000e+13 6.819600000000000412e+31 2.005159999999999920e+37 1.594999999999999973e+00 2.136930000000000155e+29
3.323440000000000000e+13 6.690879999999999646e+31 1.977199999999999964e+37 1.594999999999999973e+00 2.112049999999999863e+29
3.276340000000000000e+13 6.562940000000000121e+31 1.949240000000000008e+37 1.594000000000000083e+00 2.087149999999999855e+29
3.229240000000000000e+13 6.435789999999999810e+31 1.921280000000000053e+37 1.594000000000000083e+00 2.062230000000000132e+29
3.182150000000000000e+13 6.309440000000000286e+31 1.893320000000000097e+37 1.592999999999999972e+00 2.037269999999999922e+29
3.135050000000000000e+13 6.183870000000000202e+31 1.865359999999999905e+37 1.592999999999999972e+00 2.012299999999999854e+29
3.087960000000000000e+13 6.059090000000000232e+31 1.837399999999999949e+37 1.592999999999999972e+00 1.987290000000000002e+29
3.040870000000000000e+13 5.935100000000000376e+31 1.809439999999999993e+37 1.592999999999999972e+00 1.962249999999999874e+29
2.993780000000000000e+13 5.811910000000000406e+31 1.781480000000000038e+37 1.592999999999999972e+00 1.937190000000000029e+29
2.946700000000000000e+13 5.689499999999999877e+31 1.753520000000000082e+37 1.592999999999999972e+00 1.912099999999999908e+29
2.899610000000000000e+13 5.567880000000000362e+31 1.725559999999999890e+37 1.592999999999999972e+00 1.886970000000000003e+29
2.852530000000000000e+13 5.447050000000000060e+31 1.697599999999999934e+37 1.592999999999999972e+00 1.861810000000000173e+29
2.805450000000000000e+13 5.327019999999999645e+31 1.669639999999999979e+37 1.592999999999999972e+00 1.836620000000000066e+29
2.758380000000000000e+13 5.207780000000000245e+31 1.641680000000000023e+37 1.592999999999999972e+00 1.811400000000000033e+29
2.711300000000000000e+13 5.089339999999999831e+31 1.613720000000000067e+37 1.592999999999999972e+00 1.786150000000000075e+29
2.664230000000000000e+13 4.971690000000000432e+31 1.585760000000000111e+37 1.592999999999999972e+00 1.760850000000000123e+29
2.617160000000000000e+13 4.854849999999999793e+31 1.557799999999999919e+37 1.594000000000000083e+00 1.735530000000000105e+29
2.570090000000000000e+13 4.738809999999999941e+31 1.529839999999999964e+37 1.594000000000000083e+00 1.710160000000000093e+29
2.523030000000000000e+13 4.623579999999999750e+31 1.501880000000000008e+37 1.594999999999999973e+00 1.684760000000000156e+29
2.475960000000000000e+13 4.509160000000000121e+31 1.473920000000000052e+37 1.594999999999999973e+00 1.659320000000000084e+29
2.428900000000000000e+13 4.395550000000000152e+31 1.445960000000000096e+37 1.596000000000000085e+00 1.633830000000000019e+29
2.381840000000000000e+13 4.282759999999999617e+31 1.417999999999999905e+37 1.596999999999999975e+00 1.608310000000000028e+29
2.334790000000000000e+13 4.170800000000000091e+31 1.390039999999999949e+37 1.598000000000000087e+00 1.582750000000000079e+29
2.287730000000000000e+13 4.059659999999999999e+31 1.362079999999999993e+37 1.598000000000000087e+00 1.557139999999999960e+29
2.240680000000000000e+13 3.949359999999999789e+31 1.334120000000000037e+37 1.598999999999999977e+00 1.531490000000000058e+29
2.193640000000000000e+13 3.839899999999999910e+31 1.306160000000000082e+37 1.600000000000000089e+00 1.505789999999999987e+29
2.146590000000000000e+13 3.731290000000000137e+31 1.278199999999999890e+37 1.602000000000000091e+00 1.480039999999999924e+29
2.099550000000000000e+13 3.623530000000000019e+31 1.250239999999999934e+37 1.602999999999999980e+00 1.454250000000000077e+29
2.052510000000000000e+13 3.516640000000000003e+31 1.222279999999999978e+37 1.604000000000000092e+00 1.428400000000000027e+29
2.005470000000000000e+13 3.410620000000000090e+31 1.194320000000000022e+37 1.604999999999999982e+00 1.402510000000000019e+29
1.958430000000000000e+13 3.305480000000000053e+31 1.166360000000000067e+37 1.606999999999999984e+00 1.376559999999999983e+29
1.911400000000000000e+13 3.201239999999999889e+31 1.138400000000000111e+37 1.608000000000000096e+00 1.350559999999999955e+29
1.864370000000000000e+13 3.097889999999999824e+31 1.110439999999999919e+37 1.610000000000000098e+00 1.324500000000000076e+29
1.817340000000000000e+13 2.995460000000000081e+31 1.082479999999999963e+37 1.612000000000000099e+00 1.298390000000000028e+29
1.770320000000000000e+13 2.893959999999999980e+31 1.054520000000000008e+37 1.612999999999999989e+00 1.272209999999999919e+29
1.723300000000000000e+13 2.793400000000000198e+31 1.026560000000000052e+37 1.614999999999999991e+00 1.245979999999999994e+29
1.676280000000000000e+13 2.693790000000000057e+31 9.985999999999999780e+36 1.616999999999999993e+00 1.219680000000000007e+29
1.629270000000000000e+13 2.595159999999999777e+31 9.706400000000000223e+36 1.618999999999999995e+00 1.193309999999999961e+29
1.582260000000000000e+13 2.497509999999999810e+31 9.426799999999999485e+36 1.622000000000000108e+00 1.166880000000000063e+29
1.535250000000000000e+13 2.400869999999999925e+31 9.147199999999999927e+36 1.624000000000000110e+00 1.140379999999999930e+29
1.488240000000000000e+13 2.305249999999999897e+31 8.867600000000000370e+36 1.625999999999999890e+00 1.113800000000000053e+29
1.441240000000000000e+13 2.210670000000000172e+31 8.587999999999999632e+36 1.629000000000000004e+00 1.087149999999999941e+29
1.394240000000000000e+13 2.117169999999999844e+31 8.308400000000000074e+36 1.631000000000000005e+00 1.060420000000000086e+29
1.347250000000000000e+13 2.024760000000000039e+31 8.028800000000000517e+36 1.633999999999999897e+00 1.033609999999999960e+29
1.300250000000000000e+13 1.933460000000000077e+31 7.749199999999999779e+36 1.637000000000000011e+00 1.006719999999999917e+29
1.253270000000000000e+13 1.843309999999999953e+31 7.469600000000000221e+36 1.639000000000000012e+00 9.797310000000000490e+28
1.206280000000000000e+13 1.754340000000000112e+31 7.189999999999999483e+36 1.641999999999999904e+00 9.526520000000000531e+28
1.159300000000000000e+13 1.666570000000000103e+31 6.910399999999999926e+36 1.645999999999999908e+00 9.254740000000000571e+28
1.112320000000000000e+13 1.580039999999999919e+31 6.630800000000000368e+36 1.649000000000000021e+00 8.981929999999999419e+28
1.065350000000000000e+13 1.494800000000000003e+31 6.351199999999999630e+36 1.651999999999999913e+00 8.708029999999999688e+28
1.018380000000000000e+13 1.410879999999999901e+31 6.071600000000000072e+36 1.655000000000000027e+00 8.432960000000000755e+28
9.714190000000000000e+12 1.328320000000000058e+31 5.792000000000000515e+36 1.659000000000000030e+00 8.156650000000000097e+28
9.244580000000000000e+12 1.247170000000000016e+31 5.512399999999999777e+36 1.661999999999999922e+00 7.879019999999999731e+28
8.775030000000000000e+12 1.167499999999999990e+31 5.232800000000000219e+36 1.665999999999999925e+00 7.599970000000000198e+28
8.305520000000000000e+12 1.089339999999999977e+31 4.953200000000000071e+36 1.669000000000000039e+00 7.319390000000000423e+28
7.836050000000000000e+12 1.012769999999999964e+31 4.673599999999999924e+36 1.673000000000000043e+00 7.037129999999999900e+28
7.366640000000000000e+12 9.378600000000000558e+30 4.393999999999999776e+36 1.675999999999999934e+00 6.753049999999999739e+28
6.897280000000000000e+12 8.646790000000000160e+30 4.114400000000000218e+36 1.679000000000000048e+00 6.466960000000000003e+28
6.427970000000000000e+12 7.933159999999999450e+30 3.834800000000000071e+36 1.681999999999999940e+00 6.178619999999999704e+28
5.958720000000000000e+12 7.238620000000000552e+30 3.555199999999999923e+36 1.685000000000000053e+00 5.887769999999999900e+28
5.489530000000000000e+12 6.564249999999999937e+30 3.275599999999999775e+36 1.687000000000000055e+00 5.594050000000000430e+28
5.020400000000000000e+12 5.911209999999999691e+30 2.996000000000000217e+36 1.689000000000000057e+00 5.297050000000000085e+28
4.551330000000000000e+12 5.280839999999999626e+30 2.716400000000000070e+36 1.689000000000000057e+00 4.996190000000000074e+28
4.082330000000000000e+12 4.674650000000000093e+30 2.436799999999999922e+36 1.687000000000000055e+00 4.690750000000000075e+28
3.613410000000000000e+12 4.094379999999999720e+30 2.157200000000000069e+36 1.683000000000000052e+00 4.379709999999999634e+28
3.144570000000000000e+12 3.542009999999999916e+30 1.877599999999999921e+36 1.675999999999999934e+00 4.061660000000000322e+28
2.675810000000000000e+12 3.019809999999999800e+30 1.598000000000000069e+36 1.663000000000000034e+00 3.734469999999999872e+28
2.207150000000000000e+12 2.530350000000000133e+30 1.318400000000000068e+36 1.641000000000000014e+00 3.394760000000000148e+28
1.738600000000000000e+12 2.076299999999999978e+30 1.038800000000000068e+36 1.604999999999999982e+00 3.036480000000000071e+28
1.270170000000000000e+12 1.659379999999999935e+30 7.592000000000000680e+35 1.546000000000000041e+00 2.646839999999999805e+28
8.018930000000000000e+11 1.271939999999999957e+30 4.795999999999999940e+35 1.439999999999999947e+00 2.185320000000000069e+28
4.299000000000000000e+11 7.805000000000000069e+29 2.572000000000000181e+35 1.330000000000000071e+00 1.506450000000000062e+28
4.188000000000000000e+11 7.537999999999999717e+29 2.505999999999999897e+35 1.330000000000000071e+00 1.455129999999999927e+28
3.325000000000000000e+11 5.815999999999999745e+29 1.990000000000000163e+35 1.330000000000000071e+00 1.165809999999999924e+28
2.640000000000000000e+11 4.472999999999999815e+29 1.581000000000000083e+35 1.330000000000000071e+00 9.297799999999999813e+27
2.096000000000000000e+11 3.289999999999999843e+29 1.256000000000000028e+35 1.330000000000000071e+00 6.841069999999999801e+27
1.844000000000000000e+11 2.892000000000000018e+29 1.105000000000000000e+35 1.330000000000000071e+00 6.221810000000000396e+27
1.664000000000000000e+11 2.597000000000000095e+29 9.975999999999999784e+34 1.330000000000000071e+00 3.996079999999999920e+27
1.322000000000000000e+11 2.033000000000000102e+29 7.923999999999999875e+34 1.330000000000000071e+00 3.293160000000000158e+27
1.049000000000000000e+11 1.494999999999999961e+29 6.294000000000000085e+34 1.330000000000000071e+00 2.422460000000000012e+27
8.332000000000000000e+10 1.100000000000000064e+29 4.999999999999999843e+34 1.330000000000000071e+00 1.782300000000000002e+27
6.617000000000000000e+10 8.088999999999999432e+28 3.971999999999999897e+34 1.330000000000000071e+00 1.311289999999999924e+27
5.254000000000000000e+10 5.949000000000000344e+28 3.155000000000000010e+34 1.330000000000000071e+00 9.646129999999999985e+26
4.172000000000000000e+10 4.628000000000000126e+28 2.505999999999999897e+34 1.330000000000000071e+00 7.875200000000000595e+26
3.313000000000000000e+10 3.403999999999999866e+28 1.989999999999999932e+34 1.330000000000000071e+00 5.791050000000000196e+26
2.631000000000000000e+10 2.502999999999999803e+28 1.580999999999999991e+34 1.330000000000000071e+00 4.261170000000000143e+26
2.090000000000000000e+10 1.938000000000000082e+28 1.255999999999999936e+34 1.330000000000000071e+00 3.451690000000000088e+26
1.659000000000000000e+10 1.425000000000000067e+28 9.976000000000000246e+33 1.330000000000000071e+00 2.538950000000000110e+26
1.318000000000000000e+10 1.048000000000000007e+28 7.924000000000000337e+33 1.330000000000000071e+00 1.867689999999999969e+26
1.046000000000000000e+10 7.701999999999999683e+27 6.294000000000000085e+33 1.330000000000000071e+00 1.373879999999999975e+26
8.312000000000000000e+09 5.662000000000000348e+27 4.999999999999999728e+33 1.330000000000000071e+00 1.010819999999999921e+26
6.601000000000000000e+09 4.362000000000000029e+27 3.972000000000000127e+33 1.330000000000000071e+00 8.130089999999999436e+25
4.164000000000000000e+09 2.356000000000000079e+27 2.505999999999999955e+33 1.330000000000000071e+00 4.399369999999999874e+25
2.626000000000000000e+09 1.272000000000000034e+27 1.580999999999999991e+33 1.330000000000000071e+00 2.380450000000000180e+25
1.657000000000000000e+09 6.859999999999999767e+26 9.975999999999999957e+32 1.330000000000000071e+00 1.288319999999999913e+25
1.316000000000000000e+09 5.036000000000000296e+26 7.924000000000000337e+32 1.330000000000000071e+00 9.477099999999999527e+24
1.045000000000000000e+09 4.128999999999999924e+26 6.293999999999999941e+32 1.330000000000000071e+00 6.794269999999999770e+24
8.301000000000000000e+08 3.039000000000000162e+26 4.999999999999999728e+32 1.330000000000000071e+00 4.998809999999999830e+24
5.237000000000000000e+08 1.628999999999999891e+26 3.154999999999999923e+32 1.330000000000000071e+00 2.705450000000000161e+24
3.304000000000000000e+08 8.737999999999999925e+25 1.990000000000000076e+32 1.330000000000000071e+00 1.463449999999999964e+24
2.624000000000000000e+08 6.675999999999999817e+25 1.580999999999999919e+32 1.330000000000000071e+00 1.123400000000000065e+24
1.315000000000000000e+08 2.603999999999999941e+25 7.923999999999999616e+31 1.330000000000000071e+00 4.472499999999999827e+23
6.589000000000000000e+07 1.006000000000000014e+25 3.972000000000000199e+31 1.330000000000000071e+00 1.780890000000000165e+23
3.302000000000000000e+07 3.832999999999999839e+24 1.989999999999999986e+31 1.330000000000000071e+00 7.086450000000000092e+22
1.655000000000000000e+07 1.435000000000000086e+24 9.975999999999999642e+30 1.330000000000000071e+00 2.822060000000000131e+22
8.293000000000000000e+06 5.250000000000000315e+23 4.999999999999999818e+30 1.330000000000000071e+00 1.123529999999999934e+22
6.588000000000000000e+06 3.910999999999999759e+23 3.972000000000000087e+30 1.330000000000000071e+00 8.163429999999999541e+21
2.622000000000000000e+06 9.754999999999999214e+22 1.581000000000000009e+30 1.330000000000000071e+00 2.390210000000000197e+21
1.044000000000000000e+06 2.318000000000000105e+22 6.293999999999999902e+29 1.330000000000000071e+00 6.999960000000000000e+20
4.156000000000000000e+05 5.265999999999999476e+21 2.505999999999999907e+29 1.330000000000000071e+00 2.050380000000000000e+20
1.654000000000000000e+05 1.151000000000000000e+21 9.976000000000000768e+28 1.330000000000000071e+00 6.004390000000000000e+19
6.587000000000000000e+04 2.431000000000000000e+20 3.972000000000000263e+28 1.330000000000000071e+00 1.758760000000000000e+19
2.622000000000000000e+04 4.968000000000000000e+19 1.581000000000000061e+28 1.330000000000000071e+00 5.149550000000000000e+18
1.044000000000000000e+04 9.744000000000000000e+18 6.294999999999999717e+27 1.330000000000000071e+00 1.508420000000000000e+18
