9.881258268300000000e+15 7.991482905700000106e+36 1.996000000000000013e+39 1.000000000000000000e+00 0.000000000000000000e+00
9.831814972000000000e+15 7.946983939000000067e+36 1.990999999999999878e+39 1.000000000000000000e+00 0.000000000000000000e+00
9.782495687000000000e+15 7.902596582500000451e+36 1.986000000000000046e+39 1.000000000000000000e+00 0.000000000000000000e+00
9.733300413200000000e+15 7.858320836100000425e+36 1.980999999999999911e+39 1.000000000000000000e+00 0.000000000000000000e+00
9.684229150700000000e+15 7.814156699899999642e+36 1.976000000000000078e+39 1.000000000000000000e+00 0.000000000000000000e+00
9.635281899500000000e+15 7.770104173799999629e+36 1.970999999999999943e+39 1.000000000000000000e+00 0.000000000000000000e+00
9.586458659600000000e+15 7.726163257900000038e+36 1.966000000000000110e+39 1.000000000000000000e+00 0.000000000000000000e+00
9.537759431000000000e+15 7.682333952100000038e+36 1.960999999999999975e+39 1.000000000000000000e+00 0.000000000000000000e+00
9.489184213600000000e+15 7.638616256500000461e+36 1.956000000000000143e+39 1.000000000000000000e+00 0.000000000000000000e+00
9.440733007500000000e+15 7.595010171000000474e+36 1.951000000000000008e+39 1.000000000000000000e+00 0.000000000000000000e+00
9.392405812700000000e+15 7.551515695699999729e+36 1.945999999999999873e+39 1.000000000000000000e+00 0.000000000000000000e+00
9.344202629200000000e+15 7.508132830499999754e+36 1.941000000000000040e+39 1.000000000000000000e+00 0.000000000000000000e+00
9.296123456900000000e+15 7.464861575500000203e+36 1.935999999999999905e+39 1.000000000000000000e+00 0.000000000000000000e+00
9.248168296000000000e+15 7.421701930600000241e+36 1.931000000000000072e+39 1.000000000000000000e+00 0.000000000000000000e+00
9.200337146300000000e+15 7.378653895899999522e+36 1.925999999999999937e+39 1.000000000000000000e+00 0.000000000000000000e+00
9.152630007800000000e+15 7.335717471299999573e+36 1.921000000000000105e+39 1.000000000000000000e+00 0.000000000000000000e+00
9.105046880700000000e+15 7.292892656900000048e+36 1.915999999999999970e+39 1.000000000000000000e+00 0.000000000000000000e+00
9.057587764800000000e+15 7.250179452600000112e+36 1.911000000000000137e+39 1.000000000000000000e+00 0.000000000000000000e+00
9.010252660200000000e+15 7.207577858499999418e+36 1.906000000000000002e+39 1.000000000000000000e+00 0.000000000000000000e+00
8.963041566900000000e+15 7.165087874499999495e+36 1.900999999999999867e+39 1.000000000000000000e+00 0.000000000000000000e+00
8.915954484900000000e+15 7.122709500600000343e+36 1.896000000000000034e+39 1.000000000000000000e+00 0.000000000000000000e+00
8.868991414100000000e+15 7.080442737000000085e+36 1.890999999999999899e+39 1.000000000000000000e+00 0.000000000000000000e+00
8.822152354600000000e+15 7.038287583399999765e+36 1.886000000000000067e+39 1.000000000000000000e+00 0.000000000000000000e+00
8.775437306400000000e+15 6.996244039999999868e+36 1.880999999999999932e+39 1.000000000000000000e+00 0.000000000000000000e+00
8.728846269500000000e+15 6.954312106800000394e+36 1.876000000000000099e+39 1.000000000000000000e+00 0.000000000000000000e+00
8.682379243900000000e+15 6.912491783700000510e+36 1.870999999999999964e+39 1.000000000000000000e+00 0.000000000000000000e+00
8.636036229500000000e+15 6.870783070799999868e+36 1.866000000000000131e+39 1.000000000000000000e+00 0.000000000000000000e+00
8.589817226400000000e+15 6.829185967999999996e+36 1.860999999999999996e+39 1.000000000000000000e+00 0.000000000000000000e+00
8.543722234600000000e+15 6.787700475400000548e+36 1.855999999999999862e+39 1.000000000000000000e+00 0.000000000000000000e+00
8.497751254000000000e+15 6.746326592899999508e+36 1.851000000000000029e+39 1.000000000000000000e+00 0.000000000000000000e+00
8.451904284800000000e+15 6.705064320600000073e+36 1.845999999999999894e+39 1.000000000000000000e+00 0.000000000000000000e+00
8.406181326800000000e+15 6.663913658400000227e+36 1.841000000000000061e+39 1.000000000000000000e+00 0.000000000000000000e+00
8.360582380100000000e+15 6.622874606299999972e+36 1.835999999999999926e+39 1.000000000000000000e+00 0.000000000000000000e+00
8.315107444700000000e+15 6.581947164400000139e+36 1.831000000000000093e+39 1.000000000000000000e+00 0.000000000000000000e+00
8.269756520500000000e+15 6.541131332699999548e+36 1.825999999999999959e+39 1.000000000000000000e+00 0.000000000000000000e+00
8.224529607600000000e+15 6.500427111099999728e+36 1.821000000000000126e+39 1.000000000000000000e+00 0.000000000000000000e+00
8.179426706000000000e+15 6.459834499700000331e+36 1.815999999999999991e+39 1.000000000000000000e+00 0.000000000000000000e+00
8.134447815700000000e+15 6.419353498400000524e+36 1.810999999999999856e+39 1.000000000000000000e+00 0.000000000000000000e+00
8.089592936700000000e+15 6.378984107299999959e+36 1.806000000000000023e+39 1.000000000000000000e+00 0.000000000000000000e+00
8.044862068900000000e+15 6.338726326300000165e+36 1.800999999999999888e+39 1.000000000000000000e+00 0.000000000000000000e+00
8.000255212400000000e+15 6.298580155399999961e+36 1.796000000000000056e+39 1.000000000000000000e+00 0.000000000000000000e+00
7.955772367200000000e+15 6.258545594700000180e+36 1.790999999999999921e+39 1.000000000000000000e+00 0.000000000000000000e+00
7.911413533300000000e+15 6.218622644199999641e+36 1.786000000000000088e+39 1.000000000000000000e+00 0.000000000000000000e+00
7.867178710600000000e+15 6.178811303799999872e+36 1.780999999999999953e+39 1.000000000000000000e+00 0.000000000000000000e+00
7.823067899200000000e+15 6.139111573600000527e+36 1.776000000000000120e+39 1.000000000000000000e+00 0.000000000000000000e+00
7.779081099100000000e+15 6.099523453499999590e+36 1.770999999999999985e+39 1.000000000000000000e+00 0.000000000000000000e+00
7.735218310300000000e+15 6.060046943499999425e+36 1.765999999999999850e+39 1.000000000000000000e+00 0.000000000000000000e+00
7.691479532800000000e+15 6.020682043800000515e+36 1.761000000000000018e+39 1.000000000000000000e+00 0.000000000000000000e+00
7.647864766500000000e+15 5.981428754100000362e+36 1.755999999999999883e+39 1.000000000000000000e+00 0.000000000000000000e+00
7.604374011500000000e+15 5.942287074599999452e+36 1.751000000000000050e+39 1.000000000000000000e+00 0.000000000000000000e+00
7.561007267800000000e+15 5.903257005300000145e+36 1.745999999999999915e+39 1.000000000000000000e+00 0.000000000000000000e+00
7.517764535400000000e+15 5.864338546100000428e+36 1.741000000000000082e+39 1.000000000000000000e+00 0.000000000000000000e+00
7.474645814200000000e+15 5.825531697000000301e+36 1.735999999999999947e+39 1.000000000000000000e+00 0.000000000000000000e+00
7.431651104300000000e+15 5.786836458099999417e+36 1.731000000000000115e+39 1.000000000000000000e+00 0.000000000000000000e+00
7.388780405700000000e+15 5.748252829400000135e+36 1.725999999999999980e+39 1.000000000000000000e+00 0.000000000000000000e+00
7.346033718400000000e+15 5.709780810800000444e+36 1.721000000000000147e+39 1.000000000000000000e+00 0.000000000000000000e+00
7.303411042400000000e+15 5.671420402399999995e+36 1.716000000000000012e+39 1.000000000000000000e+00 0.000000000000000000e+00
7.260912377600000000e+15 5.633171604100000317e+36 1.710999999999999877e+39 1.000000000000000000e+00 0.000000000000000000e+00
7.218537724100000000e+15 5.595034415900000229e+36 1.706000000000000044e+39 1.000000000000000000e+00 0.000000000000000000e+00
7.176287081900000000e+15 5.557008837900000563e+36 1.700999999999999909e+39 1.000000000000000000e+00 0.000000000000000000e+00
7.134160450900000000e+15 5.519094870100000140e+36 1.696000000000000077e+39 1.000000000000000000e+00 0.000000000000000000e+00
7.092157831300000000e+15 5.481292512400000487e+36 1.690999999999999942e+39 1.000000000000000000e+00 0.000000000000000000e+00
7.050279222900000000e+15 5.443601764800000425e+36 1.686000000000000109e+39 1.000000000000000000e+00 0.000000000000000000e+00
7.008524625800000000e+15 5.406022627500000437e+36 1.680999999999999974e+39 1.000000000000000000e+00 0.000000000000000000e+00
6.966894040000000000e+15 5.368555100200000388e+36 1.676000000000000141e+39 1.000000000000000000e+00 0.000000000000000000e+00
6.925387465400000000e+15 5.331199183099999580e+36 1.671000000000000006e+39 1.000000000000000000e+00 0.000000000000000000e+00
6.884004902100000000e+15 5.293954876199999786e+36 1.665999999999999871e+39 1.000000000000000000e+00 0.000000000000000000e+00
6.842746350100000000e+15 5.256822179400000172e+36 1.661000000000000039e+39 1.000000000000000000e+00 0.000000000000000000e+00
6.801611809400000000e+15 5.219801092700000148e+36 1.655999999999999904e+39 1.000000000000000000e+00 0.000000000000000000e+00
6.760601280000000000e+15 5.182891616199999957e+36 1.651000000000000071e+39 1.000000000000000000e+00 0.000000000000000000e+00
6.719714761800000000e+15 5.146093749900000188e+36 1.645999999999999936e+39 1.000000000000000000e+00 0.000000000000000000e+00
6.678952254900000000e+15 5.109407493700000009e+36 1.641000000000000103e+39 1.000000000000000000e+00 0.000000000000000000e+00
6.638313759300000000e+15 5.072832847600000011e+36 1.635999999999999968e+39 1.000000000000000000e+00 0.000000000000000000e+00
6.597799275000000000e+15 5.036369811699999846e+36 1.631000000000000136e+39 1.000000000000000000e+00 0.000000000000000000e+00
6.557408801900000000e+15 5.000018386000000103e+36 1.626000000000000001e+39 1.000000000000000000e+00 0.000000000000000000e+00
6.517142340100000000e+15 4.963778570399999950e+36 1.620999999999999866e+39 1.000000000000000000e+00 0.000000000000000000e+00
6.476999889600000000e+15 4.927650364899999978e+36 1.616000000000000033e+39 1.000000000000000000e+00 0.000000000000000000e+00
6.436981450400000000e+15 4.891633769599999838e+36 1.610999999999999898e+39 1.000000000000000000e+00 0.000000000000000000e+00
6.397087022500000000e+15 4.855728784500000121e+36 1.606000000000000065e+39 1.000000000000000000e+00 0.000000000000000000e+00
6.357316605800000000e+15 4.819935409499999994e+36 1.600999999999999931e+39 1.000000000000000000e+00 0.000000000000000000e+00
6.317670200400000000e+15 4.784253644600000047e+36 1.596000000000000098e+39 1.000000000000000000e+00 0.000000000000000000e+00
6.278147806300000000e+15 4.748683489899999933e+36 1.590999999999999963e+39 1.000000000000000000e+00 0.000000000000000000e+00
6.238749423500000000e+15 4.713224945400000241e+36 1.586000000000000130e+39 1.000000000000000000e+00 0.000000000000000000e+00
6.199475051900000000e+15 4.677878011000000140e+36 1.580999999999999995e+39 1.000000000000000000e+00 0.000000000000000000e+00
6.160324691600000000e+15 4.642642686700000219e+36 1.575999999999999860e+39 1.000000000000000000e+00 0.000000000000000000e+00
6.121298342600000000e+15 4.607518972600000131e+36 1.571000000000000028e+39 1.000000000000000000e+00 0.000000000000000000e+00
6.082396004900000000e+15 4.572506868699999875e+36 1.565999999999999893e+39 1.000000000000000000e+00 0.000000000000000000e+00
6.043617678400000000e+15 4.537606374800000147e+36 1.561000000000000060e+39 1.000000000000000000e+00 0.000000000000000000e+00
6.004963363300000000e+15 4.502817491199999904e+36 1.555999999999999925e+39 1.000000000000000000e+00 0.000000000000000000e+00
5.966433059400000000e+15 4.468140217699999841e+36 1.551000000000000092e+39 1.000000000000000000e+00 0.000000000000000000e+00
5.928026766800000000e+15 4.433574554299999959e+36 1.545999999999999957e+39 1.000000000000000000e+00 0.000000000000000000e+00
5.889744485400000000e+15 4.399120501099999909e+36 1.541000000000000125e+39 1.000000000000000000e+00 0.000000000000000000e+00
5.851586215400000000e+15 4.364778058100000282e+36 1.535999999999999990e+39 1.000000000000000000e+00 0.000000000000000000e+00
5.813551956600000000e+15 4.330547225200000245e+36 1.530999999999999855e+39 1.000000000000000000e+00 0.000000000000000000e+00
5.775641709100000000e+15 4.296428002399999799e+36 1.526000000000000022e+39 1.000000000000000000e+00 0.000000000000000000e+00
5.737855472800000000e+15 4.262420389799999775e+36 1.520999999999999887e+39 1.000000000000000000e+00 0.000000000000000000e+00
5.700193247900000000e+15 4.228524387400000173e+36 1.516000000000000054e+39 1.000000000000000000e+00 0.000000000000000000e+00
5.662655034200000000e+15 4.194739994999999920e+36 1.510999999999999919e+39 1.000000000000000000e+00 0.000000000000000000e+00
5.625240831800000000e+15 4.161067212899999741e+36 1.506000000000000087e+39 1.000000000000000000e+00 0.000000000000000000e+00
5.587950640700000000e+15 4.127506040899999743e+36 1.500999999999999952e+39 1.000000000000000000e+00 0.000000000000000000e+00
5.550784460900000000e+15 4.094056478999999925e+36 1.496000000000000119e+39 1.000000000000000000e+00 0.000000000000000000e+00
5.513742292300000000e+15 4.060718527299999939e+36 1.490999999999999984e+39 1.000000000000000000e+00 0.000000000000000000e+00
5.476824135000000000e+15 4.027492185799999786e+36 1.485999999999999849e+39 1.000000000000000000e+00 0.000000000000000000e+00
5.440029989000000000e+15 3.994377454300000162e+36 1.481000000000000016e+39 1.000000000000000000e+00 0.000000000000000000e+00
5.403359854300000000e+15 3.961374333100000022e+36 1.475999999999999881e+39 1.000000000000000000e+00 0.000000000000000000e+00
5.366813730800000000e+15 3.928482822000000062e+36 1.471000000000000049e+39 1.000000000000000000e+00 0.000000000000000000e+00
5.330391618600000000e+15 3.895702921000000282e+36 1.465999999999999914e+39 1.000000000000000000e+00 0.000000000000000000e+00
5.294093517700000000e+15 3.863034630199999745e+36 1.461000000000000081e+39 1.000000000000000000e+00 0.000000000000000000e+00
5.257919428100000000e+15 3.830477949499999979e+36 1.455999999999999946e+39 1.000000000000000000e+00 0.000000000000000000e+00
5.221869349800000000e+15 3.798032879000000045e+36 1.451000000000000113e+39 1.000000000000000000e+00 0.000000000000000000e+00
5.185943282700000000e+15 3.765699418699999943e+36 1.445999999999999978e+39 1.000000000000000000e+00 0.000000000000000000e+00
5.150141226900000000e+15 3.733477568500000022e+36 1.441000000000000146e+39 1.000000000000000000e+00 0.000000000000000000e+00
5.114463182400000000e+15 3.701367328400000282e+36 1.436000000000000011e+39 1.000000000000000000e+00 0.000000000000000000e+00
5.078909149200000000e+15 3.669368698499999783e+36 1.430999999999999876e+39 1.000000000000000000e+00 0.000000000000000000e+00
5.043479127200000000e+15 3.637481678700000055e+36 1.426000000000000043e+39 1.000000000000000000e+00 0.000000000000000000e+00
5.008173116500000000e+15 3.605706269100000160e+36 1.420999999999999908e+39 1.000000000000000000e+00 0.000000000000000000e+00
4.972991117100000000e+15 3.574042469599999855e+36 1.416000000000000075e+39 1.000000000000000000e+00 0.000000000000000000e+00
4.937933129000000000e+15 3.542490280299999972e+36 1.410999999999999940e+39 1.000000000000000000e+00 0.000000000000000000e+00
4.902999152100000000e+15 3.511049701199999922e+36 1.406000000000000108e+39 1.000000000000000000e+00 0.000000000000000000e+00
4.868189186600000000e+15 3.479720732200000053e+36 1.400999999999999973e+39 1.000000000000000000e+00 0.000000000000000000e+00
4.833503232300000000e+15 3.448503373299999773e+36 1.396000000000000140e+39 1.000000000000000000e+00 0.000000000000000000e+00
4.798941289300000000e+15 3.417397624599999916e+36 1.391000000000000005e+39 1.000000000000000000e+00 0.000000000000000000e+00
4.764503357500000000e+15 3.386403486000000240e+36 1.385999999999999870e+39 1.000000000000000000e+00 0.000000000000000000e+00
4.730189437100000000e+15 3.355520957599999806e+36 1.381000000000000037e+39 1.000000000000000000e+00 0.000000000000000000e+00
4.695999527900000000e+15 3.324750039300000142e+36 1.375999999999999903e+39 1.000000000000000000e+00 0.000000000000000000e+00
4.661933630000000000e+15 3.294090731199999721e+36 1.371000000000000070e+39 1.000000000000000000e+00 0.000000000000000000e+00
4.627991743300000000e+15 3.263543033200000070e+36 1.365999999999999935e+39 1.000000000000000000e+00 0.000000000000000000e+00
4.594173868000000000e+15 3.233106945400000252e+36 1.360999999999999951e+39 1.000000000000000000e+00 0.000000000000000000e+00
4.560480003900000000e+15 3.202782467800000267e+36 1.355999999999999967e+39 1.000000000000000000e+00 0.000000000000000000e+00
4.526910151100000000e+15 3.172569600200000219e+36 1.350999999999999983e+39 1.000000000000000000e+00 0.000000000000000000e+00
4.493464309600000000e+15 3.142468342900000246e+36 1.346000000000000000e+39 1.000000000000000000e+00 0.000000000000000000e+00
4.460142479300000000e+15 3.112478695699999864e+36 1.341000000000000016e+39 1.000000000000000000e+00 0.000000000000000000e+00
4.426944660400000000e+15 3.082600658600000252e+36 1.336000000000000032e+39 1.000000000000000000e+00 0.000000000000000000e+00
4.393870852700000000e+15 3.052834231699999882e+36 1.331000000000000048e+39 1.000000000000000000e+00 0.000000000000000000e+00
4.360921056300000000e+15 3.023179414900000283e+36 1.326000000000000064e+39 1.000000000000000000e+00 0.000000000000000000e+00
4.328095271100000000e+15 2.993636208299999926e+36 1.320999999999999929e+39 1.000000000000000000e+00 0.000000000000000000e+00
4.295393497300000000e+15 2.964204611799999749e+36 1.315999999999999945e+39 1.000000000000000000e+00 0.000000000000000000e+00
4.262815734700000000e+15 2.934884625499999995e+36 1.310999999999999962e+39 1.000000000000000000e+00 0.000000000000000000e+00
4.230361983400000000e+15 2.905676249299999832e+36 1.305999999999999978e+39 1.000000000000000000e+00 0.000000000000000000e+00
4.198032243400000000e+15 2.876579483300000091e+36 1.300999999999999994e+39 1.000000000000000000e+00 0.000000000000000000e+00
4.165826514600000000e+15 2.847594327399999940e+36 1.296000000000000010e+39 1.000000000000000000e+00 0.000000000000000000e+00
4.133744797200000000e+15 2.818720781700000212e+36 1.291000000000000026e+39 1.000000000000000000e+00 0.000000000000000000e+00
4.101787091000000000e+15 2.789958846100000074e+36 1.286000000000000042e+39 1.000000000000000000e+00 0.000000000000000000e+00
4.069953396100000000e+15 2.761308520699999769e+36 1.281000000000000059e+39 1.000000000000000000e+00 0.000000000000000000e+00
4.038243712400000000e+15 2.732769805400000234e+36 1.276000000000000075e+39 1.000000000000000000e+00 0.000000000000000000e+00
4.006658040100000000e+15 2.704342700299999941e+36 1.270999999999999940e+39 1.000000000000000000e+00 0.000000000000000000e+00
3.975196379000000000e+15 2.676027205299999829e+36 1.265999999999999956e+39 1.000000000000000000e+00 0.000000000000000000e+00
3.943858729200000000e+15 2.647823320500000140e+36 1.260999999999999972e+39 1.000000000000000000e+00 0.000000000000000000e+00
3.912645090700000000e+15 2.619731045899999988e+36 1.255999999999999988e+39 1.000000000000000000e+00 0.000000000000000000e+00
3.881555463400000000e+15 2.591750381300000069e+36 1.251000000000000005e+39 1.000000000000000000e+00 0.000000000000000000e+00
3.850589847400000000e+15 2.563881326999999929e+36 1.246000000000000021e+39 1.000000000000000000e+00 0.000000000000000000e+00
3.819748242800000000e+15 2.536123882700000023e+36 1.241000000000000037e+39 1.000000000000000000e+00 0.000000000000000000e+00
3.789030649300000000e+15 2.508478048699999897e+36 1.236000000000000053e+39 1.000000000000000000e+00 0.000000000000000000e+00
3.758437067200000000e+15 2.480943824700000004e+36 1.231000000000000069e+39 1.000000000000000000e+00 0.000000000000000000e+00
3.727967496300000000e+15 2.453521210999999890e+36 1.225999999999999934e+39 1.000000000000000000e+00 0.000000000000000000e+00
3.697621936800000000e+15 2.426210207300000010e+36 1.220999999999999950e+39 1.000000000000000000e+00 0.000000000000000000e+00
3.667400388400000000e+15 2.399010813899999909e+36 1.215999999999999967e+39 1.000000000000000000e+00 0.000000000000000000e+00
3.637302851400000000e+15 2.371923030500000042e+36 1.210999999999999983e+39 1.000000000000000000e+00 0.000000000000000000e+00
3.607329325700000000e+15 2.344946857300000007e+36 1.205999999999999999e+39 1.000000000000000000e+00 0.000000000000000000e+00
3.577479811200000000e+15 2.318082294300000100e+36 1.201000000000000015e+39 1.000000000000000000e+00 0.000000000000000000e+00
3.547754308000000000e+15 2.291329341400000078e+36 1.196000000000000031e+39 1.000000000000000000e+00 0.000000000000000000e+00
3.518152816100000000e+15 2.264687998699999888e+36 1.191000000000000047e+39 1.000000000000000000e+00 0.000000000000000000e+00
3.488675335400000000e+15 2.238158266099999879e+36 1.186000000000000064e+39 1.000000000000000000e+00 0.000000000000000000e+00
3.459321866100000000e+15 2.211740143699999997e+36 1.180999999999999929e+39 1.000000000000000000e+00 0.000000000000000000e+00
3.430092408000000000e+15 2.185433631400000001e+36 1.175999999999999945e+39 1.000000000000000000e+00 0.000000000000000000e+00
3.400986961200000000e+15 2.159238729300000132e+36 1.170999999999999961e+39 1.000000000000000000e+00 0.000000000000000000e+00
3.372005525600000000e+15 2.133155437299999853e+36 1.165999999999999977e+39 1.000000000000000000e+00 0.000000000000000000e+00
3.343148101400000000e+15 2.107183755499999998e+36 1.160999999999999993e+39 1.000000000000000000e+00 0.000000000000000000e+00
3.314414688400000000e+15 2.081323683800000027e+36 1.156000000000000009e+39 1.000000000000000000e+00 0.000000000000000000e+00
3.285805286700000000e+15 2.055575222299999889e+36 1.151000000000000026e+39 1.000000000000000000e+00 0.000000000000000000e+00
3.257319896300000000e+15 2.029938370899999931e+36 1.146000000000000042e+39 1.000000000000000000e+00 0.000000000000000000e+00
3.228958517100000000e+15 2.004413129700000101e+36 1.141000000000000058e+39 1.000000000000000000e+00 0.000000000000000000e+00
3.200721149300000000e+15 1.978999498599999861e+36 1.136000000000000074e+39 1.000000000000000000e+00 0.000000000000000000e+00
3.172607792700000000e+15 1.953697477700000044e+36 1.130999999999999939e+39 1.000000000000000000e+00 0.000000000000000000e+00
3.144618447400000000e+15 1.928507066900000112e+36 1.125999999999999955e+39 1.000000000000000000e+00 0.000000000000000000e+00
3.116753113300000000e+15 1.903428266200000065e+36 1.120999999999999972e+39 1.000000000000000000e+00 0.000000000000000000e+00
3.089011790600000000e+15 1.878461075800000093e+36 1.115999999999999988e+39 1.000000000000000000e+00 0.000000000000000000e+00
3.061394479100000000e+15 1.853605495400000059e+36 1.111000000000000004e+39 1.000000000000000000e+00 0.000000000000000000e+00
3.033901178900000000e+15 1.828861525199999858e+36 1.106000000000000020e+39 1.000000000000000000e+00 0.000000000000000000e+00
3.006531890000000000e+15 1.804229165200000079e+36 1.101000000000000036e+39 1.000000000000000000e+00 0.000000000000000000e+00
2.979286612300000000e+15 1.779708415299999891e+36 1.096000000000000052e+39 1.000000000000000000e+00 0.000000000000000000e+00
2.952165345900000000e+15 1.755299275600000125e+36 1.091000000000000069e+39 1.000000000000000000e+00 0.000000000000000000e+00
2.925168090800000000e+15 1.731001745999999949e+36 1.085999999999999934e+39 1.000000000000000000e+00 0.000000000000000000e+00
2.898294847000000000e+15 1.706815826599999901e+36 1.080999999999999950e+39 1.000000000000000000e+00 0.000000000000000000e+00
2.871545614500000000e+15 1.682741517300000034e+36 1.075999999999999966e+39 1.000000000000000000e+00 0.000000000000000000e+00
2.844920393200000000e+15 1.658778818199999998e+36 1.070999999999999982e+39 1.000000000000000000e+00 0.000000000000000000e+00
2.818419183200000000e+15 1.634927729200000144e+36 1.065999999999999998e+39 1.000000000000000000e+00 0.000000000000000000e+00
2.792041984500000000e+15 1.611188250299999879e+36 1.061000000000000014e+39 1.000000000000000000e+00 0.000000000000000000e+00
2.765788797100000000e+15 1.587560381600000037e+36 1.056000000000000031e+39 1.000000000000000000e+00 0.000000000000000000e+00
2.739659621000000000e+15 1.564044123100000028e+36 1.051000000000000047e+39 1.000000000000000000e+00 0.000000000000000000e+00
2.713654456100000000e+15 1.540639474699999904e+36 1.046000000000000063e+39 1.000000000000000000e+00 0.000000000000000000e+00
2.687773302500000000e+15 1.517346436499999907e+36 1.040999999999999928e+39 1.000000000000000000e+00 0.000000000000000000e+00
2.662016160200000000e+15 1.494165008400000091e+36 1.035999999999999944e+39 1.000000000000000000e+00 0.000000000000000000e+00
2.636383029100000000e+15 1.471095190500000107e+36 1.030999999999999960e+39 1.000000000000000000e+00 0.000000000000000000e+00
2.610873909400000000e+15 1.448136982700000009e+36 1.025999999999999977e+39 1.000000000000000000e+00 0.000000000000000000e+00
2.585488800900000000e+15 1.425290385000000091e+36 1.020999999999999993e+39 1.000000000000000000e+00 0.000000000000000000e+00
2.560227703700000000e+15 1.402555397500000005e+36 1.016000000000000009e+39 1.000000000000000000e+00 0.000000000000000000e+00
2.535090617700000000e+15 1.379932020200000047e+36 1.011000000000000025e+39 1.000000000000000000e+00 0.000000000000000000e+00
2.510077543100000000e+15 1.357420252999999975e+36 1.006000000000000041e+39 1.000000000000000000e+00 0.000000000000000000e+00
2.485188479700000000e+15 1.335020096000000029e+36 1.001000000000000057e+39 1.000000000000000000e+00 0.000000000000000000e+00
2.460423427600000000e+15 1.312731549099999970e+36 9.960000000000000735e+38 1.000000000000000000e+00 0.000000000000000000e+00
2.435782386800000000e+15 1.290554612299999943e+36 9.909999999999999386e+38 1.000000000000000000e+00 0.000000000000000000e+00
2.411265357200000000e+15 1.268489285700000043e+36 9.859999999999999548e+38 1.000000000000000000e+00 0.000000000000000000e+00
2.386872339000000000e+15 1.246535569299999976e+36 9.809999999999999709e+38 1.000000000000000000e+00 0.000000000000000000e+00
2.362603332000000000e+15 1.224693462999999942e+36 9.759999999999999871e+38 1.000000000000000000e+00 0.000000000000000000e+00
2.338458336200000000e+15 1.202962966900000036e+36 9.710000000000000033e+38 1.000000000000000000e+00 0.000000000000000000e+00
2.314437351800000000e+15 1.181344080900000015e+36 9.660000000000000194e+38 1.000000000000000000e+00 0.000000000000000000e+00
2.290540378700000000e+15 1.159836805000000026e+36 9.610000000000000356e+38 1.000000000000000000e+00 0.000000000000000000e+00
2.266767416800000000e+15 1.138441139300000018e+36 9.560000000000000518e+38 1.000000000000000000e+00 0.000000000000000000e+00
2.243118466200000000e+15 1.117157083799999990e+36 9.510000000000000679e+38 1.000000000000000000e+00 0.000000000000000000e+00
2.219593526800000000e+15 1.095984638399999994e+36 9.459999999999999330e+38 1.000000000000000000e+00 0.000000000000000000e+00
2.196192598800000000e+15 1.074923803199999979e+36 9.409999999999999492e+38 1.000000000000000000e+00 0.000000000000000000e+00
2.172915682000000000e+15 1.053974578099999996e+36 9.359999999999999653e+38 1.000000000000000000e+00 0.000000000000000000e+00
2.149762776500000000e+15 1.033136963100000046e+36 9.309999999999999815e+38 1.000000000000000000e+00 0.000000000000000000e+00
2.126733882300000000e+15 1.012410958299999929e+36 9.259999999999999977e+38 1.000000000000000000e+00 0.000000000000000000e+00
2.103828999400000000e+15 9.917965636900000332e+35 9.210000000000000138e+38 1.000000000000000000e+00 0.000000000000000000e+00
2.081048127700000000e+15 9.712937791899999288e+35 9.160000000000000300e+38 1.000000000000000000e+00 0.000000000000000000e+00
2.058391267300000000e+15 9.509026048399999784e+35 9.110000000000000462e+38 1.000000000000000000e+00 0.000000000000000000e+00
2.035858418200000000e+15 9.306230406499999406e+35 9.060000000000000623e+38 1.000000000000000000e+00 0.000000000000000000e+00
2.013449580400000000e+15 9.104550866000000030e+35 9.009999999999999274e+38 1.000000000000000000e+00 0.000000000000000000e+00
1.991164753800000000e+15 8.903987427000000719e+35 8.959999999999999436e+38 1.000000000000000000e+00 0.000000000000000000e+00
1.969003938600000000e+15 8.704540089600000534e+35 8.909999999999999597e+38 1.000000000000000000e+00 0.000000000000000000e+00
1.946967134600000000e+15 8.506208853599999876e+35 8.859999999999999759e+38 1.000000000000000000e+00 0.000000000000000000e+00
1.925054341800000000e+15 8.308993719099999282e+35 8.809999999999999921e+38 1.000000000000000000e+00 0.000000000000000000e+00
1.903265560400000000e+15 8.112894686100000229e+35 8.760000000000000082e+38 1.000000000000000000e+00 0.000000000000000000e+00
1.881600790200000000e+15 7.917911754700000301e+35 8.710000000000000244e+38 1.000000000000000000e+00 0.000000000000000000e+00
1.860060031400000000e+15 7.724044924699999901e+35 8.660000000000000406e+38 1.000000000000000000e+00 0.000000000000000000e+00
1.838643283700000000e+15 7.531294196199999564e+35 8.610000000000000567e+38 1.000000000000000000e+00 0.000000000000000000e+00
1.817350547400000000e+15 7.339659569199999292e+35 8.560000000000000729e+38 1.000000000000000000e+00 0.000000000000000000e+00
1.796181822400000000e+15 7.149141043700000560e+35 8.509999999999999380e+38 1.000000000000000000e+00 0.000000000000000000e+00
1.775137108600000000e+15 6.959738619700000417e+35 8.459999999999999541e+38 1.000000000000000000e+00 0.000000000000000000e+00
1.754216406100000000e+15 6.771452297200000338e+35 8.409999999999999703e+38 1.000000000000000000e+00 0.000000000000000000e+00
1.733419714900000000e+15 6.584282076200000324e+35 8.359999999999999865e+38 1.000000000000000000e+00 0.000000000000000000e+00
1.712747034900000000e+15 6.398227956699999636e+35 8.310000000000000026e+38 1.000000000000000000e+00 0.000000000000000000e+00
1.692198366200000000e+15 6.213289938599999950e+35 8.260000000000000188e+38 1.000000000000000000e+00 0.000000000000000000e+00
1.671773708800000000e+15 6.029468022100000129e+35 8.210000000000000350e+38 1.000000000000000000e+00 0.000000000000000000e+00
1.651473062700000000e+15 5.846762207099999634e+35 8.160000000000000511e+38 3.538071066000000098e+00 0.000000000000000000e+00
1.637416117100000000e+15 5.720990701500000359e+35 8.110000000000000673e+38 3.538071066000000098e+00 0.000000000000000000e+00
1.623444657500000000e+15 5.597171920500000082e+35 8.059999999999999324e+38 3.538071066000000098e+00 0.000000000000000000e+00
1.609557874500000000e+15 5.475287378199999862e+35 8.009999999999999485e+38 3.538071066000000098e+00 0.000000000000000000e+00
1.595754961600000000e+15 5.355318650100000215e+35 7.959999999999999647e+38 3.538071066000000098e+00 0.000000000000000000e+00
1.582035115000000000e+15 5.237247373600000110e+35 7.909999999999999809e+38 3.538071066000000098e+00 0.000000000000000000e+00
1.568397533300000000e+15 5.121055247999999921e+35 7.859999999999999970e+38 3.538071066000000098e+00 0.000000000000000000e+00
1.554841418300000000e+15 5.006724034800000088e+35 7.810000000000000132e+38 3.538071066000000098e+00 0.000000000000000000e+00
1.541365974200000000e+15 4.894235557699999641e+35 7.760000000000000294e+38 3.538071066000000098e+00 0.000000000000000000e+00
1.527970408000000000e+15 4.783571702999999826e+35 7.710000000000000455e+38 3.538071066000000098e+00 0.000000000000000000e+00
1.514653929500000000e+15 4.674714419700000215e+35 7.660000000000000617e+38 3.538071066000000098e+00 0.000000000000000000e+00
1.501415751200000000e+15 4.567645719599999981e+35 7.609999999999999268e+38 3.538071066000000098e+00 0.000000000000000000e+00
1.488255088300000000e+15 4.462347677799999848e+35 7.559999999999999429e+38 3.538071066000000098e+00 0.000000000000000000e+00
1.475171159000000000e+15 4.358802432299999941e+35 7.509999999999999591e+38 3.538071066000000098e+00 0.000000000000000000e+00
1.462163184000000000e+15 4.256992184799999662e+35 7.459999999999999753e+38 3.538071066000000098e+00 0.000000000000000000e+00
1.449230387100000000e+15 4.156899200500000296e+35 7.409999999999999914e+38 3.538071066000000098e+00 0.000000000000000000e+00
1.436371994400000000e+15 4.058505808700000127e+35 7.360000000000000076e+38 3.538071066000000098e+00 0.000000000000000000e+00
1.423587235400000000e+15 3.961794402399999666e+35 7.310000000000000238e+38 3.538071066000000098e+00 0.000000000000000000e+00
1.410875342000000000e+15 3.866747439100000044e+35 7.260000000000000399e+38 3.538071066000000098e+00 0.000000000000000000e+00
1.398235549100000000e+15 3.773347440700000264e+35 7.210000000000000561e+38 3.538071066000000098e+00 0.000000000000000000e+00
1.385667094300000000e+15 3.681576993500000151e+35 7.160000000000000723e+38 3.538071066000000098e+00 0.000000000000000000e+00
1.373169218100000000e+15 3.591418749100000026e+35 7.109999999999999373e+38 3.538071066000000098e+00 0.000000000000000000e+00
1.360741164000000000e+15 3.502855423799999692e+35 7.059999999999999535e+38 3.538071066000000098e+00 0.000000000000000000e+00
1.348382178100000000e+15 3.415869799299999988e+35 7.009999999999999697e+38 3.538071066000000098e+00 0.000000000000000000e+00
1.336091509500000000e+15 3.330444722800000367e+35 6.959999999999999858e+38 3.538071066000000098e+00 0.000000000000000000e+00
1.323868410200000000e+15 3.246563107199999979e+35 6.910000000000000020e+38 3.538071066000000098e+00 0.000000000000000000e+00
1.311712135000000000e+15 3.164207931400000017e+35 6.860000000000000182e+38 3.538071066000000098e+00 0.000000000000000000e+00
1.299621941800000000e+15 3.083362240199999858e+35 6.810000000000000343e+38 3.538071066000000098e+00 0.000000000000000000e+00
1.287597091000000000e+15 3.004009145099999892e+35 6.759999999999999750e+38 3.538071066000000098e+00 0.000000000000000000e+00
1.275636846400000000e+15 2.926131823900000105e+35 6.709999999999999911e+38 3.538071066000000098e+00 0.000000000000000000e+00
1.263740474400000000e+15 2.849713521400000156e+35 6.660000000000000073e+38 3.538071066000000098e+00 0.000000000000000000e+00
1.251907244400000000e+15 2.774737549299999942e+35 6.610000000000000235e+38 3.538071066000000098e+00 0.000000000000000000e+00
1.240136428700000000e+15 2.701187286700000076e+35 6.559999999999999641e+38 3.538071066000000098e+00 0.000000000000000000e+00
1.228427302800000000e+15 2.629046180199999841e+35 6.509999999999999802e+38 3.538071066000000098e+00 0.000000000000000000e+00
1.216779145000000000e+15 2.558297744100000107e+35 6.459999999999999964e+38 3.538071066000000098e+00 0.000000000000000000e+00
1.205191236400000000e+15 2.488925560700000151e+35 6.410000000000000126e+38 3.538071066000000098e+00 0.000000000000000000e+00
1.193662861300000000e+15 2.420913280499999836e+35 6.360000000000000288e+38 3.538071066000000098e+00 0.000000000000000000e+00
1.182193307100000000e+15 2.354244622599999917e+35 6.309999999999999694e+38 3.538071066000000098e+00 0.000000000000000000e+00
1.170781863900000000e+15 2.288903374699999829e+35 6.259999999999999855e+38 3.538071066000000098e+00 0.000000000000000000e+00
1.159427825000000000e+15 2.224873393600000003e+35 6.210000000000000017e+38 3.538071066000000098e+00 0.000000000000000000e+00
1.148130486800000000e+15 2.162138605099999855e+35 6.160000000000000179e+38 3.538071066000000098e+00 0.000000000000000000e+00
1.136889148600000000e+15 2.100683004799999872e+35 6.110000000000000340e+38 3.538071066000000098e+00 0.000000000000000000e+00
1.125703112900000000e+15 2.040490657699999828e+35 6.059999999999999746e+38 3.538071066000000098e+00 0.000000000000000000e+00
1.114571685000000000e+15 1.981545699200000106e+35 6.009999999999999908e+38 3.538071066000000098e+00 0.000000000000000000e+00
1.103494173600000000e+15 1.923832334699999910e+35 5.960000000000000070e+38 3.538071066000000098e+00 0.000000000000000000e+00
1.092469890300000000e+15 1.867334840099999961e+35 5.910000000000000232e+38 3.538071066000000098e+00 0.000000000000000000e+00
1.081498149800000000e+15 1.812037562499999980e+35 5.859999999999999638e+38 3.538071066000000098e+00 0.000000000000000000e+00
1.070578269900000000e+15 1.757924919599999895e+35 5.809999999999999799e+38 3.538071066000000098e+00 0.000000000000000000e+00
1.059709571800000000e+15 1.704981400799999845e+35 5.759999999999999961e+38 3.538071066000000098e+00 0.000000000000000000e+00
1.048891379400000000e+15 1.653191567100000021e+35 5.710000000000000123e+38 3.538071066000000098e+00 0.000000000000000000e+00
1.038123020000000000e+15 1.602540051400000054e+35 5.660000000000000284e+38 3.538071066000000098e+00 0.000000000000000000e+00
1.027403824100000000e+15 1.553011558900000066e+35 5.609999999999999690e+38 3.538071066000000098e+00 0.000000000000000000e+00
1.016733125300000000e+15 1.504590867099999928e+35 5.559999999999999852e+38 3.538071066000000098e+00 0.000000000000000000e+00
1.006110260300000000e+15 1.457262826700000040e+35 5.510000000000000014e+38 3.538071066000000098e+00 0.000000000000000000e+00
9.955345691000000000e+14 1.411012361300000091e+35 5.460000000000000176e+38 3.538071066000000098e+00 0.000000000000000000e+00
9.850053949700000000e+14 1.365824467900000079e+35 5.410000000000000337e+38 3.538071066000000098e+00 0.000000000000000000e+00
9.745220843300000000e+14 1.321684217300000071e+35 5.359999999999999743e+38 3.538071066000000098e+00 0.000000000000000000e+00
9.640839868300000000e+14 1.278576754499999947e+35 5.309999999999999905e+38 3.538071066000000098e+00 0.000000000000000000e+00
9.536904554200000000e+14 1.236487298699999961e+35 5.260000000000000067e+38 3.538071066000000098e+00 0.000000000000000000e+00
9.433408463000000000e+14 1.195401143799999918e+35 5.210000000000000228e+38 3.538071066000000098e+00 0.000000000000000000e+00
9.330345189400000000e+14 1.155303658800000035e+35 5.159999999999999634e+38 3.538071066000000098e+00 0.000000000000000000e+00
9.227708361400000000e+14 1.116180288099999970e+35 5.109999999999999796e+38 3.538071066000000098e+00 0.000000000000000000e+00
9.125491640000000000e+14 1.078016551599999916e+35 5.059999999999999958e+38 3.538071066000000098e+00 0.000000000000000000e+00
9.023688719500000000e+14 1.040798045499999915e+35 5.010000000000000120e+38 3.538071066000000098e+00 0.000000000000000000e+00
8.922293327500000000e+14 1.004510442200000063e+35 4.960000000000000281e+38 3.538071066000000098e+00 0.000000000000000000e+00
8.821299225300000000e+14 9.691394909100000216e+34 4.909999999999999687e+38 3.538071066000000098e+00 0.000000000000000000e+00
8.720700208100000000e+14 9.346710178700000580e+34 4.859999999999999849e+38 3.538071066000000098e+00 0.000000000000000000e+00
8.620490104800000000e+14 9.010909268199999138e+34 4.810000000000000011e+38 3.538071066000000098e+00 0.000000000000000000e+00
8.520662778500000000e+14 8.683851993100000313e+34 4.760000000000000172e+38 3.538071066000000098e+00 0.000000000000000000e+00
8.421212126300000000e+14 8.365398950700000735e+34 4.710000000000000334e+38 3.538071066000000098e+00 0.000000000000000000e+00
8.322132079900000000e+14 8.055411524200000392e+34 4.659999999999999740e+38 3.538071066000000098e+00 0.000000000000000000e+00
8.223416605700000000e+14 7.753751886200000233e+34 4.609999999999999902e+38 3.538071066000000098e+00 0.000000000000000000e+00
8.125059704400000000e+14 7.460283002699999685e+34 4.560000000000000064e+38 3.538071066000000098e+00 0.000000000000000000e+00
8.027055412100000000e+14 7.174868637200000429e+34 4.510000000000000225e+38 3.538071066000000098e+00 0.000000000000000000e+00
7.929397799600000000e+14 6.897373354700000226e+34 4.459999999999999631e+38 3.538071066000000098e+00 0.000000000000000000e+00
7.832080973200000000e+14 6.627662525500000065e+34 4.409999999999999793e+38 3.538071066000000098e+00 0.000000000000000000e+00
7.735099074500000000e+14 6.365602329799999556e+34 4.359999999999999955e+38 3.538071066000000098e+00 0.000000000000000000e+00
7.638322327700000000e+14 6.119240981399999788e+34 4.310000000000000116e+38 2.960784313700000059e+00 0.000000000000000000e+00
7.541958005700000000e+14 5.911439857600000028e+34 4.260000000000000278e+38 2.960784313700000059e+00 0.000000000000000000e+00
7.445861587000000000e+14 5.708366440199999694e+34 4.209999999999999684e+38 2.960784313700000059e+00 0.000000000000000000e+00
7.350030049800000000e+14 5.509967403300000394e+34 4.159999999999999846e+38 2.960784313700000059e+00 0.000000000000000000e+00
7.254460371100000000e+14 5.316189396299999735e+34 4.110000000000000008e+38 2.960784313700000059e+00 0.000000000000000000e+00
7.159149526000000000e+14 5.126979043299999902e+34 4.060000000000000169e+38 2.960784313700000059e+00 0.000000000000000000e+00
7.064094488600000000e+14 4.942282943100000280e+34 4.010000000000000331e+38 2.960784313700000059e+00 0.000000000000000000e+00
6.969292231300000000e+14 4.762047668599999578e+34 3.959999999999999737e+38 2.960784313700000059e+00 0.000000000000000000e+00
6.874739725200000000e+14 4.586219766500000120e+34 3.909999999999999899e+38 2.960784313700000059e+00 0.000000000000000000e+00
6.780433939600000000e+14 4.414745757099999943e+34 3.860000000000000060e+38 2.960784313700000059e+00 0.000000000000000000e+00
6.686371842600000000e+14 4.247572134099999659e+34 3.810000000000000222e+38 2.960784313700000059e+00 0.000000000000000000e+00
6.592550400600000000e+14 4.084645363500000039e+34 3.759999999999999628e+38 2.960784313700000059e+00 0.000000000000000000e+00
6.498966578400000000e+14 3.925911884199999899e+34 3.709999999999999790e+38 2.960784313700000059e+00 0.000000000000000000e+00
6.405617339300000000e+14 3.771318106999999938e+34 3.659999999999999952e+38 2.960784313700000059e+00 0.000000000000000000e+00
6.312499645000000000e+14 3.620810414199999859e+34 3.610000000000000113e+38 2.960784313700000059e+00 0.000000000000000000e+00
6.219610455500000000e+14 3.474335159700000006e+34 3.560000000000000275e+38 2.960784313700000059e+00 0.000000000000000000e+00
6.126946729300000000e+14 3.331838668000000145e+34 3.509999999999999681e+38 2.960784313700000059e+00 0.000000000000000000e+00
6.034505423000000000e+14 3.193267234199999923e+34 3.459999999999999843e+38 2.960784313700000059e+00 0.000000000000000000e+00
5.942283491600000000e+14 3.058567123100000209e+34 3.410000000000000004e+38 2.960784313700000059e+00 0.000000000000000000e+00
5.850277888500000000e+14 2.927684569399999929e+34 3.360000000000000166e+38 2.960784313700000059e+00 0.000000000000000000e+00
5.758485565200000000e+14 2.800565776600000113e+34 3.309999999999999950e+38 2.960784313700000059e+00 0.000000000000000000e+00
5.666903471500000000e+14 2.677156916899999944e+34 3.260000000000000112e+38 2.960784313700000059e+00 0.000000000000000000e+00
5.575528555200000000e+14 2.557404130700000069e+34 3.209999999999999896e+38 2.960784313700000059e+00 0.000000000000000000e+00
5.484357762600000000e+14 2.441253525800000047e+34 3.160000000000000057e+38 2.960784313700000059e+00 0.000000000000000000e+00
5.393388037800000000e+14 2.328651177200000138e+34 3.109999999999999841e+38 2.960784313700000059e+00 0.000000000000000000e+00
5.302616323200000000e+14 2.219543126399999935e+34 3.060000000000000003e+38 2.960784313700000059e+00 0.000000000000000000e+00
5.212039559200000000e+14 2.113875380700000230e+34 3.010000000000000165e+38 2.960784313700000059e+00 0.000000000000000000e+00
5.121654684300000000e+14 2.011593913200000014e+34 2.959999999999999948e+38 2.960784313700000059e+00 0.000000000000000000e+00
5.031458635000000000e+14 1.912644661299999947e+34 2.910000000000000110e+38 2.960784313700000059e+00 0.000000000000000000e+00
4.941448345700000000e+14 1.816973526999999910e+34 2.859999999999999894e+38 2.960784313700000059e+00 0.000000000000000000e+00
4.851620748700000000e+14 1.724526375399999935e+34 2.810000000000000056e+38 2.960784313700000059e+00 0.000000000000000000e+00
4.761972774400000000e+14 1.635249034900000037e+34 2.759999999999999840e+38 2.960784313700000059e+00 0.000000000000000000e+00
4.672501350800000000e+14 1.549087295900000050e+34 2.710000000000000001e+38 2.960784313700000059e+00 0.000000000000000000e+00
4.583203403900000000e+14 1.465986910100000109e+34 2.660000000000000163e+38 2.960784313700000059e+00 0.000000000000000000e+00
4.494075857400000000e+14 1.385893590200000095e+34 2.609999999999999947e+38 2.960784313700000059e+00 0.000000000000000000e+00
4.405115632700000000e+14 1.308753008699999968e+34 2.560000000000000109e+38 2.960784313700000059e+00 0.000000000000000000e+00
4.316319649000000000e+14 1.234510797300000045e+34 2.509999999999999892e+38 2.960784313700000059e+00 0.000000000000000000e+00
4.227684823100000000e+14 1.163112546100000067e+34 2.460000000000000054e+38 2.960784313700000059e+00 0.000000000000000000e+00
4.139150000000000000e+14 1.099360000000000088e+34 2.409999999999999838e+38 4.102999999999999758e+00 0.000000000000000000e+00
4.050750000000000000e+14 1.008120000000000018e+34 2.360000000000000000e+38 4.118000000000000327e+00 0.000000000000000000e+00
3.962570000000000000e+14 9.224249999999999515e+33 2.310000000000000161e+38 4.133000000000000007e+00 0.000000000000000000e+00
3.874590000000000000e+14 8.420960000000000306e+33 2.259999999999999945e+38 4.147000000000000242e+00 0.000000000000000000e+00
3.786800000000000000e+14 7.669420000000000077e+33 2.210000000000000107e+38 4.160999999999999588e+00 0.000000000000000000e+00
3.699200000000000000e+14 6.967760000000000346e+33 2.159999999999999891e+38 4.174999999999999822e+00 0.000000000000000000e+00
3.611780000000000000e+14 6.314079999999999920e+33 2.110000000000000053e+38 4.187000000000000277e+00 0.000000000000000000e+00
3.524530000000000000e+14 5.706500000000000182e+33 2.059999999999999837e+38 4.198999999999999844e+00 0.000000000000000000e+00
3.437430000000000000e+14 5.143140000000000208e+33 2.009999999999999998e+38 4.208000000000000185e+00 0.000000000000000000e+00
3.350490000000000000e+14 4.622139999999999917e+33 1.960000000000000160e+38 4.216000000000000192e+00 0.000000000000000000e+00
3.263690000000000000e+14 4.141620000000000116e+33 1.909999999999999944e+38 4.221000000000000085e+00 0.000000000000000000e+00
3.177030000000000000e+14 3.699739999999999839e+33 1.860000000000000105e+38 4.224000000000000199e+00 0.000000000000000000e+00
3.090490000000000000e+14 3.294669999999999983e+33 1.809999999999999889e+38 4.222000000000000419e+00 0.000000000000000000e+00
3.004070000000000000e+14 2.924589999999999850e+33 1.760000000000000051e+38 4.214999999999999858e+00 0.000000000000000000e+00
2.917750000000000000e+14 2.587720000000000142e+33 1.709999999999999835e+38 4.201999999999999957e+00 0.000000000000000000e+00
2.831550000000000000e+14 2.282269999999999984e+33 1.659999999999999997e+38 4.181000000000000050e+00 0.000000000000000000e+00
2.745430000000000000e+14 2.006520000000000017e+33 1.609999999999999969e+38 4.150000000000000355e+00 0.000000000000000000e+00
2.659410000000000000e+14 1.758730000000000034e+33 1.559999999999999942e+38 4.107999999999999652e+00 0.000000000000000000e+00
2.573460000000000000e+14 1.537209999999999923e+33 1.509999999999999915e+38 4.049999999999999822e+00 0.000000000000000000e+00
2.487590000000000000e+14 1.340290000000000126e+33 1.460000000000000077e+38 3.975000000000000089e+00 0.000000000000000000e+00
2.401790000000000000e+14 1.166350000000000026e+33 1.410000000000000049e+38 3.878000000000000114e+00 0.000000000000000000e+00
1.666360000000000000e+14 6.690609999999999819e+32 9.805999999999999616e+37 3.411000000000000032e+00 1.386449999999999961e+29
1.661590000000000000e+14 6.663720000000000593e+32 9.778039999999999425e+37 3.408999999999999808e+00 2.702029999999999993e+29
1.656820000000000000e+14 6.650199999999999977e+32 9.750079999999999233e+37 3.412999999999999812e+00 4.137480000000000257e+29
1.652050000000000000e+14 6.637369999999999940e+32 9.722120000000000930e+37 3.415999999999999925e+00 5.113000000000000351e+29
1.647280000000000000e+14 6.624199999999999680e+32 9.694160000000000738e+37 3.419000000000000039e+00 5.845059999999999729e+29
1.642510000000000000e+14 6.610750000000000000e+32 9.666200000000000546e+37 3.420999999999999819e+00 6.434629999999999354e+29
1.637740000000000000e+14 6.597110000000000663e+32 9.638240000000000354e+37 3.423999999999999932e+00 6.930949999999999461e+29
1.632960000000000000e+14 6.583339999999999587e+32 9.610280000000000162e+37 3.426000000000000156e+00 7.361700000000000650e+29
1.628190000000000000e+14 6.569459999999999922e+32 9.582319999999999970e+37 3.427999999999999936e+00 7.744050000000000219e+29
1.623420000000000000e+14 6.555490000000000496e+32 9.554359999999999779e+37 3.430000000000000160e+00 8.089349999999999383e+29
1.618650000000000000e+14 6.541440000000000000e+32 9.526399999999999587e+37 3.432999999999999829e+00 8.405510000000000403e+29
1.613880000000000000e+14 6.527330000000000143e+32 9.498439999999999395e+37 3.435000000000000053e+00 8.698249999999999378e+29
1.609110000000000000e+14 6.513159999999999484e+32 9.470479999999999203e+37 3.436999999999999833e+00 8.971830000000000492e+29
1.604330000000000000e+14 6.498939999999999598e+32 9.442520000000000900e+37 3.439000000000000057e+00 9.229500000000000471e+29
1.599560000000000000e+14 6.484660000000000350e+32 9.414560000000000708e+37 3.440999999999999837e+00 9.473810000000000363e+29
1.594790000000000000e+14 6.470339999999999847e+32 9.386600000000000516e+37 3.443000000000000060e+00 9.706749999999999326e+29
1.590020000000000000e+14 6.455970000000000117e+32 9.358640000000000324e+37 3.444999999999999840e+00 9.929959999999999378e+29
1.585250000000000000e+14 6.441549999999999718e+32 9.330680000000000133e+37 3.447000000000000064e+00 1.014479999999999949e+30
1.580480000000000000e+14 6.427090000000000226e+32 9.302719999999999941e+37 3.448999999999999844e+00 1.035219999999999980e+30
1.575700000000000000e+14 6.412590000000000199e+32 9.274759999999999749e+37 3.451000000000000068e+00 1.055329999999999959e+30
1.570930000000000000e+14 6.398050000000000357e+32 9.246799999999999557e+37 3.452999999999999847e+00 1.074880000000000017e+30
1.566160000000000000e+14 6.383459999999999847e+32 9.218839999999999365e+37 3.455000000000000071e+00 1.093920000000000007e+30
1.561390000000000000e+14 6.368839999999999657e+32 9.190879999999999173e+37 3.456999999999999851e+00 1.112530000000000057e+30
1.556620000000000000e+14 6.354170000000000239e+32 9.162920000000000870e+37 3.459000000000000075e+00 1.130730000000000024e+30
1.551850000000000000e+14 6.339460000000000287e+32 9.134960000000000678e+37 3.462000000000000188e+00 1.148590000000000039e+30
1.547080000000000000e+14 6.324719999999999933e+32 9.107000000000000487e+37 3.463999999999999968e+00 1.166129999999999958e+30
1.542310000000000000e+14 6.309930000000000352e+32 9.079040000000000295e+37 3.466000000000000192e+00 1.183390000000000058e+30
1.537540000000000000e+14 6.295109999999999649e+32 9.051080000000000103e+37 3.467999999999999972e+00 1.200390000000000053e+30
1.532760000000000000e+14 6.280239999999999719e+32 9.023119999999999911e+37 3.470000000000000195e+00 1.217169999999999939e+30
1.527990000000000000e+14 6.265340000000000109e+32 8.995159999999999719e+37 3.471999999999999975e+00 1.233729999999999997e+30
1.523220000000000000e+14 6.250399999999999964e+32 8.967199999999999527e+37 3.474000000000000199e+00 1.250109999999999939e+30
1.518450000000000000e+14 6.235409999999999871e+32 8.939239999999999335e+37 3.475999999999999979e+00 1.266310000000000047e+30
1.513680000000000000e+14 6.220390000000000097e+32 8.911279999999999143e+37 3.478000000000000203e+00 1.282369999999999894e+30
1.508910000000000000e+14 6.205329999999999788e+32 8.883320000000000841e+37 3.479999999999999982e+00 1.298279999999999902e+30
1.504140000000000000e+14 6.190229999999999666e+32 8.855360000000000649e+37 3.482000000000000206e+00 1.314059999999999929e+30
1.499370000000000000e+14 6.175089999999999729e+32 8.827400000000000457e+37 3.483999999999999986e+00 1.329739999999999970e+30
1.494600000000000000e+14 6.159909999999999978e+32 8.799440000000000265e+37 3.486000000000000210e+00 1.345310000000000027e+30
1.489830000000000000e+14 6.144689999999999692e+32 8.771480000000000073e+37 3.487999999999999989e+00 1.360780000000000097e+30
1.485060000000000000e+14 6.129430000000000312e+32 8.743519999999999881e+37 3.491000000000000103e+00 1.376169999999999898e+30
1.480290000000000000e+14 6.114129999999999677e+32 8.715559999999999689e+37 3.492999999999999883e+00 1.391489999999999989e+30
1.475520000000000000e+14 6.098789999999999949e+32 8.687599999999999497e+37 3.495000000000000107e+00 1.406740000000000091e+30
1.470750000000000000e+14 6.083409999999999685e+32 8.659639999999999306e+37 3.496999999999999886e+00 1.421919999999999921e+30
1.465980000000000000e+14 6.067990000000000328e+32 8.631679999999999114e+37 1.489000000000000101e+00 1.437060000000000038e+30
1.461210000000000000e+14 6.052529999999999716e+32 8.603720000000000811e+37 1.491000000000000103e+00 1.452139999999999882e+30
1.456440000000000000e+14 6.037030000000000010e+32 8.575760000000000619e+37 1.493000000000000105e+00 1.467180000000000013e+30
1.451670000000000000e+14 6.021489999999999769e+32 8.547800000000000427e+37 1.495999999999999996e+00 1.482189999999999867e+30
1.446900000000000000e+14 6.005909999999999714e+32 8.519840000000000235e+37 1.497999999999999998e+00 1.497160000000000008e+30
1.442130000000000000e+14 5.990289999999999845e+32 8.491880000000000043e+37 1.500000000000000000e+00 1.512109999999999870e+30
1.437360000000000000e+14 5.974630000000000161e+32 8.463919999999999851e+37 1.502000000000000002e+00 1.527030000000000019e+30
1.432590000000000000e+14 5.958929999999999943e+32 8.435959999999999660e+37 1.504000000000000004e+00 1.541929999999999888e+30
1.427820000000000000e+14 5.943179999999999777e+32 8.408000000000000412e+37 1.506000000000000005e+00 1.556820000000000040e+30
1.423050000000000000e+14 5.927399999999999930e+32 8.380040000000000220e+37 1.508000000000000007e+00 1.571699999999999913e+30
1.418280000000000000e+14 5.911580000000000269e+32 8.352080000000000028e+37 1.510000000000000009e+00 1.586560000000000069e+30
1.413510000000000000e+14 5.895709999999999940e+32 8.324119999999999837e+37 1.512999999999999901e+00 1.601419999999999944e+30
1.408740000000000000e+14 5.879799999999999796e+32 8.296159999999999645e+37 1.514999999999999902e+00 1.616280000000000101e+30
1.403970000000000000e+14 5.863859999999999972e+32 8.268200000000000397e+37 1.516999999999999904e+00 1.631139999999999976e+30
1.399200000000000000e+14 5.847870000000000200e+32 8.240240000000000205e+37 1.518999999999999906e+00 1.646000000000000132e+30
1.394430000000000000e+14 5.831829999999999759e+32 8.212280000000000014e+37 1.520999999999999908e+00 1.660870000000000006e+30
1.389660000000000000e+14 5.815760000000000359e+32 8.184319999999999822e+37 1.522999999999999909e+00 1.675739999999999880e+30
1.384890000000000000e+14 5.799649999999999703e+32 8.156359999999999630e+37 1.524999999999999911e+00 1.690630000000000032e+30
1.380120000000000000e+14 5.783489999999999820e+32 8.128400000000000382e+37 1.528000000000000025e+00 1.705519999999999903e+30
1.375350000000000000e+14 5.767290000000000122e+32 8.100440000000000191e+37 1.530000000000000027e+00 1.720430000000000052e+30
1.370580000000000000e+14 5.751049999999999890e+32 8.072479999999999999e+37 1.532000000000000028e+00 1.735359999999999918e+30
1.365810000000000000e+14 5.734769999999999844e+32 8.044519999999999807e+37 1.534000000000000030e+00 1.750300000000000063e+30
1.361050000000000000e+14 5.718439999999999850e+32 8.016559999999999615e+37 1.536000000000000032e+00 1.765259999999999924e+30
1.356280000000000000e+14 5.702070000000000041e+32 7.988600000000000368e+37 1.538000000000000034e+00 1.780240000000000063e+30
1.351510000000000000e+14 5.685659999999999698e+32 7.960640000000000176e+37 1.540000000000000036e+00 1.795249999999999917e+30
1.346740000000000000e+14 5.669210000000000261e+32 7.932679999999999984e+37 1.542000000000000037e+00 1.810280000000000050e+30
1.341970000000000000e+14 5.652720000000000289e+32 7.904719999999999792e+37 1.544999999999999929e+00 1.825329999999999898e+30
1.337200000000000000e+14 5.636179999999999649e+32 7.876759999999999600e+37 1.546999999999999931e+00 1.840410000000000024e+30
1.332430000000000000e+14 5.619599999999999915e+32 7.848800000000000353e+37 1.548999999999999932e+00 1.855519999999999864e+30
1.327660000000000000e+14 5.602970000000000233e+32 7.820840000000000161e+37 1.550999999999999934e+00 1.870649999999999982e+30
1.322900000000000000e+14 5.586310000000000150e+32 7.792879999999999969e+37 1.552999999999999936e+00 1.885820000000000095e+30
1.318130000000000000e+14 5.569600000000000119e+32 7.764919999999999777e+37 1.554999999999999938e+00 1.901009999999999924e+30
1.313360000000000000e+14 5.552840000000000141e+32 7.736959999999999585e+37 1.556999999999999940e+00 1.916240000000000028e+30
1.308590000000000000e+14 5.536049999999999761e+32 7.709000000000000338e+37 1.558999999999999941e+00 1.931500000000000128e+30
1.303820000000000000e+14 5.519210000000000154e+32 7.681040000000000146e+37 1.560999999999999943e+00 1.946799999999999941e+30
1.299060000000000000e+14 5.502319999999999878e+32 7.653079999999999954e+37 1.564000000000000057e+00 1.962130000000000031e+30
1.294290000000000000e+14 5.485389999999999788e+32 7.625119999999999762e+37 1.566000000000000059e+00 1.977490000000000117e+30
1.289520000000000000e+14 5.468419999999999884e+32 7.597159999999999570e+37 1.568000000000000060e+00 1.992889999999999916e+30
1.284750000000000000e+14 5.454160000000000183e+32 7.569200000000000323e+37 1.568000000000000060e+00 1.282189999999999919e+30
1.279980000000000000e+14 5.437140000000000331e+32 7.541240000000000131e+37 1.570000000000000062e+00 1.289120000000000068e+30
1.275220000000000000e+14 5.420079999999999944e+32 7.513279999999999939e+37 1.572000000000000064e+00 1.296079999999999931e+30
1.270450000000000000e+14 5.402970000000000330e+32 7.485319999999999747e+37 1.574999999999999956e+00 1.303070000000000071e+30
1.265680000000000000e+14 5.385820000000000181e+32 7.457359999999999555e+37 1.576999999999999957e+00 1.310089999999999926e+30
1.260910000000000000e+14 5.368620000000000085e+32 7.429400000000000308e+37 1.578999999999999959e+00 1.317140000000000058e+30
1.256150000000000000e+14 5.351380000000000174e+32 7.401440000000000116e+37 1.580999999999999961e+00 1.324209999999999906e+30
1.251380000000000000e+14 5.334099999999999728e+32 7.373479999999999924e+37 1.582999999999999963e+00 1.331310000000000030e+30
1.246610000000000000e+14 5.316770000000000055e+32 7.345519999999999732e+37 1.584999999999999964e+00 1.338439999999999869e+30
1.241840000000000000e+14 5.299399999999999847e+32 7.317559999999999541e+37 1.586999999999999966e+00 1.345599999999999986e+30
1.232310000000000000e+14 5.270089999999999971e+32 7.261640000000000101e+37 1.588000000000000078e+00 7.532579999999999355e+29
1.222770000000000000e+14 5.235219999999999979e+32 7.205719999999999718e+37 1.592000000000000082e+00 7.552050000000000551e+29
1.218010000000000000e+14 5.217710000000000061e+32 7.177760000000000470e+37 1.594000000000000083e+00 7.562079999999999418e+29
1.208470000000000000e+14 5.182570000000000062e+32 7.121840000000000086e+37 1.598000000000000087e+00 7.582739999999999883e+29
1.184640000000000000e+14 5.093920000000000176e+32 6.982040000000000072e+37 1.608000000000000096e+00 7.637690000000000579e+29
1.175110000000000000e+14 5.058140000000000267e+32 6.926119999999999688e+37 1.612000000000000099e+00 7.660940000000000115e+29
1.165580000000000000e+14 5.022180000000000113e+32 6.870200000000000249e+37 1.616000000000000103e+00 7.684880000000000399e+29
1.151280000000000000e+14 4.967900000000000021e+32 6.786319999999999673e+37 1.622999999999999998e+00 7.722050000000000506e+29
1.141750000000000000e+14 4.931480000000000202e+32 6.730400000000000234e+37 1.627000000000000002e+00 7.747649999999999711e+29
1.136980000000000000e+14 4.913200000000000077e+32 6.702440000000000042e+37 1.629000000000000004e+00 7.760690000000000125e+29
1.108390000000000000e+14 4.802560000000000185e+32 6.534679999999999835e+37 1.641000000000000014e+00 7.842079999999999345e+29
1.098860000000000000e+14 4.765320000000000211e+32 6.478760000000000396e+37 1.645000000000000018e+00 7.870370000000000422e+29
1.094100000000000000e+14 4.746620000000000236e+32 6.450800000000000204e+37 1.647000000000000020e+00 7.884719999999999806e+29
1.089330000000000000e+14 4.727879999999999726e+32 6.422840000000000012e+37 1.649000000000000021e+00 7.899210000000000015e+29
1.084570000000000000e+14 4.709089999999999988e+32 6.394879999999999820e+37 1.651000000000000023e+00 7.913819999999999925e+29
1.065510000000000000e+14 4.633480000000000066e+32 6.283039999999999997e+37 1.659000000000000030e+00 7.973580000000000507e+29
1.060740000000000000e+14 4.614460000000000136e+32 6.255079999999999805e+37 1.661000000000000032e+00 7.988820000000000610e+29
1.041690000000000000e+14 4.537920000000000029e+32 6.143239999999999982e+37 1.669000000000000039e+00 8.050970000000000291e+29
1.032160000000000000e+14 4.499369999999999835e+32 6.087319999999999599e+37 1.673000000000000043e+00 8.082720000000000036e+29
1.022630000000000000e+14 4.460629999999999983e+32 6.031400000000000159e+37 1.677000000000000046e+00 8.114880000000000287e+29
1.013110000000000000e+14 4.421709999999999886e+32 5.975479999999999776e+37 1.681000000000000050e+00 8.147449999999999635e+29
9.940560000000000000e+13 4.343299999999999998e+32 5.863639999999999953e+37 1.689000000000000057e+00 8.213709999999999300e+29
9.892930000000000000e+13 4.323580000000000077e+32 5.835679999999999761e+37 1.691000000000000059e+00 8.230490000000000030e+29
9.797680000000000000e+13 4.284009999999999936e+32 5.779760000000000321e+37 1.695000000000000062e+00 8.264310000000000609e+29
9.654810000000000000e+13 4.224289999999999890e+32 5.695879999999999746e+37 1.701000000000000068e+00 8.315619999999999567e+29
9.511950000000000000e+13 4.164170000000000260e+32 5.612000000000000115e+37 1.707000000000000073e+00 8.367560000000000125e+29
9.464330000000000000e+13 4.144029999999999767e+32 5.584039999999999923e+37 1.709000000000000075e+00 8.384999999999999918e+29
9.416720000000000000e+13 4.123850000000000181e+32 5.556079999999999731e+37 1.711000000000000076e+00 8.402500000000000265e+29
9.321490000000000000e+13 4.083349999999999856e+32 5.500160000000000292e+37 1.715000000000000080e+00 8.437670000000000654e+29
9.178650000000000000e+13 4.022250000000000095e+32 5.416279999999999716e+37 1.721000000000000085e+00 8.490809999999999635e+29
9.083430000000000000e+13 3.981290000000000106e+32 5.360360000000000277e+37 1.725000000000000089e+00 8.526449999999999677e+29
8.988220000000000000e+13 3.940149999999999871e+32 5.304439999999999893e+37 1.727999999999999980e+00 8.562230000000000543e+29
8.940620000000000000e+13 3.919509999999999899e+32 5.276479999999999701e+37 1.729999999999999982e+00 8.580170000000000265e+29
8.750210000000000000e+13 3.836509999999999893e+32 5.164639999999999878e+37 1.737999999999999989e+00 8.652159999999999403e+29
8.702610000000000000e+13 3.815649999999999862e+32 5.136679999999999686e+37 1.739999999999999991e+00 8.670200000000000519e+29
8.655020000000000000e+13 3.794739999999999883e+32 5.108720000000000439e+37 1.741999999999999993e+00 8.688249999999999381e+29
8.512230000000000000e+13 3.731739999999999939e+32 5.024839999999999863e+37 1.747999999999999998e+00 8.742430000000000467e+29
8.464640000000000000e+13 3.710659999999999848e+32 4.996879999999999671e+37 1.750000000000000000e+00 8.760489999999999891e+29
8.226700000000000000e+13 3.604570000000000260e+32 4.857079999999999657e+37 1.760000000000000009e+00 8.850580000000000699e+29
8.179110000000000000e+13 3.583230000000000297e+32 4.829120000000000409e+37 1.760999999999999899e+00 8.868529999999999576e+29
7.988790000000000000e+13 3.497410000000000058e+32 4.717279999999999642e+37 1.768999999999999906e+00 8.940000000000000476e+29
7.893640000000000000e+13 3.454240000000000065e+32 4.661360000000000202e+37 1.772999999999999909e+00 8.975460000000000261e+29
7.846060000000000000e+13 3.440410000000000348e+32 4.633400000000000011e+37 1.768000000000000016e+00 1.002579999999999938e+30
7.798490000000000000e+13 3.418940000000000088e+32 4.605439999999999819e+37 1.770000000000000018e+00 9.991760000000000516e+29
7.750920000000000000e+13 3.397430000000000013e+32 4.577479999999999627e+37 1.772000000000000020e+00 9.957539999999999993e+29
7.703350000000000000e+13 3.375869999999999991e+32 4.549520000000000379e+37 1.772999999999999909e+00 9.923140000000000621e+29
7.655780000000000000e+13 3.354280000000000288e+32 4.521560000000000188e+37 1.774999999999999911e+00 9.888559999999999586e+29
7.608210000000000000e+13 3.332650000000000050e+32 4.493599999999999996e+37 1.776999999999999913e+00 9.853790000000000548e+29
7.560640000000000000e+13 3.310979999999999998e+32 4.465639999999999804e+37 1.778999999999999915e+00 9.818830000000000692e+29
7.513080000000000000e+13 3.289270000000000132e+32 4.437679999999999612e+37 1.780000000000000027e+00 9.783680000000000019e+29
7.465510000000000000e+13 3.267519999999999731e+32 4.409720000000000365e+37 1.782000000000000028e+00 9.748339999999999935e+29
7.417950000000000000e+13 3.245730000000000236e+32 4.381760000000000173e+37 1.784000000000000030e+00 9.712799999999999880e+29
7.370390000000000000e+13 3.223899999999999846e+32 4.353799999999999981e+37 1.786000000000000032e+00 9.677050000000000699e+29
7.322830000000000000e+13 3.202040000000000136e+32 4.325839999999999789e+37 1.786999999999999922e+00 9.641100000000000138e+29
7.275270000000000000e+13 3.180130000000000118e+32 4.297879999999999597e+37 1.788999999999999924e+00 9.604940000000000451e+29
7.227720000000000000e+13 3.158190000000000059e+32 4.269920000000000350e+37 1.790999999999999925e+00 9.568559999999999670e+29
7.180160000000000000e+13 3.136209999999999826e+32 4.241960000000000158e+37 1.792999999999999927e+00 9.531969999999999763e+29
7.132610000000000000e+13 3.114190000000000138e+32 4.213999999999999966e+37 1.794000000000000039e+00 9.495149999999999606e+29
7.085060000000000000e+13 3.092140000000000050e+32 4.186039999999999774e+37 1.796000000000000041e+00 9.458109999999999762e+29
7.037510000000000000e+13 3.070050000000000147e+32 4.158080000000000054e+37 1.798000000000000043e+00 9.420850000000000231e+29
6.989960000000000000e+13 3.047920000000000070e+32 4.130119999999999863e+37 1.800000000000000044e+00 9.383349999999999889e+29
6.942410000000000000e+13 3.025759999999999952e+32 4.102160000000000143e+37 1.800999999999999934e+00 9.345610000000000143e+29
6.894870000000000000e+13 3.003560000000000019e+32 4.074199999999999951e+37 1.802999999999999936e+00 9.307640000000000149e+29
6.847330000000000000e+13 2.981319999999999913e+32 4.046240000000000231e+37 1.804999999999999938e+00 9.269429999999999344e+29
6.799780000000000000e+13 2.959050000000000125e+32 4.018280000000000040e+37 1.806000000000000050e+00 9.230969999999999982e+29
6.752250000000000000e+13 2.936749999999999937e+32 3.990319999999999848e+37 1.808000000000000052e+00 9.192260000000000655e+29
6.704710000000000000e+13 2.914409999999999934e+32 3.962360000000000128e+37 1.810000000000000053e+00 9.153299999999999956e+29
6.657170000000000000e+13 2.892030000000000117e+32 3.934399999999999936e+37 1.810999999999999943e+00 9.114090000000000699e+29
6.609640000000000000e+13 2.869630000000000033e+32 3.906440000000000217e+37 1.812999999999999945e+00 9.074619999999999509e+29
6.562100000000000000e+13 2.847190000000000135e+32 3.878480000000000025e+37 1.814999999999999947e+00 9.034880000000000046e+29
6.514570000000000000e+13 2.824710000000000062e+32 3.850519999999999833e+37 1.816999999999999948e+00 8.994880000000000056e+29
6.467040000000000000e+13 2.802199999999999948e+32 3.822560000000000113e+37 1.818000000000000060e+00 8.954599999999999825e+29
6.419520000000000000e+13 2.779669999999999927e+32 3.794599999999999921e+37 1.820000000000000062e+00 8.914060000000000474e+29
6.371990000000000000e+13 2.757100000000000092e+32 3.766640000000000202e+37 1.822000000000000064e+00 8.873239999999999475e+29
6.324470000000000000e+13 2.734490000000000083e+32 3.738680000000000010e+37 1.822999999999999954e+00 8.832139999999999640e+29
6.276950000000000000e+13 2.711860000000000166e+32 3.710719999999999818e+37 1.824999999999999956e+00 8.790750000000000410e+29
6.229430000000000000e+13 2.689199999999999848e+32 3.682760000000000098e+37 1.826999999999999957e+00 8.749079999999999530e+29
6.181910000000000000e+13 2.666500000000000077e+32 3.654799999999999906e+37 1.828000000000000069e+00 8.707129999999999815e+29
6.134390000000000000e+13 2.643780000000000037e+32 3.626840000000000187e+37 1.830000000000000071e+00 8.664880000000000143e+29
6.086880000000000000e+13 2.621029999999999958e+32 3.598879999999999995e+37 1.830999999999999961e+00 8.622330000000000513e+29
6.039370000000000000e+13 2.598249999999999837e+32 3.570919999999999803e+37 1.832999999999999963e+00 8.579479999999999518e+29
5.991860000000000000e+13 2.575440000000000036e+32 3.542960000000000083e+37 1.834999999999999964e+00 8.536329999999999972e+29
5.944350000000000000e+13 2.552599999999999833e+32 3.514999999999999892e+37 1.836000000000000076e+00 8.492880000000000469e+29
5.896840000000000000e+13 2.529740000000000084e+32 3.487040000000000172e+37 1.838000000000000078e+00 8.449120000000000447e+29
5.849340000000000000e+13 2.506849999999999934e+32 3.459079999999999980e+37 1.840000000000000080e+00 8.405039999999999344e+29
5.801830000000000000e+13 2.483939999999999877e+32 3.431119999999999788e+37 1.840999999999999970e+00 8.360650000000000536e+29
5.754330000000000000e+13 2.460990000000000005e+32 3.403160000000000069e+37 1.842999999999999972e+00 8.315940000000000648e+29
5.706840000000000000e+13 2.438030000000000000e+32 3.375199999999999877e+37 1.844000000000000083e+00 8.270909999999999679e+29
5.659340000000000000e+13 2.415039999999999954e+32 3.347240000000000157e+37 1.846000000000000085e+00 8.225560000000000443e+29
5.611850000000000000e+13 2.392030000000000001e+32 3.319279999999999965e+37 1.848000000000000087e+00 8.179870000000000412e+29
5.564350000000000000e+13 2.371139999999999929e+32 3.291319999999999773e+37 1.846999999999999975e+00 9.762080000000000250e+29
5.516860000000000000e+13 2.348129999999999975e+32 3.263360000000000054e+37 1.848000000000000087e+00 9.677800000000000593e+29
5.469380000000000000e+13 2.325109999999999889e+32 3.235399999999999862e+37 1.850000000000000089e+00 9.593330000000000118e+29
5.421890000000000000e+13 2.302060000000000121e+32 3.207440000000000142e+37 1.850999999999999979e+00 9.508679999999999387e+29
5.374410000000000000e+13 2.278990000000000086e+32 3.179479999999999950e+37 1.852999999999999980e+00 9.423849999999999808e+29
5.326930000000000000e+13 2.255900000000000145e+32 3.151520000000000231e+37 1.854000000000000092e+00 9.338829999999999411e+29
5.279450000000000000e+13 2.232789999999999935e+32 3.123560000000000039e+37 1.856000000000000094e+00 9.253619999999999603e+29
5.231970000000000000e+13 2.209669999999999953e+32 3.095599999999999847e+37 1.856999999999999984e+00 9.168229999999999540e+29
5.184500000000000000e+13 2.186519999999999929e+32 3.067640000000000127e+37 1.858999999999999986e+00 9.082669999999999782e+29
5.137020000000000000e+13 2.163360000000000132e+32 3.039679999999999935e+37 1.860000000000000098e+00 8.996920000000000613e+29
5.089550000000000000e+13 2.140180000000000068e+32 3.011720000000000216e+37 1.862000000000000099e+00 8.910989999999999781e+29
5.042090000000000000e+13 2.116989999999999870e+32 2.983760000000000024e+37 1.862999999999999989e+00 8.824880000000000101e+29
4.994620000000000000e+13 2.093780000000000125e+32 2.955799999999999832e+37 1.864999999999999991e+00 8.738599999999999318e+29
4.947160000000000000e+13 2.070559999999999886e+32 2.927840000000000112e+37 1.866000000000000103e+00 8.652139999999999687e+29
4.899700000000000000e+13 2.047320000000000101e+32 2.899879999999999921e+37 1.868000000000000105e+00 8.565499999999999800e+29
4.852240000000000000e+13 2.024069999999999821e+32 2.871920000000000201e+37 1.868999999999999995e+00 8.478699999999999372e+29
4.804790000000000000e+13 2.000810000000000128e+32 2.843960000000000009e+37 1.870999999999999996e+00 8.391720000000000096e+29
4.757330000000000000e+13 1.977539999999999941e+32 2.815999999999999817e+37 1.872000000000000108e+00 8.304580000000000279e+29
4.709880000000000000e+13 1.954259999999999981e+32 2.788040000000000098e+37 1.872999999999999998e+00 8.217269999999999361e+29
4.662430000000000000e+13 1.930969999999999888e+32 2.760079999999999906e+37 1.875000000000000000e+00 8.129799999999999309e+29
4.614990000000000000e+13 1.907670000000000020e+32 2.732120000000000186e+37 1.875999999999999890e+00 8.042159999999999563e+29
4.567550000000000000e+13 1.884370000000000153e+32 2.704159999999999994e+37 1.877999999999999892e+00 7.954369999999999837e+29
4.520110000000000000e+13 1.861060000000000152e+32 2.676199999999999802e+37 1.879000000000000004e+00 7.866419999999999572e+29
4.472670000000000000e+13 1.837750000000000151e+32 2.648240000000000083e+37 1.881000000000000005e+00 7.778319999999999328e+29
4.425240000000000000e+13 1.814430000000000017e+32 2.620279999999999891e+37 1.881999999999999895e+00 7.690070000000000512e+29
4.377800000000000000e+13 1.791109999999999882e+32 2.592320000000000171e+37 1.883000000000000007e+00 7.601670000000000310e+29
4.330380000000000000e+13 1.767790000000000108e+32 2.564359999999999979e+37 1.885000000000000009e+00 7.513130000000000690e+29
4.282950000000000000e+13 1.744459999999999839e+32 2.536399999999999787e+37 1.885999999999999899e+00 7.424450000000000246e+29
4.235530000000000000e+13 1.721140000000000065e+32 2.508440000000000068e+37 1.887000000000000011e+00 7.335639999999999539e+29
4.188110000000000000e+13 1.697819999999999930e+32 2.480479999999999876e+37 1.889000000000000012e+00 7.246689999999999415e+29
4.140690000000000000e+13 1.674509999999999929e+32 2.452520000000000156e+37 1.889999999999999902e+00 7.157619999999999588e+29
4.093270000000000000e+13 1.651190000000000155e+32 2.424559999999999964e+37 1.891999999999999904e+00 7.068419999999999499e+29
4.045860000000000000e+13 1.627889999999999927e+32 2.396599999999999773e+37 1.893000000000000016e+00 6.979110000000000270e+29
3.998450000000000000e+13 1.604590000000000060e+32 2.368640000000000053e+37 1.893999999999999906e+00 6.889679999999999932e+29
3.951050000000000000e+13 1.581299999999999966e+32 2.340679999999999861e+37 1.895000000000000018e+00 6.800140000000000453e+29
3.903650000000000000e+13 1.558020000000000006e+32 2.312720000000000141e+37 1.897000000000000020e+00 6.710490000000000427e+29
3.856250000000000000e+13 1.534750000000000000e+32 2.284759999999999950e+37 1.897999999999999909e+00 6.620749999999999570e+29
3.808850000000000000e+13 1.511500000000000080e+32 2.256800000000000230e+37 1.899000000000000021e+00 6.530920000000000695e+29
3.761460000000000000e+13 1.488259999999999934e+32 2.228840000000000038e+37 1.901000000000000023e+00 6.440990000000000428e+29
3.714070000000000000e+13 1.465029999999999922e+32 2.200879999999999846e+37 1.901999999999999913e+00 6.350990000000000451e+29
3.666680000000000000e+13 1.441829999999999951e+32 2.172920000000000127e+37 1.903000000000000025e+00 6.260910000000000204e+29
3.619300000000000000e+13 1.418639999999999933e+32 2.144959999999999935e+37 1.903999999999999915e+00 6.170760000000000249e+29
3.571920000000000000e+13 1.395470000000000002e+32 2.116999999999999979e+37 1.905999999999999917e+00 6.080549999999999739e+29
3.524540000000000000e+13 1.372329999999999932e+32 2.089040000000000023e+37 1.907000000000000028e+00 5.990280000000000082e+29
3.477170000000000000e+13 1.349209999999999950e+32 2.061080000000000067e+37 1.907999999999999918e+00 5.899959999999999729e+29
3.429800000000000000e+13 1.326120000000000008e+32 2.033120000000000112e+37 1.909000000000000030e+00 5.809599999999999944e+29
3.382430000000000000e+13 1.303049999999999973e+32 2.005159999999999920e+37 1.911000000000000032e+00 5.719209999999999882e+29
3.335070000000000000e+13 1.280019999999999933e+32 1.977199999999999964e+37 1.911999999999999922e+00 5.628800000000000104e+29
3.287710000000000000e+13 1.257019999999999933e+32 1.949240000000000008e+37 1.913000000000000034e+00 5.538360000000000049e+29
3.240350000000000000e+13 1.234049999999999974e+32 1.921280000000000053e+37 1.913999999999999924e+00 5.447919999999999994e+29
3.193000000000000000e+13 1.211120000000000010e+32 1.893320000000000097e+37 1.915000000000000036e+00 5.357479999999999938e+29
3.145650000000000000e+13 1.188230000000000040e+32 1.865359999999999905e+37 1.915999999999999925e+00 5.267039999999999883e+29
3.098310000000000000e+13 1.165380000000000064e+32 1.837399999999999949e+37 1.917999999999999927e+00 5.176620000000000247e+29
3.050970000000000000e+13 1.142570000000000083e+32 1.809439999999999993e+37 1.919000000000000039e+00 5.086240000000000043e+29
3.003630000000000000e+13 1.119810000000000049e+32 1.781480000000000038e+37 1.919999999999999929e+00 4.995880000000000258e+29
2.956300000000000000e+13 1.097099999999999964e+32 1.753520000000000082e+37 1.921000000000000041e+00 4.905580000000000324e+29
2.908970000000000000e+13 1.074430000000000052e+32 1.725559999999999890e+37 1.921999999999999931e+00 4.815340000000000241e+29
2.861650000000000000e+13 1.051829999999999996e+32 1.697599999999999934e+37 1.923000000000000043e+00 4.725160000000000008e+29
2.814330000000000000e+13 1.029269999999999935e+32 1.669639999999999979e+37 1.923999999999999932e+00 4.635069999999999904e+29
2.767010000000000000e+13 1.006780000000000088e+32 1.641680000000000023e+37 1.925000000000000044e+00 4.545069999999999927e+29
2.719700000000000000e+13 9.843470000000000314e+31 1.613720000000000067e+37 1.925999999999999934e+00 4.455169999999999937e+29
2.672390000000000000e+13 9.619799999999999201e+31 1.585760000000000111e+37 1.927000000000000046e+00 4.365390000000000351e+29
2.625090000000000000e+13 9.396810000000000693e+31 1.557799999999999919e+37 1.927999999999999936e+00 4.275740000000000325e+29
2.577790000000000000e+13 9.174530000000000509e+31 1.529839999999999964e+37 1.929000000000000048e+00 4.186240000000000279e+29
2.530490000000000000e+13 8.952999999999999544e+31 1.501880000000000008e+37 1.929999999999999938e+00 4.096890000000000210e+29
2.483200000000000000e+13 8.732239999999999146e+31 1.473920000000000052e+37 1.931000000000000050e+00 4.007709999999999837e+29
2.435920000000000000e+13 8.512299999999999983e+31 1.445960000000000096e+37 1.931999999999999940e+00 3.918720000000000281e+29
2.388630000000000000e+13 8.293209999999999574e+31 1.417999999999999905e+37 1.933000000000000052e+00 3.829929999999999993e+29
2.341360000000000000e+13 8.075020000000000390e+31 1.390039999999999949e+37 1.933999999999999941e+00 3.741360000000000097e+29
2.294090000000000000e+13 7.857750000000000175e+31 1.362079999999999993e+37 1.935000000000000053e+00 3.653019999999999745e+29
2.246820000000000000e+13 7.641449999999999598e+31 1.334120000000000037e+37 1.935999999999999943e+00 3.564930000000000062e+29
2.199560000000000000e+13 7.426159999999999555e+31 1.306160000000000082e+37 1.937000000000000055e+00 3.477100000000000202e+29
2.152300000000000000e+13 7.211929999999999812e+31 1.278199999999999890e+37 1.937999999999999945e+00 3.389559999999999738e+29
2.105050000000000000e+13 6.998800000000000365e+31 1.250239999999999934e+37 1.937999999999999945e+00 3.302319999999999936e+29
2.057810000000000000e+13 6.786829999999999853e+31 1.222279999999999978e+37 1.939000000000000057e+00 3.215399999999999806e+29
2.010560000000000000e+13 6.576050000000000299e+31 1.194320000000000022e+37 1.939999999999999947e+00 3.128820000000000122e+29
1.963330000000000000e+13 6.366520000000000344e+31 1.166360000000000067e+37 1.941000000000000059e+00 3.042599999999999894e+29
1.916100000000000000e+13 6.158300000000000430e+31 1.138400000000000111e+37 1.941999999999999948e+00 2.956750000000000036e+29
1.868880000000000000e+13 5.951429999999999649e+31 1.110439999999999919e+37 1.941999999999999948e+00 2.871309999999999979e+29
1.821660000000000000e+13 5.745989999999999793e+31 1.082479999999999963e+37 1.943000000000000060e+00 2.786289999999999934e+29
1.774440000000000000e+13 5.542019999999999955e+31 1.054520000000000008e+37 1.943999999999999950e+00 2.701719999999999825e+29
1.727240000000000000e+13 5.339600000000000123e+31 1.026560000000000052e+37 1.943999999999999950e+00 2.617609999999999863e+29
1.680040000000000000e+13 5.138789999999999839e+31 9.985999999999999780e+36 1.945000000000000062e+00 2.533999999999999830e+29
1.632840000000000000e+13 4.939650000000000446e+31 9.706400000000000223e+36 1.945000000000000062e+00 2.450899999999999936e+29
1.585660000000000000e+13 4.742260000000000130e+31 9.426799999999999485e+36 1.945999999999999952e+00 2.368340000000000107e+29
1.538470000000000000e+13 4.546699999999999782e+31 9.147199999999999927e+36 1.945999999999999952e+00 2.286360000000000125e+29
1.491300000000000000e+13 4.353050000000000290e+31 8.867600000000000370e+36 1.947000000000000064e+00 2.204959999999999992e+29
1.444130000000000000e+13 4.161380000000000068e+31 8.587999999999999632e+36 1.947000000000000064e+00 2.124190000000000051e+29
1.396970000000000000e+13 3.971799999999999777e+31 8.308400000000000074e+36 1.947999999999999954e+00 2.044070000000000018e+29
1.349810000000000000e+13 3.784380000000000082e+31 8.028800000000000517e+36 1.947999999999999954e+00 1.964630000000000171e+29
1.302670000000000000e+13 3.599229999999999842e+31 7.749199999999999779e+36 1.947999999999999954e+00 1.885900000000000084e+29
1.255530000000000000e+13 3.416440000000000170e+31 7.469600000000000221e+36 1.947999999999999954e+00 1.807910000000000032e+29
1.208390000000000000e+13 3.236139999999999922e+31 7.189999999999999483e+36 1.947999999999999954e+00 1.730700000000000152e+29
1.161270000000000000e+13 3.058429999999999984e+31 6.910399999999999926e+36 1.947999999999999954e+00 1.654290000000000160e+29
1.114150000000000000e+13 2.883429999999999889e+31 6.630800000000000368e+36 1.947999999999999954e+00 1.578730000000000047e+29
1.067040000000000000e+13 2.711269999999999844e+31 6.351199999999999630e+36 1.947999999999999954e+00 1.504040000000000058e+29
1.019940000000000000e+13 2.542100000000000053e+31 6.071600000000000072e+36 1.947999999999999954e+00 1.430270000000000010e+29
9.728500000000000000e+12 2.376040000000000048e+31 5.792000000000000515e+36 1.947000000000000064e+00 1.357439999999999970e+29
9.257660000000000000e+12 2.213269999999999805e+31 5.512399999999999777e+36 1.947000000000000064e+00 1.285609999999999965e+29
8.786920000000000000e+12 2.053950000000000202e+31 5.232800000000000219e+36 1.945999999999999952e+00 1.214800000000000062e+29
8.316270000000000000e+12 1.898250000000000087e+31 4.953200000000000071e+36 1.945000000000000062e+00 1.145060000000000079e+29
7.845710000000000000e+12 1.746370000000000110e+31 4.673599999999999924e+36 1.943000000000000060e+00 1.076419999999999941e+29
7.375260000000000000e+12 1.598510000000000017e+31 4.393999999999999776e+36 1.941999999999999948e+00 1.008940000000000026e+29
6.904900000000000000e+12 1.454890000000000001e+31 4.114400000000000218e+36 1.939000000000000057e+00 9.426479999999999367e+28
6.434650000000000000e+12 1.315770000000000026e+31 3.834800000000000071e+36 1.935999999999999943e+00 8.775910000000000602e+28
5.964510000000000000e+12 1.181390000000000058e+31 3.555199999999999923e+36 1.933000000000000052e+00 8.138090000000000040e+28
5.494490000000000000e+12 1.052060000000000054e+31 3.275599999999999775e+36 1.927999999999999936e+00 7.513450000000000364e+28
5.024580000000000000e+12 9.280959999999999689e+30 2.996000000000000217e+36 1.921999999999999931e+00 6.902380000000000428e+28
4.554800000000000000e+12 8.098399999999999796e+30 2.716400000000000070e+36 1.915000000000000036e+00 6.305219999999999797e+28
4.085150000000000000e+12 6.976910000000000299e+30 2.436799999999999922e+36 1.905000000000000027e+00 5.722280000000000223e+28
3.615640000000000000e+12 5.920899999999999450e+30 2.157200000000000069e+36 1.891000000000000014e+00 5.153749999999999883e+28
3.146270000000000000e+12 4.935379999999999922e+30 1.877599999999999921e+36 1.872999999999999998e+00 4.599640000000000396e+28
2.677060000000000000e+12 4.026079999999999780e+30 1.598000000000000069e+36 1.846999999999999975e+00 4.059630000000000151e+28
4.299000000000000000e+11 7.805000000000000069e+29 2.572000000000000181e+35 1.330000000000000071e+00 1.506450000000000062e+28
4.188000000000000000e+11 7.537999999999999717e+29 2.505999999999999897e+35 1.330000000000000071e+00 1.455129999999999927e+28
3.325000000000000000e+11 5.815999999999999745e+29 1.990000000000000163e+35 1.330000000000000071e+00 1.165809999999999924e+28
2.640000000000000000e+11 4.472999999999999815e+29 1.581000000000000083e+35 1.330000000000000071e+00 9.297799999999999813e+27
2.096000000000000000e+11 3.289999999999999843e+29 1.256000000000000028e+35 1.330000000000000071e+00 6.841069999999999801e+27
1.844000000000000000e+11 2.892000000000000018e+29 1.105000000000000000e+35 1.330000000000000071e+00 6.221810000000000396e+27
1.664000000000000000e+11 2.597000000000000095e+29 9.975999999999999784e+34 1.330000000000000071e+00 3.996079999999999920e+27
1.322000000000000000e+11 2.033000000000000102e+29 7.923999999999999875e+34 1.330000000000000071e+00 3.293160000000000158e+27
1.049000000000000000e+11 1.494999999999999961e+29 6.294000000000000085e+34 1.330000000000000071e+00 2.422460000000000012e+27
8.332000000000000000e+10 1.100000000000000064e+29 4.999999999999999843e+34 1.330000000000000071e+00 1.782300000000000002e+27
6.617000000000000000e+10 8.088999999999999432e+28 3.971999999999999897e+34 1.330000000000000071e+00 1.311289999999999924e+27
5.254000000000000000e+10 5.949000000000000344e+28 3.155000000000000010e+34 1.330000000000000071e+00 9.646129999999999985e+26
4.172000000000000000e+10 4.628000000000000126e+28 2.505999999999999897e+34 1.330000000000000071e+00 7.875200000000000595e+26
3.313000000000000000e+10 3.403999999999999866e+28 1.989999999999999932e+34 1.330000000000000071e+00 5.791050000000000196e+26
2.631000000000000000e+10 2.502999999999999803e+28 1.580999999999999991e+34 1.330000000000000071e+00 4.261170000000000143e+26
2.090000000000000000e+10 1.938000000000000082e+28 1.255999999999999936e+34 1.330000000000000071e+00 3.451690000000000088e+26
1.659000000000000000e+10 1.425000000000000067e+28 9.976000000000000246e+33 1.330000000000000071e+00 2.538950000000000110e+26
1.318000000000000000e+10 1.048000000000000007e+28 7.924000000000000337e+33 1.330000000000000071e+00 1.867689999999999969e+26
1.046000000000000000e+10 7.701999999999999683e+27 6.294000000000000085e+33 1.330000000000000071e+00 1.373879999999999975e+26
8.312000000000000000e+09 5.662000000000000348e+27 4.999999999999999728e+33 1.330000000000000071e+00 1.010819999999999921e+26
6.601000000000000000e+09 4.362000000000000029e+27 3.972000000000000127e+33 1.330000000000000071e+00 8.130089999999999436e+25
4.164000000000000000e+09 2.356000000000000079e+27 2.505999999999999955e+33 1.330000000000000071e+00 4.399369999999999874e+25
2.626000000000000000e+09 1.272000000000000034e+27 1.580999999999999991e+33 1.330000000000000071e+00 2.380450000000000180e+25
1.657000000000000000e+09 6.859999999999999767e+26 9.975999999999999957e+32 1.330000000000000071e+00 1.288319999999999913e+25
1.316000000000000000e+09 5.036000000000000296e+26 7.924000000000000337e+32 1.330000000000000071e+00 9.477099999999999527e+24
1.045000000000000000e+09 4.128999999999999924e+26 6.293999999999999941e+32 1.330000000000000071e+00 6.794269999999999770e+24
8.301000000000000000e+08 3.039000000000000162e+26 4.999999999999999728e+32 1.330000000000000071e+00 4.998809999999999830e+24
5.237000000000000000e+08 1.628999999999999891e+26 3.154999999999999923e+32 1.330000000000000071e+00 2.705450000000000161e+24
3.304000000000000000e+08 8.737999999999999925e+25 1.990000000000000076e+32 1.330000000000000071e+00 1.463449999999999964e+24
2.624000000000000000e+08 6.675999999999999817e+25 1.580999999999999919e+32 1.330000000000000071e+00 1.123400000000000065e+24
1.315000000000000000e+08 2.603999999999999941e+25 7.923999999999999616e+31 1.330000000000000071e+00 4.472499999999999827e+23
6.589000000000000000e+07 1.006000000000000014e+25 3.972000000000000199e+31 1.330000000000000071e+00 1.780890000000000165e+23
3.302000000000000000e+07 3.832999999999999839e+24 1.989999999999999986e+31 1.330000000000000071e+00 7.086450000000000092e+22
1.655000000000000000e+07 1.435000000000000086e+24 9.975999999999999642e+30 1.330000000000000071e+00 2.822060000000000131e+22
8.293000000000000000e+06 5.250000000000000315e+23 4.999999999999999818e+30 1.330000000000000071e+00 1.123529999999999934e+22
6.588000000000000000e+06 3.910999999999999759e+23 3.972000000000000087e+30 1.330000000000000071e+00 8.163429999999999541e+21
2.622000000000000000e+06 9.754999999999999214e+22 1.581000000000000009e+30 1.330000000000000071e+00 2.390210000000000197e+21
1.044000000000000000e+06 2.318000000000000105e+22 6.293999999999999902e+29 1.330000000000000071e+00 6.999960000000000000e+20
4.156000000000000000e+05 5.265999999999999476e+21 2.505999999999999907e+29 1.330000000000000071e+00 2.050380000000000000e+20
1.654000000000000000e+05 1.151000000000000000e+21 9.976000000000000768e+28 1.330000000000000071e+00 6.004390000000000000e+19
6.587000000000000000e+04 2.431000000000000000e+20 3.972000000000000263e+28 1.330000000000000071e+00 1.758760000000000000e+19
2.622000000000000000e+04 4.968000000000000000e+19 1.581000000000000061e+28 1.330000000000000071e+00 5.149550000000000000e+18
1.044000000000000000e+04 9.744000000000000000e+18 6.294999999999999717e+27 1.330000000000000071e+00 1.508420000000000000e+18
