9.917980432400000000e+15 8.013483935099999502e+36 1.996000000000000013e+39 1.000000000000000000e+00 0.000000000000000000e+00
9.868353387700000000e+15 7.968819595000000012e+36 1.990999999999999878e+39 1.000000000000000000e+00 0.000000000000000000e+00
9.818850815200000000e+15 7.924267279699999844e+36 1.986000000000000046e+39 1.000000000000000000e+00 0.000000000000000000e+00
9.769472714900000000e+15 7.879826989399999484e+36 1.980999999999999911e+39 1.000000000000000000e+00 0.000000000000000000e+00
9.720219086700000000e+15 7.835498724000000460e+36 1.976000000000000078e+39 1.000000000000000000e+00 0.000000000000000000e+00
9.671089930600000000e+15 7.791282483500000411e+36 1.970999999999999943e+39 1.000000000000000000e+00 0.000000000000000000e+00
9.622085246700000000e+15 7.747178268000000170e+36 1.966000000000000110e+39 1.000000000000000000e+00 0.000000000000000000e+00
9.573205034900000000e+15 7.703186077400000084e+36 1.960999999999999975e+39 1.000000000000000000e+00 0.000000000000000000e+00
9.524449295300000000e+15 7.659305911700000153e+36 1.956000000000000143e+39 1.000000000000000000e+00 0.000000000000000000e+00
9.475818027800000000e+15 7.615537771000000030e+36 1.951000000000000008e+39 1.000000000000000000e+00 0.000000000000000000e+00
9.427311232500000000e+15 7.571881655200000063e+36 1.945999999999999873e+39 1.000000000000000000e+00 0.000000000000000000e+00
9.378928909300000000e+15 7.528337564300000251e+36 1.941000000000000040e+39 1.000000000000000000e+00 0.000000000000000000e+00
9.330671058200000000e+15 7.484905498400000247e+36 1.935999999999999905e+39 1.000000000000000000e+00 0.000000000000000000e+00
9.282537679300000000e+15 7.441585457400000398e+36 1.931000000000000072e+39 1.000000000000000000e+00 0.000000000000000000e+00
9.234528772600000000e+15 7.398377441299999524e+36 1.925999999999999937e+39 1.000000000000000000e+00 0.000000000000000000e+00
9.186644338000000000e+15 7.355281450199999639e+36 1.921000000000000105e+39 1.000000000000000000e+00 0.000000000000000000e+00
9.138884375500000000e+15 7.312297483999999908e+36 1.915999999999999970e+39 1.000000000000000000e+00 0.000000000000000000e+00
9.091248885200000000e+15 7.269425542700000334e+36 1.911000000000000137e+39 1.000000000000000000e+00 0.000000000000000000e+00
9.043737867000000000e+15 7.226665626299999734e+36 1.906000000000000002e+39 1.000000000000000000e+00 0.000000000000000000e+00
8.996351321000000000e+15 7.184017734900000123e+36 1.900999999999999867e+39 1.000000000000000000e+00 0.000000000000000000e+00
8.949089247100000000e+15 7.141481868399999486e+36 1.896000000000000034e+39 1.000000000000000000e+00 0.000000000000000000e+00
8.901951645400000000e+15 7.099058026899999838e+36 1.890999999999999899e+39 1.000000000000000000e+00 0.000000000000000000e+00
8.854938515800000000e+15 7.056746210199999512e+36 1.886000000000000067e+39 1.000000000000000000e+00 0.000000000000000000e+00
8.808049858400000000e+15 7.014546418500000175e+36 1.880999999999999932e+39 1.000000000000000000e+00 0.000000000000000000e+00
8.761285673100000000e+15 6.972458651799999464e+36 1.876000000000000099e+39 1.000000000000000000e+00 0.000000000000000000e+00
8.714645960000000000e+15 6.930482910000000090e+36 1.870999999999999964e+39 1.000000000000000000e+00 0.000000000000000000e+00
8.668130719000000000e+15 6.888619193099999690e+36 1.866000000000000131e+39 1.000000000000000000e+00 0.000000000000000000e+00
8.621739950100000000e+15 6.846867501099999447e+36 1.860999999999999996e+39 1.000000000000000000e+00 0.000000000000000000e+00
8.575473653400000000e+15 6.805227834100000191e+36 1.855999999999999862e+39 1.000000000000000000e+00 0.000000000000000000e+00
8.529331828800000000e+15 6.763700191900000258e+36 1.851000000000000029e+39 1.000000000000000000e+00 0.000000000000000000e+00
8.483314476400000000e+15 6.722284574799999785e+36 1.845999999999999894e+39 1.000000000000000000e+00 0.000000000000000000e+00
8.437421596200000000e+15 6.680980982499999815e+36 1.841000000000000061e+39 1.000000000000000000e+00 0.000000000000000000e+00
8.391653188000000000e+15 6.639789415199999653e+36 1.835999999999999926e+39 1.000000000000000000e+00 0.000000000000000000e+00
8.346009252100000000e+15 6.598709872799999646e+36 1.831000000000000093e+39 1.000000000000000000e+00 0.000000000000000000e+00
8.300489788200000000e+15 6.557742355399999447e+36 1.825999999999999959e+39 1.000000000000000000e+00 0.000000000000000000e+00
8.255094796600000000e+15 6.516886862900000584e+36 1.821000000000000126e+39 1.000000000000000000e+00 0.000000000000000000e+00
8.209824277000000000e+15 6.476143395299999516e+36 1.815999999999999991e+39 1.000000000000000000e+00 0.000000000000000000e+00
8.164678229600000000e+15 6.435511952699999435e+36 1.810999999999999856e+39 1.000000000000000000e+00 0.000000000000000000e+00
8.119656654400000000e+15 6.394992534899999858e+36 1.806000000000000023e+39 1.000000000000000000e+00 0.000000000000000000e+00
8.074759551300000000e+15 6.354585142100000089e+36 1.800999999999999888e+39 1.000000000000000000e+00 0.000000000000000000e+00
8.029986920300000000e+15 6.314289774300000127e+36 1.796000000000000056e+39 1.000000000000000000e+00 0.000000000000000000e+00
7.985338761500000000e+15 6.274106431400000320e+36 1.790999999999999921e+39 1.000000000000000000e+00 0.000000000000000000e+00
7.940815074900000000e+15 6.234035113399999489e+36 1.786000000000000088e+39 1.000000000000000000e+00 0.000000000000000000e+00
7.896415860400000000e+15 6.194075820299999994e+36 1.780999999999999953e+39 1.000000000000000000e+00 0.000000000000000000e+00
7.852141118000000000e+15 6.154228552200000306e+36 1.776000000000000120e+39 1.000000000000000000e+00 0.000000000000000000e+00
7.807990847800000000e+15 6.114493308999999593e+36 1.770999999999999985e+39 1.000000000000000000e+00 0.000000000000000000e+00
7.763965049700000000e+15 6.074870090700000216e+36 1.765999999999999850e+39 1.000000000000000000e+00 0.000000000000000000e+00
7.720063723800000000e+15 6.035358897399999467e+36 1.761000000000000018e+39 1.000000000000000000e+00 0.000000000000000000e+00
7.676286870000000000e+15 5.995959729000000053e+36 1.755999999999999883e+39 1.000000000000000000e+00 0.000000000000000000e+00
7.632634488300000000e+15 5.956672585499999614e+36 1.751000000000000050e+39 1.000000000000000000e+00 0.000000000000000000e+00
7.589106578800000000e+15 5.917497466900000512e+36 1.745999999999999915e+39 1.000000000000000000e+00 0.000000000000000000e+00
7.545703141500000000e+15 5.878434373300000036e+36 1.741000000000000082e+39 1.000000000000000000e+00 0.000000000000000000e+00
7.502424176300000000e+15 5.839483304700000549e+36 1.735999999999999947e+39 1.000000000000000000e+00 0.000000000000000000e+00
7.459269683200000000e+15 5.800644260900000384e+36 1.731000000000000115e+39 1.000000000000000000e+00 0.000000000000000000e+00
7.416239662300000000e+15 5.761917242100000027e+36 1.725999999999999980e+39 1.000000000000000000e+00 0.000000000000000000e+00
7.373334113600000000e+15 5.723302248199999826e+36 1.721000000000000147e+39 1.000000000000000000e+00 0.000000000000000000e+00
7.330553037000000000e+15 5.684799279299999432e+36 1.716000000000000012e+39 1.000000000000000000e+00 0.000000000000000000e+00
7.287896432500000000e+15 5.646408335199999541e+36 1.710999999999999877e+39 1.000000000000000000e+00 0.000000000000000000e+00
7.245364300200000000e+15 5.608129416099999458e+36 1.706000000000000044e+39 1.000000000000000000e+00 0.000000000000000000e+00
7.202956640000000000e+15 5.569962522000000364e+36 1.700999999999999909e+39 1.000000000000000000e+00 0.000000000000000000e+00
7.160673452000000000e+15 5.531907652800000244e+36 1.696000000000000077e+39 1.000000000000000000e+00 0.000000000000000000e+00
7.118514736100000000e+15 5.493964808500000280e+36 1.690999999999999942e+39 1.000000000000000000e+00 0.000000000000000000e+00
7.076480492300000000e+15 5.456133989100000471e+36 1.686000000000000109e+39 1.000000000000000000e+00 0.000000000000000000e+00
7.034570720800000000e+15 5.418415194700000470e+36 1.680999999999999974e+39 1.000000000000000000e+00 0.000000000000000000e+00
6.992785421300000000e+15 5.380808425199999443e+36 1.676000000000000141e+39 1.000000000000000000e+00 0.000000000000000000e+00
6.951124594000000000e+15 5.343313680599999753e+36 1.671000000000000006e+39 1.000000000000000000e+00 0.000000000000000000e+00
6.909588238900000000e+15 5.305930960999999871e+36 1.665999999999999871e+39 1.000000000000000000e+00 0.000000000000000000e+00
6.868176355800000000e+15 5.268660266199999901e+36 1.661000000000000039e+39 1.000000000000000000e+00 0.000000000000000000e+00
6.826888945000000000e+15 5.231501596499999982e+36 1.655999999999999904e+39 1.000000000000000000e+00 0.000000000000000000e+00
6.785726006300000000e+15 5.194454951599999976e+36 1.651000000000000071e+39 1.000000000000000000e+00 0.000000000000000000e+00
6.744687539700000000e+15 5.157520331699999777e+36 1.645999999999999936e+39 1.000000000000000000e+00 0.000000000000000000e+00
6.703773545300000000e+15 5.120697736699999734e+36 1.641000000000000103e+39 1.000000000000000000e+00 0.000000000000000000e+00
6.662984023000000000e+15 5.083987166700000088e+36 1.635999999999999968e+39 1.000000000000000000e+00 0.000000000000000000e+00
6.622318972900000000e+15 5.047388621600000008e+36 1.631000000000000136e+39 1.000000000000000000e+00 0.000000000000000000e+00
6.581778394900000000e+15 5.010902101400000084e+36 1.626000000000000001e+39 1.000000000000000000e+00 0.000000000000000000e+00
6.541362289000000000e+15 4.974527606099999724e+36 1.620999999999999866e+39 1.000000000000000000e+00 0.000000000000000000e+00
6.501070655300000000e+15 4.938265135799999763e+36 1.616000000000000033e+39 1.000000000000000000e+00 0.000000000000000000e+00
6.460903493800000000e+15 4.902114690399999957e+36 1.610999999999999898e+39 1.000000000000000000e+00 0.000000000000000000e+00
6.420860804400000000e+15 4.866076269899999716e+36 1.606000000000000065e+39 1.000000000000000000e+00 0.000000000000000000e+00
6.380942587100000000e+15 4.830149874399999873e+36 1.600999999999999931e+39 1.000000000000000000e+00 0.000000000000000000e+00
6.341148842000000000e+15 4.794335503800000186e+36 1.596000000000000098e+39 1.000000000000000000e+00 0.000000000000000000e+00
6.301479569100000000e+15 4.758633158199999715e+36 1.590999999999999963e+39 1.000000000000000000e+00 0.000000000000000000e+00
6.261934768300000000e+15 4.723042837399999749e+36 1.586000000000000130e+39 1.000000000000000000e+00 0.000000000000000000e+00
6.222514439600000000e+15 4.687564541600000180e+36 1.580999999999999995e+39 1.000000000000000000e+00 0.000000000000000000e+00
6.183218583100000000e+15 4.652198270700000176e+36 1.575999999999999860e+39 1.000000000000000000e+00 0.000000000000000000e+00
6.144047198700000000e+15 4.616944024799999980e+36 1.571000000000000028e+39 1.000000000000000000e+00 0.000000000000000000e+00
6.105000286500000000e+15 4.581801803799999940e+36 1.565999999999999893e+39 1.000000000000000000e+00 0.000000000000000000e+00
6.066077846400000000e+15 4.546771607700000055e+36 1.561000000000000060e+39 1.000000000000000000e+00 0.000000000000000000e+00
6.027279878400000000e+15 4.511853436599999978e+36 1.555999999999999925e+39 1.000000000000000000e+00 0.000000000000000000e+00
5.988606382600000000e+15 4.477047290400000056e+36 1.551000000000000092e+39 1.000000000000000000e+00 0.000000000000000000e+00
5.950057359000000000e+15 4.442353169100000289e+36 1.545999999999999957e+39 1.000000000000000000e+00 0.000000000000000000e+00
5.911632807500000000e+15 4.407771072700000088e+36 1.541000000000000125e+39 1.000000000000000000e+00 0.000000000000000000e+00
5.873332728100000000e+15 4.373301001300000285e+36 1.535999999999999990e+39 1.000000000000000000e+00 0.000000000000000000e+00
5.835157120900000000e+15 4.338942954800000047e+36 1.530999999999999855e+39 1.000000000000000000e+00 0.000000000000000000e+00
5.797105985900000000e+15 4.304696933300000207e+36 1.526000000000000022e+39 1.000000000000000000e+00 0.000000000000000000e+00
5.759179322900000000e+15 4.270562936600000280e+36 1.520999999999999887e+39 1.000000000000000000e+00 0.000000000000000000e+00
5.721377132200000000e+15 4.236540964900000160e+36 1.516000000000000054e+39 1.000000000000000000e+00 0.000000000000000000e+00
5.683699413500000000e+15 4.202631018199999849e+36 1.510999999999999919e+39 1.000000000000000000e+00 0.000000000000000000e+00
5.646146167100000000e+15 4.168833096400000282e+36 1.506000000000000087e+39 1.000000000000000000e+00 0.000000000000000000e+00
5.608717392700000000e+15 4.135147199500000282e+36 1.500999999999999952e+39 1.000000000000000000e+00 0.000000000000000000e+00
5.571413090600000000e+15 4.101573327499999846e+36 1.496000000000000119e+39 1.000000000000000000e+00 0.000000000000000000e+00
5.534233260500000000e+15 4.068111480400000156e+36 1.490999999999999984e+39 1.000000000000000000e+00 0.000000000000000000e+00
5.497177902600000000e+15 4.034761658300000274e+36 1.485999999999999849e+39 1.000000000000000000e+00 0.000000000000000000e+00
5.460247016900000000e+15 4.001523861200000199e+36 1.481000000000000016e+39 1.000000000000000000e+00 0.000000000000000000e+00
5.423440603300000000e+15 3.968398088900000038e+36 1.475999999999999881e+39 1.000000000000000000e+00 0.000000000000000000e+00
5.386758661800000000e+15 3.935384341600000274e+36 1.471000000000000049e+39 1.000000000000000000e+00 0.000000000000000000e+00
5.350201192500000000e+15 3.902482619200000076e+36 1.465999999999999914e+39 1.000000000000000000e+00 0.000000000000000000e+00
5.313768195300000000e+15 3.869692921800000275e+36 1.461000000000000081e+39 1.000000000000000000e+00 0.000000000000000000e+00
5.277459670300000000e+15 3.837015249300000040e+36 1.455999999999999946e+39 1.000000000000000000e+00 0.000000000000000000e+00
5.241275617400000000e+15 3.804449601699999960e+36 1.451000000000000113e+39 1.000000000000000000e+00 0.000000000000000000e+00
5.205216036700000000e+15 3.771995979000000036e+36 1.445999999999999978e+39 1.000000000000000000e+00 0.000000000000000000e+00
5.169280928100000000e+15 3.739654381299999919e+36 1.441000000000000146e+39 1.000000000000000000e+00 0.000000000000000000e+00
5.133470291700000000e+15 3.707424808499999958e+36 1.436000000000000011e+39 1.000000000000000000e+00 0.000000000000000000e+00
5.097784127400000000e+15 3.675307260699999805e+36 1.430999999999999876e+39 1.000000000000000000e+00 0.000000000000000000e+00
5.062222435300000000e+15 3.643301737700000155e+36 1.426000000000000043e+39 1.000000000000000000e+00 0.000000000000000000e+00
5.026785215300000000e+15 3.611408239699999722e+36 1.420999999999999908e+39 1.000000000000000000e+00 0.000000000000000000e+00
4.991472467400000000e+15 3.579626766700000277e+36 1.416000000000000075e+39 1.000000000000000000e+00 0.000000000000000000e+00
4.956284191700000000e+15 3.547957318599999807e+36 1.410999999999999940e+39 1.000000000000000000e+00 0.000000000000000000e+00
4.921220388200000000e+15 3.516399895400000083e+36 1.406000000000000108e+39 1.000000000000000000e+00 0.000000000000000000e+00
4.886281056800000000e+15 3.484954497099999925e+36 1.400999999999999973e+39 1.000000000000000000e+00 0.000000000000000000e+00
4.851466197500000000e+15 3.453621123699999921e+36 1.396000000000000140e+39 1.000000000000000000e+00 0.000000000000000000e+00
4.816775810400000000e+15 3.422399775299999726e+36 1.391000000000000005e+39 1.000000000000000000e+00 0.000000000000000000e+00
4.782209895400000000e+15 3.391290451899999928e+36 1.385999999999999870e+39 1.000000000000000000e+00 0.000000000000000000e+00
4.747768452600000000e+15 3.360293153300000043e+36 1.381000000000000037e+39 1.000000000000000000e+00 0.000000000000000000e+00
4.713451481900000000e+15 3.329407879699999966e+36 1.375999999999999903e+39 1.000000000000000000e+00 0.000000000000000000e+00
4.679258983400000000e+15 3.298634631000000045e+36 1.371000000000000070e+39 1.000000000000000000e+00 0.000000000000000000e+00
4.645190957000000000e+15 3.267973407299999931e+36 1.365999999999999935e+39 1.000000000000000000e+00 0.000000000000000000e+00
4.611247402700000000e+15 3.237424208499999972e+36 1.360999999999999951e+39 1.000000000000000000e+00 0.000000000000000000e+00
4.577428320700000000e+15 3.206987034600000169e+36 1.355999999999999967e+39 1.000000000000000000e+00 0.000000000000000000e+00
4.543733710700000000e+15 3.176661885599999932e+36 1.350999999999999983e+39 1.000000000000000000e+00 0.000000000000000000e+00
4.510163572900000000e+15 3.146448761600000092e+36 1.346000000000000000e+39 1.000000000000000000e+00 0.000000000000000000e+00
4.476717907200000000e+15 3.116347662499999817e+36 1.341000000000000016e+39 1.000000000000000000e+00 0.000000000000000000e+00
4.443396713700000000e+15 3.086358588300000289e+36 1.336000000000000032e+39 1.000000000000000000e+00 0.000000000000000000e+00
4.410199992400000000e+15 3.056481539099999977e+36 1.331000000000000048e+39 1.000000000000000000e+00 0.000000000000000000e+00
4.377127743100000000e+15 3.026716514799999821e+36 1.326000000000000064e+39 1.000000000000000000e+00 0.000000000000000000e+00
4.344179966100000000e+15 2.997063515500000063e+36 1.320999999999999929e+39 1.000000000000000000e+00 0.000000000000000000e+00
4.311356661100000000e+15 2.967522541000000218e+36 1.315999999999999945e+39 1.000000000000000000e+00 0.000000000000000000e+00
4.278657828400000000e+15 2.938093591500000181e+36 1.310999999999999962e+39 1.000000000000000000e+00 0.000000000000000000e+00
4.246083467700000000e+15 2.908776666899999708e+36 1.305999999999999978e+39 1.000000000000000000e+00 0.000000000000000000e+00
4.213633579200000000e+15 2.879571767300000224e+36 1.300999999999999994e+39 1.000000000000000000e+00 0.000000000000000000e+00
4.181308162900000000e+15 2.850478892599999715e+36 1.296000000000000010e+39 1.000000000000000000e+00 0.000000000000000000e+00
4.149107218700000000e+15 2.821498042799999952e+36 1.291000000000000026e+39 1.000000000000000000e+00 0.000000000000000000e+00
4.117030746700000000e+15 2.792629217999999996e+36 1.286000000000000042e+39 1.000000000000000000e+00 0.000000000000000000e+00
4.085078746700000000e+15 2.763872418100000196e+36 1.281000000000000059e+39 1.000000000000000000e+00 0.000000000000000000e+00
4.053251219000000000e+15 2.735227643099999961e+36 1.276000000000000075e+39 1.000000000000000000e+00 0.000000000000000000e+00
4.021548163400000000e+15 2.706694892999999882e+36 1.270999999999999940e+39 1.000000000000000000e+00 0.000000000000000000e+00
3.989969579900000000e+15 2.678274167900000200e+36 1.265999999999999956e+39 1.000000000000000000e+00 0.000000000000000000e+00
3.958515468600000000e+15 2.649965467700000084e+36 1.260999999999999972e+39 1.000000000000000000e+00 0.000000000000000000e+00
3.927185829400000000e+15 2.621768792500000070e+36 1.255999999999999988e+39 1.000000000000000000e+00 0.000000000000000000e+00
3.895980662400000000e+15 2.593684142099999970e+36 1.251000000000000005e+39 1.000000000000000000e+00 0.000000000000000000e+00
3.864899967500000000e+15 2.565711516699999972e+36 1.246000000000000021e+39 1.000000000000000000e+00 0.000000000000000000e+00
3.833943744800000000e+15 2.537850916300000077e+36 1.241000000000000037e+39 1.000000000000000000e+00 0.000000000000000000e+00
3.803111994200000000e+15 2.510102340800000043e+36 1.236000000000000053e+39 1.000000000000000000e+00 0.000000000000000000e+00
3.772404715700000000e+15 2.482465790199999868e+36 1.231000000000000069e+39 1.000000000000000000e+00 0.000000000000000000e+00
3.741821909400000000e+15 2.454941264500000145e+36 1.225999999999999934e+39 1.000000000000000000e+00 0.000000000000000000e+00
3.711363575300000000e+15 2.427528763799999933e+36 1.220999999999999950e+39 1.000000000000000000e+00 0.000000000000000000e+00
3.681029713300000000e+15 2.400228287999999878e+36 1.215999999999999967e+39 1.000000000000000000e+00 0.000000000000000000e+00
3.650820323400000000e+15 2.373039837099999978e+36 1.210999999999999983e+39 1.000000000000000000e+00 0.000000000000000000e+00
3.620735405700000000e+15 2.345963411099999938e+36 1.205999999999999999e+39 1.000000000000000000e+00 0.000000000000000000e+00
3.590774960200000000e+15 2.318999010100000001e+36 1.201000000000000015e+39 1.000000000000000000e+00 0.000000000000000000e+00
3.560938986700000000e+15 2.292146633999999924e+36 1.196000000000000031e+39 1.000000000000000000e+00 0.000000000000000000e+00
3.531227485500000000e+15 2.265406282899999950e+36 1.191000000000000047e+39 1.000000000000000000e+00 0.000000000000000000e+00
3.501640456300000000e+15 2.238777956700000132e+36 1.186000000000000064e+39 1.000000000000000000e+00 0.000000000000000000e+00
3.472177899400000000e+15 2.212261655399999879e+36 1.180999999999999929e+39 1.000000000000000000e+00 0.000000000000000000e+00
3.442839814500000000e+15 2.185857379100000023e+36 1.175999999999999945e+39 1.000000000000000000e+00 0.000000000000000000e+00
3.413626201800000000e+15 2.159565127600000081e+36 1.170999999999999961e+39 1.000000000000000000e+00 0.000000000000000000e+00
3.384537061300000000e+15 2.133384901099999946e+36 1.165999999999999977e+39 1.000000000000000000e+00 0.000000000000000000e+00
3.355572392900000000e+15 2.107316699599999914e+36 1.160999999999999993e+39 1.000000000000000000e+00 0.000000000000000000e+00
3.326732196600000000e+15 2.081360523000000038e+36 1.156000000000000009e+39 1.000000000000000000e+00 0.000000000000000000e+00
3.298016472500000000e+15 2.055516371300000022e+36 1.151000000000000026e+39 1.000000000000000000e+00 0.000000000000000000e+00
3.269425220600000000e+15 2.029784244499999866e+36 1.146000000000000042e+39 1.000000000000000000e+00 0.000000000000000000e+00
3.240958440800000000e+15 2.004164142700000109e+36 1.141000000000000058e+39 1.000000000000000000e+00 0.000000000000000000e+00
3.212616133100000000e+15 1.978656065799999916e+36 1.136000000000000074e+39 1.000000000000000000e+00 0.000000000000000000e+00
3.184398297600000000e+15 1.953260013799999879e+36 1.130999999999999939e+39 1.000000000000000000e+00 0.000000000000000000e+00
3.156304934200000000e+15 1.927975986799999945e+36 1.125999999999999955e+39 1.000000000000000000e+00 0.000000000000000000e+00
3.128336043000000000e+15 1.902803984699999871e+36 1.120999999999999972e+39 1.000000000000000000e+00 0.000000000000000000e+00
3.100491623900000000e+15 1.877744007499999952e+36 1.115999999999999988e+39 1.000000000000000000e+00 0.000000000000000000e+00
3.072771676900000000e+15 1.852796055199999894e+36 1.111000000000000004e+39 1.000000000000000000e+00 0.000000000000000000e+00
3.045176202200000000e+15 1.827960127899999939e+36 1.106000000000000020e+39 1.000000000000000000e+00 0.000000000000000000e+00
3.017705199500000000e+15 1.803236225500000139e+36 1.101000000000000036e+39 1.000000000000000000e+00 0.000000000000000000e+00
2.990358669000000000e+15 1.778624348100000147e+36 1.096000000000000052e+39 1.000000000000000000e+00 0.000000000000000000e+00
2.963136610700000000e+15 1.754124495600000015e+36 1.091000000000000069e+39 1.000000000000000000e+00 0.000000000000000000e+00
2.936039024500000000e+15 1.729736668000000039e+36 1.085999999999999934e+39 1.000000000000000000e+00 0.000000000000000000e+00
2.909065910400000000e+15 1.705460865299999923e+36 1.080999999999999950e+39 1.000000000000000000e+00 0.000000000000000000e+00
2.882217268500000000e+15 1.681297087599999910e+36 1.075999999999999966e+39 1.000000000000000000e+00 0.000000000000000000e+00
2.855493098700000000e+15 1.657245334800000052e+36 1.070999999999999982e+39 1.000000000000000000e+00 0.000000000000000000e+00
2.828893401100000000e+15 1.633305607000000002e+36 1.065999999999999998e+39 1.000000000000000000e+00 0.000000000000000000e+00
2.802418175600000000e+15 1.609477903999999865e+36 1.061000000000000014e+39 1.000000000000000000e+00 0.000000000000000000e+00
2.776067422300000000e+15 1.585762226000000125e+36 1.056000000000000031e+39 1.000000000000000000e+00 0.000000000000000000e+00
2.749841141100000000e+15 1.562158572999999899e+36 1.051000000000000047e+39 1.000000000000000000e+00 0.000000000000000000e+00
2.723739332100000000e+15 1.538666944799999880e+36 1.046000000000000063e+39 1.000000000000000000e+00 0.000000000000000000e+00
2.697761995200000000e+15 1.515287341599999965e+36 1.040999999999999928e+39 1.000000000000000000e+00 0.000000000000000000e+00
2.671909130400000000e+15 1.492019763399999857e+36 1.035999999999999944e+39 1.000000000000000000e+00 0.000000000000000000e+00
2.646180737800000000e+15 1.468864209999999957e+36 1.030999999999999960e+39 1.000000000000000000e+00 0.000000000000000000e+00
2.620576817400000000e+15 1.445820681599999865e+36 1.025999999999999977e+39 1.000000000000000000e+00 0.000000000000000000e+00
2.595097369100000000e+15 1.422889178099999928e+36 1.020999999999999993e+39 1.000000000000000000e+00 0.000000000000000000e+00
2.569742392900000000e+15 1.400069699600000094e+36 1.016000000000000009e+39 1.000000000000000000e+00 0.000000000000000000e+00
2.544511888900000000e+15 1.377362246000000120e+36 1.011000000000000025e+39 1.000000000000000000e+00 0.000000000000000000e+00
2.519405857000000000e+15 1.354766817300000007e+36 1.006000000000000041e+39 1.000000000000000000e+00 0.000000000000000000e+00
2.494424297300000000e+15 1.332283413599999996e+36 1.001000000000000057e+39 1.000000000000000000e+00 0.000000000000000000e+00
2.469567209700000000e+15 1.309912034700000047e+36 9.960000000000000735e+38 1.000000000000000000e+00 0.000000000000000000e+00
2.444834594300000000e+15 1.287652680899999999e+36 9.909999999999999386e+38 1.000000000000000000e+00 0.000000000000000000e+00
2.420226451000000000e+15 1.265505351900000013e+36 9.859999999999999548e+38 1.000000000000000000e+00 0.000000000000000000e+00
2.395742779900000000e+15 1.243470047899999981e+36 9.809999999999999709e+38 1.000000000000000000e+00 0.000000000000000000e+00
2.371383580900000000e+15 1.221546768799999957e+36 9.759999999999999871e+38 1.000000000000000000e+00 0.000000000000000000e+00
2.347148854000000000e+15 1.199735514599999942e+36 9.710000000000000033e+38 1.000000000000000000e+00 0.000000000000000000e+00
2.323038599300000000e+15 1.178036285400000029e+36 9.660000000000000194e+38 1.000000000000000000e+00 0.000000000000000000e+00
2.299052816800000000e+15 1.156449081099999976e+36 9.610000000000000356e+38 1.000000000000000000e+00 0.000000000000000000e+00
2.275191506400000000e+15 1.134973901699999932e+36 9.560000000000000518e+38 1.000000000000000000e+00 0.000000000000000000e+00
2.251454668100000000e+15 1.113610747299999990e+36 9.510000000000000679e+38 1.000000000000000000e+00 0.000000000000000000e+00
2.227842302000000000e+15 1.092359617800000056e+36 9.459999999999999330e+38 1.000000000000000000e+00 0.000000000000000000e+00
2.204354408000000000e+15 1.071220513199999982e+36 9.409999999999999492e+38 1.000000000000000000e+00 0.000000000000000000e+00
2.180990986200000000e+15 1.050193433600000011e+36 9.359999999999999653e+38 1.000000000000000000e+00 0.000000000000000000e+00
2.157752036500000000e+15 1.029278378900000048e+36 9.309999999999999815e+38 1.000000000000000000e+00 0.000000000000000000e+00
2.134637559000000000e+15 1.008475349099999946e+36 9.259999999999999977e+38 1.000000000000000000e+00 0.000000000000000000e+00
2.111647553600000000e+15 9.877843442400000662e+35 9.210000000000000138e+38 1.000000000000000000e+00 0.000000000000000000e+00
2.088782020400000000e+15 9.672053643199999668e+35 9.160000000000000300e+38 1.000000000000000000e+00 0.000000000000000000e+00
2.066040959300000000e+15 9.467384093399999428e+35 9.110000000000000462e+38 1.000000000000000000e+00 0.000000000000000000e+00
2.043424370300000000e+15 9.263834792899999404e+35 9.060000000000000623e+38 1.000000000000000000e+00 0.000000000000000000e+00
2.020932253500000000e+15 9.061405741699999596e+35 9.009999999999999274e+38 1.000000000000000000e+00 0.000000000000000000e+00
1.998564608900000000e+15 8.860096939800000004e+35 8.959999999999999436e+38 1.000000000000000000e+00 0.000000000000000000e+00
1.976321436400000000e+15 8.659908387200000629e+35 8.909999999999999597e+38 1.000000000000000000e+00 0.000000000000000000e+00
1.954202736000000000e+15 8.460840084000000531e+35 8.859999999999999759e+38 1.000000000000000000e+00 0.000000000000000000e+00
1.932208507800000000e+15 8.262892030000000112e+35 8.809999999999999921e+38 1.000000000000000000e+00 0.000000000000000000e+00
1.910338751700000000e+15 8.066064225400000447e+35 8.760000000000000082e+38 1.000000000000000000e+00 0.000000000000000000e+00
1.888593467800000000e+15 7.870356670099999522e+35 8.710000000000000244e+38 1.000000000000000000e+00 0.000000000000000000e+00
1.866972656000000000e+15 7.675769364100000290e+35 8.660000000000000406e+38 1.000000000000000000e+00 0.000000000000000000e+00
1.845476316400000000e+15 7.482302307399999797e+35 8.610000000000000567e+38 1.000000000000000000e+00 0.000000000000000000e+00
1.824104448900000000e+15 7.289955499999999521e+35 8.560000000000000729e+38 1.000000000000000000e+00 0.000000000000000000e+00
1.802857053600000000e+15 7.098728941999999999e+35 8.509999999999999380e+38 1.000000000000000000e+00 0.000000000000000000e+00
1.781734130400000000e+15 6.908622633200000155e+35 8.459999999999999541e+38 1.000000000000000000e+00 0.000000000000000000e+00
1.760735679300000000e+15 6.719636573799999589e+35 8.409999999999999703e+38 1.000000000000000000e+00 0.000000000000000000e+00
1.739861700400000000e+15 6.531770763699999978e+35 8.359999999999999865e+38 3.369668246399999845e+00 0.000000000000000000e+00
1.725158825200000000e+15 6.401062888100000214e+35 8.310000000000000026e+38 3.369668246399999845e+00 0.000000000000000000e+00
1.710542713200000000e+15 6.272205411600000061e+35 8.260000000000000188e+38 3.369668246399999845e+00 0.000000000000000000e+00
1.696012650100000000e+15 6.145183101900000212e+35 8.210000000000000350e+38 3.369668246399999845e+00 0.000000000000000000e+00
1.681567923200000000e+15 6.019980760800000176e+35 8.160000000000000511e+38 3.369668246399999845e+00 0.000000000000000000e+00
1.667207821700000000e+15 5.896583224300000295e+35 8.110000000000000673e+38 3.369668246399999845e+00 0.000000000000000000e+00
1.652931636000000000e+15 5.774975362600000266e+35 8.059999999999999324e+38 3.369668246399999845e+00 0.000000000000000000e+00
1.638738658400000000e+15 5.655142080400000015e+35 8.009999999999999485e+38 3.369668246399999845e+00 0.000000000000000000e+00
1.624628182700000000e+15 5.537068317000000237e+35 7.959999999999999647e+38 3.369668246399999845e+00 0.000000000000000000e+00
1.610599504300000000e+15 5.420739046300000179e+35 7.909999999999999809e+38 3.369668246399999845e+00 0.000000000000000000e+00
1.596651920300000000e+15 5.306139277199999793e+35 7.859999999999999970e+38 3.369668246399999845e+00 0.000000000000000000e+00
1.582784729500000000e+15 5.193254053599999733e+35 7.810000000000000132e+38 3.369668246399999845e+00 0.000000000000000000e+00
1.568997232100000000e+15 5.082068454399999884e+35 7.760000000000000294e+38 3.369668246399999845e+00 0.000000000000000000e+00
1.555288730300000000e+15 4.972567593699999694e+35 7.710000000000000455e+38 3.369668246399999845e+00 0.000000000000000000e+00
1.541658527600000000e+15 4.864736621399999926e+35 7.660000000000000617e+38 3.369668246399999845e+00 0.000000000000000000e+00
1.528105929600000000e+15 4.758560722500000369e+35 7.609999999999999268e+38 3.369668246399999845e+00 0.000000000000000000e+00
1.514630243100000000e+15 4.654025118000000252e+35 7.559999999999999429e+38 3.369668246399999845e+00 0.000000000000000000e+00
1.501230776900000000e+15 4.551115064600000318e+35 7.509999999999999591e+38 3.369668246399999845e+00 0.000000000000000000e+00
1.487906841300000000e+15 4.449815855200000348e+35 7.459999999999999753e+38 3.369668246399999845e+00 0.000000000000000000e+00
1.474657748600000000e+15 4.350112818499999960e+35 7.409999999999999914e+38 3.369668246399999845e+00 0.000000000000000000e+00
1.461482812400000000e+15 4.251991319899999758e+35 7.360000000000000076e+38 3.369668246399999845e+00 0.000000000000000000e+00
1.448381348200000000e+15 4.155436761000000125e+35 7.310000000000000238e+38 3.369668246399999845e+00 0.000000000000000000e+00
1.435352673400000000e+15 4.060434580100000212e+35 7.260000000000000399e+38 3.369668246399999845e+00 0.000000000000000000e+00
1.422396106800000000e+15 3.966970252399999760e+35 7.210000000000000561e+38 3.369668246399999845e+00 0.000000000000000000e+00
1.409510969000000000e+15 3.875029289699999695e+35 7.160000000000000723e+38 3.369668246399999845e+00 0.000000000000000000e+00
1.396696582600000000e+15 3.784597241199999790e+35 7.109999999999999373e+38 3.369668246399999845e+00 0.000000000000000000e+00
1.383952271600000000e+15 3.695659693200000002e+35 7.059999999999999535e+38 3.369668246399999845e+00 0.000000000000000000e+00
1.371277362100000000e+15 3.608202269499999673e+35 7.009999999999999697e+38 3.369668246399999845e+00 0.000000000000000000e+00
1.358671181600000000e+15 3.522210631600000079e+35 6.959999999999999858e+38 3.369668246399999845e+00 0.000000000000000000e+00
1.346133059600000000e+15 3.437670478399999867e+35 6.910000000000000020e+38 3.369668246399999845e+00 0.000000000000000000e+00
1.333662327300000000e+15 3.354567547099999890e+35 6.860000000000000182e+38 3.369668246399999845e+00 0.000000000000000000e+00
1.321258317800000000e+15 3.272887612799999954e+35 6.810000000000000343e+38 3.369668246399999845e+00 0.000000000000000000e+00
1.308920365800000000e+15 3.192616488899999860e+35 6.759999999999999750e+38 3.369668246399999845e+00 0.000000000000000000e+00
1.296647808000000000e+15 3.113740027300000106e+35 6.709999999999999911e+38 3.369668246399999845e+00 0.000000000000000000e+00
1.284439982800000000e+15 3.036244118600000017e+35 6.660000000000000073e+38 3.369668246399999845e+00 0.000000000000000000e+00
1.272296230400000000e+15 2.960114692000000155e+35 6.610000000000000235e+38 3.369668246399999845e+00 0.000000000000000000e+00
1.260215893000000000e+15 2.885337715900000010e+35 6.559999999999999641e+38 3.369668246399999845e+00 0.000000000000000000e+00
1.248198314300000000e+15 2.811899197800000046e+35 6.509999999999999802e+38 3.369668246399999845e+00 0.000000000000000000e+00
1.236242840200000000e+15 2.739785184499999825e+35 6.459999999999999964e+38 3.369668246399999845e+00 0.000000000000000000e+00
1.224348818300000000e+15 2.668981762500000157e+35 6.410000000000000126e+38 3.369668246399999845e+00 0.000000000000000000e+00
1.212515598000000000e+15 2.599475058000000145e+35 6.360000000000000288e+38 3.369668246399999845e+00 0.000000000000000000e+00
1.200742530700000000e+15 2.531251237199999910e+35 6.309999999999999694e+38 3.369668246399999845e+00 0.000000000000000000e+00
1.189028969600000000e+15 2.464296506200000049e+35 6.259999999999999855e+38 3.369668246399999845e+00 0.000000000000000000e+00
1.177374269800000000e+15 2.398597111699999866e+35 6.210000000000000017e+38 3.369668246399999845e+00 0.000000000000000000e+00
1.165777788400000000e+15 2.334139340999999952e+35 6.160000000000000179e+38 3.369668246399999845e+00 0.000000000000000000e+00
1.154238884300000000e+15 2.270909521900000176e+35 6.110000000000000340e+38 3.369668246399999845e+00 0.000000000000000000e+00
1.142756918300000000e+15 2.208894023400000122e+35 6.059999999999999746e+38 3.369668246399999845e+00 0.000000000000000000e+00
1.131331253300000000e+15 2.148079255400000063e+35 6.009999999999999908e+38 3.369668246399999845e+00 0.000000000000000000e+00
1.119961253900000000e+15 2.088451669500000092e+35 5.960000000000000070e+38 3.369668246399999845e+00 0.000000000000000000e+00
1.108646286800000000e+15 2.029997758800000160e+35 5.910000000000000232e+38 3.369668246399999845e+00 0.000000000000000000e+00
1.097385720700000000e+15 1.972704058100000037e+35 5.859999999999999638e+38 3.369668246399999845e+00 0.000000000000000000e+00
1.086178926100000000e+15 1.916557144299999990e+35 5.809999999999999799e+38 3.369668246399999845e+00 0.000000000000000000e+00
1.075025275700000000e+15 1.861543636700000183e+35 5.759999999999999961e+38 3.369668246399999845e+00 0.000000000000000000e+00
1.063924144100000000e+15 1.807650196900000136e+35 5.710000000000000123e+38 3.369668246399999845e+00 0.000000000000000000e+00
1.052874907700000000e+15 1.754863529499999909e+35 5.660000000000000284e+38 3.369668246399999845e+00 0.000000000000000000e+00
1.041876945300000000e+15 1.703170381799999961e+35 5.609999999999999690e+38 3.369668246399999845e+00 0.000000000000000000e+00
1.030929637500000000e+15 1.652557544399999952e+35 5.559999999999999852e+38 3.369668246399999845e+00 0.000000000000000000e+00
1.020032366800000000e+15 1.603011851399999998e+35 5.510000000000000014e+38 3.369668246399999845e+00 0.000000000000000000e+00
1.009184518100000000e+15 1.554520180600000089e+35 5.460000000000000176e+38 3.369668246399999845e+00 0.000000000000000000e+00
9.983854781000000000e+14 1.507069453700000057e+35 5.410000000000000337e+38 3.369668246399999845e+00 0.000000000000000000e+00
9.876346356300000000e+14 1.460646636600000080e+35 5.359999999999999743e+38 3.369668246399999845e+00 0.000000000000000000e+00
9.769313816500000000e+14 1.415238739700000081e+35 5.309999999999999905e+38 3.369668246399999845e+00 0.000000000000000000e+00
9.662751091700000000e+14 1.370832818000000085e+35 5.260000000000000067e+38 3.369668246399999845e+00 0.000000000000000000e+00
9.556652133300000000e+14 1.327415971599999949e+35 5.210000000000000228e+38 3.369668246399999845e+00 0.000000000000000000e+00
9.451010913900000000e+14 1.284975345900000071e+35 5.159999999999999634e+38 3.369668246399999845e+00 0.000000000000000000e+00
9.345821427500000000e+14 1.243498131599999915e+35 5.109999999999999796e+38 3.369668246399999845e+00 0.000000000000000000e+00
9.241077689400000000e+14 1.202971565399999928e+35 5.059999999999999958e+38 3.369668246399999845e+00 0.000000000000000000e+00
9.136773736700000000e+14 1.163382930100000048e+35 5.010000000000000120e+38 3.369668246399999845e+00 0.000000000000000000e+00
9.032903628100000000e+14 1.124719554800000040e+35 4.960000000000000281e+38 3.369668246399999845e+00 0.000000000000000000e+00
8.929461444200000000e+14 1.086968815100000022e+35 4.909999999999999687e+38 3.369668246399999845e+00 0.000000000000000000e+00
8.826441287700000000e+14 1.050118133899999962e+35 4.859999999999999849e+38 3.369668246399999845e+00 0.000000000000000000e+00
8.723837283500000000e+14 1.014154981099999918e+35 4.810000000000000011e+38 3.369668246399999845e+00 0.000000000000000000e+00
8.621643578500000000e+14 9.790668742799999587e+34 4.760000000000000172e+38 3.369668246399999845e+00 0.000000000000000000e+00
8.519854342500000000e+14 9.448413787899999901e+34 4.710000000000000334e+38 3.369668246399999845e+00 0.000000000000000000e+00
8.418463767400000000e+14 9.114661082799999805e+34 4.659999999999999740e+38 3.369668246399999845e+00 0.000000000000000000e+00
8.317466068400000000e+14 8.789287248699999901e+34 4.609999999999999902e+38 3.369668246399999845e+00 0.000000000000000000e+00
8.216855483100000000e+14 8.472169395199999833e+34 4.560000000000000064e+38 3.369668246399999845e+00 0.000000000000000000e+00
8.116626272400000000e+14 8.163185123699999770e+34 4.510000000000000225e+38 3.369668246399999845e+00 0.000000000000000000e+00
8.016772720400000000e+14 7.862212530899999853e+34 4.459999999999999631e+38 3.369668246399999845e+00 0.000000000000000000e+00
7.917289134600000000e+14 7.569130211699999915e+34 4.409999999999999793e+38 3.369668246399999845e+00 0.000000000000000000e+00
7.818169846000000000e+14 7.283817263500000092e+34 4.359999999999999955e+38 3.369668246399999845e+00 0.000000000000000000e+00
7.719309183600000000e+14 7.020041608500000009e+34 4.310000000000000116e+38 2.515151515199999910e+00 0.000000000000000000e+00
7.620841005200000000e+14 6.817006776399999670e+34 4.260000000000000278e+38 2.515151515199999910e+00 0.000000000000000000e+00
7.522635269600000000e+14 6.617550712000000298e+34 4.209999999999999684e+38 2.515151515199999910e+00 0.000000000000000000e+00
7.424690385700000000e+14 6.421651714499999746e+34 4.159999999999999846e+38 2.515151515199999910e+00 0.000000000000000000e+00
7.327004752800000000e+14 6.229287957799999755e+34 4.110000000000000008e+38 2.515151515199999910e+00 0.000000000000000000e+00
7.229576760900000000e+14 6.040437488400000010e+34 4.060000000000000169e+38 2.515151515199999910e+00 0.000000000000000000e+00
7.132404790600000000e+14 5.855078222500000269e+34 4.010000000000000331e+38 2.515151515199999910e+00 0.000000000000000000e+00
7.035487212800000000e+14 5.673187944499999672e+34 3.959999999999999737e+38 2.515151515199999910e+00 0.000000000000000000e+00
6.938822388300000000e+14 5.494744303800000390e+34 3.909999999999999899e+38 2.515151515199999910e+00 0.000000000000000000e+00
6.842408668200000000e+14 5.319724812600000045e+34 3.860000000000000060e+38 2.515151515199999910e+00 0.000000000000000000e+00
6.746244393000000000e+14 5.148106843299999680e+34 3.810000000000000222e+38 2.515151515199999910e+00 0.000000000000000000e+00
6.650327892900000000e+14 4.979867625600000354e+34 3.759999999999999628e+38 2.515151515199999910e+00 0.000000000000000000e+00
6.554657487500000000e+14 4.814984243999999845e+34 3.709999999999999790e+38 2.515151515199999910e+00 0.000000000000000000e+00
6.459231485300000000e+14 4.653433634599999987e+34 3.659999999999999952e+38 2.515151515199999910e+00 0.000000000000000000e+00
6.364048184100000000e+14 4.495192582400000089e+34 3.610000000000000113e+38 2.515151515199999910e+00 0.000000000000000000e+00
6.269105869900000000e+14 4.340237718099999659e+34 3.560000000000000275e+38 2.515151515199999910e+00 0.000000000000000000e+00
6.174402817500000000e+14 4.188545514900000201e+34 3.509999999999999681e+38 2.515151515199999910e+00 0.000000000000000000e+00
6.079937289900000000e+14 4.040092285199999841e+34 3.459999999999999843e+38 2.515151515199999910e+00 0.000000000000000000e+00
5.985707537900000000e+14 3.894854177299999937e+34 3.410000000000000004e+38 2.515151515199999910e+00 0.000000000000000000e+00
5.891711800000000000e+14 3.752807171700000042e+34 3.360000000000000166e+38 2.515151515199999910e+00 0.000000000000000000e+00
5.797948302300000000e+14 3.613927077500000046e+34 3.309999999999999950e+38 2.515151515199999910e+00 0.000000000000000000e+00
5.704415258000000000e+14 3.478189528700000208e+34 3.260000000000000112e+38 2.515151515199999910e+00 0.000000000000000000e+00
5.611110866900000000e+14 3.345569980100000151e+34 3.209999999999999896e+38 2.515151515199999910e+00 0.000000000000000000e+00
5.518033315900000000e+14 3.216043703400000219e+34 3.160000000000000057e+38 2.515151515199999910e+00 0.000000000000000000e+00
5.425180777600000000e+14 3.089585782600000089e+34 3.109999999999999841e+38 2.515151515199999910e+00 0.000000000000000000e+00
5.332551410800000000e+14 2.966171109999999865e+34 3.060000000000000003e+38 2.515151515199999910e+00 0.000000000000000000e+00
5.240143359900000000e+14 2.845774381199999957e+34 3.010000000000000165e+38 2.515151515199999910e+00 0.000000000000000000e+00
5.147954754500000000e+14 2.728370090800000005e+34 2.959999999999999948e+38 2.515151515199999910e+00 0.000000000000000000e+00
5.055983709000000000e+14 2.613932526799999962e+34 2.910000000000000110e+38 2.515151515199999910e+00 0.000000000000000000e+00
4.964228322400000000e+14 2.502435766000000081e+34 2.859999999999999894e+38 2.515151515199999910e+00 0.000000000000000000e+00
4.872686677800000000e+14 2.393853668000000031e+34 2.810000000000000056e+38 2.515151515199999910e+00 0.000000000000000000e+00
4.781356841800000000e+14 2.288159870200000150e+34 2.759999999999999840e+38 2.515151515199999910e+00 0.000000000000000000e+00
4.690236864500000000e+14 2.185327781399999974e+34 2.710000000000000001e+38 2.515151515199999910e+00 0.000000000000000000e+00
4.599324778600000000e+14 2.085330575600000052e+34 2.660000000000000163e+38 2.515151515199999910e+00 0.000000000000000000e+00
4.508618599300000000e+14 1.988141185999999905e+34 2.609999999999999947e+38 2.515151515199999910e+00 0.000000000000000000e+00
4.418116323400000000e+14 1.893732297800000001e+34 2.560000000000000109e+38 2.515151515199999910e+00 0.000000000000000000e+00
4.327815929100000000e+14 1.802076341200000101e+34 2.509999999999999892e+38 2.515151515199999910e+00 0.000000000000000000e+00
4.237715375500000000e+14 1.713145484300000112e+34 2.460000000000000054e+38 2.515151515199999910e+00 0.000000000000000000e+00
4.147810000000000000e+14 1.631830000000000046e+34 2.409999999999999838e+38 3.366999999999999993e+00 0.000000000000000000e+00
4.057760000000000000e+14 1.522610000000000086e+34 2.360000000000000000e+38 3.374000000000000110e+00 0.000000000000000000e+00
3.967980000000000000e+14 1.418350000000000033e+34 2.310000000000000161e+38 3.379999999999999893e+00 0.000000000000000000e+00
3.878460000000000000e+14 1.318969999999999969e+34 2.259999999999999945e+38 3.387000000000000011e+00 0.000000000000000000e+00
3.789200000000000000e+14 1.224349999999999904e+34 2.210000000000000107e+38 3.392999999999999794e+00 0.000000000000000000e+00
3.700180000000000000e+14 1.134389999999999885e+34 2.159999999999999891e+38 3.399999999999999911e+00 0.000000000000000000e+00
3.611410000000000000e+14 1.049000000000000091e+34 2.110000000000000053e+38 3.406000000000000139e+00 0.000000000000000000e+00
3.522870000000000000e+14 9.680609999999999697e+33 2.059999999999999837e+38 3.411999999999999922e+00 0.000000000000000000e+00
3.434550000000000000e+14 8.914710000000000016e+33 2.009999999999999998e+38 3.418000000000000149e+00 0.000000000000000000e+00
3.346460000000000000e+14 8.191189999999999710e+33 1.960000000000000160e+38 3.423999999999999932e+00 0.000000000000000000e+00
3.258580000000000000e+14 7.508909999999999678e+33 1.909999999999999944e+38 3.428999999999999826e+00 0.000000000000000000e+00
3.170910000000000000e+14 6.866739999999999800e+33 1.860000000000000105e+38 3.435000000000000053e+00 0.000000000000000000e+00
3.083440000000000000e+14 6.263519999999999555e+33 1.809999999999999889e+38 3.439000000000000057e+00 0.000000000000000000e+00
2.996170000000000000e+14 5.698070000000000461e+33 1.760000000000000051e+38 3.443999999999999950e+00 0.000000000000000000e+00
2.909080000000000000e+14 5.169189999999999732e+33 1.709999999999999835e+38 3.447000000000000064e+00 0.000000000000000000e+00
2.822180000000000000e+14 4.675679999999999772e+33 1.659999999999999997e+38 3.450000000000000178e+00 0.000000000000000000e+00
2.735450000000000000e+14 4.216310000000000277e+33 1.609999999999999969e+38 3.451000000000000068e+00 0.000000000000000000e+00
2.648890000000000000e+14 3.789819999999999964e+33 1.559999999999999942e+38 3.451000000000000068e+00 0.000000000000000000e+00
2.562500000000000000e+14 3.394949999999999859e+33 1.509999999999999915e+38 3.450000000000000178e+00 0.000000000000000000e+00
2.476280000000000000e+14 3.030389999999999740e+33 1.460000000000000077e+38 3.447000000000000064e+00 0.000000000000000000e+00
2.390210000000000000e+14 2.694840000000000098e+33 1.410000000000000049e+38 3.440999999999999837e+00 0.000000000000000000e+00
1.438500000000000000e+14 5.747599999999999881e+32 8.519840000000000235e+37 3.173999999999999932e+00 1.502609999999999978e+29
1.433760000000000000e+14 5.707069999999999876e+32 8.491880000000000043e+37 3.185000000000000053e+00 1.837249999999999906e+29
1.429020000000000000e+14 5.665949999999999910e+32 8.463919999999999851e+37 3.194999999999999840e+00 2.072030000000000157e+29
1.424280000000000000e+14 5.624759999999999728e+32 8.435959999999999660e+37 3.205000000000000071e+00 2.268079999999999958e+29
1.419530000000000000e+14 5.583660000000000028e+32 8.408000000000000412e+37 3.213999999999999968e+00 2.443660000000000112e+29
1.414790000000000000e+14 5.542700000000000039e+32 8.380040000000000220e+37 3.222999999999999865e+00 2.606819999999999836e+29
1.410050000000000000e+14 5.501900000000000027e+32 8.352080000000000028e+37 3.232000000000000206e+00 2.761800000000000080e+29
1.405310000000000000e+14 5.461299999999999807e+32 8.324119999999999837e+37 3.241999999999999993e+00 2.911109999999999997e+29
1.400570000000000000e+14 5.420889999999999965e+32 8.296159999999999645e+37 3.250999999999999890e+00 3.056359999999999924e+29
1.395830000000000000e+14 5.380690000000000049e+32 8.268200000000000397e+37 3.259999999999999787e+00 3.198609999999999922e+29
1.391090000000000000e+14 5.340689999999999924e+32 8.240240000000000205e+37 3.269000000000000128e+00 3.338609999999999885e+29
1.386350000000000000e+14 5.300919999999999993e+32 8.212280000000000014e+37 2.408999999999999808e+00 3.476900000000000230e+29
1.381610000000000000e+14 5.261370000000000120e+32 8.184319999999999822e+37 2.402000000000000135e+00 3.613859999999999778e+29
1.376870000000000000e+14 5.222030000000000172e+32 8.156359999999999630e+37 2.395000000000000018e+00 3.749810000000000312e+29
1.372130000000000000e+14 5.182929999999999831e+32 8.128400000000000382e+37 2.387999999999999901e+00 3.884960000000000256e+29
1.367390000000000000e+14 5.144050000000000269e+32 8.100440000000000191e+37 2.380999999999999783e+00 4.019499999999999723e+29
1.362650000000000000e+14 5.105410000000000313e+32 8.072479999999999999e+37 2.375000000000000000e+00 4.153559999999999679e+29
1.357910000000000000e+14 5.066989999999999695e+32 8.044519999999999807e+37 2.367999999999999883e+00 4.287249999999999969e+29
1.353170000000000000e+14 5.028810000000000124e+32 8.016559999999999615e+37 2.361000000000000210e+00 4.420650000000000159e+29
1.348440000000000000e+14 4.990860000000000026e+32 7.988600000000000368e+37 2.354000000000000092e+00 4.553839999999999816e+29
1.343700000000000000e+14 4.953150000000000254e+32 7.960640000000000176e+37 2.346999999999999975e+00 4.686859999999999779e+29
1.338960000000000000e+14 4.915669999999999954e+32 7.932679999999999984e+37 2.339999999999999858e+00 4.819760000000000040e+29
1.334220000000000000e+14 4.878429999999999981e+32 7.904719999999999792e+37 2.333000000000000185e+00 4.952570000000000172e+29
1.329480000000000000e+14 4.841430000000000334e+32 7.876759999999999600e+37 2.326000000000000068e+00 5.085319999999999751e+29
1.324740000000000000e+14 4.804660000000000159e+32 7.848800000000000353e+37 2.318999999999999950e+00 5.218020000000000040e+29
1.320000000000000000e+14 4.768139999999999724e+32 7.820840000000000161e+37 2.311999999999999833e+00 5.350680000000000193e+29
1.315270000000000000e+14 4.731850000000000202e+32 7.792879999999999969e+37 2.305000000000000160e+00 5.483329999999999786e+29
1.310530000000000000e+14 4.695790000000000152e+32 7.764919999999999777e+37 2.298000000000000043e+00 5.615949999999999805e+29
1.305790000000000000e+14 4.659979999999999842e+32 7.736959999999999585e+37 2.290000000000000036e+00 5.748569999999999823e+29
1.301050000000000000e+14 4.627909999999999815e+32 7.709000000000000338e+37 2.282999999999999918e+00 3.670479999999999957e+29
1.296320000000000000e+14 4.592619999999999972e+32 7.681040000000000146e+37 2.275999999999999801e+00 3.738590000000000065e+29
1.291580000000000000e+14 4.557569999999999735e+32 7.653079999999999954e+37 2.269000000000000128e+00 3.806729999999999746e+29
1.286840000000000000e+14 4.530060000000000146e+32 7.625119999999999762e+37 2.262000000000000011e+00 2.094260000000000119e+29
1.282110000000000000e+14 4.495589999999999737e+32 7.597159999999999570e+37 2.254999999999999893e+00 2.115069999999999859e+29
1.277370000000000000e+14 4.461350000000000242e+32 7.569200000000000323e+37 2.248000000000000220e+00 2.135990000000000146e+29
1.272630000000000000e+14 4.427340000000000218e+32 7.541240000000000131e+37 2.241000000000000103e+00 2.157010000000000068e+29
1.267900000000000000e+14 4.393559999999999667e+32 7.513279999999999939e+37 2.233000000000000096e+00 2.178109999999999907e+29
1.263160000000000000e+14 4.360010000000000029e+32 7.485319999999999747e+37 2.225999999999999979e+00 2.199290000000000017e+29
1.258420000000000000e+14 4.326689999999999863e+32 7.457359999999999555e+37 2.218999999999999861e+00 2.220529999999999978e+29
1.244210000000000000e+14 4.228090000000000255e+32 7.373479999999999924e+37 2.197000000000000064e+00 2.284580000000000095e+29
1.239480000000000000e+14 4.195680000000000006e+32 7.345519999999999732e+37 2.189999999999999947e+00 2.305999999999999960e+29
1.234740000000000000e+14 4.163499999999999950e+32 7.317559999999999541e+37 2.182999999999999829e+00 2.327459999999999960e+29
1.225270000000000000e+14 4.099810000000000148e+32 7.261640000000000101e+37 2.168000000000000149e+00 2.370429999999999953e+29
1.211070000000000000e+14 4.005949999999999781e+32 7.177760000000000470e+37 2.146999999999999797e+00 2.434939999999999864e+29
1.201600000000000000e+14 3.944480000000000117e+32 7.121840000000000086e+37 2.132000000000000117e+00 2.477929999999999925e+29
1.196860000000000000e+14 3.914069999999999946e+32 7.093879999999999895e+37 2.125000000000000000e+00 2.499409999999999992e+29
1.187390000000000000e+14 3.853909999999999781e+32 7.037960000000000455e+37 2.109999999999999876e+00 2.542289999999999857e+29
1.177930000000000000e+14 3.794619999999999719e+32 6.982040000000000072e+37 2.096000000000000085e+00 2.585070000000000088e+29
1.168460000000000000e+14 3.736180000000000213e+32 6.926119999999999688e+37 2.080999999999999961e+00 2.627720000000000056e+29
1.158990000000000000e+14 3.678579999999999688e+32 6.870200000000000249e+37 2.065999999999999837e+00 2.670199999999999977e+29
1.154260000000000000e+14 3.650100000000000101e+32 6.842240000000000057e+37 2.059000000000000163e+00 2.691369999999999877e+29
1.140060000000000000e+14 3.565899999999999903e+32 6.758360000000000426e+37 2.036999999999999922e+00 2.754570000000000114e+29
1.135330000000000000e+14 3.538239999999999750e+32 6.730400000000000234e+37 2.029999999999999805e+00 2.775529999999999833e+29
1.130590000000000000e+14 3.510780000000000109e+32 6.702440000000000042e+37 2.023000000000000131e+00 2.796430000000000052e+29
1.121130000000000000e+14 3.456479999999999749e+32 6.646519999999999658e+37 2.008000000000000007e+00 2.838030000000000168e+29
1.111670000000000000e+14 3.402969999999999863e+32 6.590600000000000219e+37 1.993999999999999995e+00 2.879370000000000110e+29
1.064350000000000000e+14 3.147010000000000104e+32 6.311000000000000189e+37 1.923000000000000043e+00 3.081550000000000031e+29
1.050160000000000000e+14 3.073850000000000152e+32 6.227119999999999613e+37 1.901999999999999913e+00 3.140589999999999940e+29
1.045430000000000000e+14 3.057060000000000132e+32 6.199160000000000366e+37 1.895999999999999908e+00 3.613440000000000119e+29
1.040700000000000000e+14 3.033340000000000054e+32 6.171200000000000174e+37 1.889000000000000012e+00 3.614910000000000334e+29
1.035970000000000000e+14 3.009790000000000087e+32 6.143239999999999982e+37 1.881999999999999895e+00 3.616270000000000001e+29
1.031240000000000000e+14 2.986420000000000004e+32 6.115279999999999790e+37 1.875000000000000000e+00 3.617519999999999825e+29
1.026510000000000000e+14 2.963220000000000033e+32 6.087319999999999599e+37 1.868000000000000105e+00 3.618659999999999805e+29
1.021780000000000000e+14 2.940180000000000039e+32 6.059360000000000351e+37 1.860999999999999988e+00 3.619699999999999799e+29
1.017050000000000000e+14 2.917319999999999929e+32 6.031400000000000159e+37 1.854000000000000092e+00 3.620629999999999949e+29
1.012320000000000000e+14 2.894620000000000158e+32 6.003439999999999967e+37 1.848000000000000087e+00 3.621450000000000256e+29
1.007590000000000000e+14 2.872080000000000003e+32 5.975479999999999776e+37 1.840999999999999970e+00 3.622169999999999873e+29
1.002860000000000000e+14 2.849709999999999960e+32 5.947519999999999584e+37 1.834000000000000075e+00 3.622780000000000350e+29
9.981300000000000000e+13 2.827499999999999894e+32 5.919560000000000336e+37 1.826999999999999957e+00 3.623280000000000279e+29
9.934010000000000000e+13 2.805450000000000165e+32 5.891600000000000144e+37 1.820999999999999952e+00 3.623669999999999661e+29
9.886720000000000000e+13 2.783569999999999828e+32 5.863639999999999953e+37 1.814000000000000057e+00 3.623959999999999761e+29
9.839430000000000000e+13 2.761829999999999921e+32 5.835679999999999761e+37 1.808000000000000052e+00 3.624140000000000017e+29
9.792140000000000000e+13 2.740260000000000125e+32 5.807719999999999569e+37 1.800999999999999934e+00 3.624220000000000288e+29
9.744850000000000000e+13 2.718840000000000173e+32 5.779760000000000321e+37 1.794999999999999929e+00 3.624190000000000010e+29
9.697560000000000000e+13 2.697570000000000064e+32 5.751800000000000130e+37 1.788000000000000034e+00 3.624049999999999889e+29
9.650280000000000000e+13 2.676459999999999933e+32 5.723839999999999938e+37 1.782000000000000028e+00 3.623799999999999925e+29
9.603000000000000000e+13 2.655489999999999873e+32 5.695879999999999746e+37 1.774999999999999911e+00 3.623449999999999974e+29
9.555710000000000000e+13 2.634680000000000150e+32 5.667919999999999554e+37 1.768999999999999906e+00 3.623000000000000037e+29
9.508430000000000000e+13 2.614010000000000137e+32 5.639960000000000307e+37 1.762999999999999901e+00 3.622440000000000257e+29
9.461150000000000000e+13 2.593489999999999968e+32 5.612000000000000115e+37 1.756000000000000005e+00 3.621769999999999929e+29
9.413870000000000000e+13 2.573109999999999869e+32 5.584039999999999923e+37 1.750000000000000000e+00 3.621000000000000319e+29
9.366600000000000000e+13 2.552879999999999974e+32 5.556079999999999731e+37 1.743999999999999995e+00 3.620130000000000020e+29
9.319320000000000000e+13 2.532790000000000150e+32 5.528119999999999539e+37 1.737999999999999989e+00 3.619149999999999877e+29
9.272040000000000000e+13 2.512829999999999901e+32 5.500160000000000292e+37 1.731999999999999984e+00 3.618069999999999747e+29
9.224770000000000000e+13 2.493019999999999857e+32 5.472200000000000100e+37 1.725999999999999979e+00 3.616879999999999774e+29
9.177490000000000000e+13 2.473349999999999884e+32 5.444239999999999908e+37 1.719999999999999973e+00 3.615589999999999816e+29
9.130220000000000000e+13 2.453809999999999846e+32 5.416279999999999716e+37 1.713999999999999968e+00 3.614199999999999871e+29
9.082950000000000000e+13 2.434400000000000106e+32 5.388320000000000469e+37 1.707999999999999963e+00 3.612709999999999940e+29
9.035680000000000000e+13 2.415130000000000076e+32 5.360360000000000277e+37 1.701999999999999957e+00 3.611110000000000166e+29
8.988410000000000000e+13 2.395989999999999983e+32 5.332400000000000085e+37 1.695999999999999952e+00 3.609409999999999702e+29
8.941140000000000000e+13 2.376989999999999959e+32 5.304439999999999893e+37 1.689999999999999947e+00 3.607609999999999956e+29
8.893880000000000000e+13 2.358110000000000099e+32 5.276479999999999701e+37 1.685000000000000053e+00 3.605710000000000223e+29
8.846610000000000000e+13 2.339350000000000042e+32 5.248520000000000454e+37 1.679000000000000048e+00 3.603699999999999944e+29
8.799350000000000000e+13 2.320730000000000056e+32 5.220560000000000262e+37 1.673000000000000043e+00 3.601600000000000240e+29
8.752080000000000000e+13 2.302220000000000099e+32 5.192600000000000070e+37 1.667999999999999927e+00 3.599389999999999989e+29
8.704820000000000000e+13 2.283849999999999852e+32 5.164639999999999878e+37 1.661999999999999922e+00 3.597090000000000313e+29
8.657560000000000000e+13 2.265589999999999994e+32 5.136679999999999686e+37 1.657000000000000028e+00 3.594680000000000090e+29
8.610300000000000000e+13 2.247449999999999940e+32 5.108720000000000439e+37 1.651999999999999913e+00 3.592179999999999739e+29
8.563040000000000000e+13 2.229430000000000049e+32 5.080760000000000247e+37 1.645999999999999908e+00 3.589570000000000247e+29
8.515780000000000000e+13 2.211529999999999961e+32 5.052800000000000055e+37 1.641000000000000014e+00 3.586869999999999924e+29
8.468530000000000000e+13 2.193750000000000036e+32 5.024839999999999863e+37 1.635999999999999899e+00 3.584059999999999758e+29
8.421270000000000000e+13 2.176080000000000140e+32 4.996879999999999671e+37 1.631000000000000005e+00 3.581160000000000167e+29
8.374020000000000000e+13 2.158519999999999914e+32 4.968920000000000424e+37 1.625999999999999890e+00 3.578150000000000028e+29
8.326760000000000000e+13 2.141079999999999851e+32 4.940960000000000232e+37 1.620999999999999996e+00 3.575049999999999761e+29
8.279510000000000000e+13 2.123740000000000044e+32 4.913000000000000040e+37 1.616000000000000103e+00 3.571850000000000213e+29
8.232260000000000000e+13 2.106520000000000040e+32 4.885039999999999848e+37 1.610999999999999988e+00 3.568549999999999974e+29
8.185010000000000000e+13 2.090710000000000153e+32 4.857079999999999657e+37 1.606000000000000094e+00 4.343460000000000347e+29
8.137760000000000000e+13 2.073719999999999981e+32 4.829120000000000409e+37 1.600999999999999979e+00 4.329620000000000047e+29
8.090510000000000000e+13 2.056830000000000066e+32 4.801160000000000217e+37 1.596000000000000085e+00 4.315700000000000180e+29
8.043260000000000000e+13 2.040040000000000046e+32 4.773200000000000025e+37 1.590999999999999970e+00 4.301719999999999759e+29
7.996020000000000000e+13 2.023360000000000056e+32 4.745239999999999834e+37 1.586999999999999966e+00 4.287670000000000332e+29
7.948770000000000000e+13 2.006769999999999828e+32 4.717279999999999642e+37 1.582000000000000073e+00 4.273560000000000351e+29
7.901530000000000000e+13 1.990289999999999990e+32 4.689320000000000394e+37 1.578000000000000069e+00 4.259370000000000100e+29
7.854290000000000000e+13 1.973899999999999914e+32 4.661360000000000202e+37 1.572999999999999954e+00 4.245110000000000141e+29
7.807040000000000000e+13 1.957610000000000094e+32 4.633400000000000011e+37 1.568999999999999950e+00 4.230779999999999769e+29
7.759800000000000000e+13 1.941410000000000037e+32 4.605439999999999819e+37 1.564999999999999947e+00 4.216390000000000250e+29
7.712560000000000000e+13 1.925309999999999875e+32 4.577479999999999627e+37 1.560999999999999943e+00 4.201919999999999757e+29
7.665330000000000000e+13 1.909299999999999836e+32 4.549520000000000379e+37 1.556999999999999940e+00 4.187380000000000259e+29
7.618090000000000000e+13 1.893379999999999918e+32 4.521560000000000188e+37 1.552000000000000046e+00 4.172770000000000348e+29
7.570850000000000000e+13 1.877550000000000124e+32 4.493599999999999996e+37 1.548999999999999932e+00 4.158090000000000026e+29
7.523620000000000000e+13 1.861810000000000091e+32 4.465639999999999804e+37 1.544999999999999929e+00 4.143339999999999994e+29
7.476380000000000000e+13 1.846159999999999821e+32 4.437679999999999612e+37 1.540999999999999925e+00 4.128509999999999693e+29
7.429150000000000000e+13 1.830589999999999900e+32 4.409720000000000365e+37 1.536999999999999922e+00 4.113620000000000244e+29
7.381920000000000000e+13 1.815110000000000101e+32 4.381760000000000173e+37 1.532999999999999918e+00 4.098649999999999822e+29
7.334690000000000000e+13 1.799709999999999930e+32 4.353799999999999981e+37 1.530000000000000027e+00 4.083599999999999832e+29
7.287460000000000000e+13 1.784390000000000109e+32 4.325839999999999789e+37 1.526000000000000023e+00 4.068480000000000135e+29
7.240230000000000000e+13 1.769160000000000049e+32 4.297879999999999597e+37 1.522999999999999909e+00 4.053290000000000025e+29
7.193000000000000000e+13 1.753999999999999845e+32 4.269920000000000350e+37 1.518999999999999906e+00 4.038020000000000348e+29
7.145780000000000000e+13 1.738930000000000124e+32 4.241960000000000158e+37 1.516000000000000014e+00 4.022680000000000259e+29
7.098550000000000000e+13 1.723920000000000123e+32 4.213999999999999966e+37 1.512999999999999901e+00 4.007259999999999900e+29
7.051330000000000000e+13 1.708999999999999885e+32 4.186039999999999774e+37 1.510000000000000009e+00 3.991759999999999975e+29
7.004100000000000000e+13 1.694149999999999862e+32 4.158080000000000054e+37 1.506000000000000005e+00 3.976190000000000341e+29
6.956880000000000000e+13 1.679370000000000055e+32 4.130119999999999863e+37 1.502999999999999892e+00 3.960529999999999875e+29
6.909660000000000000e+13 1.664669999999999876e+32 4.102160000000000143e+37 1.500999999999999890e+00 3.944799999999999700e+29
6.862440000000000000e+13 1.650039999999999912e+32 4.074199999999999951e+37 1.497999999999999998e+00 3.928989999999999959e+29
6.815220000000000000e+13 1.635470000000000030e+32 4.046240000000000231e+37 1.495000000000000107e+00 3.913090000000000090e+29
6.768000000000000000e+13 1.620979999999999956e+32 4.018280000000000040e+37 1.491999999999999993e+00 3.897119999999999808e+29
6.720790000000000000e+13 1.606549999999999964e+32 3.990319999999999848e+37 1.489999999999999991e+00 3.881060000000000102e+29
6.673570000000000000e+13 1.592190000000000007e+32 3.962360000000000128e+37 1.487000000000000099e+00 3.864920000000000126e+29
6.626360000000000000e+13 1.577900000000000085e+32 3.934399999999999936e+37 1.483999999999999986e+00 3.848699999999999880e+29
6.579140000000000000e+13 1.563659999999999932e+32 3.906440000000000217e+37 1.481999999999999984e+00 3.832390000000000209e+29
6.531930000000000000e+13 1.549499999999999947e+32 3.878480000000000025e+37 1.479999999999999982e+00 3.815989999999999707e+29
6.484720000000000000e+13 1.535390000000000090e+32 3.850519999999999833e+37 1.477999999999999980e+00 3.799510000000000342e+29
6.437510000000000000e+13 1.521339999999999954e+32 3.822560000000000113e+37 1.475000000000000089e+00 3.782940000000000145e+29
6.390300000000000000e+13 1.507360000000000034e+32 3.794599999999999921e+37 1.473000000000000087e+00 3.766279999999999820e+29
6.343100000000000000e+13 1.493430000000000061e+32 3.766640000000000202e+37 1.471000000000000085e+00 3.749539999999999928e+29
6.295890000000000000e+13 1.479559999999999990e+32 3.738680000000000010e+37 1.469000000000000083e+00 3.732700000000000051e+29
6.248680000000000000e+13 1.465750000000000001e+32 3.710719999999999818e+37 1.467999999999999972e+00 3.715770000000000046e+29
6.201480000000000000e+13 1.451989999999999959e+32 3.682760000000000098e+37 1.465999999999999970e+00 3.698749999999999912e+29
6.154280000000000000e+13 1.438280000000000046e+32 3.654799999999999906e+37 1.463999999999999968e+00 3.681639999999999651e+29
6.107080000000000000e+13 1.424630000000000034e+32 3.626840000000000187e+37 1.461999999999999966e+00 3.664430000000000107e+29
6.059880000000000000e+13 1.411029999999999970e+32 3.598879999999999995e+37 1.461000000000000076e+00 3.647119999999999873e+29
6.012680000000000000e+13 1.397489999999999988e+32 3.570919999999999803e+37 1.459000000000000075e+00 3.629720000000000216e+29
5.965480000000000000e+13 1.383990000000000000e+32 3.542960000000000083e+37 1.457999999999999963e+00 3.612219999999999869e+29
5.918280000000000000e+13 1.370539999999999960e+32 3.514999999999999892e+37 1.457000000000000073e+00 3.594620000000000239e+29
5.871080000000000000e+13 1.357140000000000047e+32 3.487040000000000172e+37 1.455999999999999961e+00 3.576919999999999920e+29
5.823890000000000000e+13 1.343790000000000083e+32 3.459079999999999980e+37 1.453999999999999959e+00 3.559109999999999757e+29
5.776700000000000000e+13 1.330479999999999933e+32 3.431119999999999788e+37 1.453000000000000069e+00 3.541210000000000170e+29
5.729500000000000000e+13 1.317219999999999912e+32 3.403160000000000069e+37 1.451999999999999957e+00 3.523200000000000035e+29
5.682310000000000000e+13 1.304010000000000018e+32 3.375199999999999877e+37 1.451999999999999957e+00 3.505080000000000057e+29
5.635120000000000000e+13 1.290829999999999985e+32 3.347240000000000157e+37 1.451000000000000068e+00 3.486860000000000093e+29
5.587930000000000000e+13 1.277710000000000033e+32 3.319279999999999965e+37 1.449999999999999956e+00 3.468530000000000285e+29
5.540750000000000000e+13 1.264619999999999942e+32 3.291319999999999773e+37 1.449000000000000066e+00 3.450089999999999929e+29
5.493560000000000000e+13 1.251570000000000026e+32 3.263360000000000054e+37 1.449000000000000066e+00 3.431539999999999730e+29
5.446380000000000000e+13 1.238570000000000057e+32 3.235399999999999862e+37 1.447999999999999954e+00 3.412879999999999687e+29
5.399190000000000000e+13 1.225599999999999950e+32 3.207440000000000142e+37 1.447999999999999954e+00 3.394109999999999800e+29
5.352010000000000000e+13 1.212670000000000016e+32 3.179479999999999950e+37 1.447000000000000064e+00 3.375220000000000212e+29
5.304830000000000000e+13 1.199780000000000077e+32 3.151520000000000231e+37 1.447000000000000064e+00 3.356210000000000218e+29
5.257650000000000000e+13 1.186929999999999953e+32 3.123560000000000039e+37 1.447000000000000064e+00 3.337089999999999677e+29
5.210470000000000000e+13 1.174110000000000049e+32 3.095599999999999847e+37 1.447000000000000064e+00 3.317840000000000281e+29
5.163290000000000000e+13 1.161329999999999959e+32 3.067640000000000127e+37 1.447000000000000064e+00 3.298480000000000336e+29
5.116120000000000000e+13 1.148590000000000044e+32 3.039679999999999935e+37 1.447000000000000064e+00 3.278999999999999987e+29
5.068940000000000000e+13 1.135870000000000036e+32 3.011720000000000216e+37 1.447000000000000064e+00 3.259390000000000078e+29
5.021770000000000000e+13 1.123190000000000023e+32 2.983760000000000024e+37 1.447000000000000064e+00 3.239649999999999905e+29
4.974600000000000000e+13 1.110550000000000004e+32 2.955799999999999832e+37 1.447000000000000064e+00 3.219799999999999890e+29
4.927420000000000000e+13 1.097930000000000072e+32 2.927840000000000112e+37 1.447999999999999954e+00 3.199809999999999753e+29
4.880250000000000000e+13 1.085349999999999954e+32 2.899879999999999921e+37 1.447999999999999954e+00 3.179690000000000056e+29
4.833090000000000000e+13 1.072800000000000057e+32 2.871920000000000201e+37 1.449000000000000066e+00 3.159449999999999955e+29
4.785920000000000000e+13 1.060280000000000021e+32 2.843960000000000009e+37 1.449000000000000066e+00 3.139070000000000084e+29
4.738750000000000000e+13 1.047790000000000026e+32 2.815999999999999817e+37 1.449999999999999956e+00 3.118559999999999950e+29
4.691590000000000000e+13 1.035330000000000071e+32 2.788040000000000098e+37 1.451000000000000068e+00 3.097910000000000047e+29
4.644430000000000000e+13 1.022890000000000024e+32 2.760079999999999906e+37 1.451000000000000068e+00 3.077120000000000023e+29
4.597270000000000000e+13 1.010489999999999971e+32 2.732120000000000186e+37 1.451999999999999957e+00 3.056200000000000087e+29
4.550110000000000000e+13 9.981100000000000049e+31 2.704159999999999994e+37 1.453000000000000069e+00 3.035140000000000031e+29
4.502950000000000000e+13 9.857589999999999224e+31 2.676199999999999802e+37 1.453999999999999959e+00 3.013939999999999853e+29
4.455790000000000000e+13 9.734349999999999487e+31 2.648240000000000083e+37 1.455000000000000071e+00 2.992590000000000049e+29
4.408630000000000000e+13 9.611369999999999263e+31 2.620279999999999891e+37 1.455999999999999961e+00 2.971100000000000124e+29
4.361480000000000000e+13 9.488640000000000580e+31 2.592320000000000171e+37 1.457999999999999963e+00 2.949470000000000077e+29
4.314330000000000000e+13 9.366179999999999382e+31 2.564359999999999979e+37 1.459000000000000075e+00 2.927679999999999842e+29
4.267180000000000000e+13 9.243959999999999952e+31 2.536399999999999787e+37 1.459999999999999964e+00 2.905749999999999838e+29
4.220030000000000000e+13 9.121990000000000261e+31 2.508440000000000068e+37 1.461999999999999966e+00 2.883669999999999855e+29
4.172880000000000000e+13 9.000260000000000536e+31 2.480479999999999876e+37 1.463000000000000078e+00 2.861439999999999893e+29
4.125730000000000000e+13 8.878780000000000551e+31 2.452520000000000156e+37 1.465000000000000080e+00 2.839050000000000095e+29
4.078580000000000000e+13 8.757530000000000759e+31 2.424559999999999964e+37 1.465999999999999970e+00 2.816509999999999966e+29
4.031440000000000000e+13 8.636519999999999131e+31 2.396599999999999773e+37 1.467999999999999972e+00 2.793819999999999857e+29
3.984300000000000000e+13 8.515739999999999498e+31 2.368640000000000053e+37 1.469999999999999973e+00 2.770960000000000055e+29
3.937160000000000000e+13 8.395190000000000057e+31 2.340679999999999861e+37 1.471999999999999975e+00 2.747949999999999922e+29
3.890020000000000000e+13 8.274880000000000583e+31 2.312720000000000141e+37 1.473999999999999977e+00 2.724779999999999952e+29
3.842880000000000000e+13 8.154789999999999726e+31 2.284759999999999950e+37 1.475999999999999979e+00 2.701439999999999935e+29
3.795740000000000000e+13 8.034920000000000189e+31 2.256800000000000230e+37 1.477999999999999980e+00 2.677949999999999940e+29
3.748610000000000000e+13 7.915289999999999718e+31 2.228840000000000038e+37 1.479999999999999982e+00 2.654289999999999898e+29
3.701480000000000000e+13 7.795879999999999666e+31 2.200879999999999846e+37 1.481999999999999984e+00 2.630460000000000162e+29
3.654350000000000000e+13 7.676690000000000034e+31 2.172920000000000127e+37 1.483999999999999986e+00 2.606460000000000027e+29
3.607220000000000000e+13 7.557729999999999694e+31 2.144959999999999935e+37 1.485999999999999988e+00 2.582300000000000056e+29
3.560090000000000000e+13 7.439000000000000447e+31 2.116999999999999979e+37 1.489000000000000101e+00 2.557970000000000039e+29
3.512960000000000000e+13 7.320489999999999818e+31 2.089040000000000023e+37 1.491000000000000103e+00 2.533460000000000117e+29
3.465840000000000000e+13 7.202210000000000282e+31 2.061080000000000067e+37 1.493999999999999995e+00 2.508790000000000007e+29
3.418720000000000000e+13 7.084150000000000265e+31 2.033120000000000112e+37 1.495999999999999996e+00 2.483939999999999992e+29
3.371600000000000000e+13 6.966330000000000214e+31 2.005159999999999920e+37 1.499000000000000110e+00 2.458910000000000073e+29
3.324480000000000000e+13 6.848740000000000356e+31 1.977199999999999964e+37 1.500999999999999890e+00 2.433710000000000108e+29
3.277360000000000000e+13 6.731379999999999790e+31 1.949240000000000008e+37 1.504000000000000004e+00 2.408340000000000096e+29
3.230250000000000000e+13 6.614260000000000091e+31 1.921280000000000053e+37 1.506999999999999895e+00 2.382779999999999971e+29
3.183130000000000000e+13 6.497380000000000358e+31 1.893320000000000097e+37 1.510000000000000009e+00 2.357050000000000150e+29
3.136020000000000000e+13 6.380739999999999690e+31 1.865359999999999905e+37 1.512999999999999901e+00 2.331129999999999864e+29
3.088910000000000000e+13 6.264339999999999890e+31 1.837399999999999949e+37 1.516000000000000014e+00 2.305039999999999884e+29
3.041800000000000000e+13 6.148199999999999602e+31 1.809439999999999993e+37 1.518999999999999906e+00 2.278760000000000141e+29
2.994700000000000000e+13 6.032319999999999728e+31 1.781480000000000038e+37 1.522000000000000020e+00 2.252300000000000143e+29
2.947590000000000000e+13 5.916689999999999594e+31 1.753520000000000082e+37 1.524999999999999911e+00 2.225659999999999888e+29
2.900490000000000000e+13 5.801329999999999646e+31 1.725559999999999890e+37 1.528000000000000025e+00 2.198829999999999871e+29
2.853390000000000000e+13 5.686239999999999886e+31 1.697599999999999934e+37 1.530999999999999917e+00 2.171819999999999950e+29
2.806300000000000000e+13 5.571430000000000086e+31 1.669639999999999979e+37 1.534999999999999920e+00 2.144619999999999915e+29
2.759200000000000000e+13 5.456910000000000021e+31 1.641680000000000023e+37 1.538000000000000034e+00 2.117230000000000117e+29
2.712110000000000000e+13 5.342679999999999689e+31 1.613720000000000067e+37 1.542000000000000037e+00 2.089660000000000064e+29
2.665020000000000000e+13 5.228739999999999992e+31 1.585760000000000111e+37 1.544999999999999929e+00 2.061899999999999897e+29
2.617930000000000000e+13 5.115120000000000249e+31 1.557799999999999919e+37 1.548999999999999932e+00 2.033949999999999968e+29
2.570840000000000000e+13 5.001819999999999561e+31 1.529839999999999964e+37 1.552000000000000046e+00 2.005809999999999924e+29
2.523760000000000000e+13 4.888839999999999729e+31 1.501880000000000008e+37 1.556000000000000050e+00 1.977480000000000119e+29
2.476680000000000000e+13 4.776200000000000299e+31 1.473920000000000052e+37 1.560000000000000053e+00 1.948970000000000057e+29
2.429600000000000000e+13 4.663910000000000144e+31 1.445960000000000096e+37 1.562999999999999945e+00 1.920260000000000024e+29
2.382520000000000000e+13 4.551979999999999938e+31 1.417999999999999905e+37 1.566999999999999948e+00 1.891359999999999877e+29
2.335440000000000000e+13 4.440420000000000356e+31 1.390039999999999949e+37 1.570999999999999952e+00 1.862279999999999825e+29
2.288370000000000000e+13 4.329240000000000269e+31 1.362079999999999993e+37 1.574999999999999956e+00 1.833000000000000154e+29
2.241300000000000000e+13 4.218469999999999900e+31 1.334120000000000037e+37 1.578999999999999959e+00 1.803539999999999874e+29
2.194230000000000000e+13 4.108100000000000375e+31 1.306160000000000082e+37 1.582999999999999963e+00 1.773879999999999975e+29
2.147170000000000000e+13 3.998169999999999887e+31 1.278199999999999890e+37 1.586999999999999966e+00 1.744040000000000171e+29
2.100110000000000000e+13 3.888679999999999788e+31 1.250239999999999934e+37 1.590999999999999970e+00 1.714000000000000044e+29
2.053050000000000000e+13 3.779650000000000074e+31 1.222279999999999978e+37 1.594999999999999973e+00 1.683780000000000013e+29
2.005990000000000000e+13 3.671099999999999842e+31 1.194320000000000022e+37 1.600000000000000089e+00 1.653369999999999867e+29
1.958940000000000000e+13 3.563049999999999990e+31 1.166360000000000067e+37 1.604000000000000092e+00 1.622769999999999960e+29
1.911890000000000000e+13 3.455509999999999841e+31 1.138400000000000111e+37 1.608000000000000096e+00 1.591979999999999938e+29
1.864840000000000000e+13 3.348519999999999839e+31 1.110439999999999919e+37 1.612999999999999989e+00 1.561010000000000012e+29
1.817790000000000000e+13 3.242079999999999985e+31 1.082479999999999963e+37 1.616999999999999993e+00 1.529849999999999973e+29
1.770750000000000000e+13 3.136240000000000047e+31 1.054520000000000008e+37 1.622000000000000108e+00 1.498510000000000029e+29
1.723710000000000000e+13 3.031000000000000023e+31 1.026560000000000052e+37 1.625999999999999890e+00 1.466979999999999971e+29
1.676680000000000000e+13 2.926390000000000137e+31 9.985999999999999780e+36 1.631000000000000005e+00 1.435270000000000009e+29
1.629640000000000000e+13 2.822460000000000154e+31 9.706400000000000223e+36 1.635000000000000009e+00 1.403379999999999966e+29
1.582610000000000000e+13 2.719210000000000075e+31 9.426799999999999485e+36 1.639999999999999902e+00 1.371299999999999986e+29
1.535590000000000000e+13 2.616690000000000119e+31 9.147199999999999927e+36 1.645000000000000018e+00 1.339049999999999959e+29
1.488570000000000000e+13 2.514919999999999832e+31 8.867600000000000370e+36 1.649999999999999911e+00 1.306620000000000028e+29
1.441550000000000000e+13 2.413949999999999882e+31 8.587999999999999632e+36 1.653999999999999915e+00 1.274010000000000017e+29
1.394530000000000000e+13 2.313810000000000041e+31 8.308400000000000074e+36 1.659000000000000030e+00 1.241229999999999960e+29
1.347520000000000000e+13 2.214530000000000078e+31 8.028800000000000517e+36 1.663999999999999924e+00 1.208269999999999998e+29
1.300510000000000000e+13 2.116160000000000212e+31 7.749199999999999779e+36 1.669000000000000039e+00 1.175139999999999990e+29
1.253510000000000000e+13 2.018739999999999987e+31 7.469600000000000221e+36 1.673999999999999932e+00 1.141839999999999935e+29
1.206510000000000000e+13 1.922330000000000070e+31 7.189999999999999483e+36 1.679000000000000048e+00 1.108359999999999976e+29
1.159510000000000000e+13 1.826960000000000006e+31 6.910399999999999926e+36 1.683999999999999941e+00 1.074720000000000005e+29
1.112520000000000000e+13 1.732700000000000011e+31 6.630800000000000368e+36 1.689000000000000057e+00 1.040909999999999987e+29
1.065530000000000000e+13 1.639600000000000078e+31 6.351199999999999630e+36 1.693999999999999950e+00 1.006939999999999956e+29
1.018550000000000000e+13 1.547719999999999972e+31 6.071600000000000072e+36 1.699000000000000066e+00 9.727939999999999645e+28
9.715680000000000000e+12 1.457129999999999910e+31 5.792000000000000515e+36 1.703999999999999959e+00 9.384840000000000171e+28
9.245940000000000000e+12 1.367900000000000107e+31 5.512399999999999777e+36 1.707999999999999963e+00 9.040079999999999665e+28
8.776250000000000000e+12 1.280100000000000101e+31 5.232800000000000219e+36 1.713000000000000078e+00 8.693630000000000311e+28
8.306610000000000000e+12 1.193820000000000107e+31 4.953200000000000071e+36 1.717999999999999972e+00 8.345480000000000494e+28
7.837030000000000000e+12 1.109140000000000112e+31 4.673599999999999924e+36 1.721999999999999975e+00 7.995600000000000639e+28
7.367500000000000000e+12 1.026170000000000102e+31 4.393999999999999776e+36 1.725999999999999979e+00 7.643919999999999982e+28
6.898020000000000000e+12 9.450119999999999481e+30 4.114400000000000218e+36 1.729999999999999982e+00 7.290390000000000114e+28
6.428610000000000000e+12 8.657779999999999736e+30 3.834800000000000071e+36 1.733000000000000096e+00 6.934890000000000101e+28
5.959260000000000000e+12 7.885970000000000475e+30 3.555199999999999923e+36 1.735999999999999988e+00 6.577280000000000175e+28
5.489970000000000000e+12 7.136120000000000368e+30 3.275599999999999775e+36 1.737999999999999989e+00 6.217380000000000255e+28
5.020750000000000000e+12 6.409800000000000322e+30 2.996000000000000217e+36 1.737999999999999989e+00 5.854890000000000208e+28
4.551600000000000000e+12 5.708760000000000089e+30 2.716400000000000070e+36 1.737000000000000099e+00 5.489449999999999873e+28
4.082540000000000000e+12 5.034979999999999952e+30 2.436799999999999922e+36 1.733999999999999986e+00 5.120510000000000031e+28
3.613550000000000000e+12 4.390700000000000160e+30 2.157200000000000069e+36 1.727999999999999980e+00 4.747290000000000336e+28
3.144650000000000000e+12 3.778459999999999791e+30 1.877599999999999921e+36 1.717000000000000082e+00 4.368590000000000252e+28
2.675850000000000000e+12 3.201150000000000127e+30 1.598000000000000069e+36 1.699999999999999956e+00 3.982590000000000142e+28
2.207150000000000000e+12 2.662030000000000144e+30 1.318400000000000068e+36 1.671999999999999931e+00 3.586199999999999949e+28
1.738570000000000000e+12 2.164519999999999924e+30 1.038800000000000068e+36 1.627999999999999892e+00 3.173739999999999928e+28
1.270130000000000000e+12 1.711029999999999970e+30 7.592000000000000680e+35 1.558000000000000052e+00 2.732650000000000056e+28
8.018540000000000000e+11 1.293560000000000005e+30 4.795999999999999940e+35 1.435999999999999943e+00 2.220939999999999955e+28
4.299000000000000000e+11 7.805000000000000069e+29 2.572000000000000181e+35 1.330000000000000071e+00 1.506450000000000062e+28
4.188000000000000000e+11 7.537999999999999717e+29 2.505999999999999897e+35 1.330000000000000071e+00 1.455129999999999927e+28
3.325000000000000000e+11 5.815999999999999745e+29 1.990000000000000163e+35 1.330000000000000071e+00 1.165809999999999924e+28
2.640000000000000000e+11 4.472999999999999815e+29 1.581000000000000083e+35 1.330000000000000071e+00 9.297799999999999813e+27
2.096000000000000000e+11 3.289999999999999843e+29 1.256000000000000028e+35 1.330000000000000071e+00 6.841069999999999801e+27
1.844000000000000000e+11 2.892000000000000018e+29 1.105000000000000000e+35 1.330000000000000071e+00 6.221810000000000396e+27
1.664000000000000000e+11 2.597000000000000095e+29 9.975999999999999784e+34 1.330000000000000071e+00 3.996079999999999920e+27
1.322000000000000000e+11 2.033000000000000102e+29 7.923999999999999875e+34 1.330000000000000071e+00 3.293160000000000158e+27
1.049000000000000000e+11 1.494999999999999961e+29 6.294000000000000085e+34 1.330000000000000071e+00 2.422460000000000012e+27
8.332000000000000000e+10 1.100000000000000064e+29 4.999999999999999843e+34 1.330000000000000071e+00 1.782300000000000002e+27
6.617000000000000000e+10 8.088999999999999432e+28 3.971999999999999897e+34 1.330000000000000071e+00 1.311289999999999924e+27
5.254000000000000000e+10 5.949000000000000344e+28 3.155000000000000010e+34 1.330000000000000071e+00 9.646129999999999985e+26
4.172000000000000000e+10 4.628000000000000126e+28 2.505999999999999897e+34 1.330000000000000071e+00 7.875200000000000595e+26
3.313000000000000000e+10 3.403999999999999866e+28 1.989999999999999932e+34 1.330000000000000071e+00 5.791050000000000196e+26
2.631000000000000000e+10 2.502999999999999803e+28 1.580999999999999991e+34 1.330000000000000071e+00 4.261170000000000143e+26
2.090000000000000000e+10 1.938000000000000082e+28 1.255999999999999936e+34 1.330000000000000071e+00 3.451690000000000088e+26
1.659000000000000000e+10 1.425000000000000067e+28 9.976000000000000246e+33 1.330000000000000071e+00 2.538950000000000110e+26
1.318000000000000000e+10 1.048000000000000007e+28 7.924000000000000337e+33 1.330000000000000071e+00 1.867689999999999969e+26
1.046000000000000000e+10 7.701999999999999683e+27 6.294000000000000085e+33 1.330000000000000071e+00 1.373879999999999975e+26
8.312000000000000000e+09 5.662000000000000348e+27 4.999999999999999728e+33 1.330000000000000071e+00 1.010819999999999921e+26
6.601000000000000000e+09 4.362000000000000029e+27 3.972000000000000127e+33 1.330000000000000071e+00 8.130089999999999436e+25
4.164000000000000000e+09 2.356000000000000079e+27 2.505999999999999955e+33 1.330000000000000071e+00 4.399369999999999874e+25
2.626000000000000000e+09 1.272000000000000034e+27 1.580999999999999991e+33 1.330000000000000071e+00 2.380450000000000180e+25
1.657000000000000000e+09 6.859999999999999767e+26 9.975999999999999957e+32 1.330000000000000071e+00 1.288319999999999913e+25
1.316000000000000000e+09 5.036000000000000296e+26 7.924000000000000337e+32 1.330000000000000071e+00 9.477099999999999527e+24
1.045000000000000000e+09 4.128999999999999924e+26 6.293999999999999941e+32 1.330000000000000071e+00 6.794269999999999770e+24
8.301000000000000000e+08 3.039000000000000162e+26 4.999999999999999728e+32 1.330000000000000071e+00 4.998809999999999830e+24
5.237000000000000000e+08 1.628999999999999891e+26 3.154999999999999923e+32 1.330000000000000071e+00 2.705450000000000161e+24
3.304000000000000000e+08 8.737999999999999925e+25 1.990000000000000076e+32 1.330000000000000071e+00 1.463449999999999964e+24
2.624000000000000000e+08 6.675999999999999817e+25 1.580999999999999919e+32 1.330000000000000071e+00 1.123400000000000065e+24
1.315000000000000000e+08 2.603999999999999941e+25 7.923999999999999616e+31 1.330000000000000071e+00 4.472499999999999827e+23
6.589000000000000000e+07 1.006000000000000014e+25 3.972000000000000199e+31 1.330000000000000071e+00 1.780890000000000165e+23
3.302000000000000000e+07 3.832999999999999839e+24 1.989999999999999986e+31 1.330000000000000071e+00 7.086450000000000092e+22
1.655000000000000000e+07 1.435000000000000086e+24 9.975999999999999642e+30 1.330000000000000071e+00 2.822060000000000131e+22
8.293000000000000000e+06 5.250000000000000315e+23 4.999999999999999818e+30 1.330000000000000071e+00 1.123529999999999934e+22
6.588000000000000000e+06 3.910999999999999759e+23 3.972000000000000087e+30 1.330000000000000071e+00 8.163429999999999541e+21
2.622000000000000000e+06 9.754999999999999214e+22 1.581000000000000009e+30 1.330000000000000071e+00 2.390210000000000197e+21
1.044000000000000000e+06 2.318000000000000105e+22 6.293999999999999902e+29 1.330000000000000071e+00 6.999960000000000000e+20
4.156000000000000000e+05 5.265999999999999476e+21 2.505999999999999907e+29 1.330000000000000071e+00 2.050380000000000000e+20
1.654000000000000000e+05 1.151000000000000000e+21 9.976000000000000768e+28 1.330000000000000071e+00 6.004390000000000000e+19
6.587000000000000000e+04 2.431000000000000000e+20 3.972000000000000263e+28 1.330000000000000071e+00 1.758760000000000000e+19
2.622000000000000000e+04 4.968000000000000000e+19 1.581000000000000061e+28 1.330000000000000071e+00 5.149550000000000000e+18
1.044000000000000000e+04 9.744000000000000000e+18 6.294999999999999717e+27 1.330000000000000071e+00 1.508420000000000000e+18
