0.000000000000000e+00  3.231314491340976e+14
1.000000000000000e-01  3.230803495684636e+14
6.000000000000000e-01  3.230803495683787e+14
3.100000000000000e+00  3.230803495661346e+14
1.233191353859377e+01  3.230803495315720e+14
3.362083564149533e+01  3.230803492942377e+14
7.314649803988257e+01  3.230803482704431e+14
1.370504200440044e+02  3.230803450117072e+14
2.312027989225694e+02  3.230803366002132e+14
3.611245704420221e+02  3.230803179304421e+14
5.319886148351231e+02  3.230802809090807e+14
7.486482275075878e+02  3.230802135960649e+14
1.015672103664624e+03  3.230800993023260e+14
1.337378137268172e+03  3.230799156548339e+14
1.717863243759122e+03  3.230796336365268e+14
2.161029390365024e+03  3.230792166061198e+14
2.670605435840099e+03  3.230786193020975e+14
3.250165842112049e+03  3.230777868335395e+14
3.903146638618838e+03  3.230766536600364e+14
4.632858859796135e+03  3.230751425629659e+14
5.442500174103729e+03  3.230731636093084e+14
6.335165080931430e+03  3.230706131089164e+14
7.313853425319301e+03  3.230673725677074e+14
8.381478231541432e+03  3.230633076358162e+14
9.540872302807000e+03  3.230582670536042e+14
1.079479400466527e+04  3.230520815961726e+14
1.214593276383643e+04  3.230445630151636e+14
1.359691350936135e+04  3.230355029828634e+14
1.515030096354386e+04  3.230246720359229e+14
1.680860337276985e+04  3.230118185220875e+14
1.857427586098634e+04  3.229966675507706e+14
2.044972350895777e+04  3.229789199484083e+14
2.243730412069421e+04  3.229582512207191e+14
2.453933073705502e+04  3.229343105234772e+14
2.675807401542650e+04  3.229067196425814e+14
2.909576432967966e+04  3.228750719872716e+14
3.155459362482776e+04  3.228389315992346e+14
3.413671711881517e+04  3.227978321795773e+14
3.684425525045562e+04  3.227512761297289e+14
3.967929490002865e+04  3.226987336247506e+14
4.264389097508494e+04  3.226396417057613e+14
4.574006755912708e+04  3.225734034085536e+14
4.896981916461481e+04  3.224993869232112e+14
5.233511198767603e+04  3.224169247898545e+14
5.583788477945925e+04  3.223253131447394e+14
5.948004999124441e+04  3.222238110066527e+14
6.326349447466381e+04  3.221116396270650e+14
6.719008048928605e+04  3.219879818904286e+14
7.126164649952471e+04  3.218519817841366e+14
7.548000785723572e+04  3.217027439434282e+14
7.984695767929807e+04  3.215393332674881e+14
8.436426728791167e+04  3.213607746364980e+14
8.903368707706765e+04  3.211660527065520e+14
9.385694698225620e+04  3.209541118208431e+14
9.883575712253083e+04  3.207238560244946e+14
1.039718084433994e+05  3.204741491974490e+14
1.092667732537847e+05  3.202038153198456e+14
1.147223056134979e+05  3.199116388833292e+14
1.203400421110512e+05  3.195963654296202e+14
1.261216022943705e+05  3.192567022634318e+14
1.320685891136398e+05  3.188913193335390e+14
1.381825896571169e+05  3.184988502737018e+14
1.444651754708362e+05  3.180778936565776e+14
1.509179034425305e+05  3.176270144092646e+14
1.575423161339585e+05  3.171447454722692e+14
1.595065231744752e+05  3.169979917734113e+14
1.602142032289015e+05  3.169427000706874e+14
1.609205487442351e+05  3.168861743933538e+14
1.644522763209031e+05  3.166000514844010e+14
1.713631425180460e+05  3.160233975842372e+14
1.784312232755545e+05  3.154108389165735e+14
1.856733017608471e+05  3.147595268157201e+14
1.930907452723797e+05  3.140678558848041e+14
2.006849869213703e+05  3.133341990731938e+14
2.084574535754138e+05  3.125569173643761e+14
2.164095666988600e+05  3.117343635387161e+14
2.245427435201810e+05  3.108648861793485e+14
2.328583982885272e+05  3.099468339431404e+14
2.413579434092256e+05  3.089785601205236e+14
2.438153165931338e+05  3.086930449672751e+14
2.460786605154180e+05  3.084278819329882e+14
2.470912465031939e+05  3.083085741052460e+14
2.476114039356789e+05  3.082471240930162e+14
2.495423430795160e+05  3.080045020489239e+14
2.512916249872821e+05  3.077830491767938e+14
2.600380345261125e+05  3.066563512570796e+14
2.690108226356462e+05  3.054673166632868e+14
2.781692026529836e+05  3.042197464904569e+14
2.875147753584954e+05  3.029120952905061e+14
2.970489546590891e+05  3.015428864847958e+14
3.067731709918298e+05  3.001106924439225e+14
3.103180550399470e+05  2.995798138077689e+14
3.107486542986290e+05  2.995146391724319e+14
3.111386341898000e+05  2.994522343892734e+14
3.130885336456551e+05  2.991393340306295e+14
3.228380309249305e+05  2.975531927532494e+14
3.329340421697912e+05  2.958735307108389e+14
3.432208136030114e+05  2.941245193185825e+14
3.537006600082763e+05  2.923049909073565e+14
3.560988681105248e+05  2.918834062286026e+14
3.578912483932973e+05  2.915670777602969e+14
3.598458661702338e+05  2.912209137407599e+14
3.620048002067069e+05  2.908371170849052e+14
3.626363756582008e+05  2.907185160631175e+14
3.632157379191318e+05  2.906084683659220e+14
3.661125492237865e+05  2.900565465818277e+14
3.769055972808034e+05  2.879759707899692e+14
3.878514973376062e+05  2.858283234096071e+14
3.989938303189043e+05  2.836051353830322e+14
4.008573054022558e+05  2.832298156068414e+14
4.024423144292973e+05  2.829098088724051e+14
4.041804402902070e+05  2.825580792609779e+14
4.061535398413385e+05  2.821577831956779e+14
4.066421058813340e+05  2.820536613702579e+14
4.070888730717377e+05  2.819567542196701e+14
4.093227090237559e+05  2.814713779075678e+14
4.204918887838466e+05  2.790240377263326e+14
4.320394906890116e+05  2.764596738502588e+14
4.437860826550197e+05  2.738180397191768e+14
4.446017188388875e+05  2.736334413355597e+14
4.452381924115968e+05  2.734892891173043e+14
4.457469720843543e+05  2.733679618640463e+14
4.462067742566066e+05  2.732564920825935e+14
4.485057851178681e+05  2.726984455325762e+14
4.600008394241757e+05  2.698914459144412e+14
4.720375912070547e+05  2.669243773797165e+14
4.742575257258580e+05  2.663742945422881e+14
4.759588011603891e+05  2.659521578237876e+14
4.775063148257011e+05  2.655677495022829e+14
4.789227587502550e+05  2.652155505675005e+14
4.797821703926473e+05  2.650016973832990e+14
4.804020544171365e+05  2.648473730290338e+14
4.808554790401216e+05  2.647293186920650e+14
4.813883766571151e+05  2.645870437510445e+14
4.840528647420825e+05  2.638750229302458e+14
4.963491782068175e+05  2.605761024185671e+14
5.087864890589326e+05  2.572202731826276e+14
5.109842702963055e+05  2.566255461462980e+14
5.120670882803931e+05  2.563323589276716e+14
5.125775080766936e+05  2.561941173869193e+14
5.130844602449428e+05  2.560486931816341e+14
5.135470377229505e+05  2.559140780788445e+14
5.158599251129890e+05  2.552407620695378e+14
5.274243620631816e+05  2.518689736246929e+14
5.401594037739872e+05  2.481486496167198e+14
5.410327961146571e+05  2.478933254202951e+14
5.417806905522299e+05  2.476746763777726e+14
5.421943962734577e+05  2.475537237376189e+14
5.434423737172676e+05  2.471617278905525e+14
5.445768987863794e+05  2.468045642889062e+14
5.502495241319380e+05  2.450190806984513e+14
5.631629792912304e+05  2.409583139731545e+14
5.651652536552227e+05  2.403293698589568e+14
5.672115500203694e+05  2.396868382980133e+14
5.691786019090782e+05  2.390694346177767e+14
5.697533219100409e+05  2.388856124372525e+14
5.705491747182454e+05  2.386161354583884e+14
5.745284387592680e+05  2.372698132386065e+14
5.875930101958151e+05  2.328635791676048e+14
5.892716604603559e+05  2.322991507826780e+14
5.909215936387607e+05  2.317447929677053e+14
5.923985167037151e+05  2.312489210352346e+14
5.945064573774043e+05  2.305417842568962e+14
5.949663980519385e+05  2.303875860160012e+14
5.953913521764415e+05  2.302375569996218e+14
5.958044588005575e+05  2.300879273521826e+14
5.978699919211379e+05  2.293403462172915e+14
6.081976575240400e+05  2.256172543602434e+14
6.101681409301033e+05  2.249098377066858e+14
6.116332955616812e+05  2.243844729817781e+14
6.189590687195706e+05  2.217660267119182e+14
6.212594401231906e+05  2.208796948576276e+14
6.233509383358423e+05  2.200750700180785e+14
6.338084293991007e+05  2.160756230633699e+14
6.352965632972535e+05  2.155097877314930e+14
6.366170796509822e+05  2.150083914628112e+14
6.381156137245289e+05  2.144402122899979e+14
6.396683111579652e+05  2.138524120195575e+14
6.411105846185312e+05  2.133072556430808e+14
6.413869095453423e+05  2.132028931285742e+14
6.419825165660880e+05  2.129572292014455e+14
6.449605516698160e+05  2.117315676994388e+14
6.582570345811418e+05  2.063145433463162e+14
6.599293081897191e+05  2.056398143209426e+14
6.612415702973763e+05  2.051113898935989e+14
6.617134507864643e+05  2.049215980787961e+14
6.620934654829695e+05  2.047688420914679e+14
6.623190864317939e+05  2.046781851761187e+14
6.626595707757031e+05  2.045303078710208e+14
6.629691123220954e+05  2.043939793508543e+14
6.645168200540575e+05  2.037133099761484e+14
6.722553587138678e+05  2.003345257684205e+14
6.743856292550300e+05  1.994116747019876e+14
6.760186705943584e+05  1.987063723394336e+14
6.777726104808897e+05  1.979509372906941e+14
6.790053942249800e+05  1.974212638257549e+14
6.800262758248691e+05  1.969834476753196e+14
6.819517577758913e+05  1.961596929604680e+14
6.821915250727780e+05  1.960509129993623e+14
6.826423096464083e+05  1.958389299237815e+14
6.848962325145598e+05  1.947817244661515e+14
6.961658468553170e+05  1.895640146945194e+14
6.977336264269433e+05  1.888472457202138e+14
6.991124656470965e+05  1.882187068541142e+14
7.002690527829865e+05  1.876928176991990e+14
7.004912526380981e+05  1.875918104328772e+14
7.007679498876184e+05  1.874528092956234e+14
7.021514361352203e+05  1.867591139425645e+14
7.090688673732299e+05  1.833234828727764e+14
7.103667121236813e+05  1.826850068238828e+14
7.168559358759385e+05  1.795217060553346e+14
7.173736605810400e+05  1.792714216336352e+14
7.176402143743712e+05  1.791426817592768e+14
7.177703795027484e+05  1.790798445395567e+14
7.184212051446342e+05  1.787312889078972e+14
7.190493374276888e+05  1.783949424082453e+14
7.221899988429616e+05  1.767217646310388e+14
7.234596930666971e+05  1.760493865640721e+14
7.298081641853745e+05  1.727224499425179e+14
7.311845775584164e+05  1.720088173058344e+14
7.325791985769819e+05  1.712885343589938e+14
7.335986262651661e+05  1.707638042054944e+14
7.338038445662662e+05  1.706583534646988e+14
7.339836863083637e+05  1.705659914253142e+14
7.345642714536029e+05  1.702329178865454e+14
7.374671971797993e+05  1.685767261797239e+14
7.395348900943509e+05  1.674063691349148e+14
7.405865267118686e+05  1.668140889615888e+14
7.458447097994568e+05  1.638826323131182e+14
7.470189435318501e+05  1.632347932505618e+14
7.480976248187834e+05  1.626418540509631e+14
7.489458345704547e+05  1.621770686242719e+14
7.491269596800380e+05  1.620779863305553e+14
7.493358119016028e+05  1.619512145016071e+14
7.495277768273635e+05  1.618332942226895e+14
7.504876014561674e+05  1.612449473413204e+14
7.552867246001870e+05  1.583344805697147e+14
7.564147958841096e+05  1.576578894763885e+14
7.620551523037221e+05  1.543176856779043e+14
7.631402198669484e+05  1.536832453315794e+14
7.632308198675106e+05  1.536303896182940e+14
7.633053586643866e+05  1.535869176041195e+14
7.633704729676513e+05  1.535370367847595e+14
7.634801329012271e+05  1.534400899834532e+14
7.640284325691061e+05  1.529562733537488e+14
7.667699309085014e+05  1.505600306686787e+14
7.675549975460678e+05  1.498808093531351e+14
7.714803307339001e+05  1.465308610172764e+14
7.723929307199680e+05  1.457629744740412e+14
7.731278534199165e+05  1.451475694074888e+14
7.733731630781543e+05  1.449427436273539e+14
7.735587882415452e+05  1.447879485104260e+14
7.736879926763730e+05  1.446850196219777e+14
7.738134310709202e+05  1.445873904667855e+14
7.744406230436560e+05  1.441021586245566e+14
7.750800715473571e+05  1.436123424043092e+14
7.756376769369786e+05  1.431867737735652e+14
7.761844184632117e+05  1.427698058846147e+14
7.767020438830656e+05  1.423746148672097e+14
7.775033590193936e+05  1.417637433142647e+14
7.780784033435363e+05  1.413252676132960e+14
7.786997192105358e+05  1.408509502526204e+14
7.793067696982640e+05  1.403865625551851e+14
7.799673641423344e+05  1.398815582748835e+14
7.803650957532745e+05  1.395773486218862e+14
7.809750583003899e+05  1.391101400126005e+14
7.816182911084077e+05  1.386167998887035e+14
7.822619331193754e+05  1.381225152574743e+14
7.827025281151958e+05  1.377834736682314e+14
7.832105946361474e+05  1.373922397811541e+14
7.835925878710956e+05  1.370979399682065e+14
7.840824714229351e+05  1.367200124355317e+14
7.847184184751647e+05  1.362275954404062e+14
7.852635527446585e+05  1.358055565383929e+14
7.857603938340502e+05  1.354202691559911e+14
7.862404623103525e+05  1.350475453445128e+14
7.865894222956686e+05  1.347765946005272e+14
7.869331492406959e+05  1.345089146512673e+14
7.874240548033733e+05  1.341268906687953e+14
7.877500635574325e+05  1.338733727962874e+14
7.882569219399346e+05  1.334774150635670e+14
7.886537817060393e+05  1.331669086385345e+14
7.889935631818179e+05  1.329011539219461e+14
7.894861917236135e+05  1.325147125241353e+14
7.898977352764533e+05  1.321914188326271e+14
7.902757758859131e+05  1.318943646988892e+14
7.906416617359612e+05  1.316061762270905e+14
7.907943504227815e+05  1.314861070183467e+14
7.910374194704960e+05  1.312757492023700e+14
7.912605834338594e+05  1.310821369542692e+14
7.913412963688761e+05  1.310121856427649e+14
7.916496462125611e+05  1.307671372209049e+14
7.919314160556316e+05  1.305442625870520e+14
7.923027727227090e+05  1.302500651148271e+14
7.925190984422198e+05  1.300789762720886e+14
7.926006677420554e+05  1.300092771648465e+14
7.926861726743983e+05  1.299334130571702e+14
7.931136973361126e+05  1.295547864405626e+14
7.935780075198783e+05  1.291448892819683e+14
7.936925928998963e+05  1.290483819339273e+14
7.938162245346162e+05  1.289469802410982e+14
7.944343827082159e+05  1.284412274004941e+14
7.975251735762141e+05  1.259436391342017e+14
7.985787016033615e+05  1.251040826420737e+14
7.987890330901777e+05  1.249371805531658e+14
7.989364326713228e+05  1.248191406578958e+14
7.990890413507093e+05  1.246925832774073e+14
7.998520847476412e+05  1.240618297403541e+14
8.005133326527481e+05  1.235179558468949e+14
8.010844470104300e+05  1.230502506128022e+14
8.017727131304028e+05  1.224891015526929e+14
8.020985680430887e+05  1.222243778967431e+14
8.023606586726970e+05  1.220118973833159e+14
8.031771709694839e+05  1.213340831696783e+14
8.039236926909736e+05  1.207176697182800e+14
8.040989282021727e+05  1.205732438527221e+14
8.042610081208081e+05  1.204373105819749e+14
8.050714077139848e+05  1.197600847508371e+14
8.057006162905245e+05  1.192370702933637e+14
8.059402762481975e+05  1.190352861065940e+14
8.062041073504023e+05  1.188114728475212e+14
8.075232628614259e+05  1.176991107321113e+14
8.079020042818408e+05  1.173817973167088e+14
8.097957113839154e+05  1.157859565782117e+14
8.104415555949045e+05  1.152355364706676e+14
8.107794070683463e+05  1.149477339268585e+14
8.111300533039606e+05  1.146470309764479e+14
8.114460277408056e+05  1.143763354322402e+14
8.120975572632641e+05  1.138190515483508e+14
8.124803482874708e+05  1.134906819346542e+14
8.130969462525735e+05  1.129587160813289e+14
8.134590084818454e+05  1.126475491574187e+14
8.137741933341097e+05  1.123754721927692e+14
8.141151506973704e+05  1.120804880760553e+14
8.146045841079876e+05  1.116550647552079e+14
8.151245943896482e+05  1.112048020803378e+14
8.154174680544845e+05  1.109498023720145e+14
8.156879125423066e+05  1.107137780863802e+14
8.162555662640992e+05  1.102201205716527e+14
8.165393931249955e+05  1.099721606117072e+14
8.168012304904957e+05  1.097434791673462e+14
8.169747192101242e+05  1.095912757818874e+14
8.171583615330423e+05  1.094299733774834e+14
8.173112230384194e+05  1.092959016152845e+14
8.174659733266075e+05  1.091600399051083e+14
8.176426064422666e+05  1.090047852427828e+14
8.178210148273014e+05  1.088482107675672e+14
8.178855018849508e+05  1.087916751709024e+14
8.180035992149764e+05  1.086606748493872e+14
8.181317187527000e+05  1.084994237345131e+14
8.182747872563687e+05  1.083196549329303e+14
8.183051973704098e+05  1.082814842860687e+14
8.184572479406159e+05  1.081453130210866e+14
8.185945763742800e+05  1.080233985870926e+14
8.188331696287096e+05  1.078119362676214e+14
8.193721636074893e+05  1.073324810867541e+14
8.199116482576948e+05  1.068516295734814e+14
8.204165511862182e+05  1.064006141808644e+14
8.215632262614131e+05  1.053726248399485e+14
8.220239426399302e+05  1.049585186424388e+14
8.224525379755993e+05  1.045721548462051e+14
8.227135442349683e+05  1.043365376585638e+14
8.229786818631694e+05  1.040972299367901e+14
8.232278630479784e+05  1.038717815314176e+14
8.234886434359866e+05  1.036358211544133e+14
8.237875215730892e+05  1.033648255018917e+14
8.240659070985621e+05  1.031125266078708e+14
8.244619819934441e+05  1.027525669556846e+14
8.246623695162724e+05  1.025706080441132e+14
8.248581142882023e+05  1.023921062321851e+14
8.252386805496515e+05  1.020456333002254e+14
8.255223176407875e+05  1.017873170843745e+14
8.258574687138938e+05  1.014813068950380e+14
8.261650267393944e+05  1.012002086876080e+14
8.264674097501234e+05  1.009229675346988e+14
8.267044166026853e+05  1.007061191006178e+14
8.269779731688552e+05  1.004545836007733e+14
8.272057374096571e+05  1.002456705763769e+14
8.275493064979133e+05  9.992946159548027e+13
8.280185498203898e+05  9.949734464944625e+13
8.282173123646447e+05  9.931441752728566e+13
8.286182121522903e+05  9.894411299244106e+13
8.289329521610560e+05  9.865307269151886e+13
8.292378016530878e+05  9.837115537157177e+13
8.296351981312721e+05  9.800270512145997e+13
8.299663258554731e+05  9.769537886277430e+13
8.302970984769514e+05  9.738838138063450e+13
8.305959969479042e+05  9.711009017496816e+13
8.308464479428083e+05  9.687718179800881e+13
8.311121101364006e+05  9.662933606520678e+13
8.313556404405608e+05  9.640235823650312e+13
8.316615062772618e+05  9.611653597247088e+13
8.320092904716786e+05  9.579131001430873e+13
8.322731357780577e+05  9.554465920846233e+13
8.325680273036860e+05  9.526808814805339e+13
8.328012230104653e+05  9.504979949084339e+13
8.332560217732992e+05  9.462268123657378e+13
8.335145600060672e+05  9.437939081193900e+13
8.337521750850450e+05  9.415599361066883e+13
8.340017298537660e+05  9.392078150879148e+13
8.342299417765852e+05  9.370583059799223e+13
8.344830348853669e+05  9.346698922048525e+13
8.347685606804884e+05  9.319764244573791e+13
8.350816271208647e+05  9.290148379329153e+13
8.352961795557591e+05  9.269885103341366e+13
8.356109745488949e+05  9.240050360331711e+13
8.358272826852464e+05  9.219593762261945e+13
8.360661302334135e+05  9.196898865248916e+13
8.363164029360228e+05  9.173183078740522e+13
8.366034700566812e+05  9.145882438665473e+13
8.368149391223682e+05  9.125826164505909e+13
8.371489291383778e+05  9.094008441605567e+13
8.373507668660497e+05  9.074811138641352e+13
8.375455495697355e+05  9.056214782655169e+13
8.377963560096318e+05  9.032330309745503e+13
8.380701834734667e+05  9.006161612079486e+13
8.383177284096392e+05  8.982557815402184e+13
8.385408659518373e+05  8.961187921993038e+13
8.387318079172419e+05  8.942945003262720e+13
8.387958650333368e+05  8.936833870064844e+13
8.391161506138109e+05  8.903234273712450e+13
8.392214102855010e+05  8.892215089047873e+13
8.393005759604931e+05  8.884369028657948e+13
8.393758539880770e+05  8.877127634813412e+13
8.397033372849011e+05  8.845699395791352e+13
8.413407537690210e+05  8.688064092071795e+13
8.425750771984584e+05  8.568775804766928e+13
8.428343766848797e+05  8.543660619286316e+13
8.431509036425402e+05  8.513020024895012e+13
8.434782836497914e+05  8.481245766960606e+13
8.437287811089614e+05  8.456959538348062e+13
8.439551556281958e+05  8.434965409285983e+13
8.441437185871565e+05  8.416690231484628e+13
8.443877156820646e+05  8.392937406616570e+13
8.446208882037137e+05  8.370306030021302e+13
8.450662876771161e+05  8.326958606820547e+13
8.453708684324592e+05  8.297279532393106e+13
8.455873394239562e+05  8.276233648077364e+13
8.460471683626602e+05  8.231385343339270e+13
8.464395556059477e+05  8.193081605667608e+13
8.467477023385270e+05  8.162989483497589e+13
8.469847004947829e+05  8.139857988736566e+13
8.471800502371305e+05  8.120751179609128e+13
8.473775097803078e+05  8.101440613071128e+13
8.477737749077744e+05  8.062675115190342e+13
8.479747262636820e+05  8.043040605628003e+13
8.482737228501457e+05  8.013739522034392e+13
8.484922057605233e+05  7.992380830833708e+13
8.489113547484854e+05  7.951286511861977e+13
8.491191403304623e+05  7.930904154345956e+13
8.493225274990217e+05  7.910963617286719e+13
8.496815907174943e+05  7.875739283048431e+13
8.499295548177783e+05  7.851446757908458e+13
8.501954049122152e+05  7.825314948634844e+13
8.505086818739289e+05  7.794571201809664e+13
8.507958654456069e+05  7.766355966997177e+13
8.510607667739757e+05  7.740316278720253e+13
8.513560804075956e+05  7.711312996447667e+13
8.516369494257695e+05  7.683669503888423e+13
8.518568539318983e+05  7.662086365973098e+13
8.522688995535562e+05  7.621538889976391e+13
8.524729243655461e+05  7.601455644424455e+13
8.527235008007966e+05  7.576803870297127e+13
8.529816767037488e+05  7.551391188266912e+13
8.532365442278382e+05  7.526329081594266e+13
8.534514181927653e+05  7.505168755267314e+13
8.536476136200166e+05  7.485861822661589e+13
8.539803728324065e+05  7.453092871588472e+13
8.541833740561304e+05  7.433116627563803e+13
8.543953514464045e+05  7.412234091115244e+13
8.546754691700982e+05  7.384668571857458e+13
8.548863357736636e+05  7.363890504379975e+13
8.550807165363216e+05  7.344749556978767e+13
8.554545908000561e+05  7.307925910680520e+13
8.556673366462023e+05  7.287006422614608e+13
8.559483961486834e+05  7.259302174974212e+13
8.561291752172980e+05  7.241528013217869e+13
8.563609748959956e+05  7.218691477711242e+13
8.565714714327576e+05  7.197991175811894e+13
8.568319170038693e+05  7.172340952267030e+13
8.570664566982178e+05  7.149267422167691e+13
8.572683507354127e+05  7.129386728274856e+13
8.575038445957275e+05  7.106217365623825e+13
8.578119370162239e+05  7.075888153131603e+13
8.580215946957470e+05  7.055271685741297e+13
8.582407595176960e+05  7.033701970953442e+13
8.584729123032901e+05  7.010880651806324e+13
8.587136926480774e+05  6.987207050530069e+13
8.589354935764553e+05  6.965411270353494e+13
8.590817089373509e+05  6.951067673218813e+13
8.592165378929572e+05  6.937788426665980e+13
8.595478847804415e+05  6.905265719805601e+13
8.598488268540050e+05  6.875690732491764e+13
8.600266885399319e+05  6.858271605438634e+13
8.602143065752205e+05  6.839818980502848e+13
8.604159870786744e+05  6.820043095676074e+13
8.606612899124275e+05  6.795974190822277e+13
8.608999829322140e+05  6.772590390675598e+13
8.611080396573468e+05  6.752191014312637e+13
8.613838163705285e+05  6.725176915442584e+13
8.616042755340452e+05  6.703583312825505e+13
8.618570506068986e+05  6.678862105363723e+13
8.620693534499956e+05  6.658088195949692e+13
8.622872073303955e+05  6.636778171472130e+13
8.626537689575450e+05  6.600945778107104e+13
8.628756514310387e+05  6.579303277496817e+13
8.631561315936110e+05  6.551904024358061e+13
8.633563013527829e+05  6.532409190435255e+13
8.636178507520941e+05  6.506888826584651e+13
8.638546657675548e+05  6.483851651632116e+13
8.642214029789632e+05  6.448115992867084e+13
8.644136506469755e+05  6.429430237964095e+13
8.647099097649271e+05  6.400619345260900e+13
8.650592934870650e+05  6.366680967069247e+13
8.653369336544685e+05  6.339775168377970e+13
8.655906831171141e+05  6.315136181742980e+13
8.659006584557664e+05  6.285130267721291e+13
8.661606209040560e+05  6.259963960653300e+13
8.663235553388767e+05  6.244238805083886e+13
8.664757822750874e+05  6.229501068623012e+13
8.667560894478126e+05  6.202461546328812e+13
8.669625513551111e+05  6.182511384158173e+13
8.671487871480609e+05  6.164547321437087e+13
8.672954075357898e+05  6.150440569337019e+13
8.674562320423811e+05  6.134923711278055e+13
8.677174101828956e+05  6.109814442362380e+13
8.679017408707602e+05  6.092090413562727e+13
8.680876450616184e+05  6.074236224441278e+13
8.685459917899785e+05  6.030260757907352e+13
8.687436099848669e+05  6.011350619962330e+13
8.690857824692474e+05  5.978601969191860e+13
8.693063415733014e+05  5.957554566993360e+13
8.695385267006033e+05  5.935362417382583e+13
8.697312005497549e+05  5.917014525849217e+13
8.700628140182375e+05  5.885412890579697e+13
8.702543849613157e+05  5.867228587597805e+13
8.704344412586404e+05  5.850082182283373e+13
8.707367146238452e+05  5.821418855404612e+13
8.709884066589989e+05  5.797529874302944e+13
8.713274004657931e+05  5.765465164947509e+13
8.716723472473164e+05  5.732880131771924e+13
8.718777034820596e+05  5.713506785816622e+13
8.720729152099927e+05  5.695124221993566e+13
8.722398271831230e+05  5.679457229736823e+13
8.725304573682100e+05  5.652099979356948e+13
8.727305760018111e+05  5.633345133329855e+13
8.730814912513924e+05  5.600443047482754e+13
8.732511114603357e+05  5.584607833631773e+13
8.734341592586505e+05  5.567468504191866e+13
8.737461926791760e+05  5.538382665455595e+13
8.740451720241776e+05  5.510519025206513e+13
8.742627797419734e+05  5.490329677902443e+13
8.744914881707133e+05  5.469074302374566e+13
8.747475885848397e+05  5.445378631368653e+13
8.752276388161202e+05  5.400996536838223e+13
8.754180041985756e+05  5.383423083861209e+13
8.755907358785038e+05  5.367506381912217e+13
8.757853573542583e+05  5.349633471719340e+13
8.761124859557514e+05  5.319571436170309e+13
8.762894644937346e+05  5.303382784541738e+13
8.765922261325705e+05  5.275638741561863e+13
8.767708163385829e+05  5.259342121197004e+13
8.769827071332347e+05  5.240000564871227e+13
8.771770854610127e+05  5.222304743445098e+13
8.773330962063067e+05  5.208148519985700e+13
8.776387534228078e+05  5.180398428137359e+13
8.778051601821053e+05  5.165357013260832e+13
8.779630471232876e+05  5.151063162271535e+13
8.781180996548638e+05  5.137036115221297e+13
8.783454096312339e+05  5.116546707284141e+13
8.786503927711368e+05  5.089067238811984e+13
8.788367111774052e+05  5.072348636674248e+13
8.790300442153792e+05  5.054997488407455e+13
8.792223210809047e+05  5.037770619919591e+13
8.794370311582796e+05  5.018605264604531e+13
8.796452775789439e+05  4.999997633455947e+13
8.798824259172304e+05  4.978898191153122e+13
8.800985417014653e+05  4.959687982806605e+13
8.803173696151938e+05  4.940282024542554e+13
8.805429769477242e+05  4.920332365940483e+13
8.807894959046378e+05  4.898531467917381e+13
8.809970662160673e+05  4.880255882159559e+13
8.813307015730577e+05  4.850911688420279e+13
8.815173368142451e+05  4.834573590747732e+13
8.817075339246811e+05  4.817906925685241e+13
8.818800729078212e+05  4.802819939388641e+13
8.820479795552926e+05  4.788186985618257e+13
8.822315337655994e+05  4.772184923064255e+13
8.823975353087493e+05  4.757740683484484e+13
8.826276879964394e+05  4.737792540362112e+13
8.830945581303831e+05  4.697406930929808e+13
8.833243690385575e+05  4.677595400092493e+13
8.835755543419152e+05  4.655994941740061e+13
8.837311086897424e+05  4.642672217421443e+13
8.841253218948594e+05  4.608925790641395e+13
8.842727069943268e+05  4.596376139989693e+13
8.846907976659118e+05  4.560796141734575e+13
8.850976527573125e+05  4.526344421329284e+13
8.853572151299734e+05  4.504471679164740e+13
8.855676765913783e+05  4.486745776590092e+13
8.857584280264513e+05  4.470727291718732e+13
8.859389078049388e+05  4.455628237802180e+13
8.862739005865516e+05  4.427612895215688e+13
8.865006158946337e+05  4.408753841398160e+13
8.868731802606113e+05  4.377811300230226e+13
8.870774894885855e+05  4.360936587368259e+13
8.874004644666777e+05  4.334278017208811e+13
8.876061750737780e+05  4.317385463667862e+13
8.877831220513043e+05  4.302864253078506e+13
8.879738626600348e+05  4.287242428762420e+13
8.881713919880858e+05  4.271129157398227e+13
8.883677154262875e+05  4.255128961431923e+13
8.886079428773456e+05  4.235602342265428e+13
8.888896201270989e+05  4.212803416049158e+13
8.891656311682294e+05  4.190505664704997e+13
8.893741457406689e+05  4.173745212612293e+13
8.896545591058827e+05  4.151229472909184e+13
8.899105948299236e+05  4.130773987148995e+13
8.901267308370066e+05  4.113537590397698e+13
8.903842269841915e+05  4.093061257498694e+13
8.905710290573131e+05  4.078275515449644e+13
8.909143811657995e+05  4.051130740341494e+13
8.911366119108298e+05  4.033660996886792e+13
8.913065788581913e+05  4.020309558859272e+13
8.914653521858627e+05  4.007862052757216e+13
8.917112188419349e+05  3.988668700373049e+13
8.919125208199627e+05  3.972983386546548e+13
8.922158732662785e+05  3.949428284317456e+13
8.923831468423577e+05  3.936504194129018e+13
8.932195147227534e+05  3.872186886675121e+13
8.936046175892237e+05  3.842847881331374e+13
8.940593277072151e+05  3.808370900087445e+13
8.943155855021524e+05  3.789059534695301e+13
8.945999942361786e+05  3.767672399726886e+13
8.948145846577423e+05  3.751621863893039e+13
8.949932699424837e+05  3.738273982829682e+13
8.951860712224111e+05  3.723906300417394e+13
8.956184047825971e+05  3.691869079064572e+13
8.958964135780782e+05  3.671355887833658e+13
8.961115565771924e+05  3.655565880787214e+13
8.963364364262832e+05  3.639075478623909e+13
8.965430861204769e+05  3.623980585903612e+13
8.967514179679333e+05  3.608831304649378e+13
8.969695389334954e+05  3.592984864880175e+13
8.971663109264673e+05  3.578740621886231e+13
8.973794250451220e+05  3.563382206371185e+13
8.975656557318668e+05  3.549982964150669e+13
8.977779999301059e+05  3.534747752889531e+13
8.980597365592173e+05  3.514642799760707e+13
8.982616144378387e+05  3.500258950738713e+13
8.984441129067874e+05  3.487296806713468e+13
8.987094489302278e+05  3.468543521893096e+13
8.988993186699478e+05  3.455151271505904e+13
8.990740932595261e+05  3.442856523221654e+13
8.994043471803995e+05  3.419753313107612e+13
8.996480915819057e+05  3.402743576506984e+13
8.998720578539314e+05  3.387184305261432e+13
9.000599191695007e+05  3.374192617908254e+13
9.002451766149328e+05  3.361393688821782e+13
9.004155894943740e+05  3.349649801316156e+13
9.007953160028595e+05  3.323640464140691e+13
9.026939485452870e+05  3.195782103680751e+13
9.032378672605588e+05  3.159862410975716e+13
9.035264792693844e+05  3.140945408024700e+13
9.037802545376910e+05  3.124369582894536e+13
9.040678312148054e+05  3.105670962056060e+13
9.043001343722721e+05  3.090654674530225e+13
9.044856744684341e+05  3.078676302723128e+13
9.046547575648498e+05  3.067791575098630e+13
9.049868978357441e+05  3.046531033875841e+13
9.052103066202410e+05  3.032285130708901e+13
9.054430533017018e+05  3.017494294030562e+13
9.057156776285598e+05  3.000268441791535e+13
9.058653710162264e+05  2.990842334246105e+13
9.060253925656030e+05  2.980766216063574e+13
9.063678897216215e+05  2.959323290043435e+13
9.065646163067904e+05  2.947082208482461e+13
9.069994291272565e+05  2.920110981875467e+13
9.072122260915358e+05  2.907007393928473e+13
9.075460790553200e+05  2.886518587717790e+13
9.078716690204048e+05  2.866653321469871e+13
9.080854788474181e+05  2.853688601517404e+13
9.084373484835685e+05  2.832398816116119e+13
9.087595232744425e+05  2.813050499836463e+13
9.089326555863814e+05  2.802700657109504e+13
9.092022027876012e+05  2.786613890409433e+13
9.096275784042369e+05  2.761430044943621e+13
9.097927130859487e+05  2.751691213675362e+13
9.099618947870447e+05  2.741737329776103e+13
9.102470929056350e+05  2.725045649755594e+13
9.104573257586305e+05  2.712811847662120e+13
9.107431768931353e+05  2.696203468182001e+13
9.110011112394844e+05  2.681304277742986e+13
9.112023995079499e+05  2.669739058273700e+13
9.113371343159782e+05  2.662018642029163e+13
9.115214602817023e+05  2.651459797445296e+13
9.118442757947166e+05  2.633076802447755e+13
9.120277598825226e+05  2.622689664381091e+13
9.122940916084548e+05  2.607647336105871e+13
9.126099305336754e+05  2.589897953738183e+13
9.129405889301598e+05  2.571455751370088e+13
9.132095491127342e+05  2.556494735518102e+13
9.134557471636450e+05  2.542875613975952e+13
9.136644191303964e+05  2.531393823149989e+13
9.140563695092202e+05  2.509920086150804e+13
9.144615152158017e+05  2.487890693697480e+13
9.147627769302456e+05  2.471623881497266e+13
9.150723594722573e+05  2.454963439848066e+13
9.154349461040980e+05  2.435604921418892e+13
9.155974651687534e+05  2.426973572468026e+13
9.157583667422961e+05  2.418429478069792e+13
9.160373520960929e+05  2.403692027624200e+13
9.164087423183874e+05  2.384223910365101e+13
9.165555652987843e+05  2.376548775079565e+13
9.167042347625983e+05  2.368791446813012e+13
9.169776789942179e+05  2.354595036346207e+13
9.173511309899794e+05  2.335355093509171e+13
9.178085309881876e+05  2.311909798285259e+13
9.182359689598199e+05  2.290227176408048e+13
9.183981843006739e+05  2.282026690050073e+13
9.185492548998788e+05  2.274405229713685e+13
9.188271602641377e+05  2.260456853327825e+13
9.192167321421356e+05  2.241059461264379e+13
9.196943025893532e+05  2.217408469201059e+13
9.201603640178813e+05  2.194585227443753e+13
9.204709581972618e+05  2.179441627595622e+13
9.207515257411359e+05  2.165854080430741e+13
9.210663541734130e+05  2.150716405329864e+13
9.212753502170327e+05  2.140700346029794e+13
9.214758077079437e+05  2.131119550954593e+13
9.217973345746978e+05  2.115849070667755e+13
9.220309636879294e+05  2.104827486964277e+13
9.221703721332523e+05  2.098273651847066e+13
9.222961878832862e+05  2.092349481793061e+13
9.229252666334551e+05  2.062998917358474e+13
9.231278616241993e+05  2.053641674143886e+13
9.233542295491934e+05  2.043190888774350e+13
9.235620021597358e+05  2.033643087133630e+13
9.238429403063182e+05  2.020809813021161e+13
9.240456122065904e+05  2.011606185260218e+13
9.241880379574694e+05  2.005164367386661e+13
9.243371151327499e+05  1.998407243395284e+13
9.250825010091529e+05  1.964989245620151e+13
9.252349611587049e+05  1.958228100539118e+13
9.254109468411856e+05  1.950408803060534e+13
9.262908752535884e+05  1.911815870877521e+13
9.267320415236412e+05  1.892668206411285e+13
9.271413045651908e+05  1.875087928651814e+13
9.273534226000535e+05  1.866045807307423e+13
9.274899603296764e+05  1.860224474113316e+13
9.276132703132987e+05  1.854973836388879e+13
9.282298202314103e+05  1.828960092583130e+13
9.284251935825676e+05  1.820799401274291e+13
9.285333686338402e+05  1.816291717633482e+13
9.286570992622609e+05  1.811124994582691e+13
9.292757524043648e+05  1.785528808365265e+13
9.294987035838938e+05  1.776400595415120e+13
9.296499070960768e+05  1.770238591142601e+13
9.299128839557109e+05  1.759503824280958e+13
9.302824335584138e+05  1.744537581092976e+13
9.306512023228300e+05  1.729740168312666e+13
9.324950461449110e+05  1.657190213187711e+13
9.328677538367814e+05  1.642844770809389e+13
9.332142395421484e+05  1.629629046173217e+13
9.336103207956688e+05  1.614556249158127e+13
9.339708408447652e+05  1.600964999767203e+13
9.343794680735174e+05  1.585709610002741e+13
9.345010942523369e+05  1.581191604265203e+13
9.346331642248338e+05  1.576272124043471e+13
9.352935140873186e+05  1.551921717093731e+13
9.356444745120145e+05  1.539145862413382e+13
9.357452140590349e+05  1.535499731807035e+13
9.361962653635910e+05  1.519160451542121e+13
9.366096313309731e+05  1.504349123086012e+13
9.369507452641104e+05  1.492244232910483e+13
9.370715040463437e+05  1.487982558120005e+13
9.371857328010257e+05  1.483932563582468e+13
9.377568765744360e+05  1.463860521755027e+13
9.382151670112433e+05  1.447966772993485e+13
9.384730598905620e+05  1.439086358162521e+13
9.387126244296497e+05  1.430834297884727e+13
9.390095131721338e+05  1.420678524703636e+13
9.393339665681839e+05  1.409668852066417e+13
9.397184006288118e+05  1.396743080986964e+13
9.398144899058181e+05  1.393526388305733e+13
9.399155355393148e+05  1.390128675139712e+13
9.404207637067982e+05  1.373273827581196e+13
9.411777396987694e+05  1.348432349999750e+13
9.412947756863195e+05  1.344610560030405e+13
9.414014591413805e+05  1.341126428549281e+13
9.419348764166855e+05  1.323851419562980e+13
9.425603508312451e+05  1.303900680154711e+13
9.426688804246048e+05  1.300472105330823e+13
9.430598597690911e+05  1.288081475029324e+13
9.434117861731091e+05  1.277035218542314e+13
9.438513037853695e+05  1.263383090333437e+13
9.440051518358904e+05  1.258641632347700e+13
9.441400126483958e+05  1.254501149558946e+13
9.442502667413481e+05  1.251105541446238e+13
9.443904729760516e+05  1.246785327694388e+13
9.450915041495694e+05  1.225424451288623e+13
9.455176801459520e+05  1.212631926658709e+13
9.456536454663160e+05  1.208581051797401e+13
9.457549605864144e+05  1.205564454796103e+13
9.458659915701003e+05  1.202239494136455e+13
9.464211464885297e+05  1.185762443386304e+13
9.468162650149502e+05  1.174183787741657e+13
9.472131381680801e+05  1.162676448080240e+13
9.473136277257623e+05  1.159782103802045e+13
9.474576889371388e+05  1.155605371648272e+13
9.475882206534668e+05  1.151829684980290e+13
9.482408792351070e+05  1.133149781999801e+13
9.484621014856773e+05  1.126892492163039e+13
9.487507348559742e+05  1.118784456478969e+13
9.488880446983404e+05  1.114949380812582e+13
9.489856462409765e+05  1.112231142049190e+13
9.490886855631936e+05  1.109334631856070e+13
9.496038821742792e+05  1.094973544066868e+13
9.499106580163639e+05  1.086517483672764e+13
9.502152809696806e+05  1.078190397112532e+13
9.505540728030819e+05  1.069010032701660e+13
9.506608107759207e+05  1.066135205262386e+13
9.507475063639749e+05  1.063786614727308e+13
9.508373812878025e+05  1.061347022032793e+13
9.512867559069406e+05  1.049239148991391e+13
9.515841210736380e+05  1.041308877205040e+13
9.518428656319251e+05  1.034461101222704e+13
9.521397339261954e+05  1.026664099134687e+13
9.522896861137619e+05  1.022749826230227e+13
9.524242842970373e+05  1.019250043628523e+13
9.525212319086134e+05  1.016714814928082e+13
9.526198473434811e+05  1.014130479789781e+13
9.531129245178202e+05  1.001314483453536e+13
9.534095303256492e+05  9.936892492203504e+12
9.536617430374032e+05  9.872544826466721e+12
9.539336168657916e+05  9.803683316643350e+12
9.542406515789933e+05  9.726537651779406e+12
9.543603861821286e+05  9.696378841810150e+12
9.544747873678330e+05  9.667484202516428e+12
9.550467932963549e+05  9.524394452512977e+12
9.553297096514725e+05  9.454465788348418e+12
9.555731913310266e+05  9.394726650370961e+12
9.558284263628561e+05  9.332539781776875e+12
9.561132176061301e+05  9.263674380031160e+12
9.561930275265069e+05  9.244473826655684e+12
9.565920771283915e+05  9.147632225435250e+12
9.571892142921439e+05  9.004749170923652e+12
9.574795494092855e+05  8.936146834580572e+12
9.577744717625169e+05  8.867035912019295e+12
9.580784954545103e+05  8.796393772333014e+12
9.581718399882964e+05  8.774825773813572e+12
9.583451892895122e+05  8.734259531652329e+12
9.592119357955917e+05  8.534429575471061e+12
9.594804328900481e+05  8.473528461687450e+12
9.597146985889131e+05  8.420773374618627e+12
9.600077097953975e+05  8.355285706905974e+12
9.601354880507548e+05  8.326899065883018e+12
9.602251647536986e+05  8.307038827696960e+12
9.604134014590021e+05  8.264800055293375e+12
9.605835133466852e+05  8.226799466357448e+12
9.614340727851008e+05  8.039590705640084e+12
9.617081416026480e+05  7.980246888142945e+12
9.619700512587151e+05  7.923975406549467e+12
9.622498225065024e+05  7.864336885946261e+12
9.623483058947397e+05  7.843458198378767e+12
9.624354232024936e+05  7.824829304301708e+12
9.625302035006337e+05  7.804457750215341e+12
9.630041049913343e+05  7.703450073233549e+12
9.632981588364184e+05  7.641481180321385e+12
9.635523128387639e+05  7.588351717339877e+12
9.637822915362674e+05  7.540617554486852e+12
9.641587063890109e+05  7.463183276057910e+12
9.644674678251639e+05  7.400303498392230e+12
9.646119598992915e+05  7.371072997898278e+12
9.646759301539880e+05  7.357997889205030e+12
9.647453939374511e+05  7.343724534671567e+12
9.650927128547664e+05  7.272801605817818e+12
9.668261955074115e+05  6.929634421713505e+12
9.669793691866182e+05  6.900157549873846e+12
9.670454770859191e+05  6.887258139893383e+12
9.671055110464616e+05  6.875504330578157e+12
9.674056808491743e+05  6.817056618057058e+12
9.689065298627373e+05  6.532692863030195e+12
9.692292192411977e+05  6.473228983774429e+12
9.693920649588818e+05  6.443440825396246e+12
9.694669880548503e+05  6.429785055909400e+12
9.695496170521649e+05  6.414437533633910e+12
9.696254056718022e+05  6.400351068579312e+12
9.700043487699892e+05  6.330413350120145e+12
9.716769149998543e+05  6.031347897969785e+12
9.719549299176851e+05  5.983119711552281e+12
9.720885394399622e+05  5.960088982857779e+12
9.721870820333442e+05  5.942745284668078e+12
9.722759118903729e+05  5.927121026379697e+12
9.727200611755161e+05  5.849655248579266e+12
9.743579868790108e+05  5.573196872164521e+12
9.746292568748804e+05  5.528774113374454e+12
9.747253110864492e+05  5.513135268537798e+12
9.748669338223151e+05  5.490163468002229e+12
9.750161979123554e+05  5.465365977566644e+12
9.751528433767587e+05  5.442749123978160e+12
9.758360706987756e+05  5.331152796940818e+12
9.774336473540451e+05  5.079626305093924e+12
9.776909492415272e+05  5.040314325480514e+12
9.778034223991061e+05  5.023232166670602e+12
9.778539609388167e+05  5.015420060767629e+12
9.779312266623178e+05  5.003352649300746e+12
9.783175552798235e+05  4.943477707579962e+12
9.798821922117801e+05  4.708675906890785e+12
9.801429427685824e+05  4.670714526170518e+12
9.803302466795653e+05  4.643647180979483e+12
9.805155698171934e+05  4.617030504345173e+12
9.806871225317923e+05  4.592536432164666e+12
9.808890652551561e+05  4.563880612897065e+12
9.809520152414035e+05  4.554986962898396e+12
9.809897225666097e+05  4.549610455876521e+12
9.810281926387539e+05  4.543990012013994e+12
9.812205429994746e+05  4.515998309817035e+12
9.821822948030777e+05  4.378763554497237e+12
9.836945383767585e+05  4.171870767957244e+12
9.839358564687071e+05  4.139829208216315e+12
9.842081503460302e+05  4.103988805076069e+12
9.842875774676622e+05  4.093596578107897e+12
9.843565759486819e+05  4.084591551304045e+12
9.844020350439465e+05  4.078520628122230e+12
9.844663739064788e+05  4.069805733358708e+12
9.847880682191401e+05  4.026526674170903e+12
9.862675265835670e+05  3.833683009760615e+12
9.877258172625307e+05  3.653166085044528e+12
9.879507029584229e+05  3.626141100097249e+12
9.880505934981041e+05  3.614205192392036e+12
9.881025423746337e+05  3.607761206824429e+12
9.881499852654821e+05  3.601848329014205e+12
9.883871997197241e+05  3.572437456375353e+12
9.895732719909342e+05  3.429149539779595e+12
9.909886754144904e+05  3.266079498388292e+12
9.912302011711234e+05  3.239083342346358e+12
9.914396534650883e+05  3.215863481743551e+12
9.915829999031248e+05  3.200073775088344e+12
9.917417072091447e+05  3.182687800978997e+12
9.919091391061964e+05  3.164454479175114e+12
9.920732585881323e+05  3.146689233164304e+12
9.920991910417208e+05  3.143859507830269e+12
9.921283683882995e+05  3.140542520517952e+12
9.922742551211929e+05  3.124012936024850e+12
9.930036887856602e+05  3.042732221309484e+12
9.943748543600520e+05  2.895929401646113e+12
9.957366909400014e+05  2.757512255005041e+12
9.958900246533426e+05  2.742371056133471e+12
9.960137133492799e+05  2.730221220202457e+12
9.961289598363456e+05  2.718951833187472e+12
9.962856954099410e+05  2.703704245958881e+12
9.964925043088451e+05  2.683723534454710e+12
9.965376682583046e+05  2.679380841105877e+12
9.965753942573081e+05  2.675759028039832e+12
9.967640242523256e+05  2.656580732241183e+12
9.969989596225474e+05  2.632894459866410e+12
9.981736364736560e+05  2.517754571730483e+12
9.994816308879472e+05  2.395762019734521e+12
1.000791571164177e+06  2.279812564136538e+12
1.000947655921393e+06  2.266396219920400e+12
1.001068405289723e+06  2.256074227425262e+12
1.001204514010011e+06  2.244498630854751e+12
1.001317213542591e+06  2.234961271301624e+12
1.001410281500651e+06  2.227117455003042e+12
1.001505462400132e+06  2.219125553944039e+12
1.001611002635062e+06  2.210299145903620e+12
1.001642397066287e+06  2.207680750605546e+12
1.001673612838373e+06  2.204931090084517e+12
1.001702112859571e+06  2.202382882805238e+12
1.001844612965559e+06  2.189688142675694e+12
1.002557113495501e+06  2.127356812486806e+12
1.003813088002338e+06  2.021975004024259e+12
1.005062976213158e+06  1.922532646408820e+12
1.006318488284412e+06  1.827800389265906e+12
1.006578335668140e+06  1.808813840332125e+12
1.006810522180625e+06  1.792023640283458e+12
1.006951800418001e+06  1.781887502324916e+12
1.007058358003309e+06  1.774282276232809e+12
1.007174823053116e+06  1.766008916429765e+12
1.007280748984723e+06  1.758519410081166e+12
1.007374823782107e+06  1.751895810220917e+12
1.007527871051669e+06  1.741176022764253e+12
1.007564793363791e+06  1.738600228063689e+12
1.007749404924404e+06  1.724705704022021e+12
1.007919994723137e+06  1.711964366486441e+12
1.008772943716801e+06  1.649718771844994e+12
1.009970070433450e+06  1.566322542461855e+12
1.011166209217239e+06  1.487391221174793e+12
1.012368866056334e+06  1.412216399123538e+12
1.013578073480150e+06  1.340631467231444e+12
1.014794029773156e+06  1.272467524643327e+12
1.014829818255382e+06  1.270517136879924e+12
1.014865075620027e+06  1.268499057495726e+12
1.014897250855930e+06  1.266635862747211e+12
1.015058127035443e+06  1.257362643774893e+12
1.015862507933011e+06  1.212047986627858e+12
1.017036671155033e+06  1.148938860289538e+12
1.018210397392404e+06  1.089273713190807e+12
1.019391936345079e+06  1.032470525691292e+12
1.020581360503782e+06  9.784041827881877e+11
1.021778928292873e+06  9.269467209703099e+11
1.022984903835758e+06  8.779764070745649e+11
1.024199561146719e+06  8.313772588886223e+11
1.024321923468041e+06  8.268283242662854e+11
1.024933735074652e+06  8.044703109452046e+11
1.024998892450413e+06  8.021266833299054e+11
1.025017439408896e+06  8.016084667226887e+11
1.025036300759752e+06  8.011891101620316e+11
1.025130607514034e+06  7.990958533487875e+11
1.025602141285442e+06  7.887171772061896e+11
1.027472854829670e+06  7.489443001355266e+11
1.029320784770064e+06  7.117606462449469e+11
1.031179501628724e+06  6.763502326000371e+11
1.033048452106153e+06  6.426434485593425e+11
1.034927880847327e+06  6.105585436855463e+11
1.036818023629123e+06  5.800180227724336e+11
1.038719126502155e+06  5.509480954454454e+11
1.040631445757926e+06  5.232785074215529e+11
1.042555248401040e+06  4.969423712776688e+11
1.044490812617581e+06  4.718760056222480e+11
1.046438428202707e+06  4.480187826158612e+11
1.046634425091384e+06  4.456906714705756e+11
1.047614409534772e+06  4.342434046097628e+11
1.047813524386865e+06  4.319563617483038e+11
1.047951791360299e+06  4.303758336936432e+11
1.047975722939483e+06  4.301029032862343e+11
1.047991333753941e+06  4.299249681766899e+11
1.048036760202090e+06  4.296196707135617e+11
1.048077861616427e+06  4.293533697836182e+11
1.048283368688116e+06  4.280246642207972e+11
1.049310904046557e+06  4.214505544909049e+11
1.049691295252212e+06  4.190458808631443e+11
1.049729637780387e+06  4.188043583474724e+11
1.049921350421264e+06  4.173527540510150e+11
1.050133803565852e+06  4.157496380603075e+11
1.051196069288793e+06  4.078358359963868e+11
1.053983153922654e+06  3.878551825597791e+11
1.056737042967692e+06  3.691739491427870e+11
1.059504504437329e+06  3.514013876629058e+11
1.062284216621566e+06  3.345013099133286e+11
1.062491944366206e+06  3.332750898414057e+11
1.062607893263010e+06  3.325928134143885e+11
1.062841278845783e+06  3.312016167686276e+11
1.063051361414509e+06  3.299533745979052e+11
1.064101774258138e+06  3.237899006380391e+11
1.066903568001330e+06  3.079652985502006e+11
1.069671254050097e+06  2.931713336802562e+11
1.072452105638837e+06  2.790969198881178e+11
1.075244762820338e+06  2.657134306473368e+11
1.075363150981773e+06  2.651620260892406e+11
1.075555292479762e+06  2.642698101298201e+11
1.075605583367748e+06  2.640368333086361e+11
1.075684359241822e+06  2.637045872946446e+11
1.075756122590700e+06  2.634056201309105e+11
1.076114939335090e+06  2.619164799870406e+11
1.077909023057042e+06  2.546111283978219e+11
1.081031882899601e+06  2.424343392835659e+11
1.084128646059048e+06  2.310015576177126e+11
1.087236255091228e+06  2.201341474631548e+11
1.090353118432590e+06  2.098082277668133e+11
1.090398118873295e+06  2.096631876139495e+11
1.090417003924156e+06  2.096023531175530e+11
1.090511429178461e+06  2.091849463285667e+11
1.090615409149593e+06  2.087253784136430e+11
1.091135309005255e+06  2.064439857511999e+11
1.093539447798203e+06  1.962419648132258e+11
1.095908014188840e+06  1.867261600814155e+11
1.096290873108067e+06  1.852358059020373e+11
1.096432058175417e+06  1.846894928294877e+11
1.096500865214473e+06  1.844238822371678e+11
1.096717333393937e+06  1.836203004144535e+11
1.096915438929721e+06  1.828890280073512e+11
1.097905966608642e+06  1.792801398443542e+11
1.100409868358687e+06  1.705000922127748e+11
1.100978786366197e+06  1.685714502046980e+11
1.101596892900042e+06  1.665030796109105e+11
1.101864006015457e+06  1.656226898874617e+11
1.102108295130561e+06  1.648225670408848e+11
1.103329740706079e+06  1.608849355268668e+11
1.105865889139396e+06  1.530340095822037e+11
1.108380233765627e+06  1.456630022827000e+11
1.110906132636098e+06  1.386479711963770e+11
1.111218560129314e+06  1.378063323674695e+11
1.112780697595396e+06  1.336812768609364e+11
1.113067636379141e+06  1.329383873265340e+11
1.113288353310907e+06  1.323700264310942e+11
1.113377337785090e+06  1.321511604158600e+11
1.113459379889505e+06  1.319752363974228e+11
1.113869590411583e+06  1.310995250173061e+11
1.115920643021970e+06  1.268170606351682e+11
1.118934208902749e+06  1.208051871377791e+11
1.121931266572230e+06  1.151399717546336e+11
1.124937258682797e+06  1.097541173072607e+11
1.125321863266614e+06  1.090855504459356e+11
1.127244886185697e+06  1.058102090716049e+11
1.127659295266916e+06  1.051188518435009e+11
1.127741035859318e+06  1.049830808825282e+11
1.127791596327136e+06  1.048991366344073e+11
1.127860574162982e+06  1.047760619907166e+11
1.128205463342214e+06  1.041630849868301e+11
1.129929909238370e+06  1.011572349354224e+11
1.132791854725128e+06  9.637859890131664e+10
1.135632025399237e+06  9.188259703227701e+10
1.138479652659092e+06  8.760718530660750e+10
1.141333449879857e+06  8.354285540842120e+10
1.141484092157866e+06  8.333420430005185e+10
1.141555562598540e+06  8.322878938727545e+10
1.141620654171197e+06  8.313189954822301e+10
1.141946112034478e+06  8.264931105731374e+10
1.143573401350886e+06  8.028222235390208e+10
1.146279509956105e+06  7.650957032600703e+10
1.148964821758578e+06  7.295820883224219e+10
1.151656117360444e+06  6.958044080042838e+10
1.154352219095989e+06  6.636876035201991e+10
1.154438730379926e+06  6.626844993254748e+10
1.154499231172729e+06  6.619839824801707e+10
1.154558619851482e+06  6.612644812258918e+10
1.154622399140511e+06  6.604680679431921e+10
1.154941295585658e+06  6.565017307196709e+10
1.156535777811390e+06  6.370575297334119e+10
1.159084428502259e+06  6.072750130386922e+10
1.161614918862857e+06  5.792076996387143e+10
1.164150118816526e+06  5.525076505176840e+10
1.166688996448066e+06  5.271151702383748e+10
1.166756838062849e+06  5.264544482488154e+10
1.166843180361159e+06  5.256148578336897e+10
1.166871472834612e+06  5.253229209020022e+10
1.166899488488508e+06  5.249732268393755e+10
1.167039566757987e+06  5.232285056191201e+10
1.167739958105387e+06  5.145978914739027e+10
1.169820305348909e+06  4.898527518296123e+10
1.171875602947765e+06  4.666575178475104e+10
1.173937577060721e+06  4.445693236292697e+10
1.176005454593954e+06  4.235429082838691e+10
1.176237460856356e+06  4.212514250674918e+10
1.176453061158207e+06  4.191339300895490e+10
1.176635931171884e+06  4.173468642150317e+10
1.176672200434329e+06  4.170229789533441e+10
1.176711046075079e+06  4.166988777265280e+10
1.176905274278827e+06  4.150824784809333e+10
1.177876415297569e+06  4.071021939085020e+10
1.180280594376246e+06  3.880553566780476e+10
1.182655017063159e+06  3.701927513919339e+10
1.185033347998705e+06  3.531945811597176e+10
1.187414365988828e+06  3.370251944300654e+10
1.187820754458064e+06  3.343468722702336e+10
1.188104659085785e+06  3.324895455994231e+10
1.188195724561784e+06  3.318961711750758e+10
1.188259265646081e+06  3.314828265222059e+10
1.188327654936790e+06  3.310180385740291e+10
1.188395539478828e+06  3.305431598648503e+10
1.188734962189017e+06  3.281798054420165e+10
1.190432075739964e+06  3.166343146721499e+10
1.192680466384660e+06  3.020109077110024e+10
1.194919035639035e+06  2.881753755409706e+10
1.197159989477564e+06  2.750102011480070e+10
1.197384252217879e+06  2.737290158071368e+10
1.198505565919451e+06  2.674193613295996e+10
1.198747827581319e+06  2.660769599175582e+10
1.198911657062632e+06  2.651733004169363e+10
1.199039394677793e+06  2.644710258495150e+10
1.199139679569263e+06  2.639210928694892e+10
1.199234557935820e+06  2.634019483169335e+10
1.199281115655041e+06  2.631476039764223e+10
1.199303962327291e+06  2.630024601241945e+10
1.199336923893858e+06  2.627750325706966e+10
1.199501731726691e+06  2.616410349921741e+10
1.200325770890858e+06  2.560487649131269e+10
1.202187188050163e+06  2.438800183014003e+10
1.204030471803623e+06  2.324355821685196e+10
1.205878313223450e+06  2.215357696113065e+10
1.207730137294138e+06  2.111575419884541e+10
1.207956724079201e+06  2.099237280780634e+10
1.208015127856850e+06  2.096069547248381e+10
1.208074419053159e+06  2.092858895417509e+10
1.208114875096456e+06  2.090671188253011e+10
1.208146409526285e+06  2.089094133669427e+10
1.208196842597657e+06  2.086705928799442e+10
1.208449007954518e+06  2.074808883840555e+10
1.209709834738826e+06  2.016408364568262e+10
1.211803287373432e+06  1.923311722018303e+10
1.213880307800272e+06  1.835501649769698e+10
1.215959076464588e+06  1.751922961893094e+10
1.218038805020258e+06  1.672390928448008e+10
1.218329458988228e+06  1.661589090443861e+10
1.218379401215120e+06  1.659740616084132e+10
1.218427526806104e+06  1.657881953077629e+10
1.218477995400036e+06  1.655875838587156e+10
1.218730338369697e+06  1.645884193515429e+10
1.219992053218000e+06  1.596885422763282e+10
1.221961774785793e+06  1.523488699726037e+10
1.223917480300186e+06  1.454178721157783e+10
1.225874222587637e+06  1.388202311960220e+10
1.227831306126957e+06  1.325412586105219e+10
1.227925676132854e+06  1.322462841097917e+10
1.228042223006664e+06  1.318829615510023e+10
1.228077775538427e+06  1.317700622735238e+10
1.228136584943214e+06  1.315722397060374e+10
1.228430631967148e+06  1.305878655858455e+10
1.229900867086818e+06  1.257824110266855e+10
1.231739319875748e+06  1.200371923841187e+10
1.233570678815522e+06  1.145915609294773e+10
1.235402420907130e+06  1.094075751947816e+10
1.235686794829991e+06  1.086254669173373e+10
1.237108664444296e+06  1.048033866661056e+10
1.237166805982605e+06  1.046501837993931e+10
1.237213079028495e+06  1.045230308402781e+10
1.237261796540328e+06  1.043853643331554e+10
1.237505384099496e+06  1.036999145409185e+10
1.238723321895334e+06  1.003436451197530e+10
1.240456414153507e+06  9.576525209047316e+09
1.242179087684214e+06  9.143369189523727e+09
1.243901770101218e+06  8.730966591104416e+09
1.245623915853811e+06  8.338390908427181e+09
1.245675211518211e+06  8.326989319817501e+09
1.245737852733838e+06  8.313088395811023e+09
1.245755185388800e+06  8.308558200550733e+09
1.245771098904651e+06  8.304151673891020e+09
1.245850666483906e+06  8.282155816939049e+09
1.246248504380179e+06  8.173090428260039e+09
1.247698358615326e+06  7.788211633991904e+09
1.249128950039101e+06  7.427059850496796e+09
1.250561702512278e+06  7.082946779250136e+09
1.251996100808272e+06  6.755170942391994e+09
1.252173229887564e+06  6.715814174526909e+09
1.252289764617051e+06  6.690052413314397e+09
1.252410444521431e+06  6.663483659768557e+09
1.252530010359699e+06  6.637269441897975e+09
1.252649492582768e+06  6.611181728590817e+09
1.252711680484581e+06  6.597904323885767e+09
1.252809171676598e+06  6.578368982855249e+09
1.253296627636687e+06  6.481603038331770e+09
1.254853592189610e+06  6.182453444093477e+09
1.256389434347054e+06  5.901595280629133e+09
1.257925798938362e+06  5.634071420636872e+09
1.259462022902898e+06  5.379329636541988e+09
1.260997867420252e+06  5.136765814134929e+09
1.262533067633306e+06  4.905806294972001e+09
1.264067340155490e+06  4.685904957064733e+09
1.265600381339480e+06  4.476541975229208e+09
1.267131865590426e+06  4.277222610971770e+09
1.267284823382794e+06  4.257836349097926e+09
1.267435015949876e+06  4.238890761622479e+09
1.267551331748673e+06  4.224279587918614e+09
1.267641086877694e+06  4.213041202532861e+09
1.267712717460348e+06  4.204094859946172e+09
1.267780113094332e+06  4.195695747059245e+09
1.267911682686508e+06  4.179350004859819e+09
1.268024577525269e+06  4.165377917796734e+09
1.268050894788780e+06  4.161813710835273e+09
1.268076098156187e+06  4.158182164042662e+09
1.268202114993221e+06  4.140074143485615e+09
1.268832199178392e+06  4.050764706411466e+09
1.270189142443615e+06  3.865211449901632e+09
1.271531787272180e+06  3.690357789719139e+09
1.272874282112108e+06  3.523789484678626e+09
1.274216149734775e+06  3.365151772403970e+09
1.275557178619605e+06  3.214071421283680e+09
1.276897137011511e+06  3.070193700404281e+09
1.278235777237473e+06  2.933180860759165e+09
1.279572834250897e+06  2.802711370407804e+09
1.280908024209303e+06  2.678479169082256e+09
1.281063709270933e+06  2.664373806786241e+09
1.281152435109260e+06  2.656369916942747e+09
1.281270721280308e+06  2.645738575857844e+09
1.281409253708746e+06  2.633344198807575e+09
1.281448250826118e+06  2.629866145627835e+09
1.281481382286718e+06  2.626915017416306e+09
1.281495886414194e+06  2.625562000181230e+09
1.281510839702733e+06  2.624011897856653e+09
1.281585606145427e+06  2.616275663912878e+09
1.281959438358898e+06  2.577949092617195e+09
1.283147897832138e+06  2.459940120502136e+09
1.284320418970573e+06  2.349015787925982e+09
1.285492512055930e+06  2.243326887187896e+09
1.286663709793558e+06  2.142654855075425e+09
1.287833830304982e+06  2.046764190755040e+09
1.289002673610949e+06  1.955431108874028e+09
1.290170026210524e+06  1.868442509558512e+09
1.291335659904156e+06  1.785595494237381e+09
1.292499330562473e+06  1.706696900392969e+09
1.292615475182306e+06  1.699023939255295e+09
1.293196198281470e+06  1.661194435226096e+09
1.293255842177445e+06  1.657359097984649e+09
1.293273439050926e+06  1.656128696899908e+09
1.293289557745566e+06  1.654959590008365e+09
1.293370151218765e+06  1.649126875202029e+09
1.293773118584758e+06  1.620281298416538e+09
1.294832809995354e+06  1.546894818239272e+09
1.295879258391347e+06  1.477801948808241e+09
1.296924595564579e+06  1.411971531496721e+09
1.297968411115731e+06  1.349265665151890e+09
1.298072620916648e+06  1.343165958482065e+09
1.298124725817106e+06  1.340126833254210e+09
1.298385250319399e+06  1.325037795691412e+09
1.298490807650891e+06  1.318974377635350e+09
1.298514506839863e+06  1.317617009006639e+09
1.298541993627402e+06  1.316044519877059e+09
1.298559136491947e+06  1.314505647731915e+09
1.298574879216634e+06  1.313069680768665e+09
1.298653592840069e+06  1.305913876716334e+09
1.299047160957244e+06  1.270728590517920e+09
1.299763734914695e+06  1.209135639193074e+09
1.300476044878595e+06  1.150932719705798e+09
1.301190231320272e+06  1.095450312337611e+09
1.301262187201100e+06  1.090014219209939e+09
1.301621966605240e+06  1.063244769476200e+09
1.301701465643537e+06  1.057420905961910e+09
1.301761253904650e+06  1.053062501221776e+09
1.301825562952933e+06  1.048395051593590e+09
1.301841313714805e+06  1.047255115678722e+09
1.301869576094343e+06  1.045212849231690e+09
1.301878484402110e+06  1.044716224771593e+09
1.301886639740465e+06  1.044328017343619e+09
1.301927416432241e+06  1.042389218456969e+09
1.302131299891120e+06  1.032750951259535e+09
1.303150717185515e+06  9.859246114788917e+08
1.304157423206409e+06  9.418357250799692e+08
1.305163106628491e+06  8.998260117710483e+08
1.306167382541480e+06  8.598075577743292e+08
1.306316681310159e+06  8.540175012525296e+08
1.306408649805025e+06  8.504709111395208e+08
1.306868492279357e+06  8.329652621292450e+08
1.306916574598387e+06  8.311564925403140e+08
1.306987980641022e+06  8.283122197040781e+08
1.307052947350605e+06  8.256355379415931e+08
1.307377780898521e+06  8.123853803915378e+08
1.308312779708026e+06  7.754573105914769e+08
1.309235802970367e+06  7.406991004497939e+08
1.310157978576872e+06  7.075759955773556e+08
1.311078963684150e+06  6.760190715893543e+08
1.311998610966848e+06  6.459551741970003e+08
1.312916759451424e+06  6.173147558940653e+08
1.313833237430581e+06  5.900315808538315e+08
1.314747861519348e+06  5.640425759534366e+08
1.315660435684993e+06  5.392876870874801e+08
1.315751467130791e+06  5.368806264647801e+08
1.316206624359784e+06  5.250105825784481e+08
1.316241340675779e+06  5.241164072922119e+08
1.316252488067469e+06  5.238296215689800e+08
1.316265957528869e+06  5.234447780746890e+08
1.316281897054025e+06  5.229624936975368e+08
1.316361594679805e+06  5.205579096999906e+08
1.316760082808705e+06  5.087042329171607e+08
1.317561383753635e+06  4.857003025186921e+08
1.318354574097040e+06  4.639805291884212e+08
1.319146812256844e+06  4.432816125732425e+08
1.319937849618163e+06  4.235594099607898e+08
1.320727559328507e+06  4.047684176925408e+08
1.321515803787357e+06  3.868653500938808e+08
1.322302436295690e+06  3.698089789764088e+08
1.323087300249662e+06  3.535600414167483e+08
1.323870228321309e+06  3.380811506027302e+08
1.323948309642344e+06  3.365761176271533e+08
1.323994743906109e+06  3.356843537742109e+08
1.324226915224931e+06  3.312618104294593e+08
1.324256065047210e+06  3.307107922033492e+08
1.324265858257311e+06  3.305258828529488e+08
1.324272211021908e+06  3.304059906787570e+08
1.324303974844891e+06  3.296364346872948e+08
1.324335617732180e+06  3.288699152521410e+08
1.324493832168624e+06  3.250645330464049e+08
1.325136359649247e+06  3.100667984372173e+08
1.325770074872965e+06  2.959664315482995e+08
1.326403627741431e+06  2.825236517956842e+08
1.327036815454796e+06  2.697110497193778e+08
1.327123053747482e+06  2.680125202796696e+08
1.327205496780014e+06  2.663989549233330e+08
1.327286379425193e+06  2.648255699247224e+08
1.327373878411309e+06  2.631341630066045e+08
1.327410430522132e+06  2.624308601210271e+08
1.327494705862979e+06  2.608564135414637e+08
1.327571534041898e+06  2.594302085683231e+08
1.327955674936493e+06  2.524177867632703e+08
1.328605409480195e+06  2.409947398557604e+08
1.329249768850959e+06  2.301874684722818e+08
1.329893375956003e+06  2.198867315693006e+08
1.330536065305259e+06  2.100702792791838e+08
1.331177748458635e+06  2.007155671940059e+08
1.331818329883632e+06  1.918011373166691e+08
1.332457707957874e+06  1.833065457941557e+08
1.333095774487761e+06  1.752123166049646e+08
1.333732414177766e+06  1.674998975133801e+08
1.334367504058305e+06  1.601516180382154e+08
1.335000912840618e+06  1.531506496649006e+08
1.335632500221735e+06  1.464809678572247e+08
1.336262116085003e+06  1.401273163070410e+08
1.336889599614775e+06  1.340751729940901e+08
1.336952320151506e+06  1.334851025374676e+08
1.336990233106218e+06  1.331297078950605e+08
1.337019621894760e+06  1.328548839692353e+08
1.337065367713553e+06  1.324282535041380e+08
1.337104262178722e+06  1.320666210201382e+08
1.337136405652283e+06  1.317685196703966e+08
1.337148084747073e+06  1.316603771535763e+08
1.337164982104780e+06  1.315040767003312e+08
1.337188824665070e+06  1.312240020456063e+08
1.337210405010703e+06  1.309700055796364e+08
1.337318306738867e+06  1.297075047459052e+08
1.337836643177951e+06  1.238131093679380e+08
1.338347230915855e+06  1.182730916572062e+08
1.338857168576546e+06  1.129916258006178e+08
1.339366268918283e+06  1.079579813071173e+08
1.339874463503386e+06  1.031606349462411e+08
1.340381677399503e+06  9.858862743709521e+07
1.340887830958954e+06  9.423151627372961e+07
1.341392839421749e+06  9.007935239214934e+07
1.341896612502788e+06  8.612265775989321e+07
1.342399053957308e+06  8.235240391255760e+07
1.342900061069041e+06  7.875999179334980e+07
1.343399524115435e+06  7.533723238010702e+07
1.343897325750499e+06  7.207632846604018e+07
1.344393340309786e+06  6.896985743545149e+07
1.344887433046695e+06  6.601075488013805e+07
1.344903758336182e+06  6.591521829836298e+07
1.344908325693413e+06  6.588809083994763e+07
1.344912619628619e+06  6.585582951191861e+07
1.344934089304647e+06  6.569476285381283e+07
1.345041437684785e+06  6.489539804953787e+07
1.345447508482866e+06  6.195974228059995e+07
1.345847880702744e+06  5.919700551161582e+07
1.346247620988388e+06  5.656311479756223e+07
1.346646590191718e+06  5.405266929787747e+07
1.347044732083436e+06  5.165994283859800e+07
1.347441985379887e+06  4.937948811308981e+07
1.347838284920181e+06  4.720611460744588e+07
1.348233561332118e+06  4.513487707766474e+07
1.348627740693905e+06  4.316106442802984e+07
1.349020744159489e+06  4.128018914728390e+07
1.349412487543960e+06  3.948797727530534e+07
1.349802880857875e+06  3.778035890603829e+07
1.350191827784598e+06  3.615345920067125e+07
1.350579225101328e+06  3.460358985915936e+07
1.350964962010562e+06  3.312724113449832e+07
1.350974524619269e+06  3.309146402807833e+07
1.350983290003327e+06  3.305870402503452e+07
1.350988261612841e+06  3.304013759823832e+07
1.350992423429274e+06  3.302460346295765e+07
1.350995874925553e+06  3.300923508544744e+07
1.350999716853169e+06  3.299059512304284e+07
1.351018926491248e+06  3.289755472046404e+07
1.351114974681643e+06  3.243631429875977e+07
1.351428549060003e+06  3.097546853875165e+07
1.351737915966779e+06  2.959935384487484e+07
1.352046702875116e+06  2.828739177476265e+07
1.352354805581120e+06  2.703687486973288e+07
1.352662178036553e+06  2.584495935467669e+07
1.352968770218035e+06  2.470893952739108e+07
1.353274528899590e+06  2.362623731546514e+07
1.353579397378844e+06  2.259439655827310e+07
1.353883315189216e+06  2.161107751973898e+07
1.354186217783757e+06  2.067405166866245e+07
1.354488036180415e+06  1.978119673673907e+07
1.354788696565404e+06  1.893049203781582e+07
1.355088119844407e+06  1.812001405139666e+07
1.355386221142098e+06  1.734793224074632e+07
1.355682909227109e+06  1.661250513827811e+07
1.355695759824272e+06  1.658137275671566e+07
1.355708592934997e+06  1.655034157260898e+07
1.355721813599198e+06  1.650831171161786e+07
1.355733904678622e+06  1.646986726676225e+07
1.355794360075737e+06  1.627899433223173e+07
1.356032705911360e+06  1.554794790170979e+07
1.356267619203825e+06  1.485980341820858e+07
1.356502030524940e+06  1.420371967653774e+07
1.356735856363814e+06  1.357835306317988e+07
1.356969059529518e+06  1.298228476742746e+07
1.357201599606676e+06  1.241416501786371e+07
1.357433433560335e+06  1.187270777848774e+07
1.357664515505807e+06  1.135668791623704e+07
1.357894796464311e+06  1.086493848507112e+07
1.358124224095084e+06  1.039634814098279e+07
1.358352742392513e+06  9.949858700340258e+06
1.358580291350598e+06  9.524462822740585e+06
1.358806806574496e+06  9.119201842964191e+06
1.359032218857620e+06  8.733163701563701e+06
1.359256453672653e+06  8.365481050333847e+06
1.359278751366784e+06  8.329782866417908e+06
1.359292461570915e+06  8.307909362970777e+06
1.359297341154391e+06  8.300138366231585e+06
1.359300287869768e+06  8.295449113569970e+06
1.359301913427323e+06  8.292808341773186e+06
1.359303486160311e+06  8.289298982164023e+06
1.359311349825250e+06  8.271774573760708e+06
1.359350668149943e+06  8.184709804614987e+06
1.359522186033783e+06  7.815558577088069e+06
1.359691207203418e+06  7.468160479193998e+06
1.359859903042316e+06  7.136911910312672e+06
1.360028216050215e+06  6.821137268040359e+06
1.360058762508437e+06  6.765353364630000e+06
1.360077551036761e+06  6.731269892241959e+06
1.360092527141365e+06  6.704226094284568e+06
1.360105388695856e+06  6.681087973215139e+06
1.360119503235683e+06  6.655788126431662e+06
1.360132180191439e+06  6.633147238529130e+06
1.360154964180569e+06  6.592649828906707e+06
1.360158382235472e+06  6.586510213543234e+06
1.360162611509913e+06  6.578570918119503e+06
1.360183757882118e+06  6.539018520896705e+06
1.360289489743143e+06  6.344813558178385e+06
1.360449863472876e+06  6.061252869643485e+06
1.360609009482248e+06  5.792455954248491e+06
1.360767807104002e+06  5.536189636784856e+06
1.360926219647964e+06  5.291899200576169e+06
1.361084223677483e+06  5.059031911302052e+06
1.361241794033165e+06  4.837061381909767e+06
1.361398903951707e+06  4.625486006766864e+06
1.361555524934722e+06  4.423827845468475e+06
1.361711626605988e+06  4.231631558917703e+06
1.361867176553931e+06  4.048463398032595e+06
1.362022140156241e+06  3.873910244543702e+06
1.362176480377683e+06  3.707578708830625e+06
1.362330157558509e+06  3.549094260692704e+06
1.362483129155445e+06  3.398100429581510e+06
1.362635349464000e+06  3.254258036593591e+06
1.362786769293069e+06  3.117244482721252e+06
1.362937335600287e+06  2.986753077726323e+06
1.363086991062264e+06  2.862492425948241e+06
1.363235673586404e+06  2.744185854093080e+06
1.363383315736093e+06  2.631570895913600e+06
1.363386148219647e+06  2.629456444310107e+06
1.363389689980797e+06  2.626814919358812e+06
1.363394723182402e+06  2.623065633614734e+06
1.363395806756003e+06  2.622259172116665e+06
1.363396839998559e+06  2.621199718075469e+06
1.363397828550000e+06  2.620045138740731e+06
1.363402771307200e+06  2.614279892016357e+06
1.363427485093205e+06  2.585644033320340e+06
1.363530482113334e+06  2.469651197282750e+06
1.363631979515653e+06  2.360455279783299e+06
1.363733244515351e+06  2.256336771802360e+06
1.363834241919713e+06  2.157082914689920e+06
1.363934956220914e+06  2.062469359902946e+06
1.364035370579832e+06  1.972282636239545e+06
1.364135467074118e+06  1.886319329252713e+06
1.364235226606362e+06  1.804385631929874e+06
1.364334628804886e+06  1.726296915633323e+06
1.364433651914552e+06  1.651877322065013e+06
1.364532272673974e+06  1.580959377218169e+06
1.364630466175810e+06  1.513383627464211e+06
1.364728205715640e+06  1.448998291787180e+06
1.364825462612660e+06  1.387658939585357e+06
1.364922206012257e+06  1.329228184269004e+06
1.365018402654454e+06  1.273575400350883e+06
1.365114016613168e+06  1.220576457652929e+06
1.365209008991345e+06  1.170113478224684e+06
1.365303337566915e+06  1.122074614595532e+06
1.365396956375137e+06  1.076353852525427e+06
1.365406625999717e+06  1.071739311281303e+06
1.365454974122616e+06  1.048962661726648e+06
1.365464274604118e+06  1.044637257324670e+06
1.365465119535171e+06  1.044245190477350e+06
1.365465623940924e+06  1.044011205348682e+06
1.365468145969687e+06  1.042086362997119e+06
1.365470572287733e+06  1.040230906897779e+06
1.365482703877963e+06  1.031003165482133e+06
1.365543361829114e+06  9.860803262275306e+05
1.365604767161011e+06  9.426012573763340e+05
1.365665992415641e+06  9.011622367631088e+05
1.365727042465942e+06  8.616594056378779e+05
1.365787906910246e+06  8.240038897240672e+05
1.365848574920707e+06  7.881108495621190e+05
1.365909034955919e+06  7.538994532595150e+05
1.365969274704900e+06  7.212926951609933e+05
1.366029281021816e+06  6.902172255147770e+05
1.366089039850129e+06  6.606031905365275e+05
1.366148536140747e+06  6.323840795033881e+05
1.366207753758280e+06  6.054965811239795e+05
1.366266675373602e+06  5.798804488338758e+05
1.366325282344336e+06  5.554783732445769e+05
1.366383554577444e+06  5.322358632943252e+05
1.366441470368143e+06  5.101011370359879e+05
1.366499006216301e+06  4.890250200518511e+05
1.366556136614628e+06  4.689608523146442e+05
1.366612833794281e+06  4.498644068123038e+05
1.366669067429431e+06  4.316938170365767e+05
1.366674641114621e+06  4.299333651079244e+05
1.366702509540571e+06  4.212384279397146e+05
1.366708091733323e+06  4.195180839488062e+05
1.366710882829699e+06  4.186605539269314e+05
1.366713011310663e+06  4.180077850277307e+05
1.366715438288126e+06  4.172647167108461e+05
1.366717320653307e+06  4.166893040346261e+05
1.366719921490008e+06  4.158955727550766e+05
1.366722418125125e+06  4.147944593093892e+05
1.366724727775755e+06  4.135789040070993e+05
1.366736276028903e+06  4.075544147411551e+05
1.366772124678451e+06  3.894068891676532e+05
1.366807490220046e+06  3.722967975489573e+05
1.366842759040230e+06  3.559831010803406e+05
1.366877919152494e+06  3.404320811900988e+05
1.366912964409097e+06  3.256086817535608e+05
1.366947888156287e+06  3.114795447526067e+05
1.366982683298525e+06  2.980128900185541e+05
1.367017342258681e+06  2.851784459231420e+05
1.367051856935751e+06  2.729473828804606e+05
1.367086218656915e+06  2.612922506109921e+05
1.367120418123071e+06  2.501869190517607e+05
1.367154445347619e+06  2.396065225607638e+05
1.367188289588123e+06  2.295274071808117e+05
1.367221939264922e+06  2.199270822878618e+05
1.367255381870666e+06  2.107841748346891e+05
1.367288603864262e+06  2.020783875777051e+05
1.367321590547156e+06  1.937904611118906e+05
1.367354325918894e+06  1.859021397511508e+05
1.367386792505209e+06  1.783961420633851e+05
1.367418971153663e+06  1.712561361685816e+05
1.367422158117078e+06  1.705647539842277e+05
1.367438092934154e+06  1.671495355058929e+05
1.367441282859515e+06  1.664741259074436e+05
1.367442877822195e+06  1.661374464591685e+05
1.367444048172970e+06  1.658908317362483e+05
1.367445562462609e+06  1.655722865098669e+05
1.367445919039466e+06  1.654973663021819e+05
1.367446171791838e+06  1.654442811687432e+05
1.367446335672943e+06  1.654098706209972e+05
1.367446488541127e+06  1.653599372131266e+05
1.367446630909505e+06  1.653060696266384e+05
1.367447342751392e+06  1.650369949720613e+05
1.367450901960827e+06  1.636981815086823e+05
1.367468698008003e+06  1.571653771893067e+05
1.367488338142919e+06  1.502580233748758e+05
1.367507889868179e+06  1.436835024685677e+05
1.367527379931226e+06  1.374162187812942e+05
1.367546804315485e+06  1.314422310387671e+05
1.367566159244367e+06  1.257481014646879e+05
1.367585440680478e+06  1.203210309619884e+05
1.367604644310369e+06  1.151488287163642e+05
1.367623765519714e+06  1.102198855642976e+05
1.367642799365918e+06  1.055231486944174e+05
1.367661740546244e+06  1.010480980122604e+05
1.367680583362335e+06  9.678472375535980e+04
1.367699321679452e+06  9.272350558969147e+04
1.367717948879764e+06  8.885539312170280e+04
1.367736457808914e+06  8.517178777467742e+04
1.367754840713124e+06  8.166452634285117e+04
1.367773089166906e+06  7.832586590761428e+04
1.367791193986523e+06  7.514847072089130e+04
1.367809145129076e+06  7.212540066935435e+04
1.367826931569406e+06  6.925010224315686e+04
1.367844541153642e+06  6.651640161374139e+04
1.367846283080029e+06  6.625192624501536e+04
1.367847154043223e+06  6.612008342626988e+04
1.367848123895167e+06  6.597358016312748e+04
1.367848681446102e+06  6.588950508729670e+04
1.367848794650969e+06  6.587244762423716e+04
1.367848912145146e+06  6.584148369079210e+04
1.367849019621488e+06  6.581122656500243e+04
1.367849557003198e+06  6.566014944965047e+04
1.367852243911747e+06  6.490995201725355e+04
1.367862866097516e+06  6.202719981735249e+04
1.367873331763875e+06  5.931220706414023e+04
1.367883766388481e+06  5.672362213771485e+04
1.367894166125761e+06  5.425614418344935e+04
1.367904529011512e+06  5.190421695117952e+04
1.367914852917333e+06  4.966255462679146e+04
1.367925135570409e+06  4.752612227943161e+04
1.367935374540170e+06  4.549012494981053e+04
1.367945567223907e+06  4.354999721130154e+04
1.367955710830344e+06  4.170139335594370e+04
1.367965802360923e+06  3.994017817379034e+04
1.367975838588834e+06  3.826241824998349e+04
1.367985816034837e+06  3.666437386755337e+04
1.367995730939487e+06  3.514249149272755e+04
1.368005579230713e+06  3.369339690182026e+04
1.368015356486070e+06  3.231388893493405e+04
1.368025057888911e+06  3.100093386534641e+04
1.368034678175380e+06  2.975166066365140e+04
1.368044211572347e+06  2.856335694815885e+04
1.368053651721335e+06  2.743346605850941e+04
1.368062991586589e+06  2.635958520008973e+04
1.368063914762001e+06  2.625575118726528e+04
1.368064034010663e+06  2.624236858621860e+04
1.368064195201029e+06  2.622428995042899e+04
1.368064228472810e+06  2.622055983719372e+04
1.368064329382293e+06  2.619928320060573e+04
1.368064329382293e+06  3.230803495684660e+14
