2.500000e+01  2.143000e+01
2.502896e+01  2.153000e+01
2.505791e+01  2.163000e+01
2.508686e+01  2.173000e+01
2.511580e+01  2.183000e+01
2.514473e+01  2.193000e+01
2.517364e+01  2.203000e+01
2.520253e+01  2.213000e+01
2.523140e+01  2.223000e+01
2.526025e+01  2.233000e+01
2.528907e+01  2.243000e+01
2.531787e+01  2.253000e+01
2.534662e+01  2.263000e+01
2.537535e+01  2.273000e+01
2.540403e+01  2.283000e+01
2.543267e+01  2.293000e+01
2.546126e+01  2.303000e+01
2.548981e+01  2.313000e+01
2.551831e+01  2.323000e+01
2.554675e+01  2.333000e+01
2.557513e+01  2.343000e+01
2.560346e+01  2.353000e+01
2.563172e+01  2.363000e+01
2.565991e+01  2.373000e+01
2.568804e+01  2.383000e+01
2.571609e+01  2.393000e+01
2.574407e+01  2.403000e+01
2.577197e+01  2.413000e+01
2.579978e+01  2.423000e+01
2.582752e+01  2.433000e+01
2.585516e+01  2.443000e+01
2.588272e+01  2.453000e+01
2.591018e+01  2.463000e+01
2.593754e+01  2.473000e+01
2.596481e+01  2.483000e+01
2.599197e+01  2.493000e+01
2.601903e+01  2.503000e+01
2.604598e+01  2.513000e+01
2.607283e+01  2.523000e+01
2.609957e+01  2.533000e+01
2.612620e+01  2.543000e+01
2.615273e+01  2.553000e+01
2.617916e+01  2.563000e+01
2.620548e+01  2.573000e+01
2.623170e+01  2.583000e+01
2.625782e+01  2.593000e+01
2.628384e+01  2.603000e+01
2.630975e+01  2.613000e+01
2.633556e+01  2.623000e+01
2.636127e+01  2.633000e+01
2.638688e+01  2.643000e+01
2.641239e+01  2.653000e+01
2.643780e+01  2.663000e+01
2.646311e+01  2.673000e+01
2.648832e+01  2.683000e+01
2.651343e+01  2.693000e+01
2.653844e+01  2.703000e+01
2.656336e+01  2.713000e+01
2.658817e+01  2.723000e+01
2.661290e+01  2.733000e+01
2.663752e+01  2.743000e+01
2.666205e+01  2.753000e+01
2.668648e+01  2.763000e+01
2.671082e+01  2.773000e+01
2.673506e+01  2.783000e+01
2.675921e+01  2.793000e+01
2.678326e+01  2.803000e+01
2.680722e+01  2.813000e+01
2.683108e+01  2.823000e+01
2.685486e+01  2.833000e+01
2.687854e+01  2.843000e+01
2.690213e+01  2.853000e+01
2.692562e+01  2.863000e+01
2.694903e+01  2.873000e+01
2.697234e+01  2.883000e+01
2.699557e+01  2.893000e+01
2.701870e+01  2.903000e+01
2.704175e+01  2.913000e+01
2.706473e+01  2.923000e+01
2.708765e+01  2.933000e+01
2.711052e+01  2.943000e+01
2.713334e+01  2.953000e+01
2.715612e+01  2.963000e+01
2.717889e+01  2.973000e+01
2.720163e+01  2.983000e+01
2.722438e+01  2.993000e+01
2.724713e+01  3.003000e+01
2.726988e+01  3.013000e+01
2.729265e+01  3.023000e+01
2.731542e+01  3.033000e+01
2.733818e+01  3.043000e+01
2.736095e+01  3.053000e+01
2.738370e+01  3.063000e+01
2.740645e+01  3.073000e+01
2.742917e+01  3.083000e+01
2.745188e+01  3.093000e+01
2.747457e+01  3.103000e+01
2.749723e+01  3.113000e+01
2.751986e+01  3.123000e+01
2.754245e+01  3.133000e+01
2.756501e+01  3.143000e+01
2.758753e+01  3.153000e+01
2.761000e+01  3.163000e+01
2.763242e+01  3.173000e+01
2.765479e+01  3.183000e+01
2.767710e+01  3.193000e+01
2.769935e+01  3.203000e+01
2.772154e+01  3.213000e+01
2.774366e+01  3.223000e+01
2.776571e+01  3.233000e+01
2.778769e+01  3.243000e+01
2.780958e+01  3.253000e+01
2.783140e+01  3.263000e+01
2.785313e+01  3.273000e+01
2.787476e+01  3.283000e+01
2.789631e+01  3.293000e+01
2.791775e+01  3.303000e+01
2.793910e+01  3.313000e+01
2.796034e+01  3.323000e+01
2.798148e+01  3.333000e+01
2.800250e+01  3.343000e+01
2.802340e+01  3.353000e+01
2.804420e+01  3.363000e+01
2.806488e+01  3.373000e+01
2.808546e+01  3.383000e+01
2.810594e+01  3.393000e+01
2.812631e+01  3.403000e+01
2.814659e+01  3.413000e+01
2.816677e+01  3.423000e+01
2.818687e+01  3.433000e+01
2.820687e+01  3.443000e+01
2.822679e+01  3.453000e+01
2.824662e+01  3.463000e+01
2.826638e+01  3.473000e+01
2.828605e+01  3.483000e+01
2.830566e+01  3.493000e+01
2.832519e+01  3.503000e+01
2.834466e+01  3.513000e+01
2.836406e+01  3.523000e+01
2.838340e+01  3.533000e+01
2.840268e+01  3.543000e+01
2.842190e+01  3.553000e+01
2.844107e+01  3.563000e+01
2.846019e+01  3.573000e+01
2.847927e+01  3.583000e+01
2.849830e+01  3.593000e+01
2.851729e+01  3.603000e+01
2.853624e+01  3.613000e+01
2.855515e+01  3.623000e+01
2.857403e+01  3.633000e+01
2.859289e+01  3.643000e+01
2.861171e+01  3.653000e+01
2.863051e+01  3.663000e+01
2.864930e+01  3.673000e+01
2.866806e+01  3.683000e+01
2.868681e+01  3.693000e+01
2.870555e+01  3.703000e+01
2.872428e+01  3.713000e+01
2.874300e+01  3.723000e+01
2.876172e+01  3.733000e+01
2.878045e+01  3.743000e+01
2.879917e+01  3.753000e+01
2.881790e+01  3.763000e+01
2.883664e+01  3.773000e+01
2.885539e+01  3.783000e+01
2.887416e+01  3.793000e+01
2.889294e+01  3.803000e+01
2.891175e+01  3.813000e+01
2.893058e+01  3.823000e+01
2.894943e+01  3.833000e+01
2.896832e+01  3.843000e+01
2.898724e+01  3.853000e+01
2.900619e+01  3.863000e+01
2.902518e+01  3.873000e+01
2.904421e+01  3.883000e+01
2.906329e+01  3.893000e+01
2.908241e+01  3.903000e+01
2.910158e+01  3.913000e+01
2.912079e+01  3.923000e+01
2.914006e+01  3.933000e+01
2.915937e+01  3.943000e+01
2.917875e+01  3.953000e+01
2.919818e+01  3.963000e+01
2.921767e+01  3.973000e+01
2.923722e+01  3.983000e+01
2.925683e+01  3.993000e+01
2.927651e+01  4.003000e+01
2.929626e+01  4.013000e+01
2.931606e+01  4.023000e+01
2.933593e+01  4.033000e+01
2.935586e+01  4.043000e+01
2.937583e+01  4.053000e+01
2.939587e+01  4.063000e+01
2.941595e+01  4.073000e+01
2.943607e+01  4.083000e+01
2.945624e+01  4.093000e+01
2.947645e+01  4.103000e+01
2.949670e+01  4.113000e+01
2.951698e+01  4.123000e+01
2.953729e+01  4.133000e+01
2.955764e+01  4.143000e+01
2.957800e+01  4.153000e+01
2.959840e+01  4.163000e+01
2.961881e+01  4.173000e+01
2.963924e+01  4.183000e+01
2.965968e+01  4.193000e+01
2.968014e+01  4.203000e+01
2.970061e+01  4.213000e+01
2.972108e+01  4.223000e+01
2.974156e+01  4.233000e+01
2.976203e+01  4.243000e+01
2.978251e+01  4.253000e+01
2.980298e+01  4.263000e+01
2.982344e+01  4.273000e+01
2.984389e+01  4.283000e+01
2.986433e+01  4.293000e+01
2.988475e+01  4.303000e+01
2.990515e+01  4.313000e+01
2.992553e+01  4.323000e+01
2.994589e+01  4.333000e+01
2.996621e+01  4.343000e+01
2.998651e+01  4.353000e+01
3.000678e+01  4.363000e+01
3.002700e+01  4.373000e+01
3.004720e+01  4.383000e+01
3.006735e+01  4.393000e+01
3.008747e+01  4.403000e+01
3.010754e+01  4.413000e+01
3.012758e+01  4.423000e+01
3.014758e+01  4.433000e+01
3.016754e+01  4.443000e+01
3.018745e+01  4.453000e+01
3.020732e+01  4.463000e+01
3.022715e+01  4.473000e+01
3.024693e+01  4.483000e+01
3.026667e+01  4.493000e+01
3.028636e+01  4.503000e+01
3.030600e+01  4.513000e+01
3.032560e+01  4.523000e+01
3.034514e+01  4.533000e+01
3.036464e+01  4.543000e+01
3.038409e+01  4.553000e+01
3.040348e+01  4.563000e+01
3.042283e+01  4.573000e+01
3.044212e+01  4.583000e+01
3.046136e+01  4.593000e+01
3.048054e+01  4.603000e+01
3.049967e+01  4.613000e+01
3.051874e+01  4.623000e+01
3.053775e+01  4.633000e+01
3.055671e+01  4.643000e+01
3.057561e+01  4.653000e+01
3.059444e+01  4.663000e+01
3.061322e+01  4.673000e+01
3.063194e+01  4.683000e+01
3.065059e+01  4.693000e+01
3.066918e+01  4.703000e+01
3.068771e+01  4.713000e+01
3.070618e+01  4.723000e+01
3.072458e+01  4.733000e+01
3.074291e+01  4.743000e+01
3.076117e+01  4.753000e+01
3.077937e+01  4.763000e+01
3.079750e+01  4.773000e+01
3.081556e+01  4.783000e+01
3.083355e+01  4.793000e+01
3.085147e+01  4.803000e+01
3.086932e+01  4.813000e+01
3.088709e+01  4.823000e+01
3.090479e+01  4.833000e+01
3.092242e+01  4.843000e+01
3.093997e+01  4.853000e+01
3.095745e+01  4.863000e+01
3.097485e+01  4.873000e+01
3.099217e+01  4.883000e+01
3.100941e+01  4.893000e+01
3.102658e+01  4.903000e+01
3.104368e+01  4.913000e+01
3.106073e+01  4.923000e+01
3.107772e+01  4.933000e+01
3.109467e+01  4.943000e+01
3.111159e+01  4.953000e+01
3.112848e+01  4.963000e+01
3.114536e+01  4.973000e+01
3.116222e+01  4.983000e+01
3.117909e+01  4.993000e+01
3.119596e+01  5.003000e+01
3.121285e+01  5.013000e+01
3.122975e+01  5.023000e+01
3.124666e+01  5.033000e+01
3.126358e+01  5.043000e+01
3.128051e+01  5.053000e+01
3.129745e+01  5.063000e+01
3.131440e+01  5.073000e+01
3.133136e+01  5.083000e+01
3.134833e+01  5.093000e+01
3.136531e+01  5.103000e+01
3.138230e+01  5.113000e+01
3.139929e+01  5.123000e+01
3.141629e+01  5.133000e+01
3.143329e+01  5.143000e+01
3.145030e+01  5.153000e+01
3.146732e+01  5.163000e+01
3.148434e+01  5.173000e+01
3.150136e+01  5.183000e+01
3.151839e+01  5.193000e+01
3.153542e+01  5.203000e+01
3.155245e+01  5.213000e+01
3.156948e+01  5.223000e+01
3.158652e+01  5.233000e+01
3.160355e+01  5.243000e+01
3.162059e+01  5.253000e+01
3.163762e+01  5.263000e+01
3.165465e+01  5.273000e+01
3.167168e+01  5.283000e+01
3.168871e+01  5.293000e+01
3.170574e+01  5.303000e+01
3.172276e+01  5.313000e+01
3.173978e+01  5.323000e+01
3.175680e+01  5.333000e+01
3.177381e+01  5.343000e+01
3.179081e+01  5.353000e+01
3.180781e+01  5.363000e+01
3.182480e+01  5.373000e+01
3.184179e+01  5.383000e+01
3.185876e+01  5.393000e+01
3.187573e+01  5.403000e+01
3.189269e+01  5.413000e+01
3.190964e+01  5.423000e+01
3.192659e+01  5.433000e+01
3.194352e+01  5.443000e+01
3.196044e+01  5.453000e+01
3.197735e+01  5.463000e+01
3.199424e+01  5.473000e+01
3.201113e+01  5.483000e+01
3.202800e+01  5.493000e+01
3.204486e+01  5.503000e+01
3.206170e+01  5.513000e+01
3.207852e+01  5.523000e+01
3.209533e+01  5.533000e+01
3.211212e+01  5.543000e+01
3.212889e+01  5.553000e+01
3.214564e+01  5.563000e+01
3.216236e+01  5.573000e+01
3.217907e+01  5.583000e+01
3.219574e+01  5.593000e+01
3.221240e+01  5.603000e+01
3.222903e+01  5.613000e+01
3.224563e+01  5.623000e+01
3.226220e+01  5.633000e+01
3.227874e+01  5.643000e+01
3.229525e+01  5.653000e+01
3.231173e+01  5.663000e+01
3.232818e+01  5.673000e+01
3.234459e+01  5.683000e+01
3.236097e+01  5.693000e+01
3.237731e+01  5.703000e+01
3.239362e+01  5.713000e+01
3.240988e+01  5.723000e+01
3.242611e+01  5.733000e+01
3.244230e+01  5.743000e+01
3.245845e+01  5.753000e+01
3.247455e+01  5.763000e+01
3.249061e+01  5.773000e+01
3.250663e+01  5.783000e+01
3.252260e+01  5.793000e+01
3.253852e+01  5.803000e+01
3.255440e+01  5.813000e+01
3.257022e+01  5.823000e+01
3.258600e+01  5.833000e+01
3.260173e+01  5.843000e+01
3.261740e+01  5.853000e+01
3.263302e+01  5.863000e+01
3.264859e+01  5.873000e+01
3.266410e+01  5.883000e+01
3.267955e+01  5.893000e+01
3.269495e+01  5.903000e+01
3.271029e+01  5.913000e+01
3.272557e+01  5.923000e+01
3.274079e+01  5.933000e+01
3.275594e+01  5.943000e+01
3.277104e+01  5.953000e+01
3.278607e+01  5.963000e+01
3.280103e+01  5.973000e+01
3.281593e+01  5.983000e+01
3.283076e+01  5.993000e+01
3.284552e+01  6.003000e+01
3.286022e+01  6.013000e+01
3.287485e+01  6.023000e+01
3.288941e+01  6.033000e+01
3.290392e+01  6.043000e+01
3.291837e+01  6.053000e+01
3.293277e+01  6.063000e+01
3.294711e+01  6.073000e+01
3.296141e+01  6.083000e+01
3.297566e+01  6.093000e+01
3.298986e+01  6.103000e+01
3.300403e+01  6.113000e+01
3.301816e+01  6.123000e+01
3.303225e+01  6.133000e+01
3.304631e+01  6.143000e+01
3.306033e+01  6.153000e+01
3.307431e+01  6.163000e+01
3.308826e+01  6.173000e+01
3.310218e+01  6.183000e+01
3.311606e+01  6.193000e+01
3.312991e+01  6.203000e+01
3.314372e+01  6.213000e+01
3.315751e+01  6.223000e+01
3.317126e+01  6.233000e+01
3.318498e+01  6.243000e+01
3.319868e+01  6.253000e+01
3.321234e+01  6.263000e+01
3.322597e+01  6.273000e+01
3.323958e+01  6.283000e+01
3.325316e+01  6.293000e+01
3.326671e+01  6.303000e+01
3.328024e+01  6.313000e+01
3.329374e+01  6.323000e+01
3.330722e+01  6.333000e+01
3.332067e+01  6.343000e+01
3.333409e+01  6.353000e+01
3.334750e+01  6.363000e+01
3.336088e+01  6.373000e+01
3.337424e+01  6.383000e+01
3.338757e+01  6.393000e+01
3.340089e+01  6.403000e+01
3.341419e+01  6.413000e+01
3.342746e+01  6.423000e+01
3.344072e+01  6.433000e+01
3.345396e+01  6.443000e+01
3.346718e+01  6.453000e+01
3.348038e+01  6.463000e+01
3.349357e+01  6.473000e+01
3.350674e+01  6.483000e+01
3.351990e+01  6.493000e+01
3.353304e+01  6.503000e+01
3.354617e+01  6.513000e+01
3.355928e+01  6.523000e+01
3.357238e+01  6.533000e+01
3.358547e+01  6.543000e+01
3.359854e+01  6.553000e+01
3.361161e+01  6.563000e+01
3.362466e+01  6.573000e+01
3.363770e+01  6.583000e+01
3.365074e+01  6.593000e+01
3.366376e+01  6.603000e+01
3.367678e+01  6.613000e+01
3.368979e+01  6.623000e+01
3.370279e+01  6.633000e+01
3.371579e+01  6.643000e+01
3.372878e+01  6.653000e+01
3.374176e+01  6.663000e+01
3.375474e+01  6.673000e+01
3.376772e+01  6.683000e+01
3.378069e+01  6.693000e+01
3.379366e+01  6.703000e+01
3.380663e+01  6.713000e+01
3.381960e+01  6.723000e+01
3.383256e+01  6.733000e+01
3.384553e+01  6.743000e+01
3.385849e+01  6.753000e+01
3.387146e+01  6.763000e+01
3.388443e+01  6.773000e+01
3.389740e+01  6.783000e+01
3.391037e+01  6.793000e+01
3.392335e+01  6.803000e+01
3.393632e+01  6.813000e+01
3.394931e+01  6.823000e+01
3.396230e+01  6.833000e+01
3.397529e+01  6.843000e+01
3.398829e+01  6.853000e+01
3.400130e+01  6.863000e+01
3.401432e+01  6.873000e+01
3.402734e+01  6.883000e+01
3.404038e+01  6.893000e+01
3.405343e+01  6.903000e+01
3.406650e+01  6.913000e+01
3.407960e+01  6.923000e+01
3.409271e+01  6.933000e+01
3.410586e+01  6.943000e+01
3.411903e+01  6.953000e+01
3.413223e+01  6.963000e+01
3.414547e+01  6.973000e+01
3.415874e+01  6.983000e+01
3.417206e+01  6.993000e+01
3.418541e+01  7.003000e+01
3.419881e+01  7.013000e+01
3.421225e+01  7.023000e+01
3.422574e+01  7.033000e+01
3.423927e+01  7.043000e+01
3.425283e+01  7.053000e+01
3.426644e+01  7.063000e+01
3.428009e+01  7.073000e+01
3.429377e+01  7.083000e+01
3.430750e+01  7.093000e+01
3.432126e+01  7.103000e+01
3.433505e+01  7.113000e+01
3.434888e+01  7.123000e+01
3.436275e+01  7.133000e+01
3.437665e+01  7.143000e+01
3.439059e+01  7.153000e+01
3.440455e+01  7.163000e+01
3.441855e+01  7.173000e+01
3.443258e+01  7.183000e+01
3.444664e+01  7.193000e+01
3.446072e+01  7.203000e+01
3.447484e+01  7.213000e+01
3.448899e+01  7.223000e+01
3.450316e+01  7.233000e+01
3.451736e+01  7.243000e+01
3.453158e+01  7.253000e+01
3.454583e+01  7.263000e+01
3.456010e+01  7.273000e+01
3.457440e+01  7.283000e+01
3.458871e+01  7.293000e+01
3.460305e+01  7.303000e+01
3.461742e+01  7.313000e+01
3.463180e+01  7.323000e+01
3.464620e+01  7.333000e+01
3.466062e+01  7.343000e+01
3.467505e+01  7.353000e+01
3.468951e+01  7.363000e+01
3.470398e+01  7.373000e+01
3.471846e+01  7.383000e+01
3.473296e+01  7.393000e+01
3.474748e+01  7.403000e+01
3.476201e+01  7.413000e+01
3.477655e+01  7.423000e+01
3.479110e+01  7.433000e+01
3.480566e+01  7.443000e+01
3.482024e+01  7.453000e+01
3.483482e+01  7.463000e+01
3.484941e+01  7.473000e+01
3.486401e+01  7.483000e+01
3.487862e+01  7.493000e+01
3.489323e+01  7.503000e+01
3.490785e+01  7.513000e+01
3.492248e+01  7.523000e+01
3.493711e+01  7.533000e+01
3.495174e+01  7.543000e+01
3.496637e+01  7.553000e+01
3.498101e+01  7.563000e+01
3.499565e+01  7.573000e+01
