3.015000e+01  2.000000e+01
3.017890e+01  2.010000e+01
3.020780e+01  2.020000e+01
3.023673e+01  2.030000e+01
3.026570e+01  2.040000e+01
3.029472e+01  2.050000e+01
3.032380e+01  2.060000e+01
3.035295e+01  2.070000e+01
3.038218e+01  2.080000e+01
3.041151e+01  2.090000e+01
3.044096e+01  2.100000e+01
3.047052e+01  2.110000e+01
3.050022e+01  2.120000e+01
3.053006e+01  2.130000e+01
3.056006e+01  2.140000e+01
3.059023e+01  2.150000e+01
3.062059e+01  2.160000e+01
3.065113e+01  2.170000e+01
3.068189e+01  2.180000e+01
3.071286e+01  2.190000e+01
3.074406e+01  2.200000e+01
3.077551e+01  2.210000e+01
3.080721e+01  2.220000e+01
3.083918e+01  2.230000e+01
3.087143e+01  2.240000e+01
3.090397e+01  2.250000e+01
3.093682e+01  2.260000e+01
3.096998e+01  2.270000e+01
3.100346e+01  2.280000e+01
3.103728e+01  2.290000e+01
3.107141e+01  2.300000e+01
3.110583e+01  2.310000e+01
3.114051e+01  2.320000e+01
3.117541e+01  2.330000e+01
3.121053e+01  2.340000e+01
3.124583e+01  2.350000e+01
3.128129e+01  2.360000e+01
3.131687e+01  2.370000e+01
3.135257e+01  2.380000e+01
3.138834e+01  2.390000e+01
3.142416e+01  2.400000e+01
3.146002e+01  2.410000e+01
3.149587e+01  2.420000e+01
3.153171e+01  2.430000e+01
3.156749e+01  2.440000e+01
3.160320e+01  2.450000e+01
3.163881e+01  2.460000e+01
3.167429e+01  2.470000e+01
3.170963e+01  2.480000e+01
3.174478e+01  2.490000e+01
3.177973e+01  2.500000e+01
3.181446e+01  2.510000e+01
3.184893e+01  2.520000e+01
3.188311e+01  2.530000e+01
3.191700e+01  2.540000e+01
3.195055e+01  2.550000e+01
3.198374e+01  2.560000e+01
3.201656e+01  2.570000e+01
3.204898e+01  2.580000e+01
3.208102e+01  2.590000e+01
3.211270e+01  2.600000e+01
3.214402e+01  2.610000e+01
3.217499e+01  2.620000e+01
3.220562e+01  2.630000e+01
3.223592e+01  2.640000e+01
3.226591e+01  2.650000e+01
3.229560e+01  2.660000e+01
3.232499e+01  2.670000e+01
3.235409e+01  2.680000e+01
3.238293e+01  2.690000e+01
3.241150e+01  2.700000e+01
3.243982e+01  2.710000e+01
3.246790e+01  2.720000e+01
3.249574e+01  2.730000e+01
3.252337e+01  2.740000e+01
3.255079e+01  2.750000e+01
3.257801e+01  2.760000e+01
3.260504e+01  2.770000e+01
3.263190e+01  2.780000e+01
3.265858e+01  2.790000e+01
3.268511e+01  2.800000e+01
3.271150e+01  2.810000e+01
3.273775e+01  2.820000e+01
3.276388e+01  2.830000e+01
3.278990e+01  2.840000e+01
3.281581e+01  2.850000e+01
3.284163e+01  2.860000e+01
3.286736e+01  2.870000e+01
3.289303e+01  2.880000e+01
3.291864e+01  2.890000e+01
3.294420e+01  2.900000e+01
3.296971e+01  2.910000e+01
3.299520e+01  2.920000e+01
3.302068e+01  2.930000e+01
3.304613e+01  2.940000e+01
3.307157e+01  2.950000e+01
3.309699e+01  2.960000e+01
3.312239e+01  2.970000e+01
3.314778e+01  2.980000e+01
3.317314e+01  2.990000e+01
3.319848e+01  3.000000e+01
3.322380e+01  3.010000e+01
3.324909e+01  3.020000e+01
3.327437e+01  3.030000e+01
3.329962e+01  3.040000e+01
3.332484e+01  3.050000e+01
3.335003e+01  3.060000e+01
3.337520e+01  3.070000e+01
3.340034e+01  3.080000e+01
3.342546e+01  3.090000e+01
3.345054e+01  3.100000e+01
3.347559e+01  3.110000e+01
3.350061e+01  3.120000e+01
3.352560e+01  3.130000e+01
3.355056e+01  3.140000e+01
3.357548e+01  3.150000e+01
3.360036e+01  3.160000e+01
3.362522e+01  3.170000e+01
3.365003e+01  3.180000e+01
3.367481e+01  3.190000e+01
3.369955e+01  3.200000e+01
3.372425e+01  3.210000e+01
3.374891e+01  3.220000e+01
3.377353e+01  3.230000e+01
3.379811e+01  3.240000e+01
3.382265e+01  3.250000e+01
3.384714e+01  3.260000e+01
3.387159e+01  3.270000e+01
3.389599e+01  3.280000e+01
3.392035e+01  3.290000e+01
3.394466e+01  3.300000e+01
3.396893e+01  3.310000e+01
3.399314e+01  3.320000e+01
3.401731e+01  3.330000e+01
3.404143e+01  3.340000e+01
3.406550e+01  3.350000e+01
3.408953e+01  3.360000e+01
3.411351e+01  3.370000e+01
3.413744e+01  3.380000e+01
3.416134e+01  3.390000e+01
3.418519e+01  3.400000e+01
3.420900e+01  3.410000e+01
3.423277e+01  3.420000e+01
3.425651e+01  3.430000e+01
3.428021e+01  3.440000e+01
3.430387e+01  3.450000e+01
3.432749e+01  3.460000e+01
3.435109e+01  3.470000e+01
3.437465e+01  3.480000e+01
3.439818e+01  3.490000e+01
3.442168e+01  3.500000e+01
3.444515e+01  3.510000e+01
3.446859e+01  3.520000e+01
3.449201e+01  3.530000e+01
3.451540e+01  3.540000e+01
3.453877e+01  3.550000e+01
3.456211e+01  3.560000e+01
3.458543e+01  3.570000e+01
3.460874e+01  3.580000e+01
3.463202e+01  3.590000e+01
3.465528e+01  3.600000e+01
3.467853e+01  3.610000e+01
3.470176e+01  3.620000e+01
3.472497e+01  3.630000e+01
3.474817e+01  3.640000e+01
3.477136e+01  3.650000e+01
3.479454e+01  3.660000e+01
3.481771e+01  3.670000e+01
3.484087e+01  3.680000e+01
3.486402e+01  3.690000e+01
3.488716e+01  3.700000e+01
3.491030e+01  3.710000e+01
3.493343e+01  3.720000e+01
3.495656e+01  3.730000e+01
3.497969e+01  3.740000e+01
