8.963042172200000000e+15 7.041270467199999639e+36 1.996000000000000013e+39 1.000000000000000000e+00 0.000000000000000000e+00
8.918193395000000000e+15 7.000906567700000088e+36 1.990999999999999878e+39 1.000000000000000000e+00 0.000000000000000000e+00
8.873457105400000000e+15 6.960643907099999611e+36 1.986000000000000046e+39 1.000000000000000000e+00 0.000000000000000000e+00
8.828833303300000000e+15 6.920482485200000086e+36 1.980999999999999911e+39 1.000000000000000000e+00 0.000000000000000000e+00
8.784321988800000000e+15 6.880422302099999985e+36 1.976000000000000078e+39 1.000000000000000000e+00 0.000000000000000000e+00
8.739923161700000000e+15 6.840463357800000487e+36 1.970999999999999943e+39 1.000000000000000000e+00 0.000000000000000000e+00
8.695636822200000000e+15 6.800605652199999579e+36 1.966000000000000110e+39 1.000000000000000000e+00 0.000000000000000000e+00
8.651462970300000000e+15 6.760849185500000108e+36 1.960999999999999975e+39 1.000000000000000000e+00 0.000000000000000000e+00
8.607401605800000000e+15 6.721193957500000407e+36 1.956000000000000143e+39 1.000000000000000000e+00 0.000000000000000000e+00
8.563452728900000000e+15 6.681639968200000478e+36 1.951000000000000008e+39 1.000000000000000000e+00 0.000000000000000000e+00
8.519616339500000000e+15 6.642187217799999624e+36 1.945999999999999873e+39 1.000000000000000000e+00 0.000000000000000000e+00
8.475892437600000000e+15 6.602835706099999722e+36 1.941000000000000040e+39 1.000000000000000000e+00 0.000000000000000000e+00
8.432281023300000000e+15 6.563585433200000423e+36 1.935999999999999905e+39 1.000000000000000000e+00 0.000000000000000000e+00
8.388782096500000000e+15 6.524436399100000548e+36 1.931000000000000072e+39 1.000000000000000000e+00 0.000000000000000000e+00
8.345395657200000000e+15 6.485388603700000443e+36 1.925999999999999937e+39 1.000000000000000000e+00 0.000000000000000000e+00
8.302121705400000000e+15 6.446442047099999761e+36 1.921000000000000105e+39 1.000000000000000000e+00 0.000000000000000000e+00
8.258960241200000000e+15 6.407596729299999684e+36 1.915999999999999970e+39 1.000000000000000000e+00 0.000000000000000000e+00
8.215911264500000000e+15 6.368852650300000209e+36 1.911000000000000137e+39 1.000000000000000000e+00 0.000000000000000000e+00
8.172974775300000000e+15 6.330209810000000506e+36 1.906000000000000002e+39 1.000000000000000000e+00 0.000000000000000000e+00
8.130150773700000000e+15 6.291668208500000226e+36 1.900999999999999867e+39 1.000000000000000000e+00 0.000000000000000000e+00
8.087439259600000000e+15 6.253227845800000550e+36 1.896000000000000034e+39 1.000000000000000000e+00 0.000000000000000000e+00
8.044840233000000000e+15 6.214888721900000297e+36 1.890999999999999899e+39 1.000000000000000000e+00 0.000000000000000000e+00
8.002353693900000000e+15 6.176650836699999815e+36 1.886000000000000067e+39 1.000000000000000000e+00 0.000000000000000000e+00
7.959979642400000000e+15 6.138514190399999588e+36 1.880999999999999932e+39 1.000000000000000000e+00 0.000000000000000000e+00
7.917718078400000000e+15 6.100478782699999481e+36 1.876000000000000099e+39 1.000000000000000000e+00 0.000000000000000000e+00
7.875569001900000000e+15 6.062544613899999629e+36 1.870999999999999964e+39 1.000000000000000000e+00 0.000000000000000000e+00
7.833532412900000000e+15 6.024711683900000381e+36 1.866000000000000131e+39 1.000000000000000000e+00 0.000000000000000000e+00
7.791608311500000000e+15 5.986979992599999723e+36 1.860999999999999996e+39 1.000000000000000000e+00 0.000000000000000000e+00
7.749796697600000000e+15 5.949349540099999669e+36 1.855999999999999862e+39 1.000000000000000000e+00 0.000000000000000000e+00
7.708097571200000000e+15 5.911820326300000567e+36 1.851000000000000029e+39 1.000000000000000000e+00 0.000000000000000000e+00
7.666510932400000000e+15 5.874392351400000540e+36 1.845999999999999894e+39 1.000000000000000000e+00 0.000000000000000000e+00
7.625036781000000000e+15 5.837065615200000284e+36 1.841000000000000061e+39 1.000000000000000000e+00 0.000000000000000000e+00
7.583675117300000000e+15 5.799840117799999451e+36 1.835999999999999926e+39 1.000000000000000000e+00 0.000000000000000000e+00
7.542425941000000000e+15 5.762715859099999570e+36 1.831000000000000093e+39 1.000000000000000000e+00 0.000000000000000000e+00
7.501289252300000000e+15 5.725692839299999944e+36 1.825999999999999959e+39 1.000000000000000000e+00 0.000000000000000000e+00
7.460265051000000000e+15 5.688771058200000089e+36 1.821000000000000126e+39 1.000000000000000000e+00 0.000000000000000000e+00
7.419353337400000000e+15 5.651950515800000006e+36 1.815999999999999991e+39 1.000000000000000000e+00 0.000000000000000000e+00
7.378554111200000000e+15 5.615231212300000178e+36 1.810999999999999856e+39 1.000000000000000000e+00 0.000000000000000000e+00
7.337867372600000000e+15 5.578613147500000121e+36 1.806000000000000023e+39 1.000000000000000000e+00 0.000000000000000000e+00
7.297293121500000000e+15 5.542096321600000320e+36 1.800999999999999888e+39 1.000000000000000000e+00 0.000000000000000000e+00
7.256831357900000000e+15 5.505680734299999457e+36 1.796000000000000056e+39 1.000000000000000000e+00 0.000000000000000000e+00
7.216482081900000000e+15 5.469366385900000031e+36 1.790999999999999921e+39 1.000000000000000000e+00 0.000000000000000000e+00
7.176245293300000000e+15 5.433153276200000376e+36 1.786000000000000088e+39 1.000000000000000000e+00 0.000000000000000000e+00
7.136120992300000000e+15 5.397041405300000144e+36 1.780999999999999953e+39 1.000000000000000000e+00 0.000000000000000000e+00
7.096109178900000000e+15 5.361030773200000515e+36 1.776000000000000120e+39 1.000000000000000000e+00 0.000000000000000000e+00
7.056209852900000000e+15 5.325121379900000310e+36 1.770999999999999985e+39 1.000000000000000000e+00 0.000000000000000000e+00
7.016423014500000000e+15 5.289313225299999875e+36 1.765999999999999850e+39 1.000000000000000000e+00 0.000000000000000000e+00
6.976748663600000000e+15 5.253606309500000044e+36 1.761000000000000018e+39 1.000000000000000000e+00 0.000000000000000000e+00
6.937186800300000000e+15 5.218000632500000227e+36 1.755999999999999883e+39 1.000000000000000000e+00 0.000000000000000000e+00
6.897737424500000000e+15 5.182496194200000181e+36 1.751000000000000050e+39 1.000000000000000000e+00 0.000000000000000000e+00
6.858400536200000000e+15 5.147092994799999800e+36 1.745999999999999915e+39 1.000000000000000000e+00 0.000000000000000000e+00
6.819176135400000000e+15 5.111791034099999781e+36 1.741000000000000082e+39 1.000000000000000000e+00 0.000000000000000000e+00
6.780064222100000000e+15 5.076590312199999774e+36 1.735999999999999947e+39 1.000000000000000000e+00 0.000000000000000000e+00
6.741064796400000000e+15 5.041490829000000130e+36 1.731000000000000115e+39 1.000000000000000000e+00 0.000000000000000000e+00
6.702177858200000000e+15 5.006492584599999908e+36 1.725999999999999980e+39 1.000000000000000000e+00 0.000000000000000000e+00
6.663403407600000000e+15 4.971595579000000290e+36 1.721000000000000147e+39 1.000000000000000000e+00 0.000000000000000000e+00
6.624741444400000000e+15 4.936799812200000095e+36 1.716000000000000012e+39 1.000000000000000000e+00 0.000000000000000000e+00
6.586191968800000000e+15 4.902105284199999913e+36 1.710999999999999877e+39 1.000000000000000000e+00 0.000000000000000000e+00
6.547754980700000000e+15 4.867511994900000093e+36 1.706000000000000044e+39 1.000000000000000000e+00 0.000000000000000000e+00
6.509430480200000000e+15 4.833019944400000286e+36 1.700999999999999909e+39 1.000000000000000000e+00 0.000000000000000000e+00
6.471218467200000000e+15 4.798629132699999903e+36 1.696000000000000077e+39 1.000000000000000000e+00 0.000000000000000000e+00
6.433118941700000000e+15 4.764339559699999880e+36 1.690999999999999942e+39 1.000000000000000000e+00 0.000000000000000000e+00
6.395131903700000000e+15 4.730151225499999871e+36 1.686000000000000109e+39 1.000000000000000000e+00 0.000000000000000000e+00
6.357257353200000000e+15 4.696064130099999876e+36 1.680999999999999974e+39 1.000000000000000000e+00 0.000000000000000000e+00
6.319495290300000000e+15 4.662078273499999893e+36 1.676000000000000141e+39 1.000000000000000000e+00 0.000000000000000000e+00
6.281845714900000000e+15 4.628193655699999925e+36 1.671000000000000006e+39 1.000000000000000000e+00 0.000000000000000000e+00
6.244308627100000000e+15 4.594410276599999727e+36 1.665999999999999871e+39 1.000000000000000000e+00 0.000000000000000000e+00
6.206884026700000000e+15 4.560728136300000133e+36 1.661000000000000039e+39 1.000000000000000000e+00 0.000000000000000000e+00
6.169571913900000000e+15 4.527147234799999962e+36 1.655999999999999904e+39 1.000000000000000000e+00 0.000000000000000000e+00
6.132372288600000000e+15 4.493667572000000152e+36 1.651000000000000071e+39 1.000000000000000000e+00 0.000000000000000000e+00
6.095285150900000000e+15 4.460289147999999765e+36 1.645999999999999936e+39 1.000000000000000000e+00 0.000000000000000000e+00
6.058310500700000000e+15 4.427011962799999983e+36 1.641000000000000103e+39 1.000000000000000000e+00 0.000000000000000000e+00
6.021448338000000000e+15 4.393836016400000213e+36 1.635999999999999968e+39 1.000000000000000000e+00 0.000000000000000000e+00
5.984698662800000000e+15 4.360761308700000215e+36 1.631000000000000136e+39 1.000000000000000000e+00 0.000000000000000000e+00
5.948061475100000000e+15 4.327787839899999881e+36 1.626000000000000001e+39 1.000000000000000000e+00 0.000000000000000000e+00
5.911536775000000000e+15 4.294915609700000258e+36 1.620999999999999866e+39 1.000000000000000000e+00 0.000000000000000000e+00
5.875124562400000000e+15 4.262144618399999709e+36 1.616000000000000033e+39 1.000000000000000000e+00 0.000000000000000000e+00
5.838824837400000000e+15 4.229474865899999764e+36 1.610999999999999898e+39 1.000000000000000000e+00 0.000000000000000000e+00
5.802637599800000000e+15 4.196906352100000181e+36 1.606000000000000065e+39 1.000000000000000000e+00 0.000000000000000000e+00
5.766562849800000000e+15 4.164439077100000020e+36 1.600999999999999931e+39 1.000000000000000000e+00 0.000000000000000000e+00
5.730600587300000000e+15 4.132073040800000221e+36 1.596000000000000098e+39 1.000000000000000000e+00 0.000000000000000000e+00
5.694750812400000000e+15 4.099808243400000087e+36 1.590999999999999963e+39 1.000000000000000000e+00 0.000000000000000000e+00
5.659013525000000000e+15 4.067644684699999724e+36 1.586000000000000130e+39 1.000000000000000000e+00 0.000000000000000000e+00
5.623388725100000000e+15 4.035582364799999965e+36 1.580999999999999995e+39 1.000000000000000000e+00 0.000000000000000000e+00
5.587876412700000000e+15 4.003621283599999977e+36 1.575999999999999860e+39 1.000000000000000000e+00 0.000000000000000000e+00
5.552476587800000000e+15 3.971761441300000245e+36 1.571000000000000028e+39 1.000000000000000000e+00 0.000000000000000000e+00
5.517189250500000000e+15 3.940002837700000284e+36 1.565999999999999893e+39 1.000000000000000000e+00 0.000000000000000000e+00
5.482014400700000000e+15 3.908345472899999746e+36 1.561000000000000060e+39 1.000000000000000000e+00 0.000000000000000000e+00
5.446952038500000000e+15 3.876789346899999811e+36 1.555999999999999925e+39 1.000000000000000000e+00 0.000000000000000000e+00
5.412002163700000000e+15 3.845334459600000238e+36 1.551000000000000092e+39 1.000000000000000000e+00 0.000000000000000000e+00
5.377164776500000000e+15 3.813980811100000088e+36 1.545999999999999957e+39 1.000000000000000000e+00 0.000000000000000000e+00
5.342439876900000000e+15 3.782728401399999952e+36 1.541000000000000125e+39 1.000000000000000000e+00 0.000000000000000000e+00
5.307827464700000000e+15 3.751577230499999829e+36 1.535999999999999990e+39 1.000000000000000000e+00 0.000000000000000000e+00
5.273327540100000000e+15 3.720527298300000067e+36 1.530999999999999855e+39 1.000000000000000000e+00 0.000000000000000000e+00
5.238940103000000000e+15 3.689578604899999728e+36 1.526000000000000022e+39 1.000000000000000000e+00 0.000000000000000000e+00
5.204665153400000000e+15 3.658731150299999993e+36 1.520999999999999887e+39 1.000000000000000000e+00 0.000000000000000000e+00
5.170502691400000000e+15 3.627984934400000029e+36 1.516000000000000054e+39 1.000000000000000000e+00 0.000000000000000000e+00
5.136452716800000000e+15 3.597339957399999730e+36 1.510999999999999919e+39 1.000000000000000000e+00 0.000000000000000000e+00
5.102515229900000000e+15 3.566796219099999793e+36 1.506000000000000087e+39 1.000000000000000000e+00 0.000000000000000000e+00
5.068690230400000000e+15 3.536353719599999869e+36 1.500999999999999952e+39 1.000000000000000000e+00 0.000000000000000000e+00
5.034977718500000000e+15 3.506012458799999716e+36 1.496000000000000119e+39 1.000000000000000000e+00 0.000000000000000000e+00
5.001377694000000000e+15 3.475772436899999819e+36 1.490999999999999984e+39 1.000000000000000000e+00 0.000000000000000000e+00
4.967890157200000000e+15 3.445633653700000283e+36 1.485999999999999849e+39 1.000000000000000000e+00 0.000000000000000000e+00
4.934515107800000000e+15 3.415596109300000170e+36 1.481000000000000016e+39 1.000000000000000000e+00 0.000000000000000000e+00
4.901252546000000000e+15 3.385659803599999829e+36 1.475999999999999881e+39 1.000000000000000000e+00 0.000000000000000000e+00
4.868102471700000000e+15 3.355824736700000091e+36 1.471000000000000049e+39 1.000000000000000000e+00 0.000000000000000000e+00
4.835064884900000000e+15 3.326090908599999776e+36 1.465999999999999914e+39 1.000000000000000000e+00 0.000000000000000000e+00
4.802139785700000000e+15 3.296458319300000064e+36 1.461000000000000081e+39 1.000000000000000000e+00 0.000000000000000000e+00
4.769327174000000000e+15 3.266926968799999776e+36 1.455999999999999946e+39 1.000000000000000000e+00 0.000000000000000000e+00
4.736627049800000000e+15 3.237496856999999850e+36 1.451000000000000113e+39 1.000000000000000000e+00 0.000000000000000000e+00
4.704039413100000000e+15 3.208167983999999936e+36 1.445999999999999978e+39 1.000000000000000000e+00 0.000000000000000000e+00
4.671564264000000000e+15 3.178940349800000036e+36 1.441000000000000146e+39 1.000000000000000000e+00 0.000000000000000000e+00
4.639201602400000000e+15 3.149813954299999907e+36 1.436000000000000011e+39 1.000000000000000000e+00 0.000000000000000000e+00
4.606951428300000000e+15 3.120788797700000034e+36 1.430999999999999876e+39 1.000000000000000000e+00 0.000000000000000000e+00
4.574813741700000000e+15 3.091864879799999932e+36 1.426000000000000043e+39 1.000000000000000000e+00 0.000000000000000000e+00
4.542788542700000000e+15 3.063042200699999843e+36 1.420999999999999908e+39 1.000000000000000000e+00 0.000000000000000000e+00
4.510875831200000000e+15 3.034320760300000115e+36 1.416000000000000075e+39 1.000000000000000000e+00 0.000000000000000000e+00
4.479075607200000000e+15 3.005700558699999811e+36 1.410999999999999940e+39 1.000000000000000000e+00 0.000000000000000000e+00
4.447387870800000000e+15 2.977181595900000110e+36 1.406000000000000108e+39 1.000000000000000000e+00 0.000000000000000000e+00
4.415812621900000000e+15 2.948763871899999833e+36 1.400999999999999973e+39 1.000000000000000000e+00 0.000000000000000000e+00
4.384349860500000000e+15 2.920447386700000159e+36 1.396000000000000140e+39 1.000000000000000000e+00 0.000000000000000000e+00
4.352999586600000000e+15 2.892232140200000256e+36 1.391000000000000005e+39 1.000000000000000000e+00 0.000000000000000000e+00
4.321761800300000000e+15 2.864118132499999776e+36 1.385999999999999870e+39 1.000000000000000000e+00 0.000000000000000000e+00
4.290636501500000000e+15 2.836105363599999900e+36 1.381000000000000037e+39 1.000000000000000000e+00 0.000000000000000000e+00
4.259623690200000000e+15 2.808193833399999795e+36 1.375999999999999903e+39 1.000000000000000000e+00 0.000000000000000000e+00
4.228723366500000000e+15 2.780383542000000293e+36 1.371000000000000070e+39 1.000000000000000000e+00 0.000000000000000000e+00
4.197935530200000000e+15 2.752674489400000215e+36 1.365999999999999935e+39 1.000000000000000000e+00 0.000000000000000000e+00
4.167260181500000000e+15 2.725066675600000150e+36 1.360999999999999951e+39 1.000000000000000000e+00 0.000000000000000000e+00
4.136697320400000000e+15 2.697560100499999856e+36 1.355999999999999967e+39 1.000000000000000000e+00 0.000000000000000000e+00
4.106246946700000000e+15 2.670154764299999818e+36 1.350999999999999983e+39 1.000000000000000000e+00 0.000000000000000000e+00
4.075909060600000000e+15 2.642850666800000141e+36 1.346000000000000000e+39 1.000000000000000000e+00 0.000000000000000000e+00
4.045683662000000000e+15 2.615647807999999940e+36 1.341000000000000016e+39 1.000000000000000000e+00 0.000000000000000000e+00
4.015570750900000000e+15 2.588546188099999995e+36 1.336000000000000032e+39 1.000000000000000000e+00 0.000000000000000000e+00
3.985570327400000000e+15 2.561545806900000116e+36 1.331000000000000048e+39 1.000000000000000000e+00 0.000000000000000000e+00
3.955682391400000000e+15 2.534646664499999955e+36 1.326000000000000064e+39 1.000000000000000000e+00 0.000000000000000000e+00
3.925906942900000000e+15 2.507848760900000103e+36 1.320999999999999929e+39 1.000000000000000000e+00 0.000000000000000000e+00
3.896243982000000000e+15 2.481152096000000022e+36 1.315999999999999945e+39 1.000000000000000000e+00 0.000000000000000000e+00
3.866693508600000000e+15 2.454556669899999954e+36 1.310999999999999962e+39 1.000000000000000000e+00 0.000000000000000000e+00
3.837255522700000000e+15 2.428062482599999900e+36 1.305999999999999978e+39 1.000000000000000000e+00 0.000000000000000000e+00
3.807930024300000000e+15 2.401669534099999859e+36 1.300999999999999994e+39 1.000000000000000000e+00 0.000000000000000000e+00
3.778717013400000000e+15 2.375377824299999884e+36 1.296000000000000010e+39 1.000000000000000000e+00 0.000000000000000000e+00
3.749616490100000000e+15 2.349187353299999923e+36 1.291000000000000026e+39 1.000000000000000000e+00 0.000000000000000000e+00
3.720628454300000000e+15 2.323098121099999975e+36 1.286000000000000042e+39 1.000000000000000000e+00 0.000000000000000000e+00
3.691752906100000000e+15 2.297110127700000040e+36 1.281000000000000059e+39 1.000000000000000000e+00 0.000000000000000000e+00
3.662989845300000000e+15 2.271223372999999876e+36 1.276000000000000075e+39 1.000000000000000000e+00 0.000000000000000000e+00
3.634339272100000000e+15 2.245437857100000021e+36 1.270999999999999940e+39 1.000000000000000000e+00 0.000000000000000000e+00
3.605801186500000000e+15 2.219753579999999884e+36 1.265999999999999956e+39 1.000000000000000000e+00 0.000000000000000000e+00
3.577375588300000000e+15 2.194170541700000056e+36 1.260999999999999972e+39 1.000000000000000000e+00 0.000000000000000000e+00
3.549062477700000000e+15 2.168688742099999999e+36 1.255999999999999988e+39 1.000000000000000000e+00 0.000000000000000000e+00
3.520861854600000000e+15 2.143308181399999902e+36 1.251000000000000005e+39 1.000000000000000000e+00 0.000000000000000000e+00
3.492773719000000000e+15 2.118028859299999924e+36 1.246000000000000021e+39 1.000000000000000000e+00 0.000000000000000000e+00
3.464798071000000000e+15 2.092850776099999907e+36 1.241000000000000037e+39 1.000000000000000000e+00 0.000000000000000000e+00
3.436934910500000000e+15 2.067773931599999956e+36 1.236000000000000053e+39 1.000000000000000000e+00 0.000000000000000000e+00
3.409184237500000000e+15 2.042798325900000019e+36 1.231000000000000069e+39 1.000000000000000000e+00 0.000000000000000000e+00
3.381546052000000000e+15 2.017923959000000094e+36 1.225999999999999934e+39 1.000000000000000000e+00 0.000000000000000000e+00
3.354020354100000000e+15 1.993150830899999889e+36 1.220999999999999950e+39 1.000000000000000000e+00 0.000000000000000000e+00
3.326607143700000000e+15 1.968478941500000044e+36 1.215999999999999967e+39 1.000000000000000000e+00 0.000000000000000000e+00
3.299306420800000000e+15 1.943908290899999918e+36 1.210999999999999983e+39 1.000000000000000000e+00 0.000000000000000000e+00
3.272118185400000000e+15 1.919438879100000100e+36 1.205999999999999999e+39 1.000000000000000000e+00 0.000000000000000000e+00
3.245042437600000000e+15 1.895070706100000000e+36 1.201000000000000015e+39 1.000000000000000000e+00 0.000000000000000000e+00
3.218079177300000000e+15 1.870803771799999967e+36 1.196000000000000031e+39 1.000000000000000000e+00 0.000000000000000000e+00
3.191228404600000000e+15 1.846638076299999947e+36 1.191000000000000047e+39 1.000000000000000000e+00 0.000000000000000000e+00
3.164490119300000000e+15 1.822573619599999940e+36 1.186000000000000064e+39 1.000000000000000000e+00 0.000000000000000000e+00
3.137864321600000000e+15 1.798610401699999947e+36 1.180999999999999929e+39 1.000000000000000000e+00 0.000000000000000000e+00
3.111351011400000000e+15 1.774748422500000020e+36 1.175999999999999945e+39 1.000000000000000000e+00 0.000000000000000000e+00
3.084950188800000000e+15 1.750987682100000106e+36 1.170999999999999961e+39 1.000000000000000000e+00 0.000000000000000000e+00
3.058661853600000000e+15 1.727328180499999911e+36 1.165999999999999977e+39 1.000000000000000000e+00 0.000000000000000000e+00
3.032486006000000000e+15 1.703769917600000077e+36 1.160999999999999993e+39 1.000000000000000000e+00 0.000000000000000000e+00
3.006422645900000000e+15 1.680312893599999908e+36 1.156000000000000009e+39 1.000000000000000000e+00 0.000000000000000000e+00
2.980471773400000000e+15 1.656957108300000101e+36 1.151000000000000026e+39 1.000000000000000000e+00 0.000000000000000000e+00
2.954633388400000000e+15 1.633702561700000065e+36 1.146000000000000042e+39 1.000000000000000000e+00 0.000000000000000000e+00
2.928907490900000000e+15 1.610549253999999989e+36 1.141000000000000058e+39 1.000000000000000000e+00 0.000000000000000000e+00
2.903294080900000000e+15 1.587497184999999979e+36 1.136000000000000074e+39 1.000000000000000000e+00 0.000000000000000000e+00
2.877793158500000000e+15 1.564546354799999983e+36 1.130999999999999939e+39 1.000000000000000000e+00 0.000000000000000000e+00
2.852404723500000000e+15 1.541696763400000001e+36 1.125999999999999955e+39 1.000000000000000000e+00 0.000000000000000000e+00
2.827128776200000000e+15 1.518948410800000031e+36 1.120999999999999972e+39 1.000000000000000000e+00 0.000000000000000000e+00
2.801965316300000000e+15 1.496301296900000128e+36 1.115999999999999988e+39 1.000000000000000000e+00 0.000000000000000000e+00
2.776914344000000000e+15 1.473755421799999943e+36 1.111000000000000004e+39 1.000000000000000000e+00 0.000000000000000000e+00
2.751975859200000000e+15 1.451310785500000067e+36 1.106000000000000020e+39 1.000000000000000000e+00 0.000000000000000000e+00
2.727149861900000000e+15 1.428967387899999962e+36 1.101000000000000036e+39 1.000000000000000000e+00 0.000000000000000000e+00
2.702436352100000000e+15 1.406725229099999870e+36 1.096000000000000052e+39 1.000000000000000000e+00 0.000000000000000000e+00
2.677835329900000000e+15 1.384584309100000086e+36 1.091000000000000069e+39 1.000000000000000000e+00 0.000000000000000000e+00
2.653346795200000000e+15 1.362544627900000021e+36 1.085999999999999934e+39 1.000000000000000000e+00 0.000000000000000000e+00
2.628970748000000000e+15 1.340606185499999969e+36 1.080999999999999950e+39 1.000000000000000000e+00 0.000000000000000000e+00
2.604707188400000000e+15 1.318768981799999984e+36 1.075999999999999966e+39 1.000000000000000000e+00 0.000000000000000000e+00
2.580556116300000000e+15 1.297033016900000011e+36 1.070999999999999982e+39 1.000000000000000000e+00 0.000000000000000000e+00
2.556517531700000000e+15 1.275398290800000053e+36 1.065999999999999998e+39 1.000000000000000000e+00 0.000000000000000000e+00
2.532591434600000000e+15 1.253864803400000012e+36 1.061000000000000014e+39 1.000000000000000000e+00 0.000000000000000000e+00
2.508777825100000000e+15 1.232432554799999986e+36 1.056000000000000031e+39 1.000000000000000000e+00 0.000000000000000000e+00
2.485076703100000000e+15 1.211101544999999972e+36 1.051000000000000047e+39 1.000000000000000000e+00 0.000000000000000000e+00
2.461488068600000000e+15 1.189871773999999972e+36 1.046000000000000063e+39 1.000000000000000000e+00 0.000000000000000000e+00
2.438011921700000000e+15 1.168743241700000038e+36 1.040999999999999928e+39 1.000000000000000000e+00 0.000000000000000000e+00
2.414648262300000000e+15 1.147715948300000065e+36 1.035999999999999944e+39 1.000000000000000000e+00 0.000000000000000000e+00
2.391397090400000000e+15 1.126789893600000010e+36 1.030999999999999960e+39 1.000000000000000000e+00 0.000000000000000000e+00
2.368258406000000000e+15 1.105965077600000022e+36 1.025999999999999977e+39 1.000000000000000000e+00 0.000000000000000000e+00
2.345232209200000000e+15 1.085241500499999994e+36 1.020999999999999993e+39 1.000000000000000000e+00 0.000000000000000000e+00
2.322318499800000000e+15 1.064619162100000032e+36 1.016000000000000009e+39 1.000000000000000000e+00 0.000000000000000000e+00
2.299517278100000000e+15 1.044098062499999936e+36 1.011000000000000025e+39 1.000000000000000000e+00 0.000000000000000000e+00
2.276828543800000000e+15 1.023678201600000054e+36 1.006000000000000041e+39 1.000000000000000000e+00 0.000000000000000000e+00
2.254252297100000000e+15 1.003359579599999985e+36 1.001000000000000057e+39 1.000000000000000000e+00 0.000000000000000000e+00
2.231788537900000000e+15 9.831421962999999823e+35 9.960000000000000735e+38 1.000000000000000000e+00 0.000000000000000000e+00
2.209437266200000000e+15 9.630260517899999390e+35 9.909999999999999386e+38 1.000000000000000000e+00 0.000000000000000000e+00
2.187198482000000000e+15 9.430111460599999492e+35 9.859999999999999548e+38 1.000000000000000000e+00 0.000000000000000000e+00
2.165072185400000000e+15 9.230974790999999591e+35 9.809999999999999709e+38 1.000000000000000000e+00 0.000000000000000000e+00
2.143058376300000000e+15 9.032850509099999687e+35 9.759999999999999871e+38 3.127659574499999984e+00 0.000000000000000000e+00
2.126979056400000000e+15 8.888905797799999262e+35 9.710000000000000033e+38 3.127659574499999984e+00 0.000000000000000000e+00
2.110981644600000000e+15 8.746529539899999690e+35 9.660000000000000194e+38 3.127659574499999984e+00 0.000000000000000000e+00
2.095065665500000000e+15 8.605712630900000411e+35 9.610000000000000356e+38 3.127659574499999984e+00 0.000000000000000000e+00
2.079230643800000000e+15 8.466445972200000112e+35 9.560000000000000518e+38 3.127659574499999984e+00 0.000000000000000000e+00
2.063476104900000000e+15 8.328720471299999279e+35 9.510000000000000679e+38 3.127659574499999984e+00 0.000000000000000000e+00
2.047801574100000000e+15 8.192527041900000727e+35 9.459999999999999330e+38 3.127659574499999984e+00 0.000000000000000000e+00
2.032206577400000000e+15 8.057856603699999681e+35 9.409999999999999492e+38 3.127659574499999984e+00 0.000000000000000000e+00
2.016690640700000000e+15 7.924700082399999999e+35 9.359999999999999653e+38 3.127659574499999984e+00 0.000000000000000000e+00
2.001253290600000000e+15 7.793048410100000097e+35 9.309999999999999815e+38 3.127659574499999984e+00 0.000000000000000000e+00
1.985894053800000000e+15 7.662892525000000186e+35 9.259999999999999977e+38 3.127659574499999984e+00 0.000000000000000000e+00
1.970612457500000000e+15 7.534223371300000261e+35 9.210000000000000138e+38 3.127659574499999984e+00 0.000000000000000000e+00
1.955408028900000000e+15 7.407031899800000373e+35 9.160000000000000300e+38 3.127659574499999984e+00 0.000000000000000000e+00
1.940280296000000000e+15 7.281309067199999819e+35 9.110000000000000462e+38 3.127659574499999984e+00 0.000000000000000000e+00
1.925228786800000000e+15 7.157045836700000368e+35 9.060000000000000623e+38 3.127659574499999984e+00 0.000000000000000000e+00
1.910253029600000000e+15 7.034233178000000356e+35 9.009999999999999274e+38 3.127659574499999984e+00 0.000000000000000000e+00
1.895352553200000000e+15 6.912862066700000316e+35 8.959999999999999436e+38 3.127659574499999984e+00 0.000000000000000000e+00
1.880526886700000000e+15 6.792923485299999499e+35 8.909999999999999597e+38 3.127659574499999984e+00 0.000000000000000000e+00
1.865775559600000000e+15 6.674408422299999890e+35 8.859999999999999759e+38 3.127659574499999984e+00 0.000000000000000000e+00
1.851098101400000000e+15 6.557307872899999644e+35 8.809999999999999921e+38 3.127659574499999984e+00 0.000000000000000000e+00
1.836494042400000000e+15 6.441612838800000121e+35 8.760000000000000082e+38 3.127659574499999984e+00 0.000000000000000000e+00
1.821962913000000000e+15 6.327314327999999652e+35 8.710000000000000244e+38 3.127659574499999984e+00 0.000000000000000000e+00
1.807504243800000000e+15 6.214403355200000112e+35 8.660000000000000406e+38 3.127659574499999984e+00 0.000000000000000000e+00
1.793117566100000000e+15 6.102870941800000284e+35 8.610000000000000567e+38 3.127659574499999984e+00 0.000000000000000000e+00
1.778802411300000000e+15 5.992708115600000143e+35 8.560000000000000729e+38 3.127659574499999984e+00 0.000000000000000000e+00
1.764558311200000000e+15 5.883905910999999722e+35 8.509999999999999380e+38 3.127659574499999984e+00 0.000000000000000000e+00
1.750384797900000000e+15 5.776455369399999786e+35 8.459999999999999541e+38 3.127659574499999984e+00 0.000000000000000000e+00
1.736281404000000000e+15 5.670347538699999881e+35 8.409999999999999703e+38 3.127659574499999984e+00 0.000000000000000000e+00
1.722247662200000000e+15 5.565573473599999946e+35 8.359999999999999865e+38 3.127659574499999984e+00 0.000000000000000000e+00
1.708283105900000000e+15 5.462124235499999777e+35 8.310000000000000026e+38 3.127659574499999984e+00 0.000000000000000000e+00
1.694387268600000000e+15 5.359990892700000102e+35 8.260000000000000188e+38 3.127659574499999984e+00 0.000000000000000000e+00
1.680559684100000000e+15 5.259164520299999829e+35 8.210000000000000350e+38 3.127659574499999984e+00 0.000000000000000000e+00
1.666799886900000000e+15 5.159636200499999872e+35 8.160000000000000511e+38 3.127659574499999984e+00 0.000000000000000000e+00
1.653107411500000000e+15 5.061397022200000263e+35 8.110000000000000673e+38 3.127659574499999984e+00 0.000000000000000000e+00
1.639481792900000000e+15 4.964438081300000291e+35 8.059999999999999324e+38 3.127659574499999984e+00 0.000000000000000000e+00
1.625922566500000000e+15 4.868750480799999775e+35 8.009999999999999485e+38 3.127659574499999984e+00 0.000000000000000000e+00
1.612429268100000000e+15 4.774325330600000202e+35 7.959999999999999647e+38 3.127659574499999984e+00 0.000000000000000000e+00
1.599001433800000000e+15 4.681153748000000040e+35 7.909999999999999809e+38 3.127659574499999984e+00 0.000000000000000000e+00
1.585638600000000000e+15 4.589226856900000024e+35 7.859999999999999970e+38 3.127659574499999984e+00 0.000000000000000000e+00
1.572340303700000000e+15 4.498535788900000219e+35 7.810000000000000132e+38 3.127659574499999984e+00 0.000000000000000000e+00
1.559106082000000000e+15 4.409071682400000346e+35 7.760000000000000294e+38 3.127659574499999984e+00 0.000000000000000000e+00
1.545935472600000000e+15 4.320825683299999857e+35 7.710000000000000455e+38 3.127659574499999984e+00 0.000000000000000000e+00
1.532828013500000000e+15 4.233788944499999669e+35 7.660000000000000617e+38 3.127659574499999984e+00 0.000000000000000000e+00
1.519783243000000000e+15 4.147952626600000030e+35 7.609999999999999268e+38 3.127659574499999984e+00 0.000000000000000000e+00
1.506800699900000000e+15 4.063307897300000243e+35 7.559999999999999429e+38 3.127659574499999984e+00 0.000000000000000000e+00
1.493879923400000000e+15 3.979845931599999740e+35 7.509999999999999591e+38 3.127659574499999984e+00 0.000000000000000000e+00
1.481020452900000000e+15 3.897557912300000033e+35 7.459999999999999753e+38 3.127659574499999984e+00 0.000000000000000000e+00
1.468221828500000000e+15 3.816435029499999813e+35 7.409999999999999914e+38 3.127659574499999984e+00 0.000000000000000000e+00
1.455483590400000000e+15 3.736468480699999912e+35 7.360000000000000076e+38 3.127659574499999984e+00 0.000000000000000000e+00
1.442805279300000000e+15 3.657649471200000293e+35 7.310000000000000238e+38 3.127659574499999984e+00 0.000000000000000000e+00
1.430186436500000000e+15 3.579969213799999907e+35 7.260000000000000399e+38 3.127659574499999984e+00 0.000000000000000000e+00
1.417626603300000000e+15 3.503418929099999788e+35 7.210000000000000561e+38 3.127659574499999984e+00 0.000000000000000000e+00
1.405125321700000000e+15 3.427989845199999959e+35 7.160000000000000723e+38 3.127659574499999984e+00 0.000000000000000000e+00
1.392682134000000000e+15 3.353673198100000110e+35 7.109999999999999373e+38 3.127659574499999984e+00 0.000000000000000000e+00
1.380296583000000000e+15 3.280460231699999963e+35 7.059999999999999535e+38 3.127659574499999984e+00 0.000000000000000000e+00
1.367968211700000000e+15 3.208342197600000046e+35 7.009999999999999697e+38 3.127659574499999984e+00 0.000000000000000000e+00
1.355696563900000000e+15 3.137310355299999816e+35 6.959999999999999858e+38 3.127659574499999984e+00 0.000000000000000000e+00
1.343481183300000000e+15 3.067355972399999836e+35 6.910000000000000020e+38 3.127659574499999984e+00 0.000000000000000000e+00
1.331321614500000000e+15 2.998470324399999968e+35 6.860000000000000182e+38 3.127659574499999984e+00 0.000000000000000000e+00
1.319217402100000000e+15 2.930644694799999908e+35 6.810000000000000343e+38 3.127659574499999984e+00 0.000000000000000000e+00
1.307168091600000000e+15 2.863870375400000060e+35 6.759999999999999750e+38 3.127659574499999984e+00 0.000000000000000000e+00
1.295173228400000000e+15 2.798138665999999925e+35 6.709999999999999911e+38 3.127659574499999984e+00 0.000000000000000000e+00
1.283232358800000000e+15 2.733440874599999912e+35 6.660000000000000073e+38 3.127659574499999984e+00 0.000000000000000000e+00
1.271345029100000000e+15 2.669768317500000031e+35 6.610000000000000235e+38 3.127659574499999984e+00 0.000000000000000000e+00
1.259510786400000000e+15 2.607112319400000067e+35 6.559999999999999641e+38 3.127659574499999984e+00 0.000000000000000000e+00
1.247729178100000000e+15 2.545464213300000139e+35 6.509999999999999802e+38 3.127659574499999984e+00 0.000000000000000000e+00
1.235999752000000000e+15 2.484815340699999939e+35 6.459999999999999964e+38 3.127659574499999984e+00 0.000000000000000000e+00
1.224322056300000000e+15 2.425157051300000069e+35 6.410000000000000126e+38 3.127659574499999984e+00 0.000000000000000000e+00
1.212695639800000000e+15 2.366480703800000066e+35 6.360000000000000288e+38 3.127659574499999984e+00 0.000000000000000000e+00
1.201120051700000000e+15 2.308777665200000177e+35 6.309999999999999694e+38 3.127659574499999984e+00 0.000000000000000000e+00
1.189594841600000000e+15 2.252039311199999818e+35 6.259999999999999855e+38 3.127659574499999984e+00 0.000000000000000000e+00
1.178119559500000000e+15 2.196257026200000156e+35 6.210000000000000017e+38 3.127659574499999984e+00 0.000000000000000000e+00
1.166693755900000000e+15 2.141422203500000021e+35 6.160000000000000179e+38 3.127659574499999984e+00 0.000000000000000000e+00
1.155316982000000000e+15 2.087526245200000164e+35 6.110000000000000340e+38 3.127659574499999984e+00 0.000000000000000000e+00
1.143988789100000000e+15 2.034560562199999933e+35 6.059999999999999746e+38 3.127659574499999984e+00 0.000000000000000000e+00
1.132708729200000000e+15 1.982516574399999830e+35 6.009999999999999908e+38 3.127659574499999984e+00 0.000000000000000000e+00
1.121476354700000000e+15 1.931385710899999999e+35 5.960000000000000070e+38 3.127659574499999984e+00 0.000000000000000000e+00
1.110291218400000000e+15 1.881159409700000090e+35 5.910000000000000232e+38 3.127659574499999984e+00 0.000000000000000000e+00
1.099152873700000000e+15 1.831829118099999933e+35 5.859999999999999638e+38 3.127659574499999984e+00 0.000000000000000000e+00
1.088060874500000000e+15 1.783386292400000143e+35 5.809999999999999799e+38 3.127659574499999984e+00 0.000000000000000000e+00
1.077014775000000000e+15 1.735822398599999972e+35 5.759999999999999961e+38 3.127659574499999984e+00 0.000000000000000000e+00
1.066014130100000000e+15 1.689128911699999826e+35 5.710000000000000123e+38 3.127659574499999984e+00 0.000000000000000000e+00
1.055058495200000000e+15 1.643297316300000058e+35 5.660000000000000284e+38 3.127659574499999984e+00 0.000000000000000000e+00
1.044147425900000000e+15 1.598319106500000063e+35 5.609999999999999690e+38 3.127659574499999984e+00 0.000000000000000000e+00
1.033280478600000000e+15 1.554185785999999924e+35 5.559999999999999852e+38 3.127659574499999984e+00 0.000000000000000000e+00
1.022457210100000000e+15 1.510888868200000023e+35 5.510000000000000014e+38 3.127659574499999984e+00 0.000000000000000000e+00
1.011677177700000000e+15 1.468419876099999954e+35 5.460000000000000176e+38 3.127659574499999984e+00 0.000000000000000000e+00
1.000939939300000000e+15 1.426770342599999949e+35 5.410000000000000337e+38 3.127659574499999984e+00 0.000000000000000000e+00
9.902450531900000000e+14 1.385931810599999942e+35 5.359999999999999743e+38 3.127659574499999984e+00 0.000000000000000000e+00
9.795920782400000000e+14 1.345895832699999983e+35 5.309999999999999905e+38 3.127659574499999984e+00 0.000000000000000000e+00
9.689805738400000000e+14 1.306653971899999941e+35 5.260000000000000067e+38 3.127659574499999984e+00 0.000000000000000000e+00
9.584100999100000000e+14 1.268197800999999975e+35 5.210000000000000228e+38 3.127659574499999984e+00 0.000000000000000000e+00
9.478802169200000000e+14 1.230518903200000061e+35 5.159999999999999634e+38 3.127659574499999984e+00 0.000000000000000000e+00
9.373904858500000000e+14 1.193608872000000015e+35 5.109999999999999796e+38 3.127659574499999984e+00 0.000000000000000000e+00
9.269404682400000000e+14 1.157459311400000010e+35 5.059999999999999958e+38 3.127659574499999984e+00 0.000000000000000000e+00
9.165297261700000000e+14 1.122061835500000090e+35 5.010000000000000120e+38 3.127659574499999984e+00 0.000000000000000000e+00
9.061578222700000000e+14 1.087408069500000006e+35 4.960000000000000281e+38 3.127659574499999984e+00 0.000000000000000000e+00
8.958243197500000000e+14 1.053489648799999918e+35 4.909999999999999687e+38 3.127659574499999984e+00 0.000000000000000000e+00
8.855287823400000000e+14 1.020298219800000078e+35 4.859999999999999849e+38 3.127659574499999984e+00 0.000000000000000000e+00
8.752707743800000000e+14 9.878254397200000896e+34 4.810000000000000011e+38 3.127659574499999984e+00 0.000000000000000000e+00
8.650498607600000000e+14 9.560629766999999937e+34 4.760000000000000172e+38 3.127659574499999984e+00 0.000000000000000000e+00
8.548656069400000000e+14 9.250025099300000111e+34 4.710000000000000334e+38 3.127659574499999984e+00 0.000000000000000000e+00
8.447175789800000000e+14 8.946357297799999116e+34 4.659999999999999740e+38 3.127659574499999984e+00 0.000000000000000000e+00
8.346053435100000000e+14 8.649543378400000418e+34 4.609999999999999902e+38 3.127659574499999984e+00 0.000000000000000000e+00
8.245284677700000000e+14 8.359500470699999165e+34 4.560000000000000064e+38 3.127659574499999984e+00 0.000000000000000000e+00
8.144865195900000000e+14 8.076145819200000085e+34 4.510000000000000225e+38 3.127659574499999984e+00 0.000000000000000000e+00
8.044790674100000000e+14 7.799396783899999675e+34 4.459999999999999631e+38 3.127659574499999984e+00 0.000000000000000000e+00
7.945056802600000000e+14 7.529170841799999799e+34 4.409999999999999793e+38 3.127659574499999984e+00 0.000000000000000000e+00
7.845659278300000000e+14 7.265385587699999629e+34 4.359999999999999955e+38 3.127659574499999984e+00 0.000000000000000000e+00
7.746575409200000000e+14 7.019649097700000031e+34 4.310000000000000116e+38 2.408450704199999848e+00 0.000000000000000000e+00
7.647785879000000000e+14 6.825118041700000328e+34 4.260000000000000278e+38 2.408450704199999848e+00 0.000000000000000000e+00
7.549247957200000000e+14 6.633776386999999618e+34 4.209999999999999684e+38 2.408450704199999848e+00 0.000000000000000000e+00
7.450960433200000000e+14 6.445608790200000035e+34 4.159999999999999846e+38 2.408450704199999848e+00 0.000000000000000000e+00
7.352922088100000000e+14 6.260599799200000162e+34 4.110000000000000008e+38 2.408450704199999848e+00 0.000000000000000000e+00
7.255131694300000000e+14 6.078733852000000201e+34 4.060000000000000169e+38 2.408450704199999848e+00 0.000000000000000000e+00
7.157588015200000000e+14 5.899995274000000005e+34 4.010000000000000331e+38 2.408450704199999848e+00 0.000000000000000000e+00
7.060289805100000000e+14 5.724368276000000321e+34 3.959999999999999737e+38 2.408450704199999848e+00 0.000000000000000000e+00
6.963235809400000000e+14 5.551836952099999614e+34 3.909999999999999899e+38 2.408450704199999848e+00 0.000000000000000000e+00
6.866424763700000000e+14 5.382385276899999682e+34 3.860000000000000060e+38 2.408450704199999848e+00 0.000000000000000000e+00
6.769855394200000000e+14 5.215997103399999718e+34 3.810000000000000222e+38 2.408450704199999848e+00 0.000000000000000000e+00
6.673526417400000000e+14 5.052656160299999870e+34 3.759999999999999628e+38 2.408450704199999848e+00 0.000000000000000000e+00
6.577436539600000000e+14 4.892346049800000124e+34 3.709999999999999790e+38 2.408450704199999848e+00 0.000000000000000000e+00
6.481584457000000000e+14 4.735050244099999932e+34 3.659999999999999952e+38 2.408450704199999848e+00 0.000000000000000000e+00
6.385968855200000000e+14 4.580752083599999975e+34 3.610000000000000113e+38 2.408450704199999848e+00 0.000000000000000000e+00
6.290588409400000000e+14 4.429434773099999635e+34 3.560000000000000275e+38 2.408450704199999848e+00 0.000000000000000000e+00
6.195441783700000000e+14 4.281081379399999955e+34 3.509999999999999681e+38 2.408450704199999848e+00 0.000000000000000000e+00
6.100527631100000000e+14 4.135674828000000108e+34 3.459999999999999843e+38 2.408450704199999848e+00 0.000000000000000000e+00
6.005844593200000000e+14 3.993197899900000121e+34 3.410000000000000004e+38 2.408450704199999848e+00 0.000000000000000000e+00
5.911391300000000000e+14 3.853633228300000104e+34 3.360000000000000166e+38 2.408450704199999848e+00 0.000000000000000000e+00
5.817166369500000000e+14 3.716963295000000092e+34 3.309999999999999950e+38 2.408450704199999848e+00 0.000000000000000000e+00
5.723168407500000000e+14 3.583170426900000132e+34 3.260000000000000112e+38 2.408450704199999848e+00 0.000000000000000000e+00
5.629396007200000000e+14 3.452236792400000127e+34 3.209999999999999896e+38 2.408450704199999848e+00 0.000000000000000000e+00
5.535847749200000000e+14 3.324144397199999942e+34 3.160000000000000057e+38 2.408450704199999848e+00 0.000000000000000000e+00
5.442522200700000000e+14 3.198875080399999849e+34 3.109999999999999841e+38 2.408450704199999848e+00 0.000000000000000000e+00
5.349417915500000000e+14 3.076410510499999770e+34 3.060000000000000003e+38 2.408450704199999848e+00 0.000000000000000000e+00
5.256533433700000000e+14 2.956732180499999880e+34 3.010000000000000165e+38 2.408450704199999848e+00 0.000000000000000000e+00
5.163867281100000000e+14 2.839821403899999858e+34 2.959999999999999948e+38 2.408450704199999848e+00 0.000000000000000000e+00
5.071417969000000000e+14 2.725659309500000079e+34 2.910000000000000110e+38 2.408450704199999848e+00 0.000000000000000000e+00
4.979183993700000000e+14 2.614226836699999969e+34 2.859999999999999894e+38 2.408450704199999848e+00 0.000000000000000000e+00
4.887163836200000000e+14 2.505504729900000001e+34 2.810000000000000056e+38 2.408450704199999848e+00 0.000000000000000000e+00
4.795355961600000000e+14 2.399473533500000183e+34 2.759999999999999840e+38 2.408450704199999848e+00 0.000000000000000000e+00
4.703758818900000000e+14 2.296113585999999890e+34 2.710000000000000001e+38 2.408450704199999848e+00 0.000000000000000000e+00
4.612370840200000000e+14 2.195405014000000206e+34 2.660000000000000163e+38 2.408450704199999848e+00 0.000000000000000000e+00
4.521190440600000000e+14 2.097327725800000140e+34 2.609999999999999947e+38 2.408450704199999848e+00 0.000000000000000000e+00
4.430216017400000000e+14 2.001861405399999892e+34 2.560000000000000109e+38 2.408450704199999848e+00 0.000000000000000000e+00
4.339445949500000000e+14 1.908985504799999905e+34 2.509999999999999892e+38 2.408450704199999848e+00 0.000000000000000000e+00
4.248878597000000000e+14 1.818679237400000031e+34 2.460000000000000054e+38 2.408450704199999848e+00 0.000000000000000000e+00
4.158590000000000000e+14 1.733290000000000018e+34 2.409999999999999838e+38 2.870999999999999996e+00 0.000000000000000000e+00
4.068000000000000000e+14 1.635210000000000041e+34 2.360000000000000000e+38 2.875999999999999890e+00 0.000000000000000000e+00
3.977650000000000000e+14 1.540739999999999906e+34 2.310000000000000161e+38 2.879999999999999893e+00 0.000000000000000000e+00
3.887540000000000000e+14 1.449819999999999964e+34 2.259999999999999945e+38 2.884999999999999787e+00 0.000000000000000000e+00
3.797650000000000000e+14 1.362400000000000008e+34 2.210000000000000107e+38 2.890000000000000124e+00 0.000000000000000000e+00
3.708000000000000000e+14 1.278419999999999928e+34 2.159999999999999891e+38 2.895000000000000018e+00 0.000000000000000000e+00
3.618570000000000000e+14 1.197820000000000073e+34 2.110000000000000053e+38 2.899999999999999911e+00 0.000000000000000000e+00
3.529360000000000000e+14 1.120529999999999969e+34 2.059999999999999837e+38 2.906000000000000139e+00 0.000000000000000000e+00
3.440370000000000000e+14 1.046500000000000101e+34 2.009999999999999998e+38 2.911000000000000032e+00 0.000000000000000000e+00
3.351590000000000000e+14 9.756710000000000262e+33 1.960000000000000160e+38 2.916999999999999815e+00 0.000000000000000000e+00
3.263030000000000000e+14 9.079700000000000360e+33 1.909999999999999944e+38 2.922000000000000153e+00 0.000000000000000000e+00
3.174690000000000000e+14 8.433390000000000472e+33 1.860000000000000105e+38 2.927999999999999936e+00 0.000000000000000000e+00
3.086540000000000000e+14 7.817119999999999842e+33 1.809999999999999889e+38 2.934000000000000163e+00 0.000000000000000000e+00
2.998610000000000000e+14 7.230240000000000158e+33 1.760000000000000051e+38 2.940999999999999837e+00 0.000000000000000000e+00
2.910870000000000000e+14 6.672089999999999512e+33 1.709999999999999835e+38 2.947000000000000064e+00 0.000000000000000000e+00
2.823340000000000000e+14 6.141970000000000075e+33 1.659999999999999997e+38 2.954000000000000181e+00 0.000000000000000000e+00
2.736010000000000000e+14 5.639170000000000425e+33 1.609999999999999969e+38 2.960999999999999854e+00 0.000000000000000000e+00
2.648870000000000000e+14 5.162979999999999716e+33 1.559999999999999942e+38 2.967999999999999972e+00 0.000000000000000000e+00
2.561940000000000000e+14 4.712610000000000068e+33 1.509999999999999915e+38 2.975000000000000089e+00 0.000000000000000000e+00
2.475200000000000000e+14 4.287209999999999917e+33 1.460000000000000077e+38 2.983000000000000096e+00 0.000000000000000000e+00
2.388680000000000000e+14 3.885789999999999862e+33 1.410000000000000049e+38 2.991000000000000103e+00 0.000000000000000000e+00
1.358770000000000000e+14 7.807890000000000090e+32 8.072479999999999999e+37 3.141000000000000014e+00 4.851359999999999630e+28
1.349300000000000000e+14 7.661950000000000221e+32 8.016559999999999615e+37 3.153000000000000025e+00 8.846399999999999600e+28
1.344560000000000000e+14 7.588609999999999663e+32 7.988600000000000368e+37 3.025999999999999801e+00 1.007309999999999974e+29
1.339830000000000000e+14 7.515370000000000442e+32 7.960640000000000176e+37 3.025999999999999801e+00 1.117380000000000006e+29
1.335090000000000000e+14 7.442349999999999839e+32 7.932679999999999984e+37 3.024999999999999911e+00 1.220489999999999928e+29
1.330360000000000000e+14 7.369579999999999696e+32 7.904719999999999792e+37 3.024999999999999911e+00 1.319149999999999950e+29
1.325620000000000000e+14 7.297110000000000682e+32 7.876759999999999600e+37 3.024000000000000021e+00 1.414719999999999916e+29
1.320890000000000000e+14 7.224960000000000182e+32 7.848800000000000353e+37 3.024000000000000021e+00 1.508000000000000063e+29
1.316150000000000000e+14 7.153149999999999904e+32 7.820840000000000161e+37 3.024000000000000021e+00 1.599520000000000071e+29
1.311420000000000000e+14 7.081689999999999981e+32 7.792879999999999969e+37 3.023000000000000131e+00 1.689610000000000176e+29
1.306690000000000000e+14 7.010590000000000549e+32 7.764919999999999777e+37 3.023000000000000131e+00 1.778539999999999881e+29
1.301950000000000000e+14 6.939860000000000298e+32 7.736959999999999585e+37 3.023000000000000131e+00 1.866490000000000146e+29
1.297220000000000000e+14 6.869519999999999498e+32 7.709000000000000338e+37 3.021999999999999797e+00 1.953589999999999828e+29
1.292490000000000000e+14 6.799559999999999454e+32 7.681040000000000146e+37 3.021999999999999797e+00 2.039949999999999825e+29
1.287760000000000000e+14 6.729990000000000301e+32 7.653079999999999954e+37 3.021999999999999797e+00 2.125639999999999846e+29
1.283020000000000000e+14 6.660819999999999291e+32 7.625119999999999762e+37 3.020999999999999908e+00 2.210729999999999952e+29
1.278290000000000000e+14 6.592049999999999304e+32 7.597159999999999570e+37 3.020999999999999908e+00 2.295270000000000136e+29
1.273560000000000000e+14 6.523690000000000476e+32 7.569200000000000323e+37 3.020999999999999908e+00 2.379299999999999828e+29
1.268830000000000000e+14 6.455739999999999924e+32 7.541240000000000131e+37 3.020000000000000018e+00 2.462850000000000010e+29
1.264100000000000000e+14 6.388199999999999809e+32 7.513279999999999939e+37 3.020000000000000018e+00 2.545940000000000046e+29
1.259370000000000000e+14 6.321070000000000132e+32 7.485319999999999747e+37 3.019000000000000128e+00 2.628590000000000003e+29
1.254640000000000000e+14 6.254360000000000306e+32 7.457359999999999555e+37 3.019000000000000128e+00 2.710810000000000092e+29
1.249910000000000000e+14 6.188060000000000197e+32 7.429400000000000308e+37 3.019000000000000128e+00 2.792629999999999884e+29
1.245180000000000000e+14 6.122190000000000072e+32 7.401440000000000116e+37 3.017999999999999794e+00 2.874039999999999876e+29
1.240450000000000000e+14 6.056729999999999664e+32 7.373479999999999924e+37 3.017999999999999794e+00 2.955060000000000133e+29
1.235720000000000000e+14 5.991699999999999961e+32 7.345519999999999732e+37 3.017999999999999794e+00 3.035689999999999953e+29
1.230990000000000000e+14 5.927100000000000243e+32 7.317559999999999541e+37 3.016999999999999904e+00 3.115930000000000039e+29
1.226260000000000000e+14 5.862910000000000241e+32 7.289600000000000293e+37 3.016999999999999904e+00 3.195789999999999897e+29
1.221530000000000000e+14 5.799150000000000224e+32 7.261640000000000101e+37 3.016000000000000014e+00 3.275259999999999670e+29
1.216800000000000000e+14 5.735820000000000191e+32 7.233679999999999909e+37 3.016000000000000014e+00 3.354349999999999918e+29
1.169540000000000000e+14 5.136679999999999732e+32 6.954079999999999880e+37 3.008999999999999897e+00 1.147359999999999931e+29
1.098690000000000000e+14 4.301590000000000070e+32 6.534679999999999835e+37 2.999000000000000110e+00 1.349569999999999954e+29
1.093960000000000000e+14 4.259859999999999874e+32 6.506719999999999643e+37 2.995999999999999996e+00 1.468150000000000052e+29
1.089240000000000000e+14 4.208169999999999821e+32 6.478760000000000396e+37 2.995000000000000107e+00 1.471189999999999940e+29
1.084520000000000000e+14 4.156880000000000072e+32 6.450800000000000204e+37 2.994000000000000217e+00 1.474090000000000059e+29
1.079800000000000000e+14 4.106000000000000041e+32 6.422840000000000012e+37 2.992999999999999883e+00 1.476840000000000023e+29
1.075080000000000000e+14 4.055529999999999726e+32 6.394879999999999820e+37 2.991999999999999993e+00 1.479450000000000042e+29
1.070360000000000000e+14 4.005459999999999715e+32 6.366919999999999628e+37 2.991000000000000103e+00 1.481919999999999940e+29
1.065640000000000000e+14 3.955800000000000142e+32 6.338960000000000381e+37 2.990000000000000213e+00 1.484240000000000035e+29
1.060920000000000000e+14 3.906550000000000286e+32 6.311000000000000189e+37 2.988999999999999879e+00 1.486430000000000043e+29
1.056200000000000000e+14 3.857689999999999879e+32 6.283039999999999997e+37 2.987999999999999989e+00 1.488479999999999930e+29
1.051480000000000000e+14 3.809239999999999910e+32 6.255079999999999805e+37 2.987000000000000099e+00 1.490390000000000048e+29
1.046760000000000000e+14 3.761199999999999658e+32 6.227119999999999613e+37 2.984999999999999876e+00 1.492160000000000045e+29
1.042050000000000000e+14 3.713550000000000297e+32 6.199160000000000366e+37 2.983999999999999986e+00 1.493809999999999988e+29
1.037330000000000000e+14 3.666299999999999798e+32 6.171200000000000174e+37 2.983000000000000096e+00 1.495309999999999952e+29
1.032610000000000000e+14 3.619450000000000324e+32 6.143239999999999982e+37 2.982000000000000206e+00 1.496690000000000039e+29
1.027890000000000000e+14 3.572999999999999713e+32 6.115279999999999790e+37 2.980999999999999872e+00 1.497930000000000005e+29
1.023170000000000000e+14 3.526939999999999992e+32 6.087319999999999599e+37 2.979000000000000092e+00 1.499049999999999917e+29
1.018460000000000000e+14 3.481279999999999855e+32 6.059360000000000351e+37 2.978000000000000203e+00 1.500039999999999919e+29
1.013740000000000000e+14 3.436020000000000022e+32 6.031400000000000159e+37 2.976999999999999869e+00 1.500900000000000008e+29
1.009020000000000000e+14 3.391140000000000225e+32 6.003439999999999967e+37 2.975000000000000089e+00 1.501630000000000011e+29
1.004300000000000000e+14 3.346660000000000011e+32 5.975479999999999776e+37 2.974000000000000199e+00 1.502239999999999960e+29
9.995880000000000000e+13 3.302569999999999968e+32 5.947519999999999584e+37 2.971999999999999975e+00 1.502730000000000032e+29
9.948710000000000000e+13 3.261649999999999793e+32 5.919560000000000336e+37 2.970000000000000195e+00 1.796000000000000093e+29
9.901550000000000000e+13 3.218379999999999904e+32 5.891600000000000144e+37 2.968999999999999861e+00 1.789969999999999958e+29
9.854390000000000000e+13 3.175490000000000052e+32 5.863639999999999953e+37 2.967000000000000082e+00 1.783829999999999980e+29
9.807240000000000000e+13 3.132990000000000009e+32 5.835679999999999761e+37 2.966000000000000192e+00 1.777590000000000015e+29
9.760080000000000000e+13 3.090870000000000004e+32 5.807719999999999569e+37 2.963999999999999968e+00 1.771250000000000064e+29
9.712930000000000000e+13 3.049140000000000168e+32 5.779760000000000321e+37 2.962000000000000188e+00 1.764810000000000128e+29
9.665780000000000000e+13 3.007779999999999875e+32 5.751800000000000130e+37 2.960999999999999854e+00 1.758280000000000064e+29
9.618630000000000000e+13 2.966799999999999978e+32 5.723839999999999938e+37 2.959000000000000075e+00 1.751650000000000013e+29
9.571490000000000000e+13 2.926200000000000118e+32 5.695879999999999746e+37 2.956999999999999851e+00 1.744940000000000045e+29
9.524340000000000000e+13 2.885979999999999935e+32 5.667919999999999554e+37 2.955000000000000071e+00 1.738130000000000090e+29
9.477200000000000000e+13 2.846140000000000148e+32 5.639960000000000307e+37 2.952999999999999847e+00 1.731239999999999865e+29
9.430060000000000000e+13 2.806660000000000130e+32 5.612000000000000115e+37 2.951999999999999957e+00 1.724270000000000074e+29
9.382930000000000000e+13 2.767560000000000149e+32 5.584039999999999923e+37 2.950000000000000178e+00 1.717220000000000012e+29
9.335790000000000000e+13 2.728830000000000070e+32 5.556079999999999731e+37 2.947999999999999954e+00 1.710080000000000175e+29
9.288660000000000000e+13 2.690469999999999894e+32 5.528119999999999539e+37 2.944999999999999840e+00 1.702880000000000134e+29
9.241530000000000000e+13 2.652479999999999982e+32 5.500160000000000292e+37 2.943000000000000060e+00 1.695589999999999966e+29
9.194400000000000000e+13 2.614859999999999972e+32 5.472200000000000100e+37 2.940999999999999837e+00 1.688239999999999947e+29
9.147270000000000000e+13 2.577600000000000091e+32 5.444239999999999908e+37 2.939000000000000057e+00 1.680810000000000009e+29
9.100150000000000000e+13 2.540710000000000114e+32 5.416279999999999716e+37 2.936999999999999833e+00 1.673319999999999869e+29
9.053030000000000000e+13 2.504179999999999905e+32 5.388320000000000469e+37 2.934000000000000163e+00 1.665769999999999878e+29
9.005910000000000000e+13 2.468009999999999826e+32 5.360360000000000277e+37 2.931999999999999940e+00 1.658149999999999827e+29
8.958790000000000000e+13 2.432199999999999876e+32 5.332400000000000085e+37 2.930000000000000160e+00 1.650469999999999924e+29
8.911680000000000000e+13 2.396750000000000056e+32 5.304439999999999893e+37 2.927000000000000046e+00 1.642730000000000171e+29
8.864560000000000000e+13 2.361660000000000004e+32 5.276479999999999701e+37 2.924999999999999822e+00 1.634940000000000073e+29
8.817450000000000000e+13 2.326919999999999949e+32 5.248520000000000454e+37 2.922000000000000153e+00 1.627090000000000125e+29
8.770340000000000000e+13 2.292540000000000022e+32 5.220560000000000262e+37 2.919000000000000039e+00 1.619189999999999831e+29
8.723230000000000000e+13 2.258510000000000092e+32 5.192600000000000070e+37 2.916999999999999815e+00 1.611250000000000106e+29
8.676130000000000000e+13 2.224830000000000157e+32 5.164639999999999878e+37 2.914000000000000146e+00 1.603249999999999827e+29
8.629030000000000000e+13 2.191499999999999857e+32 5.136679999999999686e+37 2.911000000000000032e+00 1.595210000000000116e+29
8.581920000000000000e+13 2.158519999999999914e+32 5.108720000000000439e+37 2.907999999999999918e+00 1.587129999999999918e+29
8.534830000000000000e+13 2.125879999999999832e+32 5.080760000000000247e+37 2.904999999999999805e+00 1.579009999999999937e+29
8.487730000000000000e+13 2.093599999999999880e+32 5.052800000000000055e+37 2.902000000000000135e+00 1.570849999999999997e+29
8.440630000000000000e+13 2.061650000000000017e+32 5.024839999999999863e+37 2.899000000000000021e+00 1.562659999999999956e+29
8.393540000000000000e+13 2.030050000000000149e+32 4.996879999999999671e+37 2.895999999999999908e+00 1.554429999999999955e+29
8.346450000000000000e+13 1.998790000000000143e+32 4.968920000000000424e+37 2.892999999999999794e+00 1.546170000000000029e+29
8.299360000000000000e+13 1.967869999999999999e+32 4.940960000000000232e+37 2.888999999999999790e+00 1.537880000000000002e+29
8.252270000000000000e+13 1.937279999999999944e+32 4.913000000000000040e+37 2.886000000000000121e+00 1.529560000000000049e+29
8.205190000000000000e+13 1.907039999999999884e+32 4.885039999999999848e+37 2.882000000000000117e+00 1.521209999999999995e+29
8.158100000000000000e+13 1.877120000000000139e+32 4.857079999999999657e+37 2.879000000000000004e+00 1.512850000000000083e+29
8.111020000000000000e+13 1.847539999999999897e+32 4.829120000000000409e+37 2.875000000000000000e+00 1.504460000000000069e+29
8.063940000000000000e+13 1.818299999999999876e+32 4.801160000000000217e+37 2.871999999999999886e+00 1.496049999999999989e+29
8.016860000000000000e+13 1.789380000000000171e+32 4.773200000000000025e+37 2.867999999999999883e+00 1.487630000000000050e+29
7.969790000000000000e+13 1.760789999999999834e+32 4.745239999999999834e+37 2.863999999999999879e+00 1.479190000000000044e+29
7.922710000000000000e+13 1.732529999999999945e+32 4.717279999999999642e+37 2.859999999999999876e+00 1.470740000000000004e+29
7.875640000000000000e+13 1.704590000000000011e+32 4.689320000000000394e+37 2.855999999999999872e+00 1.462279999999999930e+29
7.828570000000000000e+13 1.676970000000000033e+32 4.661360000000000202e+37 2.851999999999999869e+00 1.453799999999999965e+29
7.781500000000000000e+13 1.649680000000000143e+32 4.633400000000000011e+37 2.846999999999999975e+00 1.445319999999999999e+29
7.734440000000000000e+13 1.622709999999999847e+32 4.605439999999999819e+37 2.842999999999999972e+00 1.436840000000000034e+29
7.687370000000000000e+13 1.596060000000000047e+32 4.577479999999999627e+37 2.838000000000000078e+00 1.428350000000000034e+29
7.640310000000000000e+13 1.569720000000000068e+32 4.549520000000000379e+37 2.834000000000000075e+00 1.419860000000000035e+29
7.593250000000000000e+13 1.543700000000000044e+32 4.521560000000000188e+37 2.829000000000000181e+00 1.411370000000000036e+29
7.546190000000000000e+13 1.517999999999999974e+32 4.493599999999999996e+37 2.823999999999999844e+00 1.402880000000000037e+29
7.499130000000000000e+13 1.492599999999999953e+32 4.465639999999999804e+37 2.819999999999999840e+00 1.394390000000000038e+29
7.452070000000000000e+13 1.467520000000000066e+32 4.437679999999999612e+37 2.814999999999999947e+00 1.385919999999999930e+29
7.405020000000000000e+13 1.442750000000000001e+32 4.409720000000000365e+37 2.810000000000000053e+00 1.377439999999999965e+29
7.357970000000000000e+13 1.418279999999999984e+32 4.381760000000000173e+37 2.803999999999999826e+00 1.368980000000000067e+29
7.310920000000000000e+13 1.394119999999999967e+32 4.353799999999999981e+37 2.798999999999999932e+00 1.360530000000000027e+29
7.263870000000000000e+13 1.370259999999999999e+32 4.325839999999999789e+37 2.793000000000000149e+00 1.352090000000000021e+29
7.216820000000000000e+13 1.346710000000000032e+32 4.297879999999999597e+37 2.787999999999999812e+00 1.343670000000000082e+29
7.169770000000000000e+13 1.323449999999999979e+32 4.269920000000000350e+37 2.782000000000000028e+00 1.335260000000000001e+29
7.122730000000000000e+13 1.300499999999999927e+32 4.241960000000000158e+37 2.775999999999999801e+00 1.326859999999999954e+29
7.075690000000000000e+13 1.277839999999999970e+32 4.213999999999999966e+37 2.770000000000000018e+00 1.318490000000000008e+29
7.028650000000000000e+13 1.255480000000000060e+32 4.186039999999999774e+37 2.763999999999999790e+00 1.310139999999999954e+29
6.981610000000000000e+13 1.233410000000000064e+32 4.158080000000000054e+37 2.758000000000000007e+00 1.301799999999999934e+29
6.934570000000000000e+13 1.211629999999999983e+32 4.130119999999999863e+37 2.751999999999999780e+00 1.293500000000000049e+29
6.887540000000000000e+13 1.190139999999999995e+32 4.102160000000000143e+37 2.745000000000000107e+00 1.285210000000000021e+29
6.840500000000000000e+13 1.168939999999999922e+32 4.074199999999999951e+37 2.737999999999999989e+00 1.276959999999999953e+29
6.793470000000000000e+13 1.148029999999999943e+32 4.046240000000000231e+37 2.732000000000000206e+00 1.268729999999999952e+29
6.746440000000000000e+13 1.127410000000000058e+32 4.018280000000000040e+37 2.725000000000000089e+00 1.260530000000000053e+29
6.699410000000000000e+13 1.107060000000000000e+32 3.990319999999999848e+37 2.717999999999999972e+00 1.252350000000000045e+29
6.652380000000000000e+13 1.087000000000000037e+32 3.962360000000000128e+37 2.709999999999999964e+00 1.244220000000000031e+29
6.605360000000000000e+13 1.067220000000000033e+32 3.934399999999999936e+37 2.702999999999999847e+00 1.236110000000000083e+29
6.558330000000000000e+13 1.047710000000000037e+32 3.906440000000000217e+37 2.694999999999999840e+00 1.228039999999999919e+29
6.511310000000000000e+13 1.028480000000000001e+32 3.878480000000000025e+37 2.686999999999999833e+00 1.220000000000000033e+29
6.464290000000000000e+13 1.009529999999999926e+32 3.850519999999999833e+37 2.680000000000000160e+00 1.211999999999999929e+29
6.417270000000000000e+13 9.908430000000000162e+31 3.822560000000000113e+37 2.670999999999999819e+00 1.204039999999999961e+29
6.370250000000000000e+13 9.724300000000000229e+31 3.794599999999999921e+37 2.662999999999999812e+00 1.196109999999999918e+29
6.323230000000000000e+13 9.542860000000000591e+31 3.766640000000000202e+37 2.654999999999999805e+00 1.188230000000000044e+29
6.276220000000000000e+13 9.364089999999999902e+31 3.738680000000000010e+37 2.645999999999999908e+00 1.180379999999999919e+29
6.229200000000000000e+13 9.187960000000000642e+31 3.710719999999999818e+37 2.637000000000000011e+00 1.172579999999999963e+29
6.182190000000000000e+13 9.014469999999999208e+31 3.682760000000000098e+37 2.628000000000000114e+00 1.164819999999999967e+29
6.135180000000000000e+13 8.843580000000000110e+31 3.654799999999999906e+37 2.619000000000000217e+00 1.157109999999999963e+29
6.088170000000000000e+13 8.675289999999999745e+31 3.626840000000000187e+37 2.608999999999999986e+00 1.149439999999999919e+29
6.041160000000000000e+13 8.509570000000000593e+31 3.598879999999999995e+37 2.600000000000000089e+00 1.141810000000000010e+29
5.994150000000000000e+13 8.346399999999999506e+31 3.570919999999999803e+37 2.589999999999999858e+00 1.134229999999999917e+29
5.947150000000000000e+13 8.185760000000000538e+31 3.542960000000000083e+37 2.580000000000000071e+00 1.126699999999999994e+29
5.900150000000000000e+13 8.027640000000000315e+31 3.514999999999999892e+37 2.569999999999999840e+00 1.119220000000000063e+29
5.853140000000000000e+13 7.872010000000000416e+31 3.487040000000000172e+37 2.559000000000000163e+00 1.111779999999999916e+29
5.806140000000000000e+13 7.718860000000000168e+31 3.459079999999999980e+37 2.548999999999999932e+00 1.104399999999999971e+29
5.759140000000000000e+13 7.568160000000000250e+31 3.431119999999999788e+37 2.537999999999999812e+00 1.097059999999999986e+29
5.712140000000000000e+13 7.419899999999999987e+31 3.403160000000000069e+37 2.527000000000000135e+00 1.089780000000000027e+29
5.665150000000000000e+13 7.274059999999999834e+31 3.375199999999999877e+37 2.515000000000000124e+00 1.082550000000000062e+29
5.618150000000000000e+13 7.130599999999999795e+31 3.347240000000000157e+37 2.504000000000000004e+00 1.075369999999999913e+29
5.571160000000000000e+13 6.989519999999999872e+31 3.319279999999999965e+37 2.491999999999999993e+00 1.068239999999999933e+29
5.524160000000000000e+13 6.850799999999999615e+31 3.291319999999999773e+37 2.479999999999999982e+00 1.061169999999999980e+29
5.477170000000000000e+13 6.714409999999999706e+31 3.263360000000000054e+37 2.467999999999999972e+00 1.054150000000000020e+29
5.430180000000000000e+13 6.580329999999999696e+31 3.235399999999999862e+37 2.455000000000000071e+00 1.047180000000000053e+29
5.383190000000000000e+13 6.448540000000000039e+31 3.207440000000000142e+37 2.442000000000000171e+00 1.040269999999999936e+29
5.336210000000000000e+13 6.319020000000000286e+31 3.179479999999999950e+37 2.430000000000000160e+00 1.033409999999999989e+29
5.289220000000000000e+13 6.191749999999999992e+31 3.151520000000000231e+37 2.415999999999999925e+00 1.026610000000000068e+29
5.242230000000000000e+13 6.066709999999999608e+31 3.123560000000000039e+37 2.403000000000000025e+00 1.019869999999999998e+29
5.195250000000000000e+13 5.943879999999999588e+31 3.095599999999999847e+37 2.388999999999999790e+00 1.013179999999999921e+29
5.148270000000000000e+13 5.823229999999999711e+31 3.067640000000000127e+37 2.375000000000000000e+00 1.006550000000000046e+29
5.101280000000000000e+13 5.704750000000000204e+31 3.039679999999999935e+37 2.361000000000000210e+00 9.999729999999999463e+28
5.054300000000000000e+13 5.588409999999999944e+31 3.011720000000000216e+37 2.346999999999999975e+00 9.934560000000000489e+28
5.007330000000000000e+13 5.474190000000000286e+31 2.983760000000000024e+37 2.331999999999999851e+00 9.869950000000000592e+28
4.960350000000000000e+13 5.362060000000000109e+31 2.955799999999999832e+37 2.317000000000000171e+00 9.805919999999999487e+28
4.913370000000000000e+13 5.252009999999999638e+31 2.927840000000000112e+37 2.302000000000000046e+00 9.742470000000000693e+28
4.866390000000000000e+13 5.144020000000000228e+31 2.899879999999999921e+37 2.286000000000000032e+00 9.679590000000000833e+28
4.819420000000000000e+13 5.038050000000000082e+31 2.871920000000000201e+37 2.270999999999999908e+00 9.617299999999999623e+28
4.772450000000000000e+13 4.934090000000000329e+31 2.843960000000000009e+37 2.254999999999999893e+00 9.555580000000000867e+28
4.725470000000000000e+13 4.832119999999999620e+31 2.815999999999999817e+37 2.238999999999999879e+00 9.494439999999999143e+28
4.678500000000000000e+13 4.732110000000000435e+31 2.788040000000000098e+37 2.221999999999999975e+00 9.433879999999999731e+28
4.631530000000000000e+13 4.634039999999999627e+31 2.760079999999999906e+37 2.205999999999999961e+00 9.373900000000000869e+28
4.584560000000000000e+13 4.537879999999999674e+31 2.732120000000000186e+37 2.189000000000000057e+00 9.314500000000000800e+28
4.537600000000000000e+13 4.443619999999999904e+31 2.704159999999999994e+37 2.172000000000000153e+00 9.255669999999999666e+28
4.490630000000000000e+13 4.351220000000000323e+31 2.676199999999999802e+37 2.153999999999999915e+00 9.197420000000000842e+28
4.443660000000000000e+13 4.260670000000000255e+31 2.648240000000000083e+37 2.137000000000000011e+00 9.139739999999999194e+28
4.396700000000000000e+13 4.171940000000000381e+31 2.620279999999999891e+37 2.119000000000000217e+00 9.082639999999999856e+28
4.349730000000000000e+13 4.084999999999999579e+31 2.592320000000000171e+37 2.100999999999999979e+00 9.026099999999999595e+28
4.302770000000000000e+13 3.999839999999999877e+31 2.564359999999999979e+37 2.083000000000000185e+00 8.970139999999999886e+28
4.255810000000000000e+13 3.916419999999999930e+31 2.536399999999999787e+37 2.064999999999999947e+00 8.914729999999999395e+28
4.208850000000000000e+13 3.834729999999999964e+31 2.508440000000000068e+37 2.045999999999999819e+00 8.859889999999999598e+28
4.161890000000000000e+13 3.754729999999999985e+31 2.480479999999999876e+37 2.028000000000000025e+00 8.805600000000000779e+28
4.114930000000000000e+13 3.676410000000000219e+31 2.452520000000000156e+37 2.008999999999999897e+00 8.751869999999999277e+28
4.067970000000000000e+13 3.599739999999999996e+31 2.424559999999999964e+37 1.989999999999999991e+00 8.698690000000000513e+28
4.021020000000000000e+13 3.524689999999999994e+31 2.396599999999999773e+37 1.971000000000000085e+00 8.646049999999999350e+28
3.974060000000000000e+13 3.451240000000000217e+31 2.368640000000000053e+37 1.951000000000000068e+00 8.593949999999999307e+28
3.927110000000000000e+13 3.379350000000000221e+31 2.340679999999999861e+37 1.931999999999999940e+00 8.542380000000000527e+28
3.880150000000000000e+13 3.309020000000000004e+31 2.312720000000000141e+37 1.911999999999999922e+00 8.491339999999999490e+28
3.833200000000000000e+13 3.240199999999999800e+31 2.284759999999999950e+37 1.893000000000000016e+00 8.440819999999999858e+28
3.786250000000000000e+13 3.172870000000000061e+31 2.256800000000000230e+37 1.872999999999999998e+00 8.390810000000000013e+28
3.739300000000000000e+13 3.107020000000000113e+31 2.228840000000000038e+37 1.852999999999999980e+00 8.341309999999999956e+28
3.692350000000000000e+13 3.042600000000000189e+31 2.200879999999999846e+37 1.834000000000000075e+00 8.292309999999999828e+28
3.645400000000000000e+13 2.979589999999999841e+31 2.172920000000000127e+37 1.814000000000000057e+00 8.243799999999999772e+28
3.598450000000000000e+13 2.917980000000000197e+31 2.144959999999999935e+37 1.794000000000000039e+00 8.195769999999999929e+28
3.551500000000000000e+13 2.857720000000000136e+31 2.116999999999999979e+37 1.774000000000000021e+00 8.148210000000000443e+28
3.504560000000000000e+13 2.798790000000000114e+31 2.089040000000000023e+37 1.754999999999999893e+00 8.101109999999999695e+28
3.457610000000000000e+13 2.741170000000000132e+31 2.061080000000000067e+37 1.735000000000000098e+00 8.054469999999999445e+28
3.410670000000000000e+13 2.684820000000000196e+31 2.033120000000000112e+37 1.715000000000000080e+00 8.008269999999999978e+28
3.363720000000000000e+13 2.629730000000000082e+31 2.005159999999999920e+37 1.695999999999999952e+00 7.962499999999999676e+28
3.316780000000000000e+13 2.575850000000000023e+31 1.977199999999999964e+37 1.675999999999999934e+00 7.917139999999999704e+28
3.269840000000000000e+13 2.523169999999999795e+31 1.949240000000000008e+37 1.657000000000000028e+00 7.872190000000000060e+28
3.222890000000000000e+13 2.471649999999999853e+31 1.921280000000000053e+37 1.637999999999999901e+00 7.827640000000000009e+28
3.175950000000000000e+13 2.421259999999999977e+31 1.893320000000000097e+37 1.618999999999999995e+00 7.783450000000000117e+28
3.129010000000000000e+13 2.371980000000000170e+31 1.865359999999999905e+37 1.600999999999999979e+00 7.739630000000000244e+28
3.082080000000000000e+13 2.323780000000000211e+31 1.837399999999999949e+37 1.582000000000000073e+00 7.696159999999999794e+28
3.035140000000000000e+13 2.276620000000000105e+31 1.809439999999999993e+37 1.564000000000000057e+00 7.653019999999999930e+28
2.988200000000000000e+13 2.230490000000000079e+31 1.781480000000000038e+37 1.546000000000000041e+00 7.610180000000000201e+28
2.941260000000000000e+13 2.185339999999999915e+31 1.753520000000000082e+37 1.528999999999999915e+00 7.567639999999999725e+28
2.894330000000000000e+13 2.141150000000000066e+31 1.725559999999999890e+37 1.512000000000000011e+00 7.525369999999999809e+28
2.847390000000000000e+13 2.097889999999999861e+31 1.697599999999999934e+37 1.495000000000000107e+00 7.483359999999999716e+28
2.800460000000000000e+13 2.055529999999999979e+31 1.669639999999999979e+37 1.477999999999999980e+00 7.441570000000000014e+28
2.753520000000000000e+13 2.014039999999999974e+31 1.641680000000000023e+37 1.461999999999999966e+00 7.399989999999999966e+28
2.706590000000000000e+13 1.973390000000000076e+31 1.613720000000000067e+37 1.447000000000000064e+00 7.358599999999999855e+28
2.659660000000000000e+13 1.933540000000000066e+31 1.585760000000000111e+37 1.431999999999999940e+00 7.317360000000000252e+28
2.612730000000000000e+13 1.894469999999999945e+31 1.557799999999999919e+37 1.417000000000000037e+00 7.276249999999999680e+28
2.565800000000000000e+13 1.856149999999999944e+31 1.529839999999999964e+37 1.403000000000000025e+00 7.235250000000000183e+28
2.518870000000000000e+13 1.818540000000000068e+31 1.501880000000000008e+37 1.389999999999999902e+00 7.194309999999999834e+28
2.471940000000000000e+13 1.781610000000000095e+31 1.473920000000000052e+37 1.377000000000000002e+00 7.153419999999999653e+28
2.425010000000000000e+13 1.745330000000000032e+31 1.445960000000000096e+37 1.364999999999999991e+00 7.112540000000000210e+28
2.378090000000000000e+13 1.709680000000000104e+31 1.417999999999999905e+37 1.352999999999999980e+00 7.071619999999999576e+28
2.331160000000000000e+13 1.674610000000000095e+31 1.390039999999999949e+37 1.342000000000000082e+00 7.030639999999999795e+28
2.284230000000000000e+13 1.640100000000000007e+31 1.362079999999999993e+37 1.332000000000000073e+00 6.989539999999999960e+28
2.237310000000000000e+13 1.606110000000000071e+31 1.334120000000000037e+37 1.322000000000000064e+00 6.948300000000000357e+28
2.190380000000000000e+13 1.572620000000000064e+31 1.306160000000000082e+37 1.312999999999999945e+00 6.906869999999999936e+28
2.143460000000000000e+13 1.539589999999999993e+31 1.278199999999999890e+37 1.304999999999999938e+00 6.865190000000000429e+28
2.096540000000000000e+13 1.506980000000000087e+31 1.250239999999999934e+37 1.296999999999999931e+00 6.823229999999999625e+28
2.049620000000000000e+13 1.474769999999999900e+31 1.222279999999999978e+37 1.290999999999999925e+00 6.780910000000000420e+28
2.002690000000000000e+13 1.442930000000000111e+31 1.194320000000000022e+37 1.284999999999999920e+00 6.738189999999999864e+28
1.955770000000000000e+13 1.411410000000000052e+31 1.166360000000000067e+37 1.278999999999999915e+00 6.695009999999999690e+28
1.908860000000000000e+13 1.380199999999999949e+31 1.138400000000000111e+37 1.274999999999999911e+00 6.651300000000000012e+28
1.861940000000000000e+13 1.349260000000000033e+31 1.110439999999999919e+37 1.270999999999999908e+00 6.606999999999999925e+28
1.815020000000000000e+13 1.318550000000000084e+31 1.082479999999999963e+37 1.268999999999999906e+00 6.562019999999999829e+28
1.768100000000000000e+13 1.288050000000000106e+31 1.054520000000000008e+37 1.266999999999999904e+00 6.516299999999999696e+28
1.721190000000000000e+13 1.257720000000000104e+31 1.026560000000000052e+37 1.264999999999999902e+00 6.469740000000000068e+28
1.674270000000000000e+13 1.227530000000000083e+31 9.985999999999999780e+36 1.264999999999999902e+00 6.422270000000000182e+28
1.627360000000000000e+13 1.197450000000000046e+31 9.706400000000000223e+36 1.264999999999999902e+00 6.373779999999999841e+28
1.580440000000000000e+13 1.167449999999999997e+31 9.426799999999999485e+36 1.266999999999999904e+00 6.324169999999999588e+28
1.533530000000000000e+13 1.137499999999999942e+31 9.147199999999999927e+36 1.268999999999999906e+00 6.273330000000000107e+28
1.486620000000000000e+13 1.107570000000000109e+31 8.867600000000000370e+36 1.272000000000000020e+00 6.221160000000000180e+28
1.439710000000000000e+13 1.077630000000000052e+31 8.587999999999999632e+36 1.274999999999999911e+00 6.167510000000000180e+28
1.392800000000000000e+13 1.047659999999999999e+31 8.308400000000000074e+36 1.280000000000000027e+00 6.112250000000000195e+28
1.345890000000000000e+13 1.017609999999999958e+31 8.028800000000000517e+36 1.284999999999999920e+00 6.055250000000000316e+28
1.298990000000000000e+13 9.874800000000000400e+30 7.749199999999999779e+36 1.292000000000000037e+00 5.996340000000000319e+28
1.252080000000000000e+13 9.572260000000000274e+30 7.469600000000000221e+36 1.298999999999999932e+00 5.935340000000000124e+28
1.205180000000000000e+13 9.268300000000000348e+30 7.189999999999999483e+36 1.306000000000000050e+00 5.872080000000000388e+28
1.158270000000000000e+13 8.962659999999999533e+30 6.910399999999999926e+36 1.314999999999999947e+00 5.806360000000000436e+28
1.111370000000000000e+13 8.655140000000000109e+30 6.630800000000000368e+36 1.324000000000000066e+00 5.737950000000000019e+28
1.064470000000000000e+13 8.345529999999999853e+30 6.351199999999999630e+36 1.334000000000000075e+00 5.666619999999999767e+28
1.017570000000000000e+13 8.033639999999999919e+30 6.071600000000000072e+36 1.344999999999999973e+00 5.592109999999999859e+28
9.706760000000000000e+12 7.719310000000000330e+30 5.792000000000000515e+36 1.356999999999999984e+00 5.514130000000000017e+28
9.237800000000000000e+12 7.402399999999999978e+30 5.512399999999999777e+36 1.368999999999999995e+00 5.432360000000000393e+28
8.768860000000000000e+12 7.082820000000000002e+30 5.232800000000000219e+36 1.381999999999999895e+00 5.346459999999999663e+28
8.299940000000000000e+12 6.760470000000000417e+30 4.953200000000000071e+36 1.395000000000000018e+00 5.256039999999999851e+28
7.831040000000000000e+12 6.435320000000000101e+30 4.673599999999999924e+36 1.409000000000000030e+00 5.160650000000000318e+28
7.362160000000000000e+12 6.107380000000000178e+30 4.393999999999999776e+36 1.423999999999999932e+00 5.059819999999999828e+28
6.893310000000000000e+12 5.776699999999999516e+30 4.114400000000000218e+36 1.439000000000000057e+00 4.952990000000000183e+28
6.424470000000000000e+12 5.443390000000000351e+30 3.834800000000000071e+36 1.453999999999999959e+00 4.839510000000000070e+28
5.955670000000000000e+12 5.107610000000000408e+30 3.555199999999999923e+36 1.469999999999999973e+00 4.718650000000000187e+28
5.486890000000000000e+12 4.769630000000000212e+30 3.275599999999999775e+36 1.485000000000000098e+00 4.589539999999999709e+28
5.018140000000000000e+12 4.429770000000000281e+30 2.996000000000000217e+36 1.500000000000000000e+00 4.451140000000000223e+28
4.549430000000000000e+12 4.088459999999999992e+30 2.716400000000000070e+36 1.514000000000000012e+00 4.302200000000000148e+28
4.080750000000000000e+12 3.746259999999999828e+30 2.436799999999999922e+36 1.528000000000000025e+00 4.141149999999999810e+28
3.612120000000000000e+12 3.403830000000000259e+30 2.157200000000000069e+36 1.538999999999999924e+00 3.965950000000000060e+28
3.143530000000000000e+12 3.061940000000000052e+30 1.877599999999999921e+36 1.546999999999999931e+00 3.773900000000000135e+28
2.675000000000000000e+12 2.721450000000000210e+30 1.598000000000000069e+36 1.548999999999999932e+00 3.561149999999999786e+28
2.206530000000000000e+12 2.383070000000000070e+30 1.318400000000000068e+36 1.544000000000000039e+00 3.321780000000000042e+28
4.299000000000000000e+11 7.805000000000000069e+29 2.572000000000000181e+35 1.330000000000000071e+00 1.506450000000000062e+28
4.188000000000000000e+11 7.537999999999999717e+29 2.505999999999999897e+35 1.330000000000000071e+00 1.455129999999999927e+28
3.325000000000000000e+11 5.815999999999999745e+29 1.990000000000000163e+35 1.330000000000000071e+00 1.165809999999999924e+28
2.640000000000000000e+11 4.472999999999999815e+29 1.581000000000000083e+35 1.330000000000000071e+00 9.297799999999999813e+27
2.096000000000000000e+11 3.289999999999999843e+29 1.256000000000000028e+35 1.330000000000000071e+00 6.841069999999999801e+27
1.844000000000000000e+11 2.892000000000000018e+29 1.105000000000000000e+35 1.330000000000000071e+00 6.221810000000000396e+27
1.664000000000000000e+11 2.597000000000000095e+29 9.975999999999999784e+34 1.330000000000000071e+00 3.996079999999999920e+27
1.322000000000000000e+11 2.033000000000000102e+29 7.923999999999999875e+34 1.330000000000000071e+00 3.293160000000000158e+27
1.049000000000000000e+11 1.494999999999999961e+29 6.294000000000000085e+34 1.330000000000000071e+00 2.422460000000000012e+27
8.332000000000000000e+10 1.100000000000000064e+29 4.999999999999999843e+34 1.330000000000000071e+00 1.782300000000000002e+27
6.617000000000000000e+10 8.088999999999999432e+28 3.971999999999999897e+34 1.330000000000000071e+00 1.311289999999999924e+27
5.254000000000000000e+10 5.949000000000000344e+28 3.155000000000000010e+34 1.330000000000000071e+00 9.646129999999999985e+26
4.172000000000000000e+10 4.628000000000000126e+28 2.505999999999999897e+34 1.330000000000000071e+00 7.875200000000000595e+26
3.313000000000000000e+10 3.403999999999999866e+28 1.989999999999999932e+34 1.330000000000000071e+00 5.791050000000000196e+26
2.631000000000000000e+10 2.502999999999999803e+28 1.580999999999999991e+34 1.330000000000000071e+00 4.261170000000000143e+26
2.090000000000000000e+10 1.938000000000000082e+28 1.255999999999999936e+34 1.330000000000000071e+00 3.451690000000000088e+26
1.659000000000000000e+10 1.425000000000000067e+28 9.976000000000000246e+33 1.330000000000000071e+00 2.538950000000000110e+26
1.318000000000000000e+10 1.048000000000000007e+28 7.924000000000000337e+33 1.330000000000000071e+00 1.867689999999999969e+26
1.046000000000000000e+10 7.701999999999999683e+27 6.294000000000000085e+33 1.330000000000000071e+00 1.373879999999999975e+26
8.312000000000000000e+09 5.662000000000000348e+27 4.999999999999999728e+33 1.330000000000000071e+00 1.010819999999999921e+26
6.601000000000000000e+09 4.362000000000000029e+27 3.972000000000000127e+33 1.330000000000000071e+00 8.130089999999999436e+25
4.164000000000000000e+09 2.356000000000000079e+27 2.505999999999999955e+33 1.330000000000000071e+00 4.399369999999999874e+25
2.626000000000000000e+09 1.272000000000000034e+27 1.580999999999999991e+33 1.330000000000000071e+00 2.380450000000000180e+25
1.657000000000000000e+09 6.859999999999999767e+26 9.975999999999999957e+32 1.330000000000000071e+00 1.288319999999999913e+25
1.316000000000000000e+09 5.036000000000000296e+26 7.924000000000000337e+32 1.330000000000000071e+00 9.477099999999999527e+24
1.045000000000000000e+09 4.128999999999999924e+26 6.293999999999999941e+32 1.330000000000000071e+00 6.794269999999999770e+24
8.301000000000000000e+08 3.039000000000000162e+26 4.999999999999999728e+32 1.330000000000000071e+00 4.998809999999999830e+24
5.237000000000000000e+08 1.628999999999999891e+26 3.154999999999999923e+32 1.330000000000000071e+00 2.705450000000000161e+24
3.304000000000000000e+08 8.737999999999999925e+25 1.990000000000000076e+32 1.330000000000000071e+00 1.463449999999999964e+24
2.624000000000000000e+08 6.675999999999999817e+25 1.580999999999999919e+32 1.330000000000000071e+00 1.123400000000000065e+24
1.315000000000000000e+08 2.603999999999999941e+25 7.923999999999999616e+31 1.330000000000000071e+00 4.472499999999999827e+23
6.589000000000000000e+07 1.006000000000000014e+25 3.972000000000000199e+31 1.330000000000000071e+00 1.780890000000000165e+23
3.302000000000000000e+07 3.832999999999999839e+24 1.989999999999999986e+31 1.330000000000000071e+00 7.086450000000000092e+22
1.655000000000000000e+07 1.435000000000000086e+24 9.975999999999999642e+30 1.330000000000000071e+00 2.822060000000000131e+22
8.293000000000000000e+06 5.250000000000000315e+23 4.999999999999999818e+30 1.330000000000000071e+00 1.123529999999999934e+22
6.588000000000000000e+06 3.910999999999999759e+23 3.972000000000000087e+30 1.330000000000000071e+00 8.163429999999999541e+21
2.622000000000000000e+06 9.754999999999999214e+22 1.581000000000000009e+30 1.330000000000000071e+00 2.390210000000000197e+21
1.044000000000000000e+06 2.318000000000000105e+22 6.293999999999999902e+29 1.330000000000000071e+00 6.999960000000000000e+20
4.156000000000000000e+05 5.265999999999999476e+21 2.505999999999999907e+29 1.330000000000000071e+00 2.050380000000000000e+20
1.654000000000000000e+05 1.151000000000000000e+21 9.976000000000000768e+28 1.330000000000000071e+00 6.004390000000000000e+19
6.587000000000000000e+04 2.431000000000000000e+20 3.972000000000000263e+28 1.330000000000000071e+00 1.758760000000000000e+19
2.622000000000000000e+04 4.968000000000000000e+19 1.581000000000000061e+28 1.330000000000000071e+00 5.149550000000000000e+18
1.044000000000000000e+04 9.744000000000000000e+18 6.294999999999999717e+27 1.330000000000000071e+00 1.508420000000000000e+18
