9.940284604000000000e+15 8.026403919800000131e+36 1.998710000000000068e+39 1.000000000000000000e+00 0.000000000000000000e+00
9.890613309900000000e+15 7.981699755099999724e+36 1.993709999999999933e+39 1.000000000000000000e+00 0.000000000000000000e+00
9.841066429800000000e+15 7.937107562999999639e+36 1.988710000000000100e+39 1.000000000000000000e+00 0.000000000000000000e+00
9.791643963600000000e+15 7.892627343499999877e+36 1.983709999999999965e+39 1.000000000000000000e+00 0.000000000000000000e+00
9.742345911500000000e+15 7.848259096499999605e+36 1.978710000000000132e+39 1.000000000000000000e+00 0.000000000000000000e+00
9.693172273400000000e+15 7.804002822200000487e+36 1.973709999999999997e+39 1.000000000000000000e+00 0.000000000000000000e+00
9.644123049300000000e+15 7.759858520500000512e+36 1.968709999999999862e+39 1.000000000000000000e+00 0.000000000000000000e+00
9.595198239100000000e+15 7.715826191399999678e+36 1.963710000000000030e+39 1.000000000000000000e+00 0.000000000000000000e+00
9.546397843000000000e+15 7.671905834900000348e+36 1.958709999999999895e+39 1.000000000000000000e+00 0.000000000000000000e+00
9.497721860900000000e+15 7.628097451000000159e+36 1.953710000000000062e+39 1.000000000000000000e+00 0.000000000000000000e+00
9.449170292700000000e+15 7.584401039599999460e+36 1.948709999999999927e+39 1.000000000000000000e+00 0.000000000000000000e+00
9.400743138600000000e+15 7.540816600899999916e+36 1.943710000000000094e+39 1.000000000000000000e+00 0.000000000000000000e+00
9.352440398500000000e+15 7.497344134799999515e+36 1.938709999999999959e+39 1.000000000000000000e+00 0.000000000000000000e+00
9.304262072400000000e+15 7.453983641299999435e+36 1.933710000000000127e+39 1.000000000000000000e+00 0.000000000000000000e+00
9.256208160200000000e+15 7.410735120399999678e+36 1.928709999999999992e+39 1.000000000000000000e+00 0.000000000000000000e+00
9.208278662100000000e+15 7.367598572100000244e+36 1.923709999999999857e+39 1.000000000000000000e+00 0.000000000000000000e+00
9.160473578000000000e+15 7.324573996300000299e+36 1.918710000000000024e+39 1.000000000000000000e+00 0.000000000000000000e+00
9.112792907800000000e+15 7.281661393200000329e+36 1.913709999999999889e+39 1.000000000000000000e+00 0.000000000000000000e+00
9.065236651700000000e+15 7.238860762699999500e+36 1.908710000000000056e+39 1.000000000000000000e+00 0.000000000000000000e+00
9.017804809600000000e+15 7.196172104800000175e+36 1.903709999999999922e+39 1.000000000000000000e+00 0.000000000000000000e+00
8.970497381400000000e+15 7.153595419499999991e+36 1.898710000000000089e+39 1.000000000000000000e+00 0.000000000000000000e+00
8.923314367300000000e+15 7.111130706800000130e+36 1.893709999999999954e+39 1.000000000000000000e+00 0.000000000000000000e+00
8.876255767200000000e+15 7.068777966599999759e+36 1.888710000000000121e+39 1.000000000000000000e+00 0.000000000000000000e+00
8.829321581000000000e+15 7.026537199100000543e+36 1.883709999999999986e+39 1.000000000000000000e+00 0.000000000000000000e+00
8.782511808900000000e+15 6.984408404200000469e+36 1.878709999999999851e+39 1.000000000000000000e+00 0.000000000000000000e+00
8.735826450800000000e+15 6.942391581899999537e+36 1.873710000000000019e+39 1.000000000000000000e+00 0.000000000000000000e+00
8.689265506600000000e+15 6.900486732200000107e+36 1.868709999999999884e+39 1.000000000000000000e+00 0.000000000000000000e+00
8.642828976500000000e+15 6.858693855000000168e+36 1.863710000000000051e+39 1.000000000000000000e+00 0.000000000000000000e+00
8.596516860400000000e+15 6.817012950500000203e+36 1.858709999999999916e+39 1.000000000000000000e+00 0.000000000000000000e+00
8.550329158200000000e+15 6.775444018600000560e+36 1.853710000000000083e+39 1.000000000000000000e+00 0.000000000000000000e+00
8.504265870100000000e+15 6.733987059300000060e+36 1.848709999999999948e+39 1.000000000000000000e+00 0.000000000000000000e+00
8.458326996000000000e+15 6.692642072599999881e+36 1.843710000000000116e+39 1.000000000000000000e+00 0.000000000000000000e+00
8.412512535900000000e+15 6.651409058400000373e+36 1.838709999999999981e+39 1.000000000000000000e+00 0.000000000000000000e+00
8.366822489700000000e+15 6.610288016899999660e+36 1.833710000000000148e+39 1.000000000000000000e+00 0.000000000000000000e+00
8.321256857600000000e+15 6.569278948000000449e+36 1.828710000000000013e+39 1.000000000000000000e+00 0.000000000000000000e+00
8.275815639400000000e+15 6.528381851700000380e+36 1.823709999999999878e+39 1.000000000000000000e+00 0.000000000000000000e+00
8.230498835300000000e+15 6.487596727999999453e+36 1.818710000000000045e+39 1.000000000000000000e+00 0.000000000000000000e+00
8.185306445200000000e+15 6.446923576800000376e+36 1.813709999999999910e+39 1.000000000000000000e+00 0.000000000000000000e+00
8.140238469000000000e+15 6.406362398300000094e+36 1.808710000000000078e+39 1.000000000000000000e+00 0.000000000000000000e+00
8.095294906900000000e+15 6.365913192400000134e+36 1.803709999999999943e+39 1.000000000000000000e+00 0.000000000000000000e+00
8.050475758800000000e+15 6.325575959100000497e+36 1.798710000000000110e+39 1.000000000000000000e+00 0.000000000000000000e+00
8.005781024600000000e+15 6.285350698400000002e+36 1.793709999999999975e+39 1.000000000000000000e+00 0.000000000000000000e+00
7.961210704500000000e+15 6.245237410200000177e+36 1.788710000000000142e+39 1.000000000000000000e+00 0.000000000000000000e+00
7.916764798400000000e+15 6.205236094700000326e+36 1.783710000000000007e+39 1.000000000000000000e+00 0.000000000000000000e+00
7.872443306200000000e+15 6.165346751799999617e+36 1.778709999999999872e+39 1.000000000000000000e+00 0.000000000000000000e+00
7.828246228100000000e+15 6.125569381500000412e+36 1.773710000000000040e+39 1.000000000000000000e+00 0.000000000000000000e+00
7.784173564000000000e+15 6.085903983800000348e+36 1.768709999999999905e+39 1.000000000000000000e+00 0.000000000000000000e+00
7.740225313800000000e+15 6.046350558599999774e+36 1.763710000000000072e+39 1.000000000000000000e+00 0.000000000000000000e+00
7.696401477700000000e+15 6.006909106100000355e+36 1.758709999999999937e+39 1.000000000000000000e+00 0.000000000000000000e+00
7.652702055600000000e+15 5.967579626200000078e+36 1.753710000000000104e+39 1.000000000000000000e+00 0.000000000000000000e+00
7.609127047400000000e+15 5.928362118900000124e+36 1.748709999999999969e+39 1.000000000000000000e+00 0.000000000000000000e+00
7.565676453300000000e+15 5.889256584099999659e+36 1.743710000000000137e+39 1.000000000000000000e+00 0.000000000000000000e+00
7.522350273200000000e+15 5.850263022000000349e+36 1.738710000000000002e+39 1.000000000000000000e+00 0.000000000000000000e+00
7.479148507000000000e+15 5.811381432500000182e+36 1.733709999999999867e+39 1.000000000000000000e+00 0.000000000000000000e+00
7.436071154900000000e+15 5.772611815600000336e+36 1.728710000000000034e+39 1.000000000000000000e+00 0.000000000000000000e+00
7.393118216700000000e+15 5.733954171299999633e+36 1.723709999999999899e+39 1.000000000000000000e+00 0.000000000000000000e+00
7.350289692600000000e+15 5.695408499499999600e+36 1.718710000000000066e+39 1.000000000000000000e+00 0.000000000000000000e+00
7.307585582500000000e+15 5.656974800399999541e+36 1.713709999999999931e+39 1.000000000000000000e+00 0.000000000000000000e+00
7.265005886300000000e+15 5.618653073899999805e+36 1.708710000000000099e+39 1.000000000000000000e+00 0.000000000000000000e+00
7.222550604200000000e+15 5.580443320000000391e+36 1.703709999999999964e+39 1.000000000000000000e+00 0.000000000000000000e+00
7.180219736100000000e+15 5.542345538600000468e+36 1.698710000000000131e+39 1.000000000000000000e+00 0.000000000000000000e+00
7.138013281900000000e+15 5.504359729900000518e+36 1.693709999999999996e+39 1.000000000000000000e+00 0.000000000000000000e+00
7.095931241800000000e+15 5.466485893799999711e+36 1.688709999999999861e+39 1.000000000000000000e+00 0.000000000000000000e+00
7.053973615700000000e+15 5.428724030300000406e+36 1.683710000000000028e+39 1.000000000000000000e+00 0.000000000000000000e+00
7.012140403500000000e+15 5.391074139299999411e+36 1.678709999999999894e+39 1.000000000000000000e+00 0.000000000000000000e+00
6.970431605400000000e+15 5.353536220999999571e+36 1.673710000000000061e+39 1.000000000000000000e+00 0.000000000000000000e+00
6.928847221200000000e+15 5.316110275300000054e+36 1.668709999999999926e+39 1.000000000000000000e+00 0.000000000000000000e+00
6.887387251100000000e+15 5.278796302200000268e+36 1.663710000000000093e+39 1.000000000000000000e+00 0.000000000000000000e+00
6.846051695000000000e+15 5.241594301599999972e+36 1.658709999999999958e+39 1.000000000000000000e+00 0.000000000000000000e+00
6.804840552800000000e+15 5.204504273700000242e+36 1.653710000000000125e+39 1.000000000000000000e+00 0.000000000000000000e+00
6.763753824700000000e+15 5.167526218400000243e+36 1.648709999999999991e+39 1.000000000000000000e+00 0.000000000000000000e+00
6.722791510500000000e+15 5.130660135699999976e+36 1.643709999999999856e+39 1.000000000000000000e+00 0.000000000000000000e+00
6.681953610400000000e+15 5.093906025499999790e+36 1.638710000000000023e+39 1.000000000000000000e+00 0.000000000000000000e+00
6.641240124300000000e+15 5.057263888000000168e+36 1.633709999999999888e+39 1.000000000000000000e+00 0.000000000000000000e+00
6.600651052100000000e+15 5.020733723100000279e+36 1.628710000000000055e+39 1.000000000000000000e+00 0.000000000000000000e+00
6.560186394000000000e+15 4.984315530800000121e+36 1.623709999999999920e+39 1.000000000000000000e+00 0.000000000000000000e+00
6.519846149800000000e+15 4.948009311000000044e+36 1.618710000000000088e+39 1.000000000000000000e+00 0.000000000000000000e+00
6.479630319700000000e+15 4.911815063899999942e+36 1.613709999999999953e+39 1.000000000000000000e+00 0.000000000000000000e+00
6.439538903600000000e+15 4.875732789400000161e+36 1.608710000000000120e+39 1.000000000000000000e+00 0.000000000000000000e+00
6.399571901400000000e+15 4.839762487500000113e+36 1.603709999999999985e+39 1.000000000000000000e+00 0.000000000000000000e+00
6.359729313300000000e+15 4.803904158100000145e+36 1.598709999999999850e+39 1.000000000000000000e+00 0.000000000000000000e+00
6.320011139100000000e+15 4.768157801400000152e+36 1.593710000000000017e+39 1.000000000000000000e+00 0.000000000000000000e+00
6.280417379000000000e+15 4.732523417299999890e+36 1.588709999999999882e+39 1.000000000000000000e+00 0.000000000000000000e+00
6.240948032900000000e+15 4.697001005799999952e+36 1.583710000000000050e+39 1.000000000000000000e+00 0.000000000000000000e+00
6.201603100700000000e+15 4.661590566800000093e+36 1.578709999999999915e+39 1.000000000000000000e+00 0.000000000000000000e+00
6.162382582600000000e+15 4.626292100500000209e+36 1.573710000000000082e+39 1.000000000000000000e+00 0.000000000000000000e+00
6.123286478400000000e+15 4.591105606800000057e+36 1.568709999999999947e+39 1.000000000000000000e+00 0.000000000000000000e+00
6.084314788300000000e+15 4.556031085599999985e+36 1.563710000000000114e+39 1.000000000000000000e+00 0.000000000000000000e+00
6.045467512200000000e+15 4.521068537099999887e+36 1.558709999999999979e+39 1.000000000000000000e+00 0.000000000000000000e+00
6.006744650000000000e+15 4.486217961200000112e+36 1.553710000000000147e+39 1.000000000000000000e+00 0.000000000000000000e+00
5.968146201900000000e+15 4.451479357900000069e+36 1.548710000000000012e+39 1.000000000000000000e+00 0.000000000000000000e+00
5.929672167700000000e+15 4.416852727100000106e+36 1.543709999999999877e+39 1.000000000000000000e+00 0.000000000000000000e+00
5.891322547600000000e+15 4.382338069000000118e+36 1.538710000000000044e+39 1.000000000000000000e+00 0.000000000000000000e+00
5.853097341400000000e+15 4.347935383499999862e+36 1.533709999999999909e+39 1.000000000000000000e+00 0.000000000000000000e+00
5.814996549300000000e+15 4.313644670599999929e+36 1.528710000000000076e+39 1.000000000000000000e+00 0.000000000000000000e+00
5.777020171200000000e+15 4.279465930200000075e+36 1.523709999999999941e+39 1.000000000000000000e+00 0.000000000000000000e+00
5.739168207000000000e+15 4.245399162500000196e+36 1.518710000000000109e+39 1.000000000000000000e+00 0.000000000000000000e+00
5.701440656900000000e+15 4.211444367400000049e+36 1.513709999999999974e+39 1.000000000000000000e+00 0.000000000000000000e+00
5.663837520700000000e+15 4.177601544799999982e+36 1.508710000000000141e+39 1.000000000000000000e+00 0.000000000000000000e+00
5.626358798600000000e+15 4.143870694899999890e+36 1.503710000000000006e+39 1.000000000000000000e+00 0.000000000000000000e+00
5.589004490400000000e+15 4.110251817600000120e+36 1.498709999999999871e+39 1.000000000000000000e+00 0.000000000000000000e+00
5.551774596300000000e+15 4.076744912900000083e+36 1.493710000000000038e+39 1.000000000000000000e+00 0.000000000000000000e+00
5.514669116200000000e+15 4.043349980700000125e+36 1.488709999999999903e+39 1.000000000000000000e+00 0.000000000000000000e+00
5.477688050000000000e+15 4.010067021200000142e+36 1.483710000000000071e+39 1.000000000000000000e+00 0.000000000000000000e+00
5.440831397900000000e+15 3.976896034299999891e+36 1.478709999999999936e+39 1.000000000000000000e+00 0.000000000000000000e+00
5.404099159700000000e+15 3.943837019899999721e+36 1.473710000000000103e+39 1.000000000000000000e+00 0.000000000000000000e+00
5.367491335600000000e+15 3.910889978200000115e+36 1.468709999999999968e+39 1.000000000000000000e+00 0.000000000000000000e+00
5.331007925400000000e+15 3.878054909100000241e+36 1.463710000000000135e+39 1.000000000000000000e+00 0.000000000000000000e+00
5.294648929300000000e+15 3.845331812499999857e+36 1.458710000000000000e+39 1.000000000000000000e+00 0.000000000000000000e+00
5.258414347200000000e+15 3.812720688600000038e+36 1.453709999999999866e+39 1.000000000000000000e+00 0.000000000000000000e+00
5.222304179000000000e+15 3.780221537299999951e+36 1.448710000000000033e+39 1.000000000000000000e+00 0.000000000000000000e+00
5.186318424900000000e+15 3.747834358600000186e+36 1.443709999999999898e+39 1.000000000000000000e+00 0.000000000000000000e+00
5.150457084700000000e+15 3.715559152399999911e+36 1.438710000000000065e+39 1.000000000000000000e+00 0.000000000000000000e+00
5.114720158600000000e+15 3.683395918900000201e+36 1.433709999999999930e+39 1.000000000000000000e+00 0.000000000000000000e+00
5.079107646400000000e+15 3.651344658000000224e+36 1.428710000000000097e+39 1.000000000000000000e+00 0.000000000000000000e+00
5.043619548300000000e+15 3.619405369599999736e+36 1.423709999999999963e+39 1.000000000000000000e+00 0.000000000000000000e+00
5.008255864100000000e+15 3.587578053899999812e+36 1.418710000000000130e+39 1.000000000000000000e+00 0.000000000000000000e+00
4.973016594000000000e+15 3.555862710800000212e+36 1.413709999999999995e+39 1.000000000000000000e+00 0.000000000000000000e+00
4.937901737800000000e+15 3.524259340200000101e+36 1.408709999999999860e+39 1.000000000000000000e+00 0.000000000000000000e+00
4.902911295700000000e+15 3.492767942299999964e+36 1.403710000000000027e+39 1.000000000000000000e+00 0.000000000000000000e+00
4.868045267600000000e+15 3.461388517000000151e+36 1.398709999999999892e+39 1.000000000000000000e+00 0.000000000000000000e+00
4.833303653400000000e+15 3.430121064199999826e+36 1.393710000000000060e+39 1.000000000000000000e+00 0.000000000000000000e+00
4.798686453300000000e+15 3.398965584100000067e+36 1.388709999999999925e+39 1.000000000000000000e+00 0.000000000000000000e+00
4.764193667100000000e+15 3.367922076600000040e+36 1.383710000000000092e+39 1.000000000000000000e+00 0.000000000000000000e+00
4.729825295000000000e+15 3.336990541600000093e+36 1.378709999999999957e+39 1.000000000000000000e+00 0.000000000000000000e+00
4.695581336800000000e+15 3.306170979300000120e+36 1.373710000000000124e+39 1.000000000000000000e+00 0.000000000000000000e+00
4.661461792700000000e+15 3.275463389599999880e+36 1.368709999999999989e+39 1.000000000000000000e+00 0.000000000000000000e+00
4.627466662500000000e+15 3.244867772499999962e+36 1.363709999999999854e+39 1.000000000000000000e+00 0.000000000000000000e+00
4.593595946400000000e+15 3.214384127900000124e+36 1.358710000000000022e+39 1.000000000000000000e+00 0.000000000000000000e+00
4.559849644200000000e+15 3.184012456000000261e+36 1.353710000000000038e+39 1.000000000000000000e+00 0.000000000000000000e+00
4.526227756100000000e+15 3.153752756700000130e+36 1.348710000000000054e+39 1.000000000000000000e+00 0.000000000000000000e+00
4.492730281900000000e+15 3.123605029900000078e+36 1.343710000000000070e+39 1.000000000000000000e+00 0.000000000000000000e+00
4.459357221800000000e+15 3.093569275800000002e+36 1.338709999999999935e+39 1.000000000000000000e+00 0.000000000000000000e+00
4.426108575600000000e+15 3.063645494300000248e+36 1.333709999999999951e+39 1.000000000000000000e+00 0.000000000000000000e+00
4.392984343500000000e+15 3.033833685299999984e+36 1.328709999999999968e+39 1.000000000000000000e+00 0.000000000000000000e+00
4.359984525300000000e+15 3.004133849000000284e+36 1.323709999999999984e+39 1.000000000000000000e+00 0.000000000000000000e+00
4.327109121200000000e+15 2.974545985299999726e+36 1.318710000000000000e+39 1.000000000000000000e+00 0.000000000000000000e+00
4.294358131000000000e+15 2.945070094099999839e+36 1.313710000000000016e+39 1.000000000000000000e+00 0.000000000000000000e+00
4.261731554900000000e+15 2.915706175599999926e+36 1.308710000000000032e+39 1.000000000000000000e+00 0.000000000000000000e+00
4.229229392700000000e+15 2.886454229699999746e+36 1.303710000000000048e+39 1.000000000000000000e+00 0.000000000000000000e+00
4.196851644600000000e+15 2.857314256300000236e+36 1.298710000000000065e+39 1.000000000000000000e+00 0.000000000000000000e+00
4.164598310400000000e+15 2.828286255600000110e+36 1.293709999999999930e+39 1.000000000000000000e+00 0.000000000000000000e+00
4.132469390300000000e+15 2.799370227400000064e+36 1.288709999999999946e+39 1.000000000000000000e+00 0.000000000000000000e+00
4.100464884100000000e+15 2.770566171899999993e+36 1.283709999999999962e+39 1.000000000000000000e+00 0.000000000000000000e+00
4.068584792000000000e+15 2.741874089000000244e+36 1.278709999999999978e+39 1.000000000000000000e+00 0.000000000000000000e+00
4.036829113800000000e+15 2.713293978599999985e+36 1.273709999999999994e+39 1.000000000000000000e+00 0.000000000000000000e+00
4.005197849700000000e+15 2.684825840900000290e+36 1.268710000000000010e+39 1.000000000000000000e+00 0.000000000000000000e+00
3.973690999500000000e+15 2.656469675800000033e+36 1.263710000000000027e+39 1.000000000000000000e+00 0.000000000000000000e+00
3.942308563400000000e+15 2.628225483199999856e+36 1.258710000000000043e+39 1.000000000000000000e+00 0.000000000000000000e+00
3.911050541200000000e+15 2.600093263299999949e+36 1.253710000000000059e+39 1.000000000000000000e+00 0.000000000000000000e+00
3.879916933100000000e+15 2.572073016000000068e+36 1.248710000000000075e+39 1.000000000000000000e+00 0.000000000000000000e+00
3.848907738900000000e+15 2.544164741199999973e+36 1.243709999999999940e+39 1.000000000000000000e+00 0.000000000000000000e+00
3.818022958800000000e+15 2.516368439099999852e+36 1.238709999999999956e+39 1.000000000000000000e+00 0.000000000000000000e+00
3.787262592600000000e+15 2.488684109600000054e+36 1.233709999999999972e+39 1.000000000000000000e+00 0.000000000000000000e+00
3.756626640500000000e+15 2.461111752600000041e+36 1.228709999999999989e+39 1.000000000000000000e+00 0.000000000000000000e+00
3.726115102300000000e+15 2.433651368300000002e+36 1.223710000000000005e+39 1.000000000000000000e+00 0.000000000000000000e+00
3.695727978200000000e+15 2.406302956500000043e+36 1.218710000000000021e+39 1.000000000000000000e+00 0.000000000000000000e+00
3.665465268000000000e+15 2.379066517400000059e+36 1.213710000000000037e+39 1.000000000000000000e+00 0.000000000000000000e+00
3.635326971900000000e+15 2.351942050900000102e+36 1.208710000000000053e+39 1.000000000000000000e+00 0.000000000000000000e+00
3.605313089700000000e+15 2.324929556899999930e+36 1.203710000000000069e+39 1.000000000000000000e+00 0.000000000000000000e+00
3.575423621600000000e+15 2.298029035600000028e+36 1.198709999999999935e+39 1.000000000000000000e+00 0.000000000000000000e+00
3.545658567400000000e+15 2.271240486899999858e+36 1.193709999999999951e+39 1.000000000000000000e+00 0.000000000000000000e+00
3.516017927300000000e+15 2.244563910700000063e+36 1.188709999999999967e+39 1.000000000000000000e+00 0.000000000000000000e+00
3.486501701100000000e+15 2.217999307199999948e+36 1.183709999999999983e+39 1.000000000000000000e+00 0.000000000000000000e+00
3.457109889000000000e+15 2.191546676299999860e+36 1.178709999999999999e+39 1.000000000000000000e+00 0.000000000000000000e+00
3.427842490800000000e+15 2.165206017900000147e+36 1.173710000000000015e+39 1.000000000000000000e+00 0.000000000000000000e+00
3.398699506700000000e+15 2.138977332200000113e+36 1.168710000000000032e+39 1.000000000000000000e+00 0.000000000000000000e+00
3.369680936500000000e+15 2.112860618999999864e+36 1.163710000000000048e+39 1.000000000000000000e+00 0.000000000000000000e+00
3.340786780400000000e+15 2.086855878499999885e+36 1.158710000000000064e+39 1.000000000000000000e+00 0.000000000000000000e+00
3.312017038200000000e+15 2.060963110599999934e+36 1.153709999999999929e+39 1.000000000000000000e+00 0.000000000000000000e+00
3.283371710100000000e+15 2.035182315200000062e+36 1.148709999999999945e+39 1.000000000000000000e+00 0.000000000000000000e+00
3.254850795900000000e+15 2.009513492499999870e+36 1.143709999999999961e+39 1.000000000000000000e+00 0.000000000000000000e+00
3.226454295700000000e+15 1.983956642300000053e+36 1.138709999999999977e+39 1.000000000000000000e+00 0.000000000000000000e+00
3.198182209600000000e+15 1.958511764799999916e+36 1.133709999999999994e+39 1.000000000000000000e+00 0.000000000000000000e+00
3.170034537400000000e+15 1.933178859900000101e+36 1.128710000000000010e+39 1.000000000000000000e+00 0.000000000000000000e+00
3.142011279300000000e+15 1.907957927500000070e+36 1.123710000000000026e+39 1.000000000000000000e+00 0.000000000000000000e+00
3.114112435100000000e+15 1.882848967800000015e+36 1.118710000000000042e+39 1.000000000000000000e+00 0.000000000000000000e+00
3.086338005000000000e+15 1.857851980699999986e+36 1.113710000000000058e+39 1.000000000000000000e+00 0.000000000000000000e+00
3.058687988800000000e+15 1.832966966100000038e+36 1.108710000000000074e+39 1.000000000000000000e+00 0.000000000000000000e+00
3.031162386700000000e+15 1.808193924200000064e+36 1.103709999999999940e+39 1.000000000000000000e+00 0.000000000000000000e+00
3.003761198500000000e+15 1.783532854799999876e+36 1.098709999999999956e+39 1.000000000000000000e+00 0.000000000000000000e+00
2.976484424400000000e+15 1.758983758099999957e+36 1.093709999999999972e+39 1.000000000000000000e+00 0.000000000000000000e+00
2.949332064200000000e+15 1.734546634000000065e+36 1.088709999999999988e+39 1.000000000000000000e+00 0.000000000000000000e+00
2.922304118000000000e+15 1.710221482399999958e+36 1.083710000000000004e+39 1.000000000000000000e+00 0.000000000000000000e+00
2.895400585900000000e+15 1.686008303500000121e+36 1.078710000000000020e+39 1.000000000000000000e+00 0.000000000000000000e+00
2.868621467700000000e+15 1.661907097100000068e+36 1.073710000000000037e+39 1.000000000000000000e+00 0.000000000000000000e+00
2.841966763600000000e+15 1.637917863399999991e+36 1.068710000000000053e+39 1.000000000000000000e+00 0.000000000000000000e+00
2.815436473400000000e+15 1.614040602299999940e+36 1.063710000000000069e+39 1.000000000000000000e+00 0.000000000000000000e+00
2.789030597300000000e+15 1.590275313699999970e+36 1.058709999999999934e+39 1.000000000000000000e+00 0.000000000000000000e+00
2.762749135100000000e+15 1.566621997799999974e+36 1.053709999999999950e+39 1.000000000000000000e+00 0.000000000000000000e+00
2.736592086900000000e+15 1.543080654400000059e+36 1.048709999999999966e+39 1.000000000000000000e+00 0.000000000000000000e+00
2.710559452800000000e+15 1.519651283700000117e+36 1.043709999999999982e+39 1.000000000000000000e+00 0.000000000000000000e+00
2.684651232600000000e+15 1.496333885499999961e+36 1.038709999999999999e+39 1.000000000000000000e+00 0.000000000000000000e+00
2.658867426500000000e+15 1.473128460000000075e+36 1.033710000000000015e+39 1.000000000000000000e+00 0.000000000000000000e+00
2.633208034300000000e+15 1.450035007099999920e+36 1.028710000000000031e+39 1.000000000000000000e+00 0.000000000000000000e+00
2.607673056200000000e+15 1.427053526700000141e+36 1.023710000000000047e+39 1.000000000000000000e+00 0.000000000000000000e+00
2.582262492000000000e+15 1.404184019000000041e+36 1.018710000000000063e+39 1.000000000000000000e+00 0.000000000000000000e+00
2.556976341800000000e+15 1.381426483800000021e+36 1.013709999999999928e+39 1.000000000000000000e+00 0.000000000000000000e+00
2.531814605700000000e+15 1.358780921299999976e+36 1.008709999999999944e+39 1.000000000000000000e+00 0.000000000000000000e+00
2.506777283500000000e+15 1.336247331399999958e+36 1.003709999999999961e+39 1.000000000000000000e+00 0.000000000000000000e+00
2.481889226100000000e+15 1.313848079699999985e+36 9.987149999999999585e+38 1.000000000000000000e+00 0.000000000000000000e+00
2.457100607600000000e+15 1.291538322999999983e+36 9.937149999999999747e+38 1.000000000000000000e+00 0.000000000000000000e+00
2.432436403000000000e+15 1.269340538900000009e+36 9.887149999999999909e+38 1.000000000000000000e+00 0.000000000000000000e+00
2.407896612400000000e+15 1.247254727400000062e+36 9.837150000000000070e+38 1.000000000000000000e+00 0.000000000000000000e+00
2.383481235800000000e+15 1.225280888400000047e+36 9.787150000000000232e+38 1.000000000000000000e+00 0.000000000000000000e+00
2.359190273300000000e+15 1.203419022100000007e+36 9.737150000000000394e+38 1.000000000000000000e+00 0.000000000000000000e+00
2.335023724700000000e+15 1.181669128399999994e+36 9.687150000000000555e+38 1.000000000000000000e+00 0.000000000000000000e+00
2.310981590100000000e+15 1.160031207300000009e+36 9.637150000000000717e+38 1.000000000000000000e+00 0.000000000000000000e+00
2.287063869600000000e+15 1.138505258800000051e+36 9.587149999999999368e+38 1.000000000000000000e+00 0.000000000000000000e+00
2.263270563000000000e+15 1.117091282899999972e+36 9.537149999999999529e+38 1.000000000000000000e+00 0.000000000000000000e+00
2.239601670400000000e+15 1.095789279499999974e+36 9.487149999999999691e+38 1.000000000000000000e+00 0.000000000000000000e+00
2.216057191800000000e+15 1.074599248799999950e+36 9.437149999999999853e+38 1.000000000000000000e+00 0.000000000000000000e+00
2.192637127300000000e+15 1.053521190699999954e+36 9.387150000000000014e+38 1.000000000000000000e+00 0.000000000000000000e+00
2.169341476700000000e+15 1.032555105199999985e+36 9.337150000000000176e+38 1.000000000000000000e+00 0.000000000000000000e+00
2.146170240100000000e+15 1.011700992300000043e+36 9.287150000000000338e+38 1.000000000000000000e+00 0.000000000000000000e+00
2.123123417500000000e+15 9.909588519600000612e+35 9.237150000000000499e+38 1.000000000000000000e+00 0.000000000000000000e+00
2.100201009000000000e+15 9.703286842400000665e+35 9.187150000000000661e+38 1.000000000000000000e+00 0.000000000000000000e+00
2.077403014400000000e+15 9.498104891300000053e+35 9.137149999999999312e+38 1.000000000000000000e+00 0.000000000000000000e+00
2.054729433800000000e+15 9.294042666100000652e+35 9.087149999999999473e+38 1.000000000000000000e+00 0.000000000000000000e+00
2.032180267200000000e+15 9.091100166900000048e+35 9.037149999999999635e+38 1.000000000000000000e+00 0.000000000000000000e+00
2.009755514700000000e+15 8.889277393699999718e+35 8.987149999999999797e+38 1.000000000000000000e+00 0.000000000000000000e+00
1.987455176100000000e+15 8.688574346600000198e+35 8.937149999999999958e+38 1.000000000000000000e+00 0.000000000000000000e+00
1.965279251500000000e+15 8.488991025400000413e+35 8.887150000000000120e+38 1.000000000000000000e+00 0.000000000000000000e+00
1.943227740900000000e+15 8.290527430199999426e+35 8.837150000000000282e+38 1.000000000000000000e+00 0.000000000000000000e+00
1.921300644400000000e+15 8.093183561000000188e+35 8.787150000000000443e+38 1.000000000000000000e+00 0.000000000000000000e+00
1.899497961800000000e+15 7.896959417799999747e+35 8.737150000000000605e+38 1.000000000000000000e+00 0.000000000000000000e+00
1.877819693200000000e+15 7.701855000700000117e+35 8.687149999999999256e+38 1.000000000000000000e+00 0.000000000000000000e+00
1.856265838600000000e+15 7.507870309500000222e+35 8.637149999999999417e+38 1.000000000000000000e+00 0.000000000000000000e+00
1.834836398100000000e+15 7.315005344300000600e+35 8.587149999999999579e+38 1.000000000000000000e+00 0.000000000000000000e+00
1.813531371500000000e+15 7.123260105099999776e+35 8.537149999999999741e+38 1.000000000000000000e+00 0.000000000000000000e+00
1.792350758900000000e+15 6.932634591900000700e+35 8.487149999999999902e+38 1.000000000000000000e+00 0.000000000000000000e+00
1.771294560300000000e+15 6.743128804700000422e+35 8.437150000000000064e+38 3.364066193899999835e+00 0.000000000000000000e+00
1.756401600000000000e+15 6.609636704799999674e+35 8.387150000000000226e+38 3.364066193899999835e+00 0.000000000000000000e+00
1.741596443100000000e+15 6.478012762800000072e+35 8.337150000000000387e+38 3.364066193899999835e+00 0.000000000000000000e+00
1.726878376400000000e+15 6.348241803599999850e+35 8.287150000000000549e+38 3.364066193899999835e+00 0.000000000000000000e+00
1.712246688200000000e+15 6.220308685300000075e+35 8.237150000000000711e+38 3.364066193899999835e+00 0.000000000000000000e+00
1.697700668400000000e+15 6.094198298900000086e+35 8.187149999999999361e+38 3.364066193899999835e+00 0.000000000000000000e+00
1.683239608400000000e+15 5.969895569200000118e+35 8.137149999999999523e+38 3.364066193899999835e+00 0.000000000000000000e+00
1.668862801400000000e+15 5.847385454099999750e+35 8.087149999999999685e+38 3.364066193899999835e+00 0.000000000000000000e+00
1.654569541900000000e+15 5.726652945300000195e+35 8.037149999999999846e+38 3.364066193899999835e+00 0.000000000000000000e+00
1.640359126000000000e+15 5.607683068299999869e+35 7.987150000000000008e+38 3.364066193899999835e+00 0.000000000000000000e+00
1.626230851600000000e+15 5.490460882199999962e+35 7.937150000000000170e+38 3.364066193899999835e+00 0.000000000000000000e+00
1.612184018100000000e+15 5.374971480599999677e+35 7.887150000000000331e+38 3.364066193899999835e+00 0.000000000000000000e+00
1.598217926500000000e+15 5.261199990700000254e+35 7.837150000000000493e+38 3.364066193899999835e+00 0.000000000000000000e+00
1.584331879200000000e+15 5.149131574399999809e+35 7.787150000000000655e+38 3.364066193899999835e+00 0.000000000000000000e+00
1.570525180700000000e+15 5.038751427699999701e+35 7.737149999999999305e+38 3.364066193899999835e+00 0.000000000000000000e+00
1.556797136700000000e+15 4.930044781400000183e+35 7.687149999999999467e+38 3.364066193899999835e+00 0.000000000000000000e+00
1.543147054700000000e+15 4.822996901099999659e+35 7.637149999999999629e+38 3.364066193899999835e+00 0.000000000000000000e+00
1.529574243800000000e+15 4.717593086799999916e+35 7.587149999999999790e+38 3.364066193899999835e+00 0.000000000000000000e+00
1.516078014800000000e+15 4.613818674000000229e+35 7.537149999999999952e+38 3.364066193899999835e+00 0.000000000000000000e+00
1.502657680000000000e+15 4.511659033000000239e+35 7.487150000000000114e+38 3.364066193899999835e+00 0.000000000000000000e+00
1.489312553600000000e+15 4.411099569699999826e+35 7.437150000000000275e+38 3.364066193899999835e+00 0.000000000000000000e+00
1.476041951300000000e+15 4.312125725000000314e+35 7.387150000000000437e+38 3.364066193899999835e+00 0.000000000000000000e+00
1.462845190400000000e+15 4.214722975800000249e+35 7.337150000000000599e+38 3.364066193899999835e+00 0.000000000000000000e+00
1.449721590100000000e+15 4.118876834500000092e+35 7.287149999999999249e+38 3.364066193899999835e+00 0.000000000000000000e+00
1.436670471200000000e+15 4.024572849700000081e+35 7.237149999999999411e+38 3.364066193899999835e+00 0.000000000000000000e+00
1.423691156100000000e+15 3.931796605599999955e+35 7.187149999999999573e+38 3.364066193899999835e+00 0.000000000000000000e+00
1.410782969000000000e+15 3.840533722999999901e+35 7.137149999999999734e+38 3.364066193899999835e+00 0.000000000000000000e+00
1.397945235700000000e+15 3.750769858800000082e+35 7.087149999999999896e+38 3.364066193899999835e+00 0.000000000000000000e+00
1.385177284000000000e+15 3.662490706699999972e+35 7.037150000000000058e+38 3.364066193899999835e+00 0.000000000000000000e+00
1.372478443000000000e+15 3.575681997000000232e+35 6.987150000000000219e+38 3.364066193899999835e+00 0.000000000000000000e+00
1.359848043800000000e+15 3.490329496700000296e+35 6.937150000000000381e+38 3.364066193899999835e+00 0.000000000000000000e+00
1.347285419300000000e+15 3.406419010100000119e+35 6.887150000000000543e+38 3.364066193899999835e+00 0.000000000000000000e+00
1.334789904000000000e+15 3.323936378400000245e+35 6.837150000000000705e+38 3.364066193899999835e+00 0.000000000000000000e+00
1.322360834100000000e+15 3.242867480499999828e+35 6.787150000000000111e+38 3.364066193899999835e+00 0.000000000000000000e+00
1.309997547900000000e+15 3.163198232600000023e+35 6.737150000000000272e+38 3.364066193899999835e+00 0.000000000000000000e+00
1.297699385000000000e+15 3.084914588700000030e+35 6.687149999999999678e+38 3.364066193899999835e+00 0.000000000000000000e+00
1.285465687100000000e+15 3.008002540800000010e+35 6.637149999999999840e+38 3.364066193899999835e+00 0.000000000000000000e+00
1.273295797600000000e+15 2.932448118799999818e+35 6.587150000000000002e+38 3.364066193899999835e+00 0.000000000000000000e+00
1.261189061800000000e+15 2.858237391100000004e+35 6.537150000000000163e+38 3.364066193899999835e+00 0.000000000000000000e+00
1.249144826600000000e+15 2.785356464200000041e+35 6.487150000000000325e+38 3.364066193899999835e+00 0.000000000000000000e+00
1.237162440800000000e+15 2.713791483500000037e+35 6.437149999999999731e+38 3.364066193899999835e+00 0.000000000000000000e+00
1.225241255300000000e+15 2.643528633300000000e+35 6.387149999999999893e+38 3.364066193899999835e+00 0.000000000000000000e+00
1.213380622300000000e+15 2.574554136599999867e+35 6.337150000000000055e+38 3.364066193899999835e+00 0.000000000000000000e+00
1.201579896200000000e+15 2.506854255799999950e+35 6.287150000000000216e+38 3.364066193899999835e+00 0.000000000000000000e+00
1.189838433300000000e+15 2.440415292799999993e+35 6.237149999999999622e+38 3.364066193899999835e+00 0.000000000000000000e+00
1.178155591600000000e+15 2.375223588900000115e+35 6.187149999999999784e+38 3.364066193899999835e+00 0.000000000000000000e+00
1.166530731000000000e+15 2.311265525300000173e+35 6.137149999999999946e+38 3.364066193899999835e+00 0.000000000000000000e+00
1.154963213300000000e+15 2.248527523300000101e+35 6.087150000000000107e+38 3.364066193899999835e+00 0.000000000000000000e+00
1.143452402100000000e+15 2.186996044200000112e+35 6.037150000000000269e+38 3.364066193899999835e+00 0.000000000000000000e+00
1.131997663100000000e+15 2.126657589800000060e+35 5.987149999999999675e+38 3.364066193899999835e+00 0.000000000000000000e+00
1.120598363800000000e+15 2.067498702800000121e+35 5.937149999999999837e+38 3.364066193899999835e+00 0.000000000000000000e+00
1.109253873600000000e+15 2.009505966400000113e+35 5.887149999999999999e+38 3.364066193899999835e+00 0.000000000000000000e+00
1.097963563700000000e+15 1.952666005100000110e+35 5.837150000000000160e+38 3.364066193899999835e+00 0.000000000000000000e+00
1.086726807600000000e+15 1.896965484500000103e+35 5.787150000000000322e+38 3.364066193899999835e+00 0.000000000000000000e+00
1.075542980500000000e+15 1.842391111899999907e+35 5.737149999999999728e+38 3.364066193899999835e+00 0.000000000000000000e+00
1.064411459500000000e+15 1.788929636299999895e+35 5.687149999999999890e+38 3.364066193899999835e+00 0.000000000000000000e+00
1.053331623900000000e+15 1.736567848599999862e+35 5.637150000000000051e+38 3.364066193899999835e+00 0.000000000000000000e+00
1.042302854700000000e+15 1.685292582000000069e+35 5.587150000000000213e+38 3.364066193899999835e+00 0.000000000000000000e+00
1.031324535200000000e+15 1.635090712099999934e+35 5.537150000000000375e+38 3.364066193899999835e+00 0.000000000000000000e+00
1.020396050500000000e+15 1.585949157299999997e+35 5.487149999999999781e+38 3.364066193899999835e+00 0.000000000000000000e+00
1.009516787700000000e+15 1.537854878699999909e+35 5.437149999999999943e+38 3.364066193899999835e+00 0.000000000000000000e+00
9.986861361900000000e+14 1.490794880799999979e+35 5.387150000000000104e+38 3.364066193899999835e+00 0.000000000000000000e+00
9.879034871000000000e+14 1.444756211400000085e+35 5.337150000000000266e+38 3.364066193899999835e+00 0.000000000000000000e+00
9.771682337500000000e+14 1.399725962199999945e+35 5.287149999999999672e+38 3.364066193899999835e+00 0.000000000000000000e+00
9.664797715200000000e+14 1.355691268600000073e+35 5.237149999999999834e+38 3.364066193899999835e+00 0.000000000000000000e+00
9.558374978500000000e+14 1.312639310400000005e+35 5.187149999999999996e+38 3.364066193899999835e+00 0.000000000000000000e+00
9.452408122800000000e+14 1.270557311799999965e+35 5.137150000000000157e+38 3.364066193899999835e+00 0.000000000000000000e+00
9.346891164500000000e+14 1.229432541700000071e+35 5.087150000000000319e+38 3.364066193899999835e+00 0.000000000000000000e+00
9.241818141200000000e+14 1.189252314200000079e+35 5.037149999999999725e+38 3.364066193899999835e+00 0.000000000000000000e+00
9.137183111800000000e+14 1.150003988499999947e+35 4.987149999999999887e+38 3.364066193899999835e+00 0.000000000000000000e+00
9.032980156600000000e+14 1.111674969599999910e+35 4.937150000000000048e+38 3.364066193899999835e+00 0.000000000000000000e+00
8.929203377400000000e+14 1.074252708299999926e+35 4.887150000000000210e+38 3.364066193899999835e+00 0.000000000000000000e+00
8.825846897900000000e+14 1.037724701599999982e+35 4.837150000000000372e+38 3.364066193899999835e+00 0.000000000000000000e+00
8.722904863500000000e+14 1.002078493000000048e+35 4.787149999999999778e+38 3.364066193899999835e+00 0.000000000000000000e+00
8.620371441600000000e+14 9.673016726399999768e+34 4.737149999999999940e+38 3.364066193899999835e+00 0.000000000000000000e+00
8.518240821800000000e+14 9.333818780199999079e+34 4.687150000000000101e+38 3.364066193899999835e+00 0.000000000000000000e+00
8.416507215900000000e+14 9.003067938599999960e+34 4.637150000000000263e+38 3.364066193899999835e+00 0.000000000000000000e+00
8.315164858200000000e+14 8.680641526999999451e+34 4.587149999999999669e+38 3.364066193899999835e+00 0.000000000000000000e+00
8.214208005600000000e+14 8.366417351200000436e+34 4.537149999999999831e+38 3.364066193899999835e+00 0.000000000000000000e+00
8.113630937700000000e+14 8.060273700900000022e+34 4.487149999999999992e+38 3.364066193899999835e+00 0.000000000000000000e+00
8.013427957000000000e+14 7.762089353200000047e+34 4.437150000000000154e+38 3.364066193899999835e+00 0.000000000000000000e+00
7.913593389200000000e+14 7.471743576100000069e+34 4.387150000000000316e+38 3.364066193899999835e+00 0.000000000000000000e+00
7.814121582900000000e+14 7.189116131799999974e+34 4.337149999999999722e+38 3.364066193899999835e+00 0.000000000000000000e+00
7.715098211700000000e+14 6.957797630400000157e+34 4.287149999999999884e+38 2.538461538500000003e+00 0.000000000000000000e+00
7.616235715600000000e+14 6.753652908900000402e+34 4.237150000000000045e+38 2.538461538500000003e+00 0.000000000000000000e+00
7.517638471100000000e+14 6.553180900800000072e+34 4.187150000000000207e+38 2.538461538500000003e+00 0.000000000000000000e+00
7.419304788000000000e+14 6.356358205399999796e+34 4.137150000000000369e+38 2.538461538500000003e+00 0.000000000000000000e+00
7.321232967000000000e+14 6.163161292600000312e+34 4.087149999999999775e+38 2.538461538500000003e+00 0.000000000000000000e+00
7.223421299200000000e+14 5.973566500499999900e+34 4.037149999999999936e+38 2.538461538500000003e+00 0.000000000000000000e+00
7.125868065900000000e+14 5.787550033599999832e+34 3.987150000000000098e+38 2.538461538500000003e+00 0.000000000000000000e+00
7.028571538800000000e+14 5.605087959499999916e+34 3.937150000000000260e+38 2.538461538500000003e+00 0.000000000000000000e+00
6.931529979400000000e+14 5.426156207299999858e+34 3.887149999999999666e+38 2.538461538500000003e+00 0.000000000000000000e+00
6.834741639000000000e+14 5.250730564300000341e+34 3.837149999999999828e+38 2.538461538500000003e+00 0.000000000000000000e+00
6.738204758600000000e+14 5.078786673800000052e+34 3.787149999999999989e+38 2.538461538500000003e+00 0.000000000000000000e+00
6.641917568300000000e+14 4.910300032000000054e+34 3.737150000000000151e+38 2.538461538500000003e+00 0.000000000000000000e+00
6.545878287600000000e+14 4.745245985600000286e+34 3.687150000000000313e+38 2.538461538500000003e+00 0.000000000000000000e+00
6.450085125100000000e+14 4.583599728099999608e+34 3.637149999999999719e+38 2.538461538500000003e+00 0.000000000000000000e+00
6.354536277800000000e+14 4.425336297799999801e+34 3.587149999999999880e+38 2.538461538500000003e+00 0.000000000000000000e+00
6.259229931500000000e+14 4.270430573699999949e+34 3.537150000000000042e+38 2.538461538500000003e+00 0.000000000000000000e+00
6.164164260300000000e+14 4.118857272899999808e+34 3.487150000000000204e+38 2.538461538500000003e+00 0.000000000000000000e+00
6.069337426100000000e+14 3.970590946699999776e+34 3.437150000000000365e+38 2.538461538500000003e+00 0.000000000000000000e+00
5.974747578900000000e+14 3.825605977800000049e+34 3.387150000000000149e+38 2.538461538500000003e+00 0.000000000000000000e+00
5.880392855900000000e+14 3.683876576099999814e+34 3.337149999999999933e+38 2.538461538500000003e+00 0.000000000000000000e+00
5.786271381900000000e+14 3.545376775099999851e+34 3.287150000000000095e+38 2.538461538500000003e+00 0.000000000000000000e+00
5.692381268400000000e+14 3.410080428199999798e+34 3.237149999999999879e+38 2.538461538500000003e+00 0.000000000000000000e+00
5.598720613800000000e+14 3.277961204599999916e+34 3.187150000000000041e+38 2.538461538500000003e+00 0.000000000000000000e+00
5.505287502900000000e+14 3.148992585000000016e+34 3.137149999999999824e+38 2.538461538500000003e+00 0.000000000000000000e+00
5.412080006400000000e+14 3.023147857600000095e+34 3.087149999999999986e+38 2.538461538500000003e+00 0.000000000000000000e+00
5.319096180900000000e+14 2.900400112999999953e+34 3.037150000000000148e+38 2.538461538500000003e+00 0.000000000000000000e+00
5.226334068400000000e+14 2.780722240199999823e+34 2.987149999999999932e+38 2.538461538500000003e+00 0.000000000000000000e+00
5.133791695800000000e+14 2.664086921200000130e+34 2.937150000000000093e+38 2.538461538500000003e+00 0.000000000000000000e+00
5.041467075000000000e+14 2.550466626200000035e+34 2.887149999999999877e+38 2.538461538500000003e+00 0.000000000000000000e+00
4.949358202000000000e+14 2.439833608100000158e+34 2.837150000000000039e+38 2.538461538500000003e+00 0.000000000000000000e+00
4.857463056700000000e+14 2.332159897300000086e+34 2.787149999999999823e+38 2.538461538500000003e+00 0.000000000000000000e+00
4.765779602600000000e+14 2.227417295599999985e+34 2.737149999999999985e+38 2.538461538500000003e+00 0.000000000000000000e+00
4.674305786200000000e+14 2.125577370299999973e+34 2.687150000000000146e+38 2.538461538500000003e+00 0.000000000000000000e+00
4.583039536800000000e+14 2.026611448099999892e+34 2.637149999999999930e+38 2.538461538500000003e+00 0.000000000000000000e+00
4.491978765500000000e+14 1.930490608199999990e+34 2.587150000000000092e+38 2.538461538500000003e+00 0.000000000000000000e+00
4.401121365300000000e+14 1.837185675600000051e+34 2.537149999999999876e+38 2.538461538500000003e+00 0.000000000000000000e+00
4.310465210200000000e+14 1.746667213899999984e+34 2.487150000000000037e+38 2.538461538500000003e+00 0.000000000000000000e+00
4.220300000000000000e+14 1.664290000000000070e+34 2.437149999999999821e+38 2.799999999999999822e+00 0.000000000000000000e+00
4.129670000000000000e+14 1.571660000000000093e+34 2.387149999999999983e+38 2.801000000000000156e+00 0.000000000000000000e+00
4.039250000000000000e+14 1.482460000000000089e+34 2.337150000000000145e+38 2.802999999999999936e+00 0.000000000000000000e+00
3.949040000000000000e+14 1.396649999999999984e+34 2.287149999999999929e+38 2.803999999999999826e+00 0.000000000000000000e+00
3.859040000000000000e+14 1.314169999999999897e+34 2.237150000000000090e+38 2.805000000000000160e+00 0.000000000000000000e+00
3.769250000000000000e+14 1.234959999999999949e+34 2.187149999999999874e+38 2.806999999999999940e+00 0.000000000000000000e+00
3.679670000000000000e+14 1.158960000000000029e+34 2.137150000000000036e+38 2.807999999999999829e+00 0.000000000000000000e+00
3.590280000000000000e+14 1.086119999999999930e+34 2.087149999999999820e+38 2.809000000000000163e+00 0.000000000000000000e+00
3.501090000000000000e+14 1.016369999999999985e+34 2.037149999999999981e+38 2.810000000000000053e+00 0.000000000000000000e+00
3.412100000000000000e+14 9.496509999999999804e+33 1.987150000000000143e+38 2.810999999999999943e+00 0.000000000000000000e+00
3.323300000000000000e+14 8.859090000000000022e+33 1.937149999999999927e+38 2.810999999999999943e+00 0.000000000000000000e+00
3.234680000000000000e+14 8.250779999999999747e+33 1.887150000000000089e+38 2.811999999999999833e+00 0.000000000000000000e+00
3.146260000000000000e+14 7.670949999999999780e+33 1.837149999999999873e+38 2.811999999999999833e+00 0.000000000000000000e+00
3.058010000000000000e+14 7.118969999999999769e+33 1.787150000000000034e+38 2.811999999999999833e+00 0.000000000000000000e+00
2.969950000000000000e+14 6.594169999999999978e+33 1.737149999999999818e+38 2.811999999999999833e+00 0.000000000000000000e+00
2.882060000000000000e+14 6.095909999999999922e+33 1.687149999999999980e+38 2.811999999999999833e+00 0.000000000000000000e+00
2.794350000000000000e+14 5.623519999999999867e+33 1.637149999999999953e+38 2.810999999999999943e+00 0.000000000000000000e+00
2.706810000000000000e+14 5.176300000000000252e+33 1.587149999999999925e+38 2.809000000000000163e+00 0.000000000000000000e+00
2.619440000000000000e+14 4.753549999999999790e+33 1.537150000000000087e+38 2.807999999999999829e+00 0.000000000000000000e+00
2.532240000000000000e+14 4.354570000000000075e+33 1.487150000000000060e+38 2.806000000000000050e+00 0.000000000000000000e+00
2.445210000000000000e+14 3.978619999999999861e+33 1.437150000000000033e+38 2.802999999999999936e+00 0.000000000000000000e+00
2.358350000000000000e+14 3.624929999999999804e+33 1.387150000000000006e+38 2.798999999999999932e+00 0.000000000000000000e+00
2.271650000000000000e+14 3.292709999999999719e+33 1.337149999999999978e+38 2.794999999999999929e+00 0.000000000000000000e+00
2.185120000000000000e+14 2.981109999999999771e+33 1.287149999999999951e+38 2.790000000000000036e+00 0.000000000000000000e+00
2.098770000000000000e+14 2.689179999999999941e+33 1.237149999999999924e+38 2.785000000000000142e+00 0.000000000000000000e+00
2.012610000000000000e+14 2.415729999999999883e+33 1.187150000000000086e+38 2.778000000000000025e+00 0.000000000000000000e+00
1.926690000000000000e+14 2.158660000000000056e+33 1.137150000000000058e+38 2.769000000000000128e+00 0.000000000000000000e+00
1.840960000000000000e+14 1.919560000000000100e+33 1.087150000000000031e+38 2.758999999999999897e+00 0.000000000000000000e+00
1.755340000000000000e+14 1.698860000000000000e+33 1.037150000000000004e+38 2.745999999999999996e+00 0.000000000000000000e+00
1.669840000000000000e+14 1.495839999999999928e+33 9.871479999999999160e+37 2.730999999999999872e+00 0.000000000000000000e+00
1.584450000000000000e+14 1.309809999999999885e+33 9.371480000000000777e+37 2.713999999999999968e+00 0.000000000000000000e+00
1.499170000000000000e+14 1.140019999999999929e+33 8.871480000000000505e+37 2.693999999999999950e+00 0.000000000000000000e+00
1.420170000000000000e+14 1.019720000000000011e+33 8.408000000000000412e+37 2.709000000000000075e+00 1.301740000000000083e+29
1.415410000000000000e+14 1.012340000000000061e+33 8.380040000000000220e+37 2.712000000000000188e+00 1.831159999999999921e+29
1.410650000000000000e+14 1.004709999999999939e+33 8.352080000000000028e+37 2.713999999999999968e+00 2.105309999999999969e+29
1.405890000000000000e+14 9.970559999999999283e+32 8.324119999999999837e+37 2.716000000000000192e+00 2.326219999999999994e+29
1.401130000000000000e+14 9.894069999999999845e+32 8.296159999999999645e+37 2.717999999999999972e+00 2.522000000000000114e+29
1.396370000000000000e+14 9.817719999999999396e+32 8.268200000000000397e+37 2.720000000000000195e+00 2.703140000000000047e+29
1.391620000000000000e+14 9.741570000000000181e+32 8.240240000000000205e+37 2.616000000000000103e+00 2.874759999999999845e+29
1.386860000000000000e+14 9.665629999999999449e+32 8.212280000000000014e+37 2.613999999999999879e+00 3.039740000000000086e+29
1.382100000000000000e+14 9.589940000000000619e+32 8.184319999999999822e+37 2.612000000000000099e+00 3.199880000000000165e+29
1.377340000000000000e+14 9.514509999999999500e+32 8.156359999999999630e+37 2.611000000000000210e+00 3.356329999999999920e+29
1.372580000000000000e+14 9.439330000000000282e+32 8.128400000000000382e+37 2.608999999999999986e+00 3.509920000000000219e+29
1.367830000000000000e+14 9.364440000000000618e+32 8.100440000000000191e+37 2.607000000000000206e+00 3.661210000000000139e+29
1.363070000000000000e+14 9.289830000000000375e+32 8.072479999999999999e+37 2.604999999999999982e+00 3.810639999999999758e+29
1.358310000000000000e+14 9.215499999999999551e+32 8.044519999999999807e+37 2.604000000000000092e+00 3.958530000000000157e+29
1.353560000000000000e+14 9.141479999999999990e+32 8.016559999999999615e+37 2.601999999999999869e+00 4.105110000000000177e+29
1.348800000000000000e+14 9.067749999999999983e+32 7.988600000000000368e+37 2.600000000000000089e+00 4.250579999999999792e+29
1.344040000000000000e+14 8.994329999999999796e+32 7.960640000000000176e+37 2.599000000000000199e+00 4.395079999999999824e+29
1.339290000000000000e+14 8.921209999999999297e+32 7.932679999999999984e+37 2.596999999999999975e+00 4.538749999999999692e+29
1.334530000000000000e+14 8.848410000000000195e+32 7.904719999999999792e+37 2.595000000000000195e+00 4.681659999999999808e+29
1.329780000000000000e+14 8.775919999999999472e+32 7.876759999999999600e+37 2.592999999999999972e+00 4.823910000000000158e+29
1.325020000000000000e+14 8.703750000000000145e+32 7.848800000000000353e+37 2.592000000000000082e+00 4.965530000000000315e+29
1.320270000000000000e+14 8.631899999999999332e+32 7.820840000000000161e+37 2.589999999999999858e+00 5.106599999999999846e+29
1.315510000000000000e+14 8.560380000000000049e+32 7.792879999999999969e+37 2.588000000000000078e+00 5.247139999999999874e+29
1.310760000000000000e+14 8.489179999999999280e+32 7.764919999999999777e+37 2.585999999999999854e+00 5.387179999999999973e+29
1.306010000000000000e+14 8.418299999999999906e+32 7.736959999999999585e+37 2.584000000000000075e+00 5.526760000000000277e+29
1.301250000000000000e+14 8.347759999999999314e+32 7.709000000000000338e+37 2.583000000000000185e+00 5.665880000000000083e+29
1.296500000000000000e+14 8.277550000000000251e+32 7.681040000000000146e+37 2.580999999999999961e+00 5.804569999999999668e+29
1.291750000000000000e+14 8.207669999999999836e+32 7.653079999999999954e+37 2.579000000000000181e+00 5.942829999999999736e+29
1.286990000000000000e+14 8.138129999999999643e+32 7.625119999999999762e+37 2.576999999999999957e+00 6.080680000000000003e+29
1.282240000000000000e+14 8.068919999999999539e+32 7.597159999999999570e+37 2.575000000000000178e+00 6.218109999999999906e+29
1.277490000000000000e+14 8.000049999999999657e+32 7.569200000000000323e+37 2.572999999999999954e+00 6.355139999999999866e+29
1.272740000000000000e+14 7.931519999999999997e+32 7.541240000000000131e+37 2.572000000000000064e+00 6.491749999999999463e+29
1.267990000000000000e+14 7.863320000000000426e+32 7.513279999999999939e+37 2.569999999999999840e+00 6.627949999999999962e+29
1.263240000000000000e+14 7.800490000000000593e+32 7.485319999999999747e+37 2.567000000000000171e+00 4.108259999999999733e+29
1.253730000000000000e+14 7.676779999999999616e+32 7.429400000000000308e+37 2.561999999999999833e+00 2.148089999999999848e+29
1.234730000000000000e+14 7.412039999999999564e+32 7.317559999999999541e+37 2.555000000000000160e+00 2.236949999999999844e+29
1.225240000000000000e+14 7.281690000000000605e+32 7.261640000000000101e+37 2.551000000000000156e+00 2.281040000000000101e+29
1.206240000000000000e+14 7.025099999999999989e+32 7.149800000000000278e+37 2.543000000000000149e+00 2.368349999999999965e+29
1.192000000000000000e+14 6.836239999999999867e+32 7.065919999999999703e+37 2.536000000000000032e+00 2.432929999999999936e+29
1.187250000000000000e+14 6.773970000000000315e+32 7.037960000000000455e+37 2.533999999999999808e+00 2.454269999999999883e+29
1.154030000000000000e+14 6.347679999999999938e+32 6.842240000000000057e+37 2.519000000000000128e+00 2.600620000000000007e+29
1.139800000000000000e+14 6.170139999999999841e+32 6.758360000000000426e+37 2.512999999999999901e+00 2.661559999999999999e+29
1.130310000000000000e+14 6.053480000000000167e+32 6.702440000000000042e+37 2.508000000000000007e+00 2.701539999999999921e+29
1.111340000000000000e+14 5.824279999999999698e+32 6.590600000000000219e+37 2.499000000000000110e+00 2.779870000000000065e+29
1.101860000000000000e+14 5.711730000000000210e+32 6.534679999999999835e+37 2.494000000000000217e+00 2.818180000000000152e+29
1.097120000000000000e+14 5.655969999999999786e+32 6.506719999999999643e+37 2.491999999999999993e+00 2.837109999999999876e+29
1.092380000000000000e+14 5.600540000000000170e+32 6.478760000000000396e+37 2.490000000000000213e+00 2.855889999999999972e+29
1.087630000000000000e+14 5.560349999999999667e+32 6.450800000000000204e+37 2.484999999999999876e+00 3.123010000000000026e+29
1.082890000000000000e+14 5.505890000000000050e+32 6.422840000000000012e+37 2.483000000000000096e+00 3.121229999999999996e+29
1.078150000000000000e+14 5.451769999999999935e+32 6.394879999999999820e+37 2.479999999999999982e+00 3.119290000000000128e+29
1.073410000000000000e+14 5.397990000000000042e+32 6.366919999999999628e+37 2.478000000000000203e+00 3.117179999999999863e+29
1.068670000000000000e+14 5.344530000000000104e+32 6.338960000000000381e+37 2.475000000000000089e+00 3.114899999999999903e+29
1.063930000000000000e+14 5.291409999999999667e+32 6.311000000000000189e+37 2.472999999999999865e+00 3.112449999999999897e+29
1.059190000000000000e+14 5.238630000000000174e+32 6.283039999999999997e+37 2.470000000000000195e+00 3.109829999999999844e+29
1.054450000000000000e+14 5.186169999999999914e+32 6.255079999999999805e+37 2.467999999999999972e+00 3.107049999999999954e+29
1.049710000000000000e+14 5.134049999999999877e+32 6.227119999999999613e+37 2.464999999999999858e+00 3.104100000000000018e+29
1.044980000000000000e+14 5.082259999999999929e+32 6.199160000000000366e+37 2.462000000000000188e+00 3.100980000000000036e+29
1.040240000000000000e+14 5.030800000000000069e+32 6.171200000000000174e+37 2.459999999999999964e+00 3.097690000000000007e+29
1.035500000000000000e+14 4.979660000000000164e+32 6.143239999999999982e+37 2.456999999999999851e+00 3.094240000000000142e+29
1.030760000000000000e+14 4.928859999999999761e+32 6.115279999999999790e+37 2.454000000000000181e+00 3.090630000000000088e+29
1.026020000000000000e+14 4.878390000000000166e+32 6.087319999999999599e+37 2.451999999999999957e+00 3.086849999999999988e+29
1.021290000000000000e+14 4.828239999999999807e+32 6.059360000000000351e+37 2.448999999999999844e+00 3.082910000000000051e+29
1.016550000000000000e+14 4.778429999999999669e+32 6.031400000000000159e+37 2.446000000000000174e+00 3.078809999999999925e+29
1.011810000000000000e+14 4.728940000000000207e+32 6.003439999999999967e+37 2.443000000000000060e+00 3.074549999999999963e+29
1.007080000000000000e+14 4.679769999999999979e+32 5.975479999999999776e+37 2.440999999999999837e+00 3.070119999999999954e+29
1.002340000000000000e+14 4.630939999999999974e+32 5.947519999999999584e+37 2.438000000000000167e+00 3.065539999999999967e+29
9.976020000000000000e+13 4.582419999999999789e+32 5.919560000000000336e+37 2.435000000000000053e+00 3.060800000000000142e+29
9.928660000000000000e+13 4.534229999999999693e+32 5.891600000000000144e+37 2.431999999999999940e+00 3.055900000000000129e+29
9.881310000000000000e+13 4.486369999999999686e+32 5.863639999999999953e+37 2.428999999999999826e+00 3.050839999999999928e+29
9.833950000000000000e+13 4.438830000000000355e+32 5.835679999999999761e+37 2.426000000000000156e+00 3.045630000000000100e+29
9.786600000000000000e+13 4.391610000000000257e+32 5.807719999999999569e+37 2.423000000000000043e+00 3.040269999999999941e+29
9.739250000000000000e+13 4.344710000000000115e+32 5.779760000000000321e+37 2.419999999999999929e+00 3.034749999999999945e+29
9.691910000000000000e+13 4.298129999999999927e+32 5.751800000000000130e+37 2.416999999999999815e+00 3.029079999999999970e+29
9.644560000000000000e+13 4.251879999999999828e+32 5.723839999999999938e+37 2.414000000000000146e+00 3.023260000000000017e+29
9.597220000000000000e+13 4.205940000000000271e+32 5.695879999999999746e+37 2.411000000000000032e+00 3.017290000000000085e+29
9.549880000000000000e+13 4.164149999999999993e+32 5.667919999999999554e+37 2.407999999999999918e+00 3.600820000000000069e+29
9.502540000000000000e+13 4.118900000000000293e+32 5.639960000000000307e+37 2.404999999999999805e+00 3.581629999999999819e+29
9.455210000000000000e+13 4.073959999999999694e+32 5.612000000000000115e+37 2.402000000000000135e+00 3.562369999999999860e+29
9.407880000000000000e+13 4.029330000000000358e+32 5.584039999999999923e+37 2.398000000000000131e+00 3.543050000000000051e+29
9.360550000000000000e+13 3.985020000000000255e+32 5.556079999999999731e+37 2.395000000000000018e+00 3.523659999999999830e+29
9.313220000000000000e+13 3.941030000000000108e+32 5.528119999999999539e+37 2.391999999999999904e+00 3.504209999999999757e+29
9.265900000000000000e+13 3.897339999999999648e+32 5.500160000000000292e+37 2.388999999999999790e+00 3.484699999999999834e+29
9.218570000000000000e+13 3.853969999999999863e+32 5.472200000000000100e+37 2.386000000000000121e+00 3.465130000000000060e+29
9.171250000000000000e+13 3.810909999999999900e+32 5.444239999999999908e+37 2.382000000000000117e+00 3.445510000000000294e+29
9.123940000000000000e+13 3.768159999999999757e+32 5.416279999999999716e+37 2.379000000000000004e+00 3.425829999999999972e+29
9.076620000000000000e+13 3.725720000000000157e+32 5.388320000000000469e+37 2.375999999999999890e+00 3.406099999999999658e+29
9.029310000000000000e+13 3.683589999999999657e+32 5.360360000000000277e+37 2.371999999999999886e+00 3.386329999999999912e+29
8.982000000000000000e+13 3.641760000000000286e+32 5.332400000000000085e+37 2.369000000000000217e+00 3.366510000000000173e+29
8.934690000000000000e+13 3.600240000000000015e+32 5.304439999999999893e+37 2.366000000000000103e+00 3.346639999999999738e+29
8.887390000000000000e+13 3.559030000000000286e+32 5.276479999999999701e+37 2.362000000000000099e+00 3.326739999999999729e+29
8.840090000000000000e+13 3.518120000000000245e+32 5.248520000000000454e+37 2.358999999999999986e+00 3.306789999999999727e+29
8.792790000000000000e+13 3.477520000000000025e+32 5.220560000000000262e+37 2.354999999999999982e+00 3.286820000000000010e+29
8.745490000000000000e+13 3.437220000000000213e+32 5.192600000000000070e+37 2.351999999999999869e+00 3.266800000000000299e+29
8.698190000000000000e+13 3.397230000000000222e+32 5.164639999999999878e+37 2.347999999999999865e+00 3.246760000000000170e+29
8.650900000000000000e+13 3.357529999999999785e+32 5.136679999999999686e+37 2.345000000000000195e+00 3.226679999999999905e+29
8.603610000000000000e+13 3.318139999999999889e+32 5.108720000000000439e+37 2.341000000000000192e+00 3.206579999999999924e+29
8.556320000000000000e+13 3.279049999999999681e+32 5.080760000000000247e+37 2.338000000000000078e+00 3.186460000000000228e+29
8.509040000000000000e+13 3.240250000000000108e+32 5.052800000000000055e+37 2.334000000000000075e+00 3.166309999999999902e+29
8.461750000000000000e+13 3.201759999999999996e+32 5.024839999999999863e+37 2.330000000000000071e+00 3.146150000000000071e+29
8.414470000000000000e+13 3.163560000000000158e+32 4.996879999999999671e+37 2.326999999999999957e+00 3.125970000000000172e+29
8.367190000000000000e+13 3.125660000000000007e+32 4.968920000000000424e+37 2.322999999999999954e+00 3.105769999999999853e+29
8.319920000000000000e+13 3.088050000000000131e+32 4.940960000000000232e+37 2.318999999999999950e+00 3.085560000000000029e+29
8.272640000000000000e+13 3.050739999999999942e+32 4.913000000000000040e+37 2.314999999999999947e+00 3.065349999999999853e+29
8.225370000000000000e+13 3.013720000000000028e+32 4.885039999999999848e+37 2.311999999999999833e+00 3.045119999999999961e+29
8.178100000000000000e+13 2.977000000000000161e+32 4.857079999999999657e+37 2.307999999999999829e+00 3.024890000000000069e+29
8.130840000000000000e+13 2.940569999999999849e+32 4.829120000000000409e+37 2.303999999999999826e+00 3.004659999999999825e+29
8.083570000000000000e+13 2.904430000000000171e+32 4.801160000000000217e+37 2.299999999999999822e+00 2.984429999999999933e+29
8.036310000000000000e+13 2.868569999999999912e+32 4.773200000000000025e+37 2.295999999999999819e+00 2.964189999999999831e+29
7.989050000000000000e+13 2.833010000000000063e+32 4.745239999999999834e+37 2.291999999999999815e+00 2.943970000000000149e+29
7.941790000000000000e+13 2.797740000000000127e+32 4.717279999999999642e+37 2.287999999999999812e+00 2.923739999999999905e+29
7.894540000000000000e+13 2.762749999999999971e+32 4.689320000000000394e+37 2.283999999999999808e+00 2.903530000000000081e+29
7.847280000000000000e+13 2.728050000000000090e+32 4.661360000000000202e+37 2.279999999999999805e+00 2.883330000000000114e+29
7.800030000000000000e+13 2.693629999999999989e+32 4.633400000000000011e+37 2.275999999999999801e+00 2.863140000000000005e+29
7.752780000000000000e+13 2.659500000000000163e+32 4.605439999999999819e+37 2.271999999999999797e+00 2.842969999999999964e+29
7.705540000000000000e+13 2.625659999999999890e+32 4.577479999999999627e+37 2.267999999999999794e+00 2.822810000000000133e+29
7.658300000000000000e+13 2.592089999999999985e+32 4.549520000000000379e+37 2.262999999999999901e+00 2.802670000000000017e+29
7.611050000000000000e+13 2.558809999999999994e+32 4.521560000000000188e+37 2.258999999999999897e+00 2.782559999999999827e+29
7.563820000000000000e+13 2.525800000000000009e+32 4.493599999999999996e+37 2.254999999999999893e+00 2.762459999999999846e+29
7.516580000000000000e+13 2.493079999999999939e+32 4.465639999999999804e+37 2.250999999999999890e+00 2.742390000000000143e+29
7.469340000000000000e+13 2.460629999999999876e+32 4.437679999999999612e+37 2.245999999999999996e+00 2.722350000000000013e+29
7.422110000000000000e+13 2.428470000000000087e+32 4.409720000000000365e+37 2.241999999999999993e+00 2.702340000000000160e+29
7.374880000000000000e+13 2.396570000000000171e+32 4.381760000000000173e+37 2.237000000000000099e+00 2.682359999999999881e+29
7.327650000000000000e+13 2.364960000000000169e+32 4.353799999999999981e+37 2.233000000000000096e+00 2.662420000000000089e+29
7.280430000000000000e+13 2.333620000000000175e+32 4.325839999999999789e+37 2.228000000000000203e+00 2.642509999999999870e+29
7.233210000000000000e+13 2.302549999999999827e+32 4.297879999999999597e+37 2.224000000000000199e+00 2.622629999999999929e+29
7.185980000000000000e+13 2.271749999999999846e+32 4.269920000000000350e+37 2.218999999999999861e+00 2.602799999999999981e+29
7.138770000000000000e+13 2.241230000000000006e+32 4.241960000000000158e+37 2.214999999999999858e+00 2.582999999999999958e+29
7.091550000000000000e+13 2.210970000000000039e+32 4.213999999999999966e+37 2.209999999999999964e+00 2.563249999999999928e+29
7.044340000000000000e+13 2.180989999999999853e+32 4.186039999999999774e+37 2.205999999999999961e+00 2.543549999999999891e+29
6.997120000000000000e+13 2.151269999999999900e+32 4.158080000000000054e+37 2.201000000000000068e+00 2.523880000000000131e+29
6.949910000000000000e+13 2.121819999999999954e+32 4.130119999999999863e+37 2.196000000000000174e+00 2.504269999999999870e+29
6.902710000000000000e+13 2.092629999999999882e+32 4.102160000000000143e+37 2.190999999999999837e+00 2.484709999999999954e+29
6.855500000000000000e+13 2.063719999999999950e+32 4.074199999999999951e+37 2.186999999999999833e+00 2.465190000000000173e+29
6.808300000000000000e+13 2.035060000000000118e+32 4.046240000000000231e+37 2.181999999999999940e+00 2.445729999999999891e+29
6.761100000000000000e+13 2.006669999999999932e+32 4.018280000000000040e+37 2.177000000000000046e+00 2.426319999999999954e+29
6.713900000000000000e+13 1.978539999999999981e+32 3.990319999999999848e+37 2.172000000000000153e+00 2.406969999999999867e+29
6.666700000000000000e+13 1.950669999999999902e+32 3.962360000000000128e+37 2.166999999999999815e+00 2.387679999999999983e+29
6.619510000000000000e+13 1.923060000000000057e+32 3.934399999999999936e+37 2.161999999999999922e+00 2.368440000000000093e+29
6.572310000000000000e+13 1.895699999999999952e+32 3.906440000000000217e+37 2.157000000000000028e+00 2.349260000000000053e+29
6.525120000000000000e+13 1.868609999999999853e+32 3.878480000000000025e+37 2.152000000000000135e+00 2.330150000000000073e+29
6.477940000000000000e+13 1.841769999999999855e+32 3.850519999999999833e+37 2.146999999999999797e+00 2.311099999999999944e+29
6.430750000000000000e+13 1.815190000000000090e+32 3.822560000000000113e+37 2.141999999999999904e+00 2.292110000000000018e+29
6.383570000000000000e+13 1.788860000000000064e+32 3.794599999999999921e+37 2.136000000000000121e+00 2.273179999999999943e+29
6.336390000000000000e+13 1.762780000000000138e+32 3.766640000000000202e+37 2.130999999999999783e+00 2.254330000000000138e+29
6.289210000000000000e+13 1.736949999999999952e+32 3.738680000000000010e+37 2.125999999999999890e+00 2.235539999999999832e+29
6.242030000000000000e+13 1.711380000000000000e+32 3.710719999999999818e+37 2.120999999999999996e+00 2.216819999999999938e+29
6.194850000000000000e+13 1.686050000000000014e+32 3.682760000000000098e+37 2.115000000000000213e+00 2.198170000000000105e+29
6.147680000000000000e+13 1.660970000000000127e+32 3.654799999999999906e+37 2.109999999999999876e+00 2.179589999999999980e+29
6.100510000000000000e+13 1.636139999999999980e+32 3.626840000000000187e+37 2.104999999999999982e+00 2.161079999999999916e+29
6.053340000000000000e+13 1.611559999999999933e+32 3.598879999999999995e+37 2.099000000000000199e+00 2.142639999999999912e+29
6.006180000000000000e+13 1.587220000000000032e+32 3.570919999999999803e+37 2.093999999999999861e+00 2.124279999999999827e+29
5.959010000000000000e+13 1.563119999999999918e+32 3.542960000000000083e+37 2.088000000000000078e+00 2.106000000000000012e+29
5.911850000000000000e+13 1.539270000000000083e+32 3.514999999999999892e+37 2.083000000000000185e+00 2.087789999999999906e+29
5.864690000000000000e+13 1.515650000000000081e+32 3.487040000000000172e+37 2.076999999999999957e+00 2.069660000000000069e+29
5.817530000000000000e+13 1.492279999999999998e+32 3.459079999999999980e+37 2.071000000000000174e+00 2.051599999999999942e+29
5.770370000000000000e+13 1.469139999999999928e+32 3.431119999999999788e+37 2.065999999999999837e+00 2.033629999999999942e+29
5.723220000000000000e+13 1.446240000000000004e+32 3.403160000000000069e+37 2.060000000000000053e+00 2.015730000000000003e+29
5.676070000000000000e+13 1.423580000000000047e+32 3.375199999999999877e+37 2.053999999999999826e+00 1.997909999999999983e+29
5.628920000000000000e+13 1.401160000000000056e+32 3.347240000000000157e+37 2.048000000000000043e+00 1.980180000000000090e+29
5.581770000000000000e+13 1.378959999999999943e+32 3.319279999999999965e+37 2.043000000000000149e+00 1.962519999999999906e+29
5.534630000000000000e+13 1.356999999999999977e+32 3.291319999999999773e+37 2.036999999999999922e+00 1.944949999999999850e+29
5.487480000000000000e+13 1.335270000000000024e+32 3.263360000000000054e+37 2.031000000000000139e+00 1.927460000000000064e+29
5.440340000000000000e+13 1.313770000000000083e+32 3.235399999999999862e+37 2.024999999999999911e+00 1.910049999999999845e+29
5.393200000000000000e+13 1.292499999999999974e+32 3.207440000000000142e+37 2.019000000000000128e+00 1.892719999999999896e+29
5.346060000000000000e+13 1.271460000000000059e+32 3.179479999999999950e+37 2.012999999999999901e+00 1.875480000000000075e+29
5.298930000000000000e+13 1.250640000000000022e+32 3.151520000000000231e+37 2.007000000000000117e+00 1.858330000000000030e+29
5.251800000000000000e+13 1.230040000000000044e+32 3.123560000000000039e+37 2.000999999999999890e+00 1.841259999999999904e+29
5.204660000000000000e+13 1.209670000000000079e+32 3.095599999999999847e+37 1.995000000000000107e+00 1.824270000000000048e+29
5.157540000000000000e+13 1.189529999999999946e+32 3.067640000000000127e+37 1.987999999999999989e+00 1.807369999999999968e+29
5.110410000000000000e+13 1.169599999999999919e+32 3.039679999999999935e+37 1.981999999999999984e+00 1.790560000000000016e+29
5.063280000000000000e+13 1.149889999999999951e+32 3.011720000000000216e+37 1.975999999999999979e+00 1.773829999999999982e+29
5.016160000000000000e+13 1.130400000000000042e+32 2.983760000000000024e+37 1.969999999999999973e+00 1.757190000000000077e+29
4.969040000000000000e+13 1.111130000000000012e+32 2.955799999999999832e+37 1.963999999999999968e+00 1.740630000000000089e+29
4.921920000000000000e+13 1.092070000000000087e+32 2.927840000000000112e+37 1.957000000000000073e+00 1.724159999999999878e+29
4.874800000000000000e+13 1.073230000000000042e+32 2.899879999999999921e+37 1.951000000000000068e+00 1.707780000000000147e+29
4.827690000000000000e+13 1.054589999999999968e+32 2.871920000000000201e+37 1.943999999999999950e+00 1.691479999999999983e+29
4.780570000000000000e+13 1.036169999999999953e+32 2.843960000000000009e+37 1.937999999999999945e+00 1.675269999999999946e+29
4.733460000000000000e+13 1.017960000000000043e+32 2.815999999999999817e+37 1.931999999999999940e+00 1.659150000000000037e+29
4.686350000000000000e+13 9.999629999999999913e+31 2.788040000000000098e+37 1.925000000000000044e+00 1.643110000000000047e+29
4.639250000000000000e+13 9.821680000000000459e+31 2.760079999999999906e+37 1.919000000000000039e+00 1.627159999999999833e+29
4.592140000000000000e+13 9.645789999999999364e+31 2.732120000000000186e+37 1.911999999999999922e+00 1.611300000000000099e+29
4.545040000000000000e+13 9.471940000000000683e+31 2.704159999999999994e+37 1.905999999999999917e+00 1.595519999999999932e+29
4.497940000000000000e+13 9.300119999999999239e+31 2.676199999999999802e+37 1.899000000000000021e+00 1.579830000000000068e+29
4.450840000000000000e+13 9.130320000000000663e+31 2.648240000000000083e+37 1.891999999999999904e+00 1.564219999999999947e+29
4.403740000000000000e+13 8.962510000000000230e+31 2.620279999999999891e+37 1.885999999999999899e+00 1.548699999999999954e+29
4.356650000000000000e+13 8.796689999999999741e+31 2.592320000000000171e+37 1.879000000000000004e+00 1.533269999999999913e+29
4.309550000000000000e+13 8.632839999999999650e+31 2.564359999999999979e+37 1.872999999999999998e+00 1.517919999999999966e+29
4.262460000000000000e+13 8.470940000000000410e+31 2.536399999999999787e+37 1.866000000000000103e+00 1.502649999999999938e+29
4.215370000000000000e+13 8.310990000000000220e+31 2.508440000000000068e+37 1.858999999999999986e+00 1.487470000000000037e+29
4.168290000000000000e+13 8.152959999999999759e+31 2.480479999999999876e+37 1.852999999999999980e+00 1.472370000000000055e+29
4.121200000000000000e+13 7.996840000000000154e+31 2.452520000000000156e+37 1.846000000000000085e+00 1.457360000000000026e+29
4.074120000000000000e+13 7.842619999999999832e+31 2.424559999999999964e+37 1.838999999999999968e+00 1.442420000000000056e+29
4.027040000000000000e+13 7.690280000000000144e+31 2.396599999999999773e+37 1.832000000000000073e+00 1.427570000000000039e+29
3.979960000000000000e+13 7.539799999999999745e+31 2.368640000000000053e+37 1.826000000000000068e+00 1.412799999999999940e+29
3.932880000000000000e+13 7.391169999999999760e+31 2.340679999999999861e+37 1.818999999999999950e+00 1.398109999999999935e+29
3.885800000000000000e+13 7.244390000000000189e+31 2.312720000000000141e+37 1.812000000000000055e+00 1.383500000000000025e+29
3.838730000000000000e+13 7.099420000000000139e+31 2.284759999999999950e+37 1.804999999999999938e+00 1.368970000000000033e+29
3.791660000000000000e+13 6.956249999999999834e+31 2.256800000000000230e+37 1.798999999999999932e+00 1.354509999999999926e+29
3.744590000000000000e+13 6.814870000000000403e+31 2.228840000000000038e+37 1.792000000000000037e+00 1.340139999999999946e+29
3.697520000000000000e+13 6.675270000000000271e+31 2.200879999999999846e+37 1.784999999999999920e+00 1.325840000000000028e+29
3.650460000000000000e+13 6.537429999999999890e+31 2.172920000000000127e+37 1.778000000000000025e+00 1.311609999999999993e+29
3.603390000000000000e+13 6.401329999999999715e+31 2.144959999999999935e+37 1.772000000000000020e+00 1.297460000000000053e+29
3.556330000000000000e+13 6.266950000000000197e+31 2.116999999999999979e+37 1.764999999999999902e+00 1.283390000000000032e+29
3.509270000000000000e+13 6.134290000000000437e+31 2.089040000000000023e+37 1.758000000000000007e+00 1.269380000000000037e+29
3.462210000000000000e+13 6.003320000000000214e+31 2.061080000000000067e+37 1.752000000000000002e+00 1.255449999999999960e+29
3.415160000000000000e+13 5.874019999999999981e+31 2.033120000000000112e+37 1.745000000000000107e+00 1.241589999999999944e+29
3.368100000000000000e+13 5.746400000000000411e+31 2.005159999999999920e+37 1.737999999999999989e+00 1.227789999999999955e+29
3.321050000000000000e+13 5.620419999999999709e+31 1.977199999999999964e+37 1.731999999999999984e+00 1.214070000000000060e+29
3.274000000000000000e+13 5.496069999999999904e+31 1.949240000000000008e+37 1.725000000000000089e+00 1.200410000000000015e+29
3.226950000000000000e+13 5.373329999999999646e+31 1.921280000000000053e+37 1.719000000000000083e+00 1.186809999999999998e+29
3.179910000000000000e+13 5.252190000000000063e+31 1.893320000000000097e+37 1.711999999999999966e+00 1.173280000000000041e+29
3.132860000000000000e+13 5.132639999999999581e+31 1.865359999999999905e+37 1.705999999999999961e+00 1.159809999999999934e+29
3.085820000000000000e+13 5.014649999999999779e+31 1.837399999999999949e+37 1.699000000000000066e+00 1.146400000000000031e+29
3.038780000000000000e+13 4.898219999999999757e+31 1.809439999999999993e+37 1.693000000000000060e+00 1.133049999999999978e+29
2.991740000000000000e+13 4.783310000000000422e+31 1.781480000000000038e+37 1.685999999999999943e+00 1.119759999999999952e+29
2.944710000000000000e+13 4.669929999999999745e+31 1.753520000000000082e+37 1.679999999999999938e+00 1.106519999999999919e+29
2.897670000000000000e+13 4.558040000000000435e+31 1.725559999999999890e+37 1.673999999999999932e+00 1.093330000000000055e+29
2.850640000000000000e+13 4.447639999999999788e+31 1.697599999999999934e+37 1.667999999999999927e+00 1.080200000000000041e+29
2.803610000000000000e+13 4.338710000000000060e+31 1.669639999999999979e+37 1.661999999999999922e+00 1.067120000000000021e+29
2.756580000000000000e+13 4.231229999999999902e+31 1.641680000000000023e+37 1.655999999999999917e+00 1.054079999999999959e+29
2.709560000000000000e+13 4.125190000000000442e+31 1.613720000000000067e+37 1.649999999999999911e+00 1.041090000000000067e+29
2.662530000000000000e+13 4.020560000000000108e+31 1.585760000000000111e+37 1.643999999999999906e+00 1.028149999999999991e+29
2.615510000000000000e+13 3.917339999999999800e+31 1.557799999999999919e+37 1.637999999999999901e+00 1.015240000000000017e+29
2.568490000000000000e+13 3.815509999999999972e+31 1.529839999999999964e+37 1.631999999999999895e+00 1.002380000000000036e+29
2.521470000000000000e+13 3.715050000000000175e+31 1.501880000000000008e+37 1.627000000000000002e+00 9.895460000000000373e+28
2.474460000000000000e+13 3.615950000000000187e+31 1.473920000000000052e+37 1.620999999999999996e+00 9.767510000000000118e+28
2.427440000000000000e+13 3.518179999999999786e+31 1.445960000000000096e+37 1.616000000000000103e+00 9.639870000000000734e+28
2.380430000000000000e+13 3.421739999999999873e+31 1.417999999999999905e+37 1.610999999999999988e+00 9.512520000000000746e+28
2.333420000000000000e+13 3.326599999999999777e+31 1.390039999999999949e+37 1.606000000000000094e+00 9.385420000000000723e+28
2.286410000000000000e+13 3.232759999999999948e+31 1.362079999999999993e+37 1.600999999999999979e+00 9.258560000000000807e+28
2.239410000000000000e+13 3.140190000000000165e+31 1.334120000000000037e+37 1.596000000000000085e+00 9.131889999999999949e+28
2.192400000000000000e+13 3.048880000000000204e+31 1.306160000000000082e+37 1.590999999999999970e+00 9.005390000000000193e+28
2.145400000000000000e+13 2.958819999999999842e+31 1.278199999999999890e+37 1.586999999999999966e+00 8.879020000000000349e+28
2.098400000000000000e+13 2.869989999999999982e+31 1.250239999999999934e+37 1.582000000000000073e+00 8.752750000000000842e+28
2.051410000000000000e+13 2.782370000000000177e+31 1.222279999999999978e+37 1.578000000000000069e+00 8.626550000000000340e+28
2.004410000000000000e+13 2.695959999999999976e+31 1.194320000000000022e+37 1.574000000000000066e+00 8.500359999999999696e+28
1.957420000000000000e+13 2.610730000000000059e+31 1.166360000000000067e+37 1.570000000000000062e+00 8.374159999999999194e+28
1.910430000000000000e+13 2.526670000000000202e+31 1.138400000000000111e+37 1.566000000000000059e+00 8.247909999999999403e+28
1.863440000000000000e+13 2.443779999999999955e+31 1.110439999999999919e+37 1.562999999999999945e+00 8.121549999999999417e+28
1.816460000000000000e+13 2.362020000000000224e+31 1.082479999999999963e+37 1.558999999999999941e+00 7.995049999999999661e+28
1.769470000000000000e+13 2.281399999999999882e+31 1.054520000000000008e+37 1.556000000000000050e+00 7.868359999999999967e+28
1.722490000000000000e+13 2.201899999999999832e+31 1.026560000000000052e+37 1.552999999999999936e+00 7.741420000000000308e+28
1.675510000000000000e+13 2.123509999999999851e+31 9.985999999999999780e+36 1.550999999999999934e+00 7.614179999999999637e+28
1.628540000000000000e+13 2.046220000000000166e+31 9.706400000000000223e+36 1.548000000000000043e+00 7.486590000000000421e+28
1.581560000000000000e+13 1.970000000000000104e+31 9.426799999999999485e+36 1.546000000000000041e+00 7.358580000000000140e+28
1.534590000000000000e+13 1.894869999999999889e+31 9.147199999999999927e+36 1.544000000000000039e+00 7.230100000000000382e+28
1.487620000000000000e+13 1.820799999999999974e+31 8.867600000000000370e+36 1.542000000000000037e+00 7.101080000000000383e+28
1.440660000000000000e+13 1.747779999999999912e+31 8.587999999999999632e+36 1.540999999999999925e+00 6.971450000000000259e+28
1.393690000000000000e+13 1.675819999999999925e+31 8.308400000000000074e+36 1.540000000000000036e+00 6.841130000000000268e+28
1.346730000000000000e+13 1.604890000000000018e+31 8.028800000000000517e+36 1.538999999999999924e+00 6.710039999999999787e+28
1.299770000000000000e+13 1.534999999999999964e+31 7.749199999999999779e+36 1.538999999999999924e+00 6.578099999999999954e+28
1.252820000000000000e+13 1.466149999999999989e+31 7.469600000000000221e+36 1.538999999999999924e+00 6.445220000000000289e+28
1.205870000000000000e+13 1.398320000000000096e+31 7.189999999999999483e+36 1.538999999999999924e+00 6.311289999999999716e+28
1.158920000000000000e+13 1.331520000000000057e+31 6.910399999999999926e+36 1.538999999999999924e+00 6.176209999999999657e+28
1.111970000000000000e+13 1.265740000000000100e+31 6.630800000000000368e+36 1.540000000000000036e+00 6.039869999999999916e+28
1.065030000000000000e+13 1.200989999999999997e+31 6.351199999999999630e+36 1.540999999999999925e+00 5.902129999999999845e+28
1.018080000000000000e+13 1.137279999999999973e+31 6.071600000000000072e+36 1.542999999999999927e+00 5.762870000000000270e+28
9.711470000000000000e+12 1.074610000000000027e+31 5.792000000000000515e+36 1.544999999999999929e+00 5.621939999999999804e+28
9.242130000000000000e+12 1.012980000000000047e+31 5.512399999999999777e+36 1.546999999999999931e+00 5.479160000000000127e+28
8.772820000000000000e+12 9.524130000000000305e+30 5.232800000000000219e+36 1.550000000000000044e+00 5.334350000000000279e+28
8.303550000000000000e+12 8.929249999999999740e+30 4.953200000000000071e+36 1.552999999999999936e+00 5.187309999999999585e+28
7.834310000000000000e+12 8.345339999999999880e+30 4.673599999999999924e+36 1.556999999999999940e+00 5.037810000000000433e+28
7.365120000000000000e+12 7.772639999999999566e+30 4.393999999999999776e+36 1.560000000000000053e+00 4.885590000000000363e+28
6.895960000000000000e+12 7.211479999999999876e+30 4.114400000000000218e+36 1.564999999999999947e+00 4.730350000000000121e+28
6.426840000000000000e+12 6.662199999999999636e+30 3.834800000000000071e+36 1.568999999999999950e+00 4.571740000000000283e+28
5.957760000000000000e+12 6.125249999999999911e+30 3.555199999999999923e+36 1.574000000000000066e+00 4.409360000000000379e+28
5.488740000000000000e+12 5.601169999999999496e+30 3.275599999999999775e+36 1.578999999999999959e+00 4.242730000000000195e+28
5.019750000000000000e+12 5.090590000000000556e+30 2.996000000000000217e+36 1.582999999999999963e+00 4.071260000000000200e+28
4.550820000000000000e+12 4.594260000000000169e+30 2.716400000000000070e+36 1.588000000000000078e+00 3.894239999999999933e+28
4.081950000000000000e+12 4.113099999999999895e+30 2.436799999999999922e+36 1.592000000000000082e+00 3.710760000000000013e+28
3.613130000000000000e+12 3.648200000000000143e+30 2.157200000000000069e+36 1.594000000000000083e+00 3.519630000000000204e+28
3.144380000000000000e+12 3.200850000000000169e+30 1.877599999999999921e+36 1.594000000000000083e+00 3.319249999999999941e+28
2.675700000000000000e+12 2.772629999999999749e+30 1.598000000000000069e+36 1.590999999999999970e+00 3.107319999999999811e+28
2.207100000000000000e+12 2.365310000000000041e+30 1.318400000000000068e+36 1.580999999999999961e+00 2.880330000000000009e+28
1.738580000000000000e+12 1.980799999999999932e+30 1.038800000000000068e+36 1.560000000000000053e+00 2.632280000000000064e+28
4.299000000000000000e+11 7.805000000000000069e+29 2.572000000000000181e+35 1.330000000000000071e+00 1.506450000000000062e+28
4.188000000000000000e+11 7.537999999999999717e+29 2.505999999999999897e+35 1.330000000000000071e+00 1.455129999999999927e+28
3.325000000000000000e+11 5.815999999999999745e+29 1.990000000000000163e+35 1.330000000000000071e+00 1.165809999999999924e+28
2.640000000000000000e+11 4.472999999999999815e+29 1.581000000000000083e+35 1.330000000000000071e+00 9.297799999999999813e+27
2.096000000000000000e+11 3.289999999999999843e+29 1.256000000000000028e+35 1.330000000000000071e+00 6.841069999999999801e+27
1.844000000000000000e+11 2.892000000000000018e+29 1.105000000000000000e+35 1.330000000000000071e+00 6.221810000000000396e+27
1.664000000000000000e+11 2.597000000000000095e+29 9.975999999999999784e+34 1.330000000000000071e+00 3.996079999999999920e+27
1.322000000000000000e+11 2.033000000000000102e+29 7.923999999999999875e+34 1.330000000000000071e+00 3.293160000000000158e+27
1.049000000000000000e+11 1.494999999999999961e+29 6.294000000000000085e+34 1.330000000000000071e+00 2.422460000000000012e+27
8.332000000000000000e+10 1.100000000000000064e+29 4.999999999999999843e+34 1.330000000000000071e+00 1.782300000000000002e+27
6.617000000000000000e+10 8.088999999999999432e+28 3.971999999999999897e+34 1.330000000000000071e+00 1.311289999999999924e+27
5.254000000000000000e+10 5.949000000000000344e+28 3.155000000000000010e+34 1.330000000000000071e+00 9.646129999999999985e+26
4.172000000000000000e+10 4.628000000000000126e+28 2.505999999999999897e+34 1.330000000000000071e+00 7.875200000000000595e+26
3.313000000000000000e+10 3.403999999999999866e+28 1.989999999999999932e+34 1.330000000000000071e+00 5.791050000000000196e+26
2.631000000000000000e+10 2.502999999999999803e+28 1.580999999999999991e+34 1.330000000000000071e+00 4.261170000000000143e+26
2.090000000000000000e+10 1.938000000000000082e+28 1.255999999999999936e+34 1.330000000000000071e+00 3.451690000000000088e+26
1.659000000000000000e+10 1.425000000000000067e+28 9.976000000000000246e+33 1.330000000000000071e+00 2.538950000000000110e+26
1.318000000000000000e+10 1.048000000000000007e+28 7.924000000000000337e+33 1.330000000000000071e+00 1.867689999999999969e+26
1.046000000000000000e+10 7.701999999999999683e+27 6.294000000000000085e+33 1.330000000000000071e+00 1.373879999999999975e+26
8.312000000000000000e+09 5.662000000000000348e+27 4.999999999999999728e+33 1.330000000000000071e+00 1.010819999999999921e+26
6.601000000000000000e+09 4.362000000000000029e+27 3.972000000000000127e+33 1.330000000000000071e+00 8.130089999999999436e+25
4.164000000000000000e+09 2.356000000000000079e+27 2.505999999999999955e+33 1.330000000000000071e+00 4.399369999999999874e+25
2.626000000000000000e+09 1.272000000000000034e+27 1.580999999999999991e+33 1.330000000000000071e+00 2.380450000000000180e+25
1.657000000000000000e+09 6.859999999999999767e+26 9.975999999999999957e+32 1.330000000000000071e+00 1.288319999999999913e+25
1.316000000000000000e+09 5.036000000000000296e+26 7.924000000000000337e+32 1.330000000000000071e+00 9.477099999999999527e+24
1.045000000000000000e+09 4.128999999999999924e+26 6.293999999999999941e+32 1.330000000000000071e+00 6.794269999999999770e+24
8.301000000000000000e+08 3.039000000000000162e+26 4.999999999999999728e+32 1.330000000000000071e+00 4.998809999999999830e+24
5.237000000000000000e+08 1.628999999999999891e+26 3.154999999999999923e+32 1.330000000000000071e+00 2.705450000000000161e+24
3.304000000000000000e+08 8.737999999999999925e+25 1.990000000000000076e+32 1.330000000000000071e+00 1.463449999999999964e+24
2.624000000000000000e+08 6.675999999999999817e+25 1.580999999999999919e+32 1.330000000000000071e+00 1.123400000000000065e+24
1.315000000000000000e+08 2.603999999999999941e+25 7.923999999999999616e+31 1.330000000000000071e+00 4.472499999999999827e+23
6.589000000000000000e+07 1.006000000000000014e+25 3.972000000000000199e+31 1.330000000000000071e+00 1.780890000000000165e+23
3.302000000000000000e+07 3.832999999999999839e+24 1.989999999999999986e+31 1.330000000000000071e+00 7.086450000000000092e+22
1.655000000000000000e+07 1.435000000000000086e+24 9.975999999999999642e+30 1.330000000000000071e+00 2.822060000000000131e+22
8.293000000000000000e+06 5.250000000000000315e+23 4.999999999999999818e+30 1.330000000000000071e+00 1.123529999999999934e+22
6.588000000000000000e+06 3.910999999999999759e+23 3.972000000000000087e+30 1.330000000000000071e+00 8.163429999999999541e+21
2.622000000000000000e+06 9.754999999999999214e+22 1.581000000000000009e+30 1.330000000000000071e+00 2.390210000000000197e+21
1.044000000000000000e+06 2.318000000000000105e+22 6.293999999999999902e+29 1.330000000000000071e+00 6.999960000000000000e+20
4.156000000000000000e+05 5.265999999999999476e+21 2.505999999999999907e+29 1.330000000000000071e+00 2.050380000000000000e+20
1.654000000000000000e+05 1.151000000000000000e+21 9.976000000000000768e+28 1.330000000000000071e+00 6.004390000000000000e+19
6.587000000000000000e+04 2.431000000000000000e+20 3.972000000000000263e+28 1.330000000000000071e+00 1.758760000000000000e+19
2.622000000000000000e+04 4.968000000000000000e+19 1.581000000000000061e+28 1.330000000000000071e+00 5.149550000000000000e+18
1.044000000000000000e+04 9.744000000000000000e+18 6.294999999999999717e+27 1.330000000000000071e+00 1.508420000000000000e+18
