9.317250718700000000e+15 7.451166816099999652e+36 1.996000000000000013e+39 1.000000000000000000e+00 0.000000000000000000e+00
9.270629572300000000e+15 7.409207784400000379e+36 1.990999999999999878e+39 1.000000000000000000e+00 0.000000000000000000e+00
9.224125358800000000e+15 7.367353992300000087e+36 1.986000000000000046e+39 1.000000000000000000e+00 0.000000000000000000e+00
9.177738078300000000e+15 7.325605439799999955e+36 1.980999999999999911e+39 1.000000000000000000e+00 0.000000000000000000e+00
9.131467730600000000e+15 7.283962126899999985e+36 1.976000000000000078e+39 1.000000000000000000e+00 0.000000000000000000e+00
9.085314315800000000e+15 7.242424053600000175e+36 1.970999999999999943e+39 1.000000000000000000e+00 0.000000000000000000e+00
9.039277833900000000e+15 7.200991219900000526e+36 1.966000000000000110e+39 1.000000000000000000e+00 0.000000000000000000e+00
8.993358285000000000e+15 7.159663625799999858e+36 1.960999999999999975e+39 1.000000000000000000e+00 0.000000000000000000e+00
8.947555668900000000e+15 7.118441271300000531e+36 1.956000000000000143e+39 1.000000000000000000e+00 0.000000000000000000e+00
8.901869985700000000e+15 7.077324156400000185e+36 1.951000000000000008e+39 1.000000000000000000e+00 0.000000000000000000e+00
8.856301235400000000e+15 7.036312281199999651e+36 1.945999999999999873e+39 1.000000000000000000e+00 0.000000000000000000e+00
8.810849418000000000e+15 6.995405645499999627e+36 1.941000000000000040e+39 1.000000000000000000e+00 0.000000000000000000e+00
8.765514533500000000e+15 6.954604249499999415e+36 1.935999999999999905e+39 1.000000000000000000e+00 0.000000000000000000e+00
8.720296581900000000e+15 6.913908092999999713e+36 1.931000000000000072e+39 1.000000000000000000e+00 0.000000000000000000e+00
8.675195563200000000e+15 6.873317176199999823e+36 1.925999999999999937e+39 1.000000000000000000e+00 0.000000000000000000e+00
8.630211477400000000e+15 6.832831499000000094e+36 1.921000000000000105e+39 1.000000000000000000e+00 0.000000000000000000e+00
8.585344324500000000e+15 6.792451061400000527e+36 1.915999999999999970e+39 1.000000000000000000e+00 0.000000000000000000e+00
8.540594104500000000e+15 6.752175863399999939e+36 1.911000000000000137e+39 1.000000000000000000e+00 0.000000000000000000e+00
8.495960817400000000e+15 6.712005904999999513e+36 1.906000000000000002e+39 1.000000000000000000e+00 0.000000000000000000e+00
8.451444463200000000e+15 6.671941186200000428e+36 1.900999999999999867e+39 1.000000000000000000e+00 0.000000000000000000e+00
8.407045041900000000e+15 6.631981707000000324e+36 1.896000000000000034e+39 1.000000000000000000e+00 0.000000000000000000e+00
8.362762553500000000e+15 6.592127467400000380e+36 1.890999999999999899e+39 1.000000000000000000e+00 0.000000000000000000e+00
8.318596997900000000e+15 6.552378467500000250e+36 1.886000000000000067e+39 1.000000000000000000e+00 0.000000000000000000e+00
8.274548375300000000e+15 6.512734707099999448e+36 1.880999999999999932e+39 1.000000000000000000e+00 0.000000000000000000e+00
8.230616685600000000e+15 6.473196186399999639e+36 1.876000000000000099e+39 1.000000000000000000e+00 0.000000000000000000e+00
8.186801928800000000e+15 6.433762905200000339e+36 1.870999999999999964e+39 1.000000000000000000e+00 0.000000000000000000e+00
8.143104104900000000e+15 6.394434863699999672e+36 1.866000000000000131e+39 1.000000000000000000e+00 0.000000000000000000e+00
8.099523213800000000e+15 6.355212061800000346e+36 1.860999999999999996e+39 1.000000000000000000e+00 0.000000000000000000e+00
8.056059255700000000e+15 6.316094499500000001e+36 1.855999999999999862e+39 1.000000000000000000e+00 0.000000000000000000e+00
8.012712230500000000e+15 6.277082176799999816e+36 1.851000000000000029e+39 1.000000000000000000e+00 0.000000000000000000e+00
7.969482138100000000e+15 6.238175093699999793e+36 1.845999999999999894e+39 1.000000000000000000e+00 0.000000000000000000e+00
7.926368978700000000e+15 6.199373250199999930e+36 1.841000000000000061e+39 1.000000000000000000e+00 0.000000000000000000e+00
7.883372752200000000e+15 6.160676646300000229e+36 1.835999999999999926e+39 1.000000000000000000e+00 0.000000000000000000e+00
7.840493458500000000e+15 6.122085281999999508e+36 1.831000000000000093e+39 1.000000000000000000e+00 0.000000000000000000e+00
7.797731097800000000e+15 6.083599157300000128e+36 1.825999999999999959e+39 1.000000000000000000e+00 0.000000000000000000e+00
7.755085670000000000e+15 6.045218272300000561e+36 1.821000000000000126e+39 1.000000000000000000e+00 0.000000000000000000e+00
7.712557175000000000e+15 6.006942626800000323e+36 1.815999999999999991e+39 1.000000000000000000e+00 0.000000000000000000e+00
7.670145613000000000e+15 5.968772220999999898e+36 1.810999999999999856e+39 1.000000000000000000e+00 0.000000000000000000e+00
7.627850983800000000e+15 5.930707054799999633e+36 1.806000000000000023e+39 1.000000000000000000e+00 0.000000000000000000e+00
7.585673287600000000e+15 5.892747128099999878e+36 1.800999999999999888e+39 1.000000000000000000e+00 0.000000000000000000e+00
7.543612524200000000e+15 5.854892441099999935e+36 1.796000000000000056e+39 1.000000000000000000e+00 0.000000000000000000e+00
7.501668693700000000e+15 5.817142993700000154e+36 1.790999999999999921e+39 1.000000000000000000e+00 0.000000000000000000e+00
7.459841796200000000e+15 5.779498785900000533e+36 1.786000000000000088e+39 1.000000000000000000e+00 0.000000000000000000e+00
7.418131831500000000e+15 5.741959817699999893e+36 1.780999999999999953e+39 1.000000000000000000e+00 0.000000000000000000e+00
7.376538799800000000e+15 5.704526089099999414e+36 1.776000000000000120e+39 1.000000000000000000e+00 0.000000000000000000e+00
7.335062700900000000e+15 5.667197600100000276e+36 1.770999999999999985e+39 1.000000000000000000e+00 0.000000000000000000e+00
7.293703534900000000e+15 5.629974350799999771e+36 1.765999999999999850e+39 1.000000000000000000e+00 0.000000000000000000e+00
7.252461301900000000e+15 5.592856340999999775e+36 1.761000000000000018e+39 1.000000000000000000e+00 0.000000000000000000e+00
7.211336001700000000e+15 5.555843570799999939e+36 1.755999999999999883e+39 1.000000000000000000e+00 0.000000000000000000e+00
7.170327634400000000e+15 5.518936040299999917e+36 1.751000000000000050e+39 1.000000000000000000e+00 0.000000000000000000e+00
7.129436200000000000e+15 5.482133749400000055e+36 1.745999999999999915e+39 1.000000000000000000e+00 0.000000000000000000e+00
7.088661698600000000e+15 5.445436697999999522e+36 1.741000000000000082e+39 1.000000000000000000e+00 0.000000000000000000e+00
7.048004130000000000e+15 5.408844886299999983e+36 1.735999999999999947e+39 1.000000000000000000e+00 0.000000000000000000e+00
7.007463494300000000e+15 5.372358314199999424e+36 1.731000000000000115e+39 1.000000000000000000e+00 0.000000000000000000e+00
6.967039791500000000e+15 5.335976981700000206e+36 1.725999999999999980e+39 1.000000000000000000e+00 0.000000000000000000e+00
6.926733021600000000e+15 5.299700888799999969e+36 1.721000000000000147e+39 1.000000000000000000e+00 0.000000000000000000e+00
6.886543184600000000e+15 5.263530035499999892e+36 1.716000000000000012e+39 1.000000000000000000e+00 0.000000000000000000e+00
6.846470280500000000e+15 5.227464421799999977e+36 1.710999999999999877e+39 1.000000000000000000e+00 0.000000000000000000e+00
6.806514309400000000e+15 5.191504047700000223e+36 1.706000000000000044e+39 1.000000000000000000e+00 0.000000000000000000e+00
6.766675271100000000e+15 5.155648913300000281e+36 1.700999999999999909e+39 1.000000000000000000e+00 0.000000000000000000e+00
6.726953165700000000e+15 5.119899018400000258e+36 1.696000000000000077e+39 1.000000000000000000e+00 0.000000000000000000e+00
6.687347993200000000e+15 5.084254363200000049e+36 1.690999999999999942e+39 1.000000000000000000e+00 0.000000000000000000e+00
6.647859753600000000e+15 5.048714947499999757e+36 1.686000000000000109e+39 1.000000000000000000e+00 0.000000000000000000e+00
6.608488446900000000e+15 5.013280771499999870e+36 1.680999999999999974e+39 1.000000000000000000e+00 0.000000000000000000e+00
6.569234073100000000e+15 4.977951835100000143e+36 1.676000000000000141e+39 1.000000000000000000e+00 0.000000000000000000e+00
6.530096632100000000e+15 4.942728138299999986e+36 1.671000000000000006e+39 1.000000000000000000e+00 0.000000000000000000e+00
6.491076124100000000e+15 4.907609680999999749e+36 1.665999999999999871e+39 1.000000000000000000e+00 0.000000000000000000e+00
6.452172549000000000e+15 4.872596463399999914e+36 1.661000000000000039e+39 1.000000000000000000e+00 0.000000000000000000e+00
6.413385906800000000e+15 4.837688485499999893e+36 1.655999999999999904e+39 1.000000000000000000e+00 0.000000000000000000e+00
6.374716197500000000e+15 4.802885747099999790e+36 1.651000000000000071e+39 1.000000000000000000e+00 0.000000000000000000e+00
6.336163421100000000e+15 4.768188248299999848e+36 1.645999999999999936e+39 1.000000000000000000e+00 0.000000000000000000e+00
6.297727577500000000e+15 4.733595989100000068e+36 1.641000000000000103e+39 1.000000000000000000e+00 0.000000000000000000e+00
6.259408666900000000e+15 4.699108969600000100e+36 1.635999999999999968e+39 1.000000000000000000e+00 0.000000000000000000e+00
6.221206689200000000e+15 4.664727189600000051e+36 1.631000000000000136e+39 1.000000000000000000e+00 0.000000000000000000e+00
6.183121644400000000e+15 4.630450649299999814e+36 1.626000000000000001e+39 1.000000000000000000e+00 0.000000000000000000e+00
6.145153532400000000e+15 4.596279348500000087e+36 1.620999999999999866e+39 1.000000000000000000e+00 0.000000000000000000e+00
6.107302353400000000e+15 4.562213287400000173e+36 1.616000000000000033e+39 1.000000000000000000e+00 0.000000000000000000e+00
6.069568107300000000e+15 4.528252465899999829e+36 1.610999999999999898e+39 1.000000000000000000e+00 0.000000000000000000e+00
6.031950794000000000e+15 4.494396884000000237e+36 1.606000000000000065e+39 1.000000000000000000e+00 0.000000000000000000e+00
5.994450413700000000e+15 4.460646541700000215e+36 1.600999999999999931e+39 1.000000000000000000e+00 0.000000000000000000e+00
5.957066966300000000e+15 4.427001438999999764e+36 1.596000000000000098e+39 1.000000000000000000e+00 0.000000000000000000e+00
5.919800451700000000e+15 4.393461575900000064e+36 1.590999999999999963e+39 1.000000000000000000e+00 0.000000000000000000e+00
5.882650870100000000e+15 4.360026952399999935e+36 1.586000000000000130e+39 1.000000000000000000e+00 0.000000000000000000e+00
5.845618221300000000e+15 4.326697568499999967e+36 1.580999999999999995e+39 1.000000000000000000e+00 0.000000000000000000e+00
5.808702505500000000e+15 4.293473424299999811e+36 1.575999999999999860e+39 1.000000000000000000e+00 0.000000000000000000e+00
5.771903722500000000e+15 4.260354519600000165e+36 1.571000000000000028e+39 1.000000000000000000e+00 0.000000000000000000e+00
5.735221872500000000e+15 4.227340854599999742e+36 1.565999999999999893e+39 1.000000000000000000e+00 0.000000000000000000e+00
5.698656955300000000e+15 4.194432429099999827e+36 1.561000000000000060e+39 1.000000000000000000e+00 0.000000000000000000e+00
5.662208971100000000e+15 4.161629243299999725e+36 1.555999999999999925e+39 1.000000000000000000e+00 0.000000000000000000e+00
5.625877919700000000e+15 4.128931297099999784e+36 1.551000000000000092e+39 1.000000000000000000e+00 0.000000000000000000e+00
5.589663801200000000e+15 4.096338590399999762e+36 1.545999999999999957e+39 1.000000000000000000e+00 0.000000000000000000e+00
5.553566615700000000e+15 4.063851123400000144e+36 1.541000000000000125e+39 1.000000000000000000e+00 0.000000000000000000e+00
5.517586363000000000e+15 4.031468896000000095e+36 1.535999999999999990e+39 1.000000000000000000e+00 0.000000000000000000e+00
5.481723043200000000e+15 3.999191908200000208e+36 1.530999999999999855e+39 1.000000000000000000e+00 0.000000000000000000e+00
5.445976656400000000e+15 3.967020160100000134e+36 1.526000000000000022e+39 1.000000000000000000e+00 0.000000000000000000e+00
5.410347202400000000e+15 3.934953651499999978e+36 1.520999999999999887e+39 1.000000000000000000e+00 0.000000000000000000e+00
5.374834681300000000e+15 3.902992382499999984e+36 1.516000000000000054e+39 1.000000000000000000e+00 0.000000000000000000e+00
5.339439093100000000e+15 3.871136353199999802e+36 1.510999999999999919e+39 1.000000000000000000e+00 0.000000000000000000e+00
5.304160437900000000e+15 3.839385563400000129e+36 1.506000000000000087e+39 1.000000000000000000e+00 0.000000000000000000e+00
5.268998715500000000e+15 3.807740013300000270e+36 1.500999999999999952e+39 1.000000000000000000e+00 0.000000000000000000e+00
5.233953926000000000e+15 3.776199702699999738e+36 1.496000000000000119e+39 1.000000000000000000e+00 0.000000000000000000e+00
5.199026069400000000e+15 3.744764631800000200e+36 1.490999999999999984e+39 1.000000000000000000e+00 0.000000000000000000e+00
5.164215145700000000e+15 3.713434800500000233e+36 1.485999999999999849e+39 1.000000000000000000e+00 0.000000000000000000e+00
5.129521154900000000e+15 3.682210208799999837e+36 1.481000000000000016e+39 1.000000000000000000e+00 0.000000000000000000e+00
5.094944097000000000e+15 3.651090856700000192e+36 1.475999999999999881e+39 1.000000000000000000e+00 0.000000000000000000e+00
5.060483972000000000e+15 3.620076744200000117e+36 1.471000000000000049e+39 1.000000000000000000e+00 0.000000000000000000e+00
5.026140780000000000e+15 3.589167871300000203e+36 1.465999999999999914e+39 1.000000000000000000e+00 0.000000000000000000e+00
4.991914520800000000e+15 3.558364237999999860e+36 1.461000000000000081e+39 1.000000000000000000e+00 0.000000000000000000e+00
4.957805194500000000e+15 3.527665844300000269e+36 1.455999999999999946e+39 1.000000000000000000e+00 0.000000000000000000e+00
4.923812801000000000e+15 3.497072690299999900e+36 1.451000000000000113e+39 1.000000000000000000e+00 0.000000000000000000e+00
4.889937340500000000e+15 3.466584775800000040e+36 1.445999999999999978e+39 1.000000000000000000e+00 0.000000000000000000e+00
4.856178812900000000e+15 3.436202100999999992e+36 1.441000000000000146e+39 1.000000000000000000e+00 0.000000000000000000e+00
4.822537218200000000e+15 3.405924665699999864e+36 1.436000000000000011e+39 1.000000000000000000e+00 0.000000000000000000e+00
4.789012556400000000e+15 3.375752470100000139e+36 1.430999999999999876e+39 1.000000000000000000e+00 0.000000000000000000e+00
4.755604827500000000e+15 3.345685514099999984e+36 1.426000000000000043e+39 1.000000000000000000e+00 0.000000000000000000e+00
4.722314031500000000e+15 3.315723797699999991e+36 1.420999999999999908e+39 1.000000000000000000e+00 0.000000000000000000e+00
4.689140168400000000e+15 3.285867320900000158e+36 1.416000000000000075e+39 1.000000000000000000e+00 0.000000000000000000e+00
4.656083238100000000e+15 3.256116083699999896e+36 1.410999999999999940e+39 1.000000000000000000e+00 0.000000000000000000e+00
4.623143240800000000e+15 3.226470086099999795e+36 1.406000000000000108e+39 1.000000000000000000e+00 0.000000000000000000e+00
4.590320176400000000e+15 3.196929328099999855e+36 1.400999999999999973e+39 1.000000000000000000e+00 0.000000000000000000e+00
4.557614044900000000e+15 3.167493809700000076e+36 1.396000000000000140e+39 1.000000000000000000e+00 0.000000000000000000e+00
4.525024846200000000e+15 3.138163530899999867e+36 1.391000000000000005e+39 1.000000000000000000e+00 0.000000000000000000e+00
4.492552580500000000e+15 3.108938491800000062e+36 1.385999999999999870e+39 1.000000000000000000e+00 0.000000000000000000e+00
4.460197247700000000e+15 3.079818692200000176e+36 1.381000000000000037e+39 1.000000000000000000e+00 0.000000000000000000e+00
4.427958847700000000e+15 3.050804132300000102e+36 1.375999999999999903e+39 1.000000000000000000e+00 0.000000000000000000e+00
4.395837380700000000e+15 3.021894812000000190e+36 1.371000000000000070e+39 1.000000000000000000e+00 0.000000000000000000e+00
4.363832846600000000e+15 2.993090731200000196e+36 1.365999999999999935e+39 1.000000000000000000e+00 0.000000000000000000e+00
4.331945245300000000e+15 2.964391890100000015e+36 1.360999999999999951e+39 1.000000000000000000e+00 0.000000000000000000e+00
4.300174577000000000e+15 2.935798288599999995e+36 1.355999999999999967e+39 1.000000000000000000e+00 0.000000000000000000e+00
4.268520841500000000e+15 2.907309926700000136e+36 1.350999999999999983e+39 1.000000000000000000e+00 0.000000000000000000e+00
4.236984039000000000e+15 2.878926804399999847e+36 1.346000000000000000e+39 1.000000000000000000e+00 0.000000000000000000e+00
4.205564169300000000e+15 2.850648921699999720e+36 1.341000000000000016e+39 1.000000000000000000e+00 0.000000000000000000e+00
4.174261232600000000e+15 2.822476278599999753e+36 1.336000000000000032e+39 1.000000000000000000e+00 0.000000000000000000e+00
4.143075228700000000e+15 2.794408875200000190e+36 1.331000000000000048e+39 1.000000000000000000e+00 0.000000000000000000e+00
4.112006157800000000e+15 2.766446711299999955e+36 1.326000000000000064e+39 1.000000000000000000e+00 0.000000000000000000e+00
4.081054019700000000e+15 2.738589787100000124e+36 1.320999999999999929e+39 1.000000000000000000e+00 0.000000000000000000e+00
4.050218814500000000e+15 2.710838102400000211e+36 1.315999999999999945e+39 1.000000000000000000e+00 0.000000000000000000e+00
4.019500542300000000e+15 2.683191657400000111e+36 1.310999999999999962e+39 1.000000000000000000e+00 0.000000000000000000e+00
3.988899202900000000e+15 2.655650451999999877e+36 1.305999999999999978e+39 1.000000000000000000e+00 0.000000000000000000e+00
3.958414796500000000e+15 2.628214486099999856e+36 1.300999999999999994e+39 1.000000000000000000e+00 0.000000000000000000e+00
3.928047322900000000e+15 2.600883759899999944e+36 1.296000000000000010e+39 1.000000000000000000e+00 0.000000000000000000e+00
3.897796782200000000e+15 2.573658273299999898e+36 1.291000000000000026e+39 1.000000000000000000e+00 0.000000000000000000e+00
3.867663174400000000e+15 2.546538026300000012e+36 1.286000000000000042e+39 1.000000000000000000e+00 0.000000000000000000e+00
3.837646499600000000e+15 2.519523018899999993e+36 1.281000000000000059e+39 1.000000000000000000e+00 0.000000000000000000e+00
3.807746757600000000e+15 2.492613251100000134e+36 1.276000000000000075e+39 1.000000000000000000e+00 0.000000000000000000e+00
3.777963948500000000e+15 2.465808723000000088e+36 1.270999999999999940e+39 1.000000000000000000e+00 0.000000000000000000e+00
3.748298072300000000e+15 2.439109434399999961e+36 1.265999999999999956e+39 1.000000000000000000e+00 0.000000000000000000e+00
3.718749129000000000e+15 2.412515385499999942e+36 1.260999999999999972e+39 1.000000000000000000e+00 0.000000000000000000e+00
3.689317118600000000e+15 2.386026576100000137e+36 1.255999999999999988e+39 1.000000000000000000e+00 0.000000000000000000e+00
3.660002041200000000e+15 2.359643006400000145e+36 1.251000000000000005e+39 1.000000000000000000e+00 0.000000000000000000e+00
3.630803896600000000e+15 2.333364676200000071e+36 1.246000000000000021e+39 1.000000000000000000e+00 0.000000000000000000e+00
3.601722684900000000e+15 2.307191585700000106e+36 1.241000000000000037e+39 1.000000000000000000e+00 0.000000000000000000e+00
3.572758406100000000e+15 2.281123734800000006e+36 1.236000000000000053e+39 1.000000000000000000e+00 0.000000000000000000e+00
3.543911060200000000e+15 2.255161123500000067e+36 1.231000000000000069e+39 1.000000000000000000e+00 0.000000000000000000e+00
3.515180647200000000e+15 2.229303751799999995e+36 1.225999999999999934e+39 1.000000000000000000e+00 0.000000000000000000e+00
3.486567167100000000e+15 2.203551619700000083e+36 1.220999999999999950e+39 1.000000000000000000e+00 0.000000000000000000e+00
3.458070619900000000e+15 2.177904727200000037e+36 1.215999999999999967e+39 1.000000000000000000e+00 0.000000000000000000e+00
3.429691005600000000e+15 2.152363074299999856e+36 1.210999999999999983e+39 1.000000000000000000e+00 0.000000000000000000e+00
3.401428324200000000e+15 2.126926661100000079e+36 1.205999999999999999e+39 1.000000000000000000e+00 0.000000000000000000e+00
3.373282575600000000e+15 2.101595487399999926e+36 1.201000000000000015e+39 1.000000000000000000e+00 0.000000000000000000e+00
3.345253760000000000e+15 2.076369553399999880e+36 1.196000000000000031e+39 1.000000000000000000e+00 0.000000000000000000e+00
3.317341877300000000e+15 2.051248858900000049e+36 1.191000000000000047e+39 1.000000000000000000e+00 0.000000000000000000e+00
3.289546927500000000e+15 2.026233404100000030e+36 1.186000000000000064e+39 1.000000000000000000e+00 0.000000000000000000e+00
3.261868910600000000e+15 2.001323188799999930e+36 1.180999999999999929e+39 1.000000000000000000e+00 0.000000000000000000e+00
3.234307826600000000e+15 1.976518213199999938e+36 1.175999999999999945e+39 1.000000000000000000e+00 0.000000000000000000e+00
3.206863675400000000e+15 1.951818477200000107e+36 1.170999999999999961e+39 1.000000000000000000e+00 0.000000000000000000e+00
3.179536457200000000e+15 1.927223980800000142e+36 1.165999999999999977e+39 1.000000000000000000e+00 0.000000000000000000e+00
3.152326171900000000e+15 1.902734724000000043e+36 1.160999999999999993e+39 1.000000000000000000e+00 0.000000000000000000e+00
3.125232819400000000e+15 1.878350706800000105e+36 1.156000000000000009e+39 1.000000000000000000e+00 0.000000000000000000e+00
3.098256399900000000e+15 1.854071929299999979e+36 1.151000000000000026e+39 1.000000000000000000e+00 0.000000000000000000e+00
3.071396913300000000e+15 1.829898391300000068e+36 1.146000000000000042e+39 1.000000000000000000e+00 0.000000000000000000e+00
3.044654359500000000e+15 1.805830092900000022e+36 1.141000000000000058e+39 1.000000000000000000e+00 0.000000000000000000e+00
3.018028738700000000e+15 1.781867034200000085e+36 1.136000000000000074e+39 1.000000000000000000e+00 0.000000000000000000e+00
2.991520050800000000e+15 1.758009215000000066e+36 1.130999999999999939e+39 1.000000000000000000e+00 0.000000000000000000e+00
2.965128295700000000e+15 1.734256635499999860e+36 1.125999999999999955e+39 1.000000000000000000e+00 0.000000000000000000e+00
2.938853473600000000e+15 1.710609295499999867e+36 1.120999999999999972e+39 1.000000000000000000e+00 0.000000000000000000e+00
2.912695584300000000e+15 1.687067195199999983e+36 1.115999999999999988e+39 1.000000000000000000e+00 0.000000000000000000e+00
2.886654628000000000e+15 1.663630334499999965e+36 1.111000000000000004e+39 1.000000000000000000e+00 0.000000000000000000e+00
2.860730604500000000e+15 1.640298713400000108e+36 1.106000000000000020e+39 1.000000000000000000e+00 0.000000000000000000e+00
2.834923514000000000e+15 1.617072331900000116e+36 1.101000000000000036e+39 1.000000000000000000e+00 0.000000000000000000e+00
2.809233356300000000e+15 1.593951189999999990e+36 1.096000000000000052e+39 1.000000000000000000e+00 0.000000000000000000e+00
2.783660131600000000e+15 1.570935287700000026e+36 1.091000000000000069e+39 1.000000000000000000e+00 0.000000000000000000e+00
2.758203839700000000e+15 1.548024625099999874e+36 1.085999999999999934e+39 1.000000000000000000e+00 0.000000000000000000e+00
2.732864480700000000e+15 1.525219201999999936e+36 1.080999999999999950e+39 1.000000000000000000e+00 0.000000000000000000e+00
2.707642054700000000e+15 1.502519018499999864e+36 1.075999999999999966e+39 1.000000000000000000e+00 0.000000000000000000e+00
2.682536561500000000e+15 1.479924074699999900e+36 1.070999999999999982e+39 1.000000000000000000e+00 0.000000000000000000e+00
2.657548001200000000e+15 1.457434370399999854e+36 1.065999999999999998e+39 1.000000000000000000e+00 0.000000000000000000e+00
2.632676373900000000e+15 1.435049905799999917e+36 1.061000000000000014e+39 1.000000000000000000e+00 0.000000000000000000e+00
2.607921679400000000e+15 1.412770680800000141e+36 1.056000000000000031e+39 1.000000000000000000e+00 0.000000000000000000e+00
2.583283917800000000e+15 1.390596695399999935e+36 1.051000000000000047e+39 1.000000000000000000e+00 0.000000000000000000e+00
2.558763089100000000e+15 1.368527949499999943e+36 1.046000000000000063e+39 1.000000000000000000e+00 0.000000000000000000e+00
2.534359193400000000e+15 1.346564443300000059e+36 1.040999999999999928e+39 1.000000000000000000e+00 0.000000000000000000e+00
2.510072230500000000e+15 1.324706176799999989e+36 1.035999999999999944e+39 1.000000000000000000e+00 0.000000000000000000e+00
2.485902200500000000e+15 1.302953149799999984e+36 1.030999999999999960e+39 1.000000000000000000e+00 0.000000000000000000e+00
2.461849103400000000e+15 1.281305362399999993e+36 1.025999999999999977e+39 1.000000000000000000e+00 0.000000000000000000e+00
2.437912939200000000e+15 1.259762814600000015e+36 1.020999999999999993e+39 1.000000000000000000e+00 0.000000000000000000e+00
2.414093707900000000e+15 1.238325506499999998e+36 1.016000000000000009e+39 1.000000000000000000e+00 0.000000000000000000e+00
2.390391409500000000e+15 1.216993437900000047e+36 1.011000000000000025e+39 1.000000000000000000e+00 0.000000000000000000e+00
2.366806044000000000e+15 1.195766609000000057e+36 1.006000000000000041e+39 1.000000000000000000e+00 0.000000000000000000e+00
2.343337611400000000e+15 1.174645019599999985e+36 1.001000000000000057e+39 1.000000000000000000e+00 0.000000000000000000e+00
2.319986111700000000e+15 1.153628669900000021e+36 9.960000000000000735e+38 1.000000000000000000e+00 0.000000000000000000e+00
2.296751544900000000e+15 1.132717559800000071e+36 9.909999999999999386e+38 1.000000000000000000e+00 0.000000000000000000e+00
2.273633911000000000e+15 1.111911689299999986e+36 9.859999999999999548e+38 1.000000000000000000e+00 0.000000000000000000e+00
2.250633210000000000e+15 1.091211058400000063e+36 9.809999999999999709e+38 1.000000000000000000e+00 0.000000000000000000e+00
2.227749441900000000e+15 1.070615667100000005e+36 9.759999999999999871e+38 1.000000000000000000e+00 0.000000000000000000e+00
2.204982606700000000e+15 1.050125515399999961e+36 9.710000000000000033e+38 1.000000000000000000e+00 0.000000000000000000e+00
2.182332704400000000e+15 1.029740603299999930e+36 9.660000000000000194e+38 1.000000000000000000e+00 0.000000000000000000e+00
2.159799735000000000e+15 1.009460930800000060e+36 9.610000000000000356e+38 1.000000000000000000e+00 0.000000000000000000e+00
2.137383698500000000e+15 9.892864979500000289e+35 9.560000000000000518e+38 1.000000000000000000e+00 0.000000000000000000e+00
2.115084594800000000e+15 9.692173046899999579e+35 9.510000000000000679e+38 1.000000000000000000e+00 0.000000000000000000e+00
2.092902424100000000e+15 9.492533510399999541e+35 9.459999999999999330e+38 1.000000000000000000e+00 0.000000000000000000e+00
2.070837186300000000e+15 9.293946370000000173e+35 9.409999999999999492e+38 1.000000000000000000e+00 0.000000000000000000e+00
2.048888881400000000e+15 9.096411625700000002e+35 9.359999999999999653e+38 1.000000000000000000e+00 0.000000000000000000e+00
2.027057509400000000e+15 8.899929277399999964e+35 9.309999999999999815e+38 1.000000000000000000e+00 0.000000000000000000e+00
2.005343070200000000e+15 8.704499325299999659e+35 9.259999999999999977e+38 1.000000000000000000e+00 0.000000000000000000e+00
1.983745564000000000e+15 8.510121769199999488e+35 9.210000000000000138e+38 1.000000000000000000e+00 0.000000000000000000e+00
1.962264990700000000e+15 8.316796609199999988e+35 9.160000000000000300e+38 1.000000000000000000e+00 0.000000000000000000e+00
1.940901350200000000e+15 8.124523845299999684e+35 9.110000000000000462e+38 1.000000000000000000e+00 0.000000000000000000e+00
1.919654642700000000e+15 7.933303477399999514e+35 9.060000000000000623e+38 1.000000000000000000e+00 0.000000000000000000e+00
1.898524868000000000e+15 7.743135505600000014e+35 9.009999999999999274e+38 1.000000000000000000e+00 0.000000000000000000e+00
1.877512026300000000e+15 7.554019930000000248e+35 8.959999999999999436e+38 1.000000000000000000e+00 0.000000000000000000e+00
1.856616117500000000e+15 7.365956750400000616e+35 8.909999999999999597e+38 1.000000000000000000e+00 0.000000000000000000e+00
1.835837141500000000e+15 7.178945966799999642e+35 8.859999999999999759e+38 1.000000000000000000e+00 0.000000000000000000e+00
1.815175098500000000e+15 6.992987579399999877e+35 8.809999999999999921e+38 1.000000000000000000e+00 0.000000000000000000e+00
1.794629988300000000e+15 6.808081588000000245e+35 8.760000000000000082e+38 1.000000000000000000e+00 0.000000000000000000e+00
1.774201811100000000e+15 6.624227992800000347e+35 8.710000000000000244e+38 3.409638554199999838e+00 0.000000000000000000e+00
1.759833020000000000e+15 6.495465471500000198e+35 8.660000000000000406e+38 3.409638554199999838e+00 0.000000000000000000e+00
1.745546260500000000e+15 6.368481948199999895e+35 8.610000000000000567e+38 3.409638554199999838e+00 0.000000000000000000e+00
1.731340865700000000e+15 6.243262961199999653e+35 8.560000000000000729e+38 3.409638554199999838e+00 0.000000000000000000e+00
1.717216170400000000e+15 6.119794082999999780e+35 8.509999999999999380e+38 3.409638554199999838e+00 0.000000000000000000e+00
1.703171510900000000e+15 5.998060920799999677e+35 8.459999999999999541e+38 3.409638554199999838e+00 0.000000000000000000e+00
1.689206225100000000e+15 5.878049116299999711e+35 8.409999999999999703e+38 3.409638554199999838e+00 0.000000000000000000e+00
1.675319652600000000e+15 5.759744345999999879e+35 8.359999999999999865e+38 3.409638554199999838e+00 0.000000000000000000e+00
1.661511134400000000e+15 5.643132321100000007e+35 8.310000000000000026e+38 3.409638554199999838e+00 0.000000000000000000e+00
1.647780013300000000e+15 5.528198788000000222e+35 8.260000000000000188e+38 3.409638554199999838e+00 0.000000000000000000e+00
1.634125633800000000e+15 5.414929527799999744e+35 8.210000000000000350e+38 3.409638554199999838e+00 0.000000000000000000e+00
1.620547341700000000e+15 5.303310357300000047e+35 8.160000000000000511e+38 3.409638554199999838e+00 0.000000000000000000e+00
1.607044484600000000e+15 5.193327128300000355e+35 8.110000000000000673e+38 3.409638554199999838e+00 0.000000000000000000e+00
1.593616411900000000e+15 5.084965728100000331e+35 8.059999999999999324e+38 3.409638554199999838e+00 0.000000000000000000e+00
1.580262474400000000e+15 4.978212079699999680e+35 8.009999999999999485e+38 3.409638554199999838e+00 0.000000000000000000e+00
1.566982024700000000e+15 4.873052141699999821e+35 7.959999999999999647e+38 3.409638554199999838e+00 0.000000000000000000e+00
1.553774416900000000e+15 4.769471908899999732e+35 7.909999999999999809e+38 3.409638554199999838e+00 0.000000000000000000e+00
1.540639007000000000e+15 4.667457411600000310e+35 7.859999999999999970e+38 3.409638554199999838e+00 0.000000000000000000e+00
1.527575152300000000e+15 4.566994716500000348e+35 7.810000000000000132e+38 3.409638554199999838e+00 0.000000000000000000e+00
1.514582212200000000e+15 4.468069926599999690e+35 7.760000000000000294e+38 3.409638554199999838e+00 0.000000000000000000e+00
1.501659547500000000e+15 4.370669181199999969e+35 7.710000000000000455e+38 3.409638554199999838e+00 0.000000000000000000e+00
1.488806520700000000e+15 4.274778656099999778e+35 7.660000000000000617e+38 3.409638554199999838e+00 0.000000000000000000e+00
1.476022496100000000e+15 4.180384563800000170e+35 7.609999999999999268e+38 3.409638554199999838e+00 0.000000000000000000e+00
1.463306839600000000e+15 4.087473153799999637e+35 7.559999999999999429e+38 3.409638554199999838e+00 0.000000000000000000e+00
1.450658918900000000e+15 3.996030712399999666e+35 7.509999999999999591e+38 3.409638554199999838e+00 0.000000000000000000e+00
1.438078103300000000e+15 3.906043562800000119e+35 7.459999999999999753e+38 3.409638554199999838e+00 0.000000000000000000e+00
1.425563763900000000e+15 3.817498065899999841e+35 7.409999999999999914e+38 3.409638554199999838e+00 0.000000000000000000e+00
1.413115273500000000e+15 3.730380619600000274e+35 7.360000000000000076e+38 3.409638554199999838e+00 0.000000000000000000e+00
1.400732006700000000e+15 3.644677659600000170e+35 7.310000000000000238e+38 3.409638554199999838e+00 0.000000000000000000e+00
1.388413339600000000e+15 3.560375659199999676e+35 7.260000000000000399e+38 3.409638554199999838e+00 0.000000000000000000e+00
1.376158650400000000e+15 3.477461129499999934e+35 7.210000000000000561e+38 3.409638554199999838e+00 0.000000000000000000e+00
1.363967318700000000e+15 3.395920619700000270e+35 7.160000000000000723e+38 3.409638554199999838e+00 0.000000000000000000e+00
1.351838726200000000e+15 3.315740717100000036e+35 7.109999999999999373e+38 3.409638554199999838e+00 0.000000000000000000e+00
1.339772256000000000e+15 3.236908047199999882e+35 7.059999999999999535e+38 3.409638554199999838e+00 0.000000000000000000e+00
1.327767293400000000e+15 3.159409274299999824e+35 7.009999999999999697e+38 3.409638554199999838e+00 0.000000000000000000e+00
1.315823225000000000e+15 3.083231100999999868e+35 6.959999999999999858e+38 3.409638554199999838e+00 0.000000000000000000e+00
1.303939439600000000e+15 3.008360268900000092e+35 6.910000000000000020e+38 3.409638554199999838e+00 0.000000000000000000e+00
1.292115327600000000e+15 2.934783558300000131e+35 6.860000000000000182e+38 3.409638554199999838e+00 0.000000000000000000e+00
1.280350281200000000e+15 2.862487789099999964e+35 6.810000000000000343e+38 3.409638554199999838e+00 0.000000000000000000e+00
1.268643694500000000e+15 2.791459820000000037e+35 6.759999999999999750e+38 3.409638554199999838e+00 0.000000000000000000e+00
1.256994963300000000e+15 2.721686549399999830e+35 6.709999999999999911e+38 3.409638554199999838e+00 0.000000000000000000e+00
1.245403485400000000e+15 2.653154915400000070e+35 6.660000000000000073e+38 3.409638554199999838e+00 0.000000000000000000e+00
1.233868660200000000e+15 2.585851895699999980e+35 6.610000000000000235e+38 3.409638554199999838e+00 0.000000000000000000e+00
1.222389889200000000e+15 2.519764508099999968e+35 6.559999999999999641e+38 3.409638554199999838e+00 0.000000000000000000e+00
1.210966575600000000e+15 2.454879810700000117e+35 6.509999999999999802e+38 3.409638554199999838e+00 0.000000000000000000e+00
1.199598124400000000e+15 2.391184901699999848e+35 6.459999999999999964e+38 3.409638554199999838e+00 0.000000000000000000e+00
1.188283942700000000e+15 2.328666920000000042e+35 6.410000000000000126e+38 3.409638554199999838e+00 0.000000000000000000e+00
1.177023439200000000e+15 2.267313045200000082e+35 6.360000000000000288e+38 3.409638554199999838e+00 0.000000000000000000e+00
1.165816024700000000e+15 2.207110497600000074e+35 6.309999999999999694e+38 3.409638554199999838e+00 0.000000000000000000e+00
1.154661111800000000e+15 2.148046538900000175e+35 6.259999999999999855e+38 3.409638554199999838e+00 0.000000000000000000e+00
1.143558115000000000e+15 2.090108471900000095e+35 6.210000000000000017e+38 3.409638554199999838e+00 0.000000000000000000e+00
1.132506450800000000e+15 2.033283640900000131e+35 6.160000000000000179e+38 3.409638554199999838e+00 0.000000000000000000e+00
1.121505537400000000e+15 1.977559431799999869e+35 6.110000000000000340e+38 3.409638554199999838e+00 0.000000000000000000e+00
1.110554795300000000e+15 1.922923272499999958e+35 6.059999999999999746e+38 3.409638554199999838e+00 0.000000000000000000e+00
1.099653646600000000e+15 1.869362633000000071e+35 6.009999999999999908e+38 3.409638554199999838e+00 0.000000000000000000e+00
1.088801515400000000e+15 1.816865025400000005e+35 5.960000000000000070e+38 3.409638554199999838e+00 0.000000000000000000e+00
1.077997828000000000e+15 1.765418004400000161e+35 5.910000000000000232e+38 3.409638554199999838e+00 0.000000000000000000e+00
1.067242012300000000e+15 1.715009167500000032e+35 5.859999999999999638e+38 3.409638554199999838e+00 0.000000000000000000e+00
1.056533498600000000e+15 1.665626154800000084e+35 5.809999999999999799e+38 3.409638554199999838e+00 0.000000000000000000e+00
1.045871718900000000e+15 1.617256649999999931e+35 5.759999999999999961e+38 3.409638554199999838e+00 0.000000000000000000e+00
1.035256107100000000e+15 1.569888379599999944e+35 5.710000000000000123e+38 3.409638554199999838e+00 0.000000000000000000e+00
1.024686099500000000e+15 1.523509114099999949e+35 5.660000000000000284e+38 3.409638554199999838e+00 0.000000000000000000e+00
1.014161134100000000e+15 1.478106667500000045e+35 5.609999999999999690e+38 3.409638554199999838e+00 0.000000000000000000e+00
1.003680651100000000e+15 1.433668897999999942e+35 5.559999999999999852e+38 3.409638554199999838e+00 0.000000000000000000e+00
9.932440925000000000e+14 1.390183708000000064e+35 5.510000000000000014e+38 3.409638554199999838e+00 0.000000000000000000e+00
9.828509026400000000e+14 1.347639044400000029e+35 5.460000000000000176e+38 3.409638554199999838e+00 0.000000000000000000e+00
9.725005277900000000e+14 1.306022898699999922e+35 5.410000000000000337e+38 3.409638554199999838e+00 0.000000000000000000e+00
9.621924162800000000e+14 1.265323307600000015e+35 5.359999999999999743e+38 3.409638554199999838e+00 0.000000000000000000e+00
9.519260185500000000e+14 1.225528352700000080e+35 5.309999999999999905e+38 3.409638554199999838e+00 0.000000000000000000e+00
9.417007871400000000e+14 1.186626161299999994e+35 5.260000000000000067e+38 3.409638554199999838e+00 0.000000000000000000e+00
9.315161766900000000e+14 1.148604906399999930e+35 5.210000000000000228e+38 3.409638554199999838e+00 0.000000000000000000e+00
9.213716439600000000e+14 1.111452806799999967e+35 5.159999999999999634e+38 3.409638554199999838e+00 0.000000000000000000e+00
9.112666478400000000e+14 1.075158127699999998e+35 5.109999999999999796e+38 3.409638554199999838e+00 0.000000000000000000e+00
9.012006493600000000e+14 1.039709180599999926e+35 5.059999999999999958e+38 3.409638554199999838e+00 0.000000000000000000e+00
8.911731117200000000e+14 1.005094323999999927e+35 5.010000000000000120e+38 3.409638554199999838e+00 0.000000000000000000e+00
8.811835002700000000e+14 9.713019631699999861e+34 4.960000000000000281e+38 3.409638554199999838e+00 0.000000000000000000e+00
8.712312825700000000e+14 9.383205509000000528e+34 4.909999999999999687e+38 3.409638554199999838e+00 0.000000000000000000e+00
8.613159283300000000e+14 9.061385874499999599e+34 4.859999999999999849e+38 3.409638554199999838e+00 0.000000000000000000e+00
8.514369095200000000e+14 8.747446209900000162e+34 4.810000000000000011e+38 3.409638554199999838e+00 0.000000000000000000e+00
8.415937002800000000e+14 8.441272478200000122e+34 4.760000000000000172e+38 3.409638554199999838e+00 0.000000000000000000e+00
8.317857770200000000e+14 8.142751127399999548e+34 4.710000000000000334e+38 3.409638554199999838e+00 0.000000000000000000e+00
8.220126183900000000e+14 7.851769092799999750e+34 4.659999999999999740e+38 3.409638554199999838e+00 0.000000000000000000e+00
8.122737052900000000e+14 7.568213800300000360e+34 4.609999999999999902e+38 3.409638554199999838e+00 0.000000000000000000e+00
8.025685209100000000e+14 7.291973169700000097e+34 4.560000000000000064e+38 3.409638554199999838e+00 0.000000000000000000e+00
7.928965507200000000e+14 7.022935617600000176e+34 4.510000000000000225e+38 3.409638554199999838e+00 0.000000000000000000e+00
7.832572825100000000e+14 6.760990060499999946e+34 4.459999999999999631e+38 3.409638554199999838e+00 0.000000000000000000e+00
7.736502063900000000e+14 6.506025918600000341e+34 4.409999999999999793e+38 3.409638554199999838e+00 0.000000000000000000e+00
7.640748147800000000e+14 6.257933118399999593e+34 4.359999999999999955e+38 3.409638554199999838e+00 0.000000000000000000e+00
7.545195385400000000e+14 6.002137310399999570e+34 4.310000000000000116e+38 4.448275862100000033e+00 0.000000000000000000e+00
7.450125150500000000e+14 5.698539036800000093e+34 4.260000000000000278e+38 4.448275862100000033e+00 0.000000000000000000e+00
7.355442932900000000e+14 5.406982683000000421e+34 4.209999999999999684e+38 4.448275862100000033e+00 0.000000000000000000e+00
7.261137677800000000e+14 5.127125164099999607e+34 4.159999999999999846e+38 4.448275862100000033e+00 0.000000000000000000e+00
7.167198518700000000e+14 4.858629245800000074e+34 4.110000000000000008e+38 4.448275862100000033e+00 0.000000000000000000e+00
7.073614776800000000e+14 4.601163513399999638e+34 4.060000000000000169e+38 4.448275862100000033e+00 0.000000000000000000e+00
6.980375959500000000e+14 4.354402340099999686e+34 4.010000000000000331e+38 4.448275862100000033e+00 0.000000000000000000e+00
6.887471759900000000e+14 4.118025855500000039e+34 3.959999999999999737e+38 4.448275862100000033e+00 0.000000000000000000e+00
6.794892055600000000e+14 3.891719913700000156e+34 3.909999999999999899e+38 4.448275862100000033e+00 0.000000000000000000e+00
6.702626907500000000e+14 3.675176061000000216e+34 3.860000000000000060e+38 4.448275862100000033e+00 0.000000000000000000e+00
6.610666559000000000e+14 3.468091503900000209e+34 3.810000000000000222e+38 4.448275862100000033e+00 0.000000000000000000e+00
6.519001434600000000e+14 3.270169076100000115e+34 3.759999999999999628e+38 4.448275862100000033e+00 0.000000000000000000e+00
6.427622139300000000e+14 3.081117206200000063e+34 3.709999999999999790e+38 4.448275862100000033e+00 0.000000000000000000e+00
6.336519457200000000e+14 2.900649884200000127e+34 3.659999999999999952e+38 4.448275862100000033e+00 0.000000000000000000e+00
6.245684350600000000e+14 2.728486628599999838e+34 3.610000000000000113e+38 4.448275862100000033e+00 0.000000000000000000e+00
6.155107958800000000e+14 2.564352452700000230e+34 3.560000000000000275e+38 4.448275862100000033e+00 0.000000000000000000e+00
6.064781597000000000e+14 2.407977830699999821e+34 3.509999999999999681e+38 4.448275862100000033e+00 0.000000000000000000e+00
5.974696755500000000e+14 2.259098663900000084e+34 3.459999999999999843e+38 4.448275862100000033e+00 0.000000000000000000e+00
5.884845098100000000e+14 2.117456246300000129e+34 3.410000000000000004e+38 4.448275862100000033e+00 0.000000000000000000e+00
5.795218461400000000e+14 1.982797229900000056e+34 3.360000000000000166e+38 4.448275862100000033e+00 0.000000000000000000e+00
5.705808853500000000e+14 1.854873590300000015e+34 3.309999999999999950e+38 4.448275862100000033e+00 0.000000000000000000e+00
5.616608453000000000e+14 1.733442590799999971e+34 3.260000000000000112e+38 4.448275862100000033e+00 0.000000000000000000e+00
5.527609607400000000e+14 1.618266747700000059e+34 3.209999999999999896e+38 4.448275862100000033e+00 0.000000000000000000e+00
5.438804832700000000e+14 1.509113794200000055e+34 3.160000000000000057e+38 4.448275862100000033e+00 0.000000000000000000e+00
5.350186811800000000e+14 1.405756644500000057e+34 3.109999999999999841e+38 4.448275862100000033e+00 0.000000000000000000e+00
5.261748393000000000e+14 1.307973357300000074e+34 3.060000000000000003e+38 4.448275862100000033e+00 0.000000000000000000e+00
5.173482589700000000e+14 1.215547099499999889e+34 3.010000000000000165e+38 4.448275862100000033e+00 0.000000000000000000e+00
5.085382578300000000e+14 1.128266109000000049e+34 2.959999999999999948e+38 4.448275862100000033e+00 0.000000000000000000e+00
4.997441697500000000e+14 1.045923656999999929e+34 2.910000000000000110e+38 4.448275862100000033e+00 0.000000000000000000e+00
4.909653447200000000e+14 9.683180113000000170e+33 2.859999999999999894e+38 4.448275862100000033e+00 0.000000000000000000e+00
4.822011486900000000e+14 8.952523972799999764e+33 2.810000000000000056e+38 4.448275862100000033e+00 0.000000000000000000e+00
4.734509634400000000e+14 8.265349601399999427e+33 2.759999999999999840e+38 4.448275862100000033e+00 0.000000000000000000e+00
4.647141865100000000e+14 7.619787259799999966e+33 2.710000000000000001e+38 4.448275862100000033e+00 0.000000000000000000e+00
4.559902310400000000e+14 7.014015626300000221e+33 2.660000000000000163e+38 4.448275862100000033e+00 0.000000000000000000e+00
4.472785256200000000e+14 6.446261402000000104e+33 2.609999999999999947e+38 4.448275862100000033e+00 0.000000000000000000e+00
4.385785142000000000e+14 5.914798911299999824e+33 2.560000000000000109e+38 4.448275862100000033e+00 0.000000000000000000e+00
4.298896559500000000e+14 5.417949698199999454e+33 2.509999999999999892e+38 4.448275862100000033e+00 0.000000000000000000e+00
4.212114251100000000e+14 4.954082119099999751e+33 2.460000000000000054e+38 4.448275862100000033e+00 0.000000000000000000e+00
4.125370000000000000e+14 4.476009999999999814e+33 2.409999999999999838e+38 2.427000000000000046e+00 0.000000000000000000e+00
4.038920000000000000e+14 4.289699999999999774e+33 2.360000000000000000e+38 2.415000000000000036e+00 0.000000000000000000e+00
3.952490000000000000e+14 4.104840000000000096e+33 2.310000000000000161e+38 2.402000000000000135e+00 0.000000000000000000e+00
3.866080000000000000e+14 3.921869999999999747e+33 2.259999999999999945e+38 2.387000000000000011e+00 0.000000000000000000e+00
3.779710000000000000e+14 3.741200000000000172e+33 2.210000000000000107e+38 2.371999999999999886e+00 0.000000000000000000e+00
3.693360000000000000e+14 3.563260000000000203e+33 2.159999999999999891e+38 2.355999999999999872e+00 0.000000000000000000e+00
3.607040000000000000e+14 3.388439999999999867e+33 2.110000000000000053e+38 2.338000000000000078e+00 0.000000000000000000e+00
3.520750000000000000e+14 3.217120000000000208e+33 2.059999999999999837e+38 2.318999999999999950e+00 0.000000000000000000e+00
3.434480000000000000e+14 3.049669999999999832e+33 2.009999999999999998e+38 2.298999999999999932e+00 0.000000000000000000e+00
3.348250000000000000e+14 2.886420000000000269e+33 1.960000000000000160e+38 2.275999999999999801e+00 0.000000000000000000e+00
3.262040000000000000e+14 2.727690000000000033e+33 1.909999999999999944e+38 2.253000000000000114e+00 0.000000000000000000e+00
3.175860000000000000e+14 2.573759999999999984e+33 1.860000000000000105e+38 2.226999999999999869e+00 0.000000000000000000e+00
3.089710000000000000e+14 2.424899999999999987e+33 1.809999999999999889e+38 2.200000000000000178e+00 0.000000000000000000e+00
3.003590000000000000e+14 2.281330000000000099e+33 1.760000000000000051e+38 2.170999999999999819e+00 0.000000000000000000e+00
2.917500000000000000e+14 2.143250000000000112e+33 1.709999999999999835e+38 2.140000000000000124e+00 0.000000000000000000e+00
2.831440000000000000e+14 2.010819999999999861e+33 1.659999999999999997e+38 2.107000000000000206e+00 0.000000000000000000e+00
2.745410000000000000e+14 1.884180000000000063e+33 1.609999999999999969e+38 2.071000000000000174e+00 0.000000000000000000e+00
2.659410000000000000e+14 1.763399999999999925e+33 1.559999999999999942e+38 2.033999999999999808e+00 0.000000000000000000e+00
2.573440000000000000e+14 1.648570000000000074e+33 1.509999999999999915e+38 1.995000000000000107e+00 0.000000000000000000e+00
2.487500000000000000e+14 1.539689999999999934e+33 1.460000000000000077e+38 1.953999999999999959e+00 0.000000000000000000e+00
2.401590000000000000e+14 1.436749999999999946e+33 1.410000000000000049e+38 1.911000000000000032e+00 0.000000000000000000e+00
1.860980000000000000e+14 1.063840000000000023e+33 1.095239999999999925e+38 1.917000000000000037e+00 1.496719999999999965e+29
1.856210000000000000e+14 1.060900000000000060e+33 1.092439999999999974e+38 1.917999999999999927e+00 3.881139999999999669e+29
1.851430000000000000e+14 1.058209999999999980e+33 1.089640000000000022e+38 1.921999999999999931e+00 5.341839999999999892e+29
1.846640000000000000e+14 1.055250000000000037e+33 1.086849999999999996e+38 1.923999999999999932e+00 6.225899999999999652e+29
1.841860000000000000e+14 1.052200000000000043e+33 1.084050000000000044e+38 1.927000000000000046e+00 6.888569999999999525e+29
1.837080000000000000e+14 1.049109999999999948e+33 1.081260000000000018e+38 1.929000000000000048e+00 7.428469999999999398e+29
1.832300000000000000e+14 1.045990000000000027e+33 1.078460000000000067e+38 1.931000000000000050e+00 7.889449999999999421e+29
1.827520000000000000e+14 1.042859999999999973e+33 1.075659999999999926e+38 1.933000000000000052e+00 8.295389999999999323e+29
1.822740000000000000e+14 1.039719999999999930e+33 1.072870000000000089e+38 1.935000000000000053e+00 8.660800000000000437e+29
1.817960000000000000e+14 1.036560000000000051e+33 1.070069999999999948e+38 1.937000000000000055e+00 8.995219999999999446e+29
1.813180000000000000e+14 1.033400000000000028e+33 1.067279999999999922e+38 1.939000000000000057e+00 9.305269999999999357e+29
1.808400000000000000e+14 1.030240000000000005e+33 1.064479999999999971e+38 1.941000000000000059e+00 9.595710000000000064e+29
1.803620000000000000e+14 1.027069999999999993e+33 1.061680000000000019e+38 1.943000000000000060e+00 9.870069999999999942e+29
1.798840000000000000e+14 1.023899999999999980e+33 1.058889999999999993e+38 1.945000000000000062e+00 1.013110000000000001e+30
1.794060000000000000e+14 1.020729999999999968e+33 1.056090000000000041e+38 1.947000000000000064e+00 1.038079999999999999e+30
1.789280000000000000e+14 1.017559999999999956e+33 1.053300000000000015e+38 1.949000000000000066e+00 1.062099999999999990e+30
1.784500000000000000e+14 1.014379999999999954e+33 1.050500000000000064e+38 1.951000000000000068e+00 1.085289999999999957e+30
1.779720000000000000e+14 1.011199999999999952e+33 1.047699999999999923e+38 1.953000000000000069e+00 1.107770000000000024e+30
1.774940000000000000e+14 1.008019999999999950e+33 1.044910000000000086e+38 1.955000000000000071e+00 1.129620000000000039e+30
1.770170000000000000e+14 1.004839999999999948e+33 1.042109999999999945e+38 1.957000000000000073e+00 1.150929999999999990e+30
1.765390000000000000e+14 1.001659999999999946e+33 1.039319999999999919e+38 1.959000000000000075e+00 1.171760000000000009e+30
1.760610000000000000e+14 9.984740000000000076e+32 1.036519999999999968e+38 1.961000000000000076e+00 1.192159999999999947e+30
1.755830000000000000e+14 9.952889999999999388e+32 1.033720000000000016e+38 1.963000000000000078e+00 1.212189999999999938e+30
1.751050000000000000e+14 9.921040000000000141e+32 1.030929999999999990e+38 1.965000000000000080e+00 1.231869999999999978e+30
1.746270000000000000e+14 9.889179999999999319e+32 1.028130000000000038e+38 1.967999999999999972e+00 1.251250000000000060e+30
1.741490000000000000e+14 9.857309999999999804e+32 1.025340000000000012e+38 1.969999999999999973e+00 1.270349999999999900e+30
1.736710000000000000e+14 9.825430000000000156e+32 1.022540000000000061e+38 1.971999999999999975e+00 1.289210000000000055e+30
1.731930000000000000e+14 9.793550000000000508e+32 1.019739999999999920e+38 1.973999999999999977e+00 1.307839999999999962e+30
1.727160000000000000e+14 9.761669999999999418e+32 1.016950000000000083e+38 1.975999999999999979e+00 1.326269999999999897e+30
1.722380000000000000e+14 9.729769999999999503e+32 1.014149999999999942e+38 1.977999999999999980e+00 1.344520000000000138e+30
1.717600000000000000e+14 9.697879999999999721e+32 1.011359999999999916e+38 1.675000000000000044e+00 1.362600000000000122e+30
1.712820000000000000e+14 9.665979999999999805e+32 1.008559999999999965e+38 1.675999999999999934e+00 1.380530000000000127e+30
1.708040000000000000e+14 9.634069999999999756e+32 1.005760000000000013e+38 1.675999999999999934e+00 1.398319999999999871e+30
1.703270000000000000e+14 9.602159999999999706e+32 1.002969999999999987e+38 1.675999999999999934e+00 1.415979999999999914e+30
1.698490000000000000e+14 9.570249999999999657e+32 1.000170000000000035e+38 1.677000000000000046e+00 1.433529999999999973e+30
1.693710000000000000e+14 9.538329999999999474e+32 9.973760000000000768e+37 1.677000000000000046e+00 1.450970000000000047e+30
1.688930000000000000e+14 9.506409999999999291e+32 9.945800000000000576e+37 1.677000000000000046e+00 1.468320000000000134e+30
1.684160000000000000e+14 9.474490000000000549e+32 9.917840000000000384e+37 1.677999999999999936e+00 1.485579999999999952e+30
1.679380000000000000e+14 9.442560000000000232e+32 9.889880000000000192e+37 1.677999999999999936e+00 1.502760000000000063e+30
1.674600000000000000e+14 9.410640000000000049e+32 9.861920000000000000e+37 1.677999999999999936e+00 1.519869999999999902e+30
1.669820000000000000e+14 9.378709999999999732e+32 9.833959999999999808e+37 1.677999999999999936e+00 1.536910000000000033e+30
1.665050000000000000e+14 9.346779999999999416e+32 9.805999999999999616e+37 1.679000000000000048e+00 1.553889999999999890e+30
1.660270000000000000e+14 9.314840000000000406e+32 9.778039999999999425e+37 1.679000000000000048e+00 1.570810000000000038e+30
1.655490000000000000e+14 9.282910000000000089e+32 9.750079999999999233e+37 1.679000000000000048e+00 1.587679999999999911e+30
1.650720000000000000e+14 9.250969999999999639e+32 9.722120000000000930e+37 1.679999999999999938e+00 1.604510000000000071e+30
1.645940000000000000e+14 9.219030000000000630e+32 9.694160000000000738e+37 1.679999999999999938e+00 1.621289999999999957e+30
1.641160000000000000e+14 9.187090000000000179e+32 9.666200000000000546e+37 1.679999999999999938e+00 1.638040000000000129e+30
1.636390000000000000e+14 9.155149999999999729e+32 9.638240000000000354e+37 1.681000000000000050e+00 1.654750000000000025e+30
1.631610000000000000e+14 9.123210000000000720e+32 9.610280000000000162e+37 1.681000000000000050e+00 1.671439999999999923e+30
1.626830000000000000e+14 9.091260000000000135e+32 9.582319999999999970e+37 1.681000000000000050e+00 1.688090000000000109e+30
1.622060000000000000e+14 9.059319999999999685e+32 9.554359999999999779e+37 1.681999999999999940e+00 1.704720000000000016e+30
1.617280000000000000e+14 9.027380000000000676e+32 9.526399999999999587e+37 1.681999999999999940e+00 1.721329999999999925e+30
1.612500000000000000e+14 8.995430000000000091e+32 9.498439999999999395e+37 1.681999999999999940e+00 1.737910000000000121e+30
1.607730000000000000e+14 8.963489999999999641e+32 9.470479999999999203e+37 1.683000000000000052e+00 1.754480000000000036e+30
1.602950000000000000e+14 8.931550000000000632e+32 9.442520000000000900e+37 1.683000000000000052e+00 1.771039999999999953e+30
1.598180000000000000e+14 8.899600000000000048e+32 9.414560000000000708e+37 1.683000000000000052e+00 1.787579999999999873e+30
1.593400000000000000e+14 8.867659999999999597e+32 9.386600000000000516e+37 1.683999999999999941e+00 1.804110000000000076e+30
1.588630000000000000e+14 8.835720000000000588e+32 9.358640000000000324e+37 1.683999999999999941e+00 1.820629999999999998e+30
1.583850000000000000e+14 8.803770000000000004e+32 9.330680000000000133e+37 1.683999999999999941e+00 1.837139999999999922e+30
1.579080000000000000e+14 8.771829999999999553e+32 9.302719999999999941e+37 1.685000000000000053e+00 1.853640000000000129e+30
1.574300000000000000e+14 8.739890000000000544e+32 9.274759999999999749e+37 1.685000000000000053e+00 1.870140000000000054e+30
1.569530000000000000e+14 8.707950000000000094e+32 9.246799999999999557e+37 1.685000000000000053e+00 1.886639999999999979e+30
1.564750000000000000e+14 8.676019999999999777e+32 9.218839999999999365e+37 1.685999999999999943e+00 1.903129999999999906e+30
1.559980000000000000e+14 8.644079999999999326e+32 9.190879999999999173e+37 1.685999999999999943e+00 1.919630000000000113e+30
1.555200000000000000e+14 8.612140000000000317e+32 9.162920000000000870e+37 1.685999999999999943e+00 1.936120000000000040e+30
1.550430000000000000e+14 8.580210000000000000e+32 9.134960000000000678e+37 1.687000000000000055e+00 1.952609999999999966e+30
1.545650000000000000e+14 8.548279999999999684e+32 9.107000000000000487e+37 1.687000000000000055e+00 1.969099999999999893e+30
1.540880000000000000e+14 8.516349999999999367e+32 9.079040000000000295e+37 1.687000000000000055e+00 1.985600000000000100e+30
1.536100000000000000e+14 8.488940000000000394e+32 9.051080000000000103e+37 1.687000000000000055e+00 1.273000000000000089e+30
1.531330000000000000e+14 8.457050000000000612e+32 9.023119999999999911e+37 1.687000000000000055e+00 1.280439999999999885e+30
1.526550000000000000e+14 8.425169999999999523e+32 8.995159999999999719e+37 1.687999999999999945e+00 1.287899999999999959e+30
1.521780000000000000e+14 8.393289999999999875e+32 8.967199999999999527e+37 1.687999999999999945e+00 1.295360000000000033e+30
1.517010000000000000e+14 8.361420000000000360e+32 8.939239999999999335e+37 1.687999999999999945e+00 1.302840000000000104e+30
1.512230000000000000e+14 8.329549999999999404e+32 8.911279999999999143e+37 1.689000000000000057e+00 1.310339999999999891e+30
1.507460000000000000e+14 8.297679999999999890e+32 8.883320000000000841e+37 1.689000000000000057e+00 1.317839999999999959e+30
1.502690000000000000e+14 8.265810000000000375e+32 8.855360000000000649e+37 1.689000000000000057e+00 1.325360000000000025e+30
1.488370000000000000e+14 8.179439999999999988e+32 8.771480000000000073e+37 1.689000000000000057e+00 7.394180000000000574e+29
1.464500000000000000e+14 8.020690000000000349e+32 8.631679999999999114e+37 1.689999999999999947e+00 7.450620000000000497e+29
1.459730000000000000e+14 7.988949999999999690e+32 8.603720000000000811e+37 1.691000000000000059e+00 7.462409999999999679e+29
1.454960000000000000e+14 7.957210000000000473e+32 8.575760000000000619e+37 1.691000000000000059e+00 7.474359999999999401e+29
1.450180000000000000e+14 7.925479999999999948e+32 8.547800000000000427e+37 1.691000000000000059e+00 7.486460000000000510e+29
1.440640000000000000e+14 7.862030000000000472e+32 8.491880000000000043e+37 1.691999999999999948e+00 7.511120000000000411e+29
1.421550000000000000e+14 7.735179999999999308e+32 8.380040000000000220e+37 1.693999999999999950e+00 7.562109999999999695e+29
1.416780000000000000e+14 7.703470000000000491e+32 8.352080000000000028e+37 1.693999999999999950e+00 7.575200000000000101e+29
1.412010000000000000e+14 7.671780000000000501e+32 8.324119999999999837e+37 1.693999999999999950e+00 7.588410000000000209e+29
1.402470000000000000e+14 7.608400000000000520e+32 8.268200000000000397e+37 1.695000000000000062e+00 7.615189999999999529e+29
1.383380000000000000e+14 7.481720000000000188e+32 8.156359999999999630e+37 1.697000000000000064e+00 7.670140000000000226e+29
1.369070000000000000e+14 7.386770000000000380e+32 8.072479999999999999e+37 1.697999999999999954e+00 7.712470000000000168e+29
1.349990000000000000e+14 7.260259999999999438e+32 7.960640000000000176e+37 1.699000000000000066e+00 7.770240000000000185e+29
1.345220000000000000e+14 7.228650000000000517e+32 7.932679999999999984e+37 1.699999999999999956e+00 7.784900000000000089e+29
1.330910000000000000e+14 7.133870000000000100e+32 7.848800000000000353e+37 1.701000000000000068e+00 7.829370000000000574e+29
1.307070000000000000e+14 6.976070000000000192e+32 7.709000000000000338e+37 1.703000000000000069e+00 7.904950000000000050e+29
1.273690000000000000e+14 6.755509999999999946e+32 7.513279999999999939e+37 1.705999999999999961e+00 8.013280000000000538e+29
1.264160000000000000e+14 6.692580000000000217e+32 7.457359999999999555e+37 1.707000000000000073e+00 8.044669999999999772e+29
1.240320000000000000e+14 6.535450000000000620e+32 7.317559999999999541e+37 1.709000000000000075e+00 8.123789999999999593e+29
1.221260000000000000e+14 6.409940000000000077e+32 7.205719999999999718e+37 1.709999999999999964e+00 8.187590000000000449e+29
1.216490000000000000e+14 6.378590000000000309e+32 7.177760000000000470e+37 1.711000000000000076e+00 8.203589999999999601e+29
1.206960000000000000e+14 6.315940000000000000e+32 7.121840000000000086e+37 1.711999999999999966e+00 8.235639999999999304e+29
1.202190000000000000e+14 6.284630000000000046e+32 7.093879999999999895e+37 1.711999999999999966e+00 8.251680000000000701e+29
1.187890000000000000e+14 6.190779999999999813e+32 7.010000000000000263e+37 1.713000000000000078e+00 8.299850000000000665e+29
1.173600000000000000e+14 6.097049999999999743e+32 6.926119999999999688e+37 1.715000000000000080e+00 8.348029999999999782e+29
1.164070000000000000e+14 6.034639999999999761e+32 6.870200000000000249e+37 1.715999999999999970e+00 8.380129999999999478e+29
1.159310000000000000e+14 6.003449999999999971e+32 6.842240000000000057e+37 1.715999999999999970e+00 8.396160000000000314e+29
1.154540000000000000e+14 5.972279999999999727e+32 6.814279999999999865e+37 1.717000000000000082e+00 8.412180000000000589e+29
1.130720000000000000e+14 5.816660000000000142e+32 6.674479999999999850e+37 1.719000000000000083e+00 8.492020000000000028e+29
1.097380000000000000e+14 5.599470000000000276e+32 6.478760000000000396e+37 1.721999999999999975e+00 8.602589999999999637e+29
1.073570000000000000e+14 5.444859999999999783e+32 6.338960000000000381e+37 1.723999999999999977e+00 8.680300000000000502e+29
1.059280000000000000e+14 5.352329999999999905e+32 6.255079999999999805e+37 1.725999999999999979e+00 8.726269999999999368e+29
1.054520000000000000e+14 5.321520000000000150e+32 6.227119999999999613e+37 1.725999999999999979e+00 8.741470000000000040e+29
1.045000000000000000e+14 5.259970000000000137e+32 6.171200000000000174e+37 1.727000000000000091e+00 8.771659999999999442e+29
1.040240000000000000e+14 5.229219999999999744e+32 6.143239999999999982e+37 1.727999999999999980e+00 8.786660000000000142e+29
1.035480000000000000e+14 5.209649999999999666e+32 6.115279999999999790e+37 1.723999999999999977e+00 9.785879999999999709e+29
1.030720000000000000e+14 5.179149999999999733e+32 6.087319999999999599e+37 1.723999999999999977e+00 9.756640000000000172e+29
1.025960000000000000e+14 5.148659999999999934e+32 6.059360000000000351e+37 1.725000000000000089e+00 9.727309999999999804e+29
1.021200000000000000e+14 5.118189999999999681e+32 6.031400000000000159e+37 1.725000000000000089e+00 9.697900000000000573e+29
1.016440000000000000e+14 5.087749999999999830e+32 6.003439999999999967e+37 1.725999999999999979e+00 9.668400000000000511e+29
1.011680000000000000e+14 5.057330000000000246e+32 5.975479999999999776e+37 1.725999999999999979e+00 9.638820000000000178e+29
1.006920000000000000e+14 5.026930000000000209e+32 5.947519999999999584e+37 1.727000000000000091e+00 9.609139999999999859e+29
1.002160000000000000e+14 4.996549999999999719e+32 5.919560000000000336e+37 1.727000000000000091e+00 9.579380000000000678e+29
9.973980000000000000e+13 4.966190000000000217e+32 5.891600000000000144e+37 1.727000000000000091e+00 9.549520000000000103e+29
9.926380000000000000e+13 4.935859999999999674e+32 5.863639999999999953e+37 1.727999999999999980e+00 9.519559999999999542e+29
9.878790000000000000e+13 4.905550000000000120e+32 5.835679999999999761e+37 1.727999999999999980e+00 9.489509999999999557e+29
9.831200000000000000e+13 4.875260000000000112e+32 5.807719999999999569e+37 1.729000000000000092e+00 9.459370000000000147e+29
9.783610000000000000e+13 4.844999999999999785e+32 5.779760000000000321e+37 1.729000000000000092e+00 9.429120000000000191e+29
9.736030000000000000e+13 4.814759999999999726e+32 5.751800000000000130e+37 1.729000000000000092e+00 9.398770000000000248e+29
9.688440000000000000e+13 4.784550000000000067e+32 5.723839999999999938e+37 1.729999999999999982e+00 9.368309999999999758e+29
9.640860000000000000e+13 4.754359999999999955e+32 5.695879999999999746e+37 1.729999999999999982e+00 9.337750000000000689e+29
9.593270000000000000e+13 4.724190000000000111e+32 5.667919999999999554e+37 1.731000000000000094e+00 9.307090000000000227e+29
9.545690000000000000e+13 4.694049999999999947e+32 5.639960000000000307e+37 1.731000000000000094e+00 9.276320000000000625e+29
9.498110000000000000e+13 4.663940000000000185e+32 5.612000000000000115e+37 1.731999999999999984e+00 9.245440000000000475e+29
9.450540000000000000e+13 4.633849999999999969e+32 5.584039999999999923e+37 1.731999999999999984e+00 9.214440000000000624e+29
9.402960000000000000e+13 4.603790000000000154e+32 5.556079999999999731e+37 1.731999999999999984e+00 9.183339999999999379e+29
9.355390000000000000e+13 4.573749999999999886e+32 5.528119999999999539e+37 1.733000000000000096e+00 9.152119999999999841e+29
9.307810000000000000e+13 4.543740000000000019e+32 5.500160000000000292e+37 1.733000000000000096e+00 9.120789999999999755e+29
9.260240000000000000e+13 4.513749999999999699e+32 5.472200000000000100e+37 1.733999999999999986e+00 9.089339999999999967e+29
9.212670000000000000e+13 4.483799999999999914e+32 5.444239999999999908e+37 1.733999999999999986e+00 9.057779999999999632e+29
9.165110000000000000e+13 4.453869999999999675e+32 5.416279999999999716e+37 1.735000000000000098e+00 9.026090000000000441e+29
9.117540000000000000e+13 4.423959999999999704e+32 5.388320000000000469e+37 1.735000000000000098e+00 8.994290000000000703e+29
9.069980000000000000e+13 4.394090000000000268e+32 5.360360000000000277e+37 1.735000000000000098e+00 8.962360000000000701e+29
9.022420000000000000e+13 4.364239999999999658e+32 5.332400000000000085e+37 1.735999999999999988e+00 8.930309999999999591e+29
8.974860000000000000e+13 4.334430000000000303e+32 5.304439999999999893e+37 1.735999999999999988e+00 8.898129999999999624e+29
8.927300000000000000e+13 4.304639999999999775e+32 5.276479999999999701e+37 1.737000000000000099e+00 8.865829999999999957e+29
8.879740000000000000e+13 4.274879999999999647e+32 5.248520000000000454e+37 1.737000000000000099e+00 8.833410000000000587e+29
8.832180000000000000e+13 4.245149999999999921e+32 5.220560000000000262e+37 1.737999999999999989e+00 8.800850000000000393e+29
8.784630000000000000e+13 4.215449999999999875e+32 5.192600000000000070e+37 1.737999999999999989e+00 8.768170000000000497e+29
8.737080000000000000e+13 4.185780000000000231e+32 5.164639999999999878e+37 1.737999999999999989e+00 8.735360000000000338e+29
8.689530000000000000e+13 4.156140000000000267e+32 5.136679999999999686e+37 1.739000000000000101e+00 8.702409999999999355e+29
8.641980000000000000e+13 4.126529999999999983e+32 5.108720000000000439e+37 1.739000000000000101e+00 8.669340000000000077e+29
8.594440000000000000e+13 4.096960000000000234e+32 5.080760000000000247e+37 1.739999999999999991e+00 8.636129999999999974e+29
8.546890000000000000e+13 4.067410000000000032e+32 5.052800000000000055e+37 1.739999999999999991e+00 8.602780000000000455e+29
8.499350000000000000e+13 4.037899999999999645e+32 5.024839999999999863e+37 1.741000000000000103e+00 8.569309999999999826e+29
8.451810000000000000e+13 4.008419999999999658e+32 4.996879999999999671e+37 1.741000000000000103e+00 8.535690000000000626e+29
8.404270000000000000e+13 3.978970000000000072e+32 4.968920000000000424e+37 1.741000000000000103e+00 8.501939999999999755e+29
8.356730000000000000e+13 3.949550000000000167e+32 4.940960000000000232e+37 1.741999999999999993e+00 8.468040000000000312e+29
8.309200000000000000e+13 3.920170000000000076e+32 4.913000000000000040e+37 1.741999999999999993e+00 8.434010000000000607e+29
8.261660000000000000e+13 3.890819999999999666e+32 4.885039999999999848e+37 1.743000000000000105e+00 8.399840000000000077e+29
8.214130000000000000e+13 3.861509999999999791e+32 4.857079999999999657e+37 1.743000000000000105e+00 8.365530000000000130e+29
8.166600000000000000e+13 3.832230000000000316e+32 4.829120000000000409e+37 1.743999999999999995e+00 8.331070000000000203e+29
8.119070000000000000e+13 3.802979999999999802e+32 4.801160000000000217e+37 1.743999999999999995e+00 8.296469999999999452e+29
8.071550000000000000e+13 3.773769999999999822e+32 4.773200000000000025e+37 1.745000000000000107e+00 8.261730000000000692e+29
8.024020000000000000e+13 3.744599999999999657e+32 4.745239999999999834e+37 1.745000000000000107e+00 8.226840000000000544e+29
7.976500000000000000e+13 3.715459999999999892e+32 4.717279999999999642e+37 1.745000000000000107e+00 8.191800000000000419e+29
7.928980000000000000e+13 3.686359999999999942e+32 4.689320000000000394e+37 1.745999999999999996e+00 8.156619999999999468e+29
7.881460000000000000e+13 3.657289999999999672e+32 4.661360000000000202e+37 1.745999999999999996e+00 8.121300000000000507e+29
7.833950000000000000e+13 3.628259999999999938e+32 4.633400000000000011e+37 1.747000000000000108e+00 8.085819999999999599e+29
7.786430000000000000e+13 3.599270000000000017e+32 4.605439999999999819e+37 1.747000000000000108e+00 8.050190000000000119e+29
7.738920000000000000e+13 3.573080000000000062e+32 4.577479999999999627e+37 1.745999999999999996e+00 9.633260000000000399e+29
7.691410000000000000e+13 3.544200000000000171e+32 4.549520000000000379e+37 1.745999999999999996e+00 9.567429999999999548e+29
7.643900000000000000e+13 3.515370000000000227e+32 4.521560000000000188e+37 1.747000000000000108e+00 9.501589999999999543e+29
7.596390000000000000e+13 3.486569999999999965e+32 4.493599999999999996e+37 1.747000000000000108e+00 9.435749999999999537e+29
7.548890000000000000e+13 3.457810000000000237e+32 4.465639999999999804e+37 1.747999999999999998e+00 9.369889999999999816e+29
7.501380000000000000e+13 3.429090000000000323e+32 4.437679999999999612e+37 1.747999999999999998e+00 9.304019999999999534e+29
7.453880000000000000e+13 3.400410000000000224e+32 4.409720000000000365e+37 1.747999999999999998e+00 9.238140000000000097e+29
7.406380000000000000e+13 3.371769999999999938e+32 4.381760000000000173e+37 1.749000000000000110e+00 9.172250000000000099e+29
7.358890000000000000e+13 3.343170000000000188e+32 4.353799999999999981e+37 1.749000000000000110e+00 9.106360000000000100e+29
7.311390000000000000e+13 3.314619999999999665e+32 4.325839999999999789e+37 1.750000000000000000e+00 9.040450000000000387e+29
7.263900000000000000e+13 3.286100000000000263e+32 4.297879999999999597e+37 1.750000000000000000e+00 8.974540000000000673e+29
7.216410000000000000e+13 3.257630000000000089e+32 4.269920000000000350e+37 1.750999999999999890e+00 8.908620000000000397e+29
7.168920000000000000e+13 3.229200000000000090e+32 4.241960000000000158e+37 1.750999999999999890e+00 8.842700000000000122e+29
7.121430000000000000e+13 3.200809999999999904e+32 4.213999999999999966e+37 1.750999999999999890e+00 8.776770000000000692e+29
7.073950000000000000e+13 3.172470000000000027e+32 4.186039999999999774e+37 1.752000000000000002e+00 8.710839999999999855e+29
7.026470000000000000e+13 3.144169999999999964e+32 4.158080000000000054e+37 1.752000000000000002e+00 8.644899999999999864e+29
6.978990000000000000e+13 3.115910000000000076e+32 4.130119999999999863e+37 1.752999999999999892e+00 8.578959999999999873e+29
6.931510000000000000e+13 3.087700000000000135e+32 4.102160000000000143e+37 1.752999999999999892e+00 8.513009999999999320e+29
6.884030000000000000e+13 3.059540000000000143e+32 4.074199999999999951e+37 1.754000000000000004e+00 8.447069999999999329e+29
6.836560000000000000e+13 3.031419999999999964e+32 4.046240000000000231e+37 1.754000000000000004e+00 8.381129999999999337e+29
6.789090000000000000e+13 3.003350000000000094e+32 4.018280000000000040e+37 1.754000000000000004e+00 8.315180000000000192e+29
6.741620000000000000e+13 2.975320000000000038e+32 3.990319999999999848e+37 1.754999999999999893e+00 8.249240000000000201e+29
6.694150000000000000e+13 2.947350000000000064e+32 3.962360000000000128e+37 1.754999999999999893e+00 8.183300000000000210e+29
6.646680000000000000e+13 2.919419999999999903e+32 3.934399999999999936e+37 1.756000000000000005e+00 8.117369999999999373e+29
6.599220000000000000e+13 2.891540000000000051e+32 3.906440000000000217e+37 1.756000000000000005e+00 8.051439999999999943e+29
6.551760000000000000e+13 2.863710000000000147e+32 3.878480000000000025e+37 1.756000000000000005e+00 7.985510000000000513e+29
6.504300000000000000e+13 2.835929999999999831e+32 3.850519999999999833e+37 1.756999999999999895e+00 7.919590000000000238e+29
6.456840000000000000e+13 2.808199999999999823e+32 3.822560000000000113e+37 1.756999999999999895e+00 7.853689999999999678e+29
6.409390000000000000e+13 2.780520000000000123e+32 3.794599999999999921e+37 1.758000000000000007e+00 7.787790000000000526e+29
6.361940000000000000e+13 2.752890000000000010e+32 3.766640000000000202e+37 1.758000000000000007e+00 7.721900000000000527e+29
6.314490000000000000e+13 2.725309999999999846e+32 3.738680000000000010e+37 1.758999999999999897e+00 7.656030000000000245e+29
6.267040000000000000e+13 2.697790000000000123e+32 3.710719999999999818e+37 1.758999999999999897e+00 7.590170000000000524e+29
6.219590000000000000e+13 2.670319999999999988e+32 3.682760000000000098e+37 1.758999999999999897e+00 7.524330000000000519e+29
6.172150000000000000e+13 2.642900000000000162e+32 3.654799999999999906e+37 1.760000000000000009e+00 7.458499999999999667e+29
6.124710000000000000e+13 2.615540000000000056e+32 3.626840000000000187e+37 1.760000000000000009e+00 7.392689999999999939e+29
6.077270000000000000e+13 2.588229999999999899e+32 3.598879999999999995e+37 1.760999999999999899e+00 7.326899999999999927e+29
6.029840000000000000e+13 2.560979999999999823e+32 3.570919999999999803e+37 1.760999999999999899e+00 7.261140000000000192e+29
5.982400000000000000e+13 2.533780000000000055e+32 3.542960000000000083e+37 1.762000000000000011e+00 7.195389999999999611e+29
5.934970000000000000e+13 2.506640000000000009e+32 3.514999999999999892e+37 1.762000000000000011e+00 7.129679999999999869e+29
5.887540000000000000e+13 2.479560000000000044e+32 3.487040000000000172e+37 1.762999999999999901e+00 7.063989999999999842e+29
5.840120000000000000e+13 2.452540000000000161e+32 3.459079999999999980e+37 1.762999999999999901e+00 6.998319999999999532e+29
5.792690000000000000e+13 2.425579999999999999e+32 3.431119999999999788e+37 1.762999999999999901e+00 6.932690000000000060e+29
5.745270000000000000e+13 2.398670000000000145e+32 3.403160000000000069e+37 1.764000000000000012e+00 6.867089999999999458e+29
5.697850000000000000e+13 2.371830000000000147e+32 3.375199999999999877e+37 1.764000000000000012e+00 6.801529999999999694e+29
5.650440000000000000e+13 2.345040000000000096e+32 3.347240000000000157e+37 1.764999999999999902e+00 6.736000000000000208e+29
5.603020000000000000e+13 2.318319999999999900e+32 3.319279999999999965e+37 1.764999999999999902e+00 6.670499999999999592e+29
5.555610000000000000e+13 2.291660000000000146e+32 3.291319999999999773e+37 1.766000000000000014e+00 6.605050000000000376e+29
5.508200000000000000e+13 2.265069999999999887e+32 3.263360000000000054e+37 1.766000000000000014e+00 6.539640000000000592e+29
5.460790000000000000e+13 2.238529999999999937e+32 3.235399999999999862e+37 1.766000000000000014e+00 6.474279999999999393e+29
5.413390000000000000e+13 2.212059999999999841e+32 3.207440000000000142e+37 1.766999999999999904e+00 6.408960000000000440e+29
5.365990000000000000e+13 2.185659999999999960e+32 3.179479999999999950e+37 1.766999999999999904e+00 6.343679999999999511e+29
5.318590000000000000e+13 2.159329999999999935e+32 3.151520000000000231e+37 1.768000000000000016e+00 6.278459999999999841e+29
5.271190000000000000e+13 2.133059999999999991e+32 3.123560000000000039e+37 1.768000000000000016e+00 6.213300000000000021e+29
5.223800000000000000e+13 2.106850000000000129e+32 3.095599999999999847e+37 1.768999999999999906e+00 6.148180000000000337e+29
5.176410000000000000e+13 2.080719999999999895e+32 3.067640000000000127e+37 1.768999999999999906e+00 6.083129999999999657e+29
5.129020000000000000e+13 2.054659999999999876e+32 3.039679999999999935e+37 1.768999999999999906e+00 6.018129999999999674e+29
5.081630000000000000e+13 2.028659999999999939e+32 3.011720000000000216e+37 1.770000000000000018e+00 5.953200000000000103e+29
5.034250000000000000e+13 2.002739999999999991e+32 2.983760000000000024e+37 1.770000000000000018e+00 5.888329999999999680e+29
4.986870000000000000e+13 1.976889999999999898e+32 2.955799999999999832e+37 1.770999999999999908e+00 5.823529999999999669e+29
4.939490000000000000e+13 1.951110000000000020e+32 2.927840000000000112e+37 1.770999999999999908e+00 5.758800000000000070e+29
4.892120000000000000e+13 1.925399999999999997e+32 2.899879999999999921e+37 1.772000000000000020e+00 5.694140000000000180e+29
4.844750000000000000e+13 1.899769999999999963e+32 2.871920000000000201e+37 1.772000000000000020e+00 5.629549999999999998e+29
4.797380000000000000e+13 1.874219999999999918e+32 2.843960000000000009e+37 1.772999999999999909e+00 5.565049999999999945e+29
4.750010000000000000e+13 1.848740000000000088e+32 2.815999999999999817e+37 1.772999999999999909e+00 5.500620000000000303e+29
4.702640000000000000e+13 1.823339999999999886e+32 2.788040000000000098e+37 1.772999999999999909e+00 5.436280000000000087e+29
4.655280000000000000e+13 1.798009999999999900e+32 2.760079999999999906e+37 1.774000000000000021e+00 5.372020000000000140e+29
4.607930000000000000e+13 1.772770000000000036e+32 2.732120000000000186e+37 1.774000000000000021e+00 5.307860000000000179e+29
4.560570000000000000e+13 1.747610000000000161e+32 2.704159999999999994e+37 1.774999999999999911e+00 5.243779999999999785e+29
4.513220000000000000e+13 1.722520000000000141e+32 2.676199999999999802e+37 1.774999999999999911e+00 5.179800000000000081e+29
4.465870000000000000e+13 1.697519999999999882e+32 2.648240000000000083e+37 1.776000000000000023e+00 5.115919999999999658e+29
4.418520000000000000e+13 1.672610000000000107e+32 2.620279999999999891e+37 1.776000000000000023e+00 5.052139999999999925e+29
4.371180000000000000e+13 1.647769999999999827e+32 2.592320000000000171e+37 1.776999999999999913e+00 4.988460000000000178e+29
4.323840000000000000e+13 1.623030000000000162e+32 2.564359999999999979e+37 1.776999999999999913e+00 4.924890000000000275e+29
4.276500000000000000e+13 1.598369999999999946e+32 2.536399999999999787e+37 1.776999999999999913e+00 4.861430000000000216e+29
4.229160000000000000e+13 1.573790000000000079e+32 2.508440000000000068e+37 1.778000000000000025e+00 4.798080000000000000e+29
4.181830000000000000e+13 1.549309999999999928e+32 2.480479999999999876e+37 1.778000000000000025e+00 4.734860000000000048e+29
4.134500000000000000e+13 1.524920000000000080e+32 2.452520000000000156e+37 1.778999999999999915e+00 4.671749999999999939e+29
4.087180000000000000e+13 1.500610000000000040e+32 2.424559999999999964e+37 1.778999999999999915e+00 4.608760000000000236e+29
4.039850000000000000e+13 1.476400000000000075e+32 2.396599999999999773e+37 1.780000000000000027e+00 4.545909999999999949e+29
3.992530000000000000e+13 1.452290000000000007e+32 2.368640000000000053e+37 1.780000000000000027e+00 4.483180000000000069e+29
3.945220000000000000e+13 1.428259999999999928e+32 2.340679999999999861e+37 1.780999999999999917e+00 4.420590000000000309e+29
3.897900000000000000e+13 1.404340000000000058e+32 2.312720000000000141e+37 1.780999999999999917e+00 4.358139999999999966e+29
3.850590000000000000e+13 1.380509999999999950e+32 2.284759999999999950e+37 1.782000000000000028e+00 4.295829999999999745e+29
3.803290000000000000e+13 1.356779999999999918e+32 2.256800000000000230e+37 1.782000000000000028e+00 4.233660000000000348e+29
3.755980000000000000e+13 1.333149999999999962e+32 2.228840000000000038e+37 1.782000000000000028e+00 4.171650000000000084e+29
3.708680000000000000e+13 1.309630000000000036e+32 2.200879999999999846e+37 1.782999999999999918e+00 4.109779999999999941e+29
3.661390000000000000e+13 1.286200000000000052e+32 2.172920000000000127e+37 1.782999999999999918e+00 4.048080000000000196e+29
3.614090000000000000e+13 1.262879999999999917e+32 2.144959999999999935e+37 1.784000000000000030e+00 3.986529999999999727e+29
3.566800000000000000e+13 1.239669999999999992e+32 2.116999999999999979e+37 1.784000000000000030e+00 3.925149999999999656e+29
3.519520000000000000e+13 1.216559999999999963e+32 2.089040000000000023e+37 1.784999999999999920e+00 3.863949999999999841e+29
3.472230000000000000e+13 1.193559999999999964e+32 2.061080000000000067e+37 1.784999999999999920e+00 3.802909999999999862e+29
3.424950000000000000e+13 1.170679999999999947e+32 2.033120000000000112e+37 1.786000000000000032e+00 3.742050000000000140e+29
3.377680000000000000e+13 1.147900000000000007e+32 2.005159999999999920e+37 1.786000000000000032e+00 3.681369999999999970e+29
3.330400000000000000e+13 1.125240000000000049e+32 1.977199999999999964e+37 1.786999999999999922e+00 3.620879999999999914e+29
3.283130000000000000e+13 1.102700000000000075e+32 1.949240000000000008e+37 1.786999999999999922e+00 3.560589999999999830e+29
3.235870000000000000e+13 1.080269999999999950e+32 1.921280000000000053e+37 1.788000000000000034e+00 3.500480000000000002e+29
3.188600000000000000e+13 1.057959999999999988e+32 1.893320000000000097e+37 1.788000000000000034e+00 3.440580000000000004e+29
3.141350000000000000e+13 1.035770000000000009e+32 1.865359999999999905e+37 1.788999999999999924e+00 3.380879999999999977e+29
3.094090000000000000e+13 1.013700000000000013e+32 1.837399999999999949e+37 1.788999999999999924e+00 3.321389999999999780e+29
3.046840000000000000e+13 9.917630000000000667e+31 1.809439999999999993e+37 1.790000000000000036e+00 3.262110000000000116e+29
2.999590000000000000e+13 9.699480000000000576e+31 1.781480000000000038e+37 1.790000000000000036e+00 3.203050000000000140e+29
2.952350000000000000e+13 9.482620000000000078e+31 1.753520000000000082e+37 1.790999999999999925e+00 3.144220000000000061e+29
2.905110000000000000e+13 9.267060000000000748e+31 1.725559999999999890e+37 1.790999999999999925e+00 3.085610000000000022e+29
2.857870000000000000e+13 9.052820000000000331e+31 1.697599999999999934e+37 1.792000000000000037e+00 3.027240000000000089e+29
2.810640000000000000e+13 8.839929999999999949e+31 1.669639999999999979e+37 1.792000000000000037e+00 2.969100000000000054e+29
2.763410000000000000e+13 8.628409999999999149e+31 1.641680000000000023e+37 1.792999999999999927e+00 2.911209999999999983e+29
2.716190000000000000e+13 8.418279999999999278e+31 1.613720000000000067e+37 1.792999999999999927e+00 2.853569999999999877e+29
2.668970000000000000e+13 8.209559999999999885e+31 1.585760000000000111e+37 1.794000000000000039e+00 2.796180000000000088e+29
2.621750000000000000e+13 8.002280000000000288e+31 1.557799999999999919e+37 1.794000000000000039e+00 2.739050000000000121e+29
2.574540000000000000e+13 7.796460000000000035e+31 1.529839999999999964e+37 1.794999999999999929e+00 2.682189999999999835e+29
2.527330000000000000e+13 7.592119999999999573e+31 1.501880000000000008e+37 1.794999999999999929e+00 2.625590000000000075e+29
2.480120000000000000e+13 7.389299999999999798e+31 1.473920000000000052e+37 1.796000000000000041e+00 2.569269999999999853e+29
2.432930000000000000e+13 7.188009999999999582e+31 1.445960000000000096e+37 1.796000000000000041e+00 2.513240000000000083e+29
2.385730000000000000e+13 6.988289999999999820e+31 1.417999999999999905e+37 1.796999999999999931e+00 2.457489999999999851e+29
2.338540000000000000e+13 6.790160000000000059e+31 1.390039999999999949e+37 1.796999999999999931e+00 2.402030000000000071e+29
2.291350000000000000e+13 6.593660000000000293e+31 1.362079999999999993e+37 1.798000000000000043e+00 2.346880000000000107e+29
2.244170000000000000e+13 6.398800000000000296e+31 1.334120000000000037e+37 1.798000000000000043e+00 2.292030000000000100e+29
2.196990000000000000e+13 6.205629999999999836e+31 1.306160000000000082e+37 1.798999999999999932e+00 2.237489999999999909e+29
2.149820000000000000e+13 6.014170000000000261e+31 1.278199999999999890e+37 1.798999999999999932e+00 2.183270000000000095e+29
2.102650000000000000e+13 5.824449999999999989e+31 1.250239999999999934e+37 1.800000000000000044e+00 2.129369999999999954e+29
2.055490000000000000e+13 5.636519999999999691e+31 1.222279999999999978e+37 1.800999999999999934e+00 2.075800000000000048e+29
2.008330000000000000e+13 5.450390000000000039e+31 1.194320000000000022e+37 1.800999999999999934e+00 2.022569999999999883e+29
1.961170000000000000e+13 5.266119999999999675e+31 1.166360000000000067e+37 1.802000000000000046e+00 1.969680000000000163e+29
1.914020000000000000e+13 5.083729999999999947e+31 1.138400000000000111e+37 1.802000000000000046e+00 1.917140000000000042e+29
1.866880000000000000e+13 4.903259999999999947e+31 1.110439999999999919e+37 1.802999999999999936e+00 1.864949999999999871e+29
1.819740000000000000e+13 4.724760000000000346e+31 1.082479999999999963e+37 1.802999999999999936e+00 1.813130000000000070e+29
1.772610000000000000e+13 4.548270000000000236e+31 1.054520000000000008e+37 1.804000000000000048e+00 1.761679999999999936e+29
1.725480000000000000e+13 4.373819999999999838e+31 1.026560000000000052e+37 1.804999999999999938e+00 1.710610000000000030e+29
1.678350000000000000e+13 4.201459999999999821e+31 9.985999999999999780e+36 1.804999999999999938e+00 1.659910000000000141e+29
1.631230000000000000e+13 4.031250000000000177e+31 9.706400000000000223e+36 1.806000000000000050e+00 1.609609999999999845e+29
1.584120000000000000e+13 3.863210000000000001e+31 9.426799999999999485e+36 1.806000000000000050e+00 1.559710000000000020e+29
1.537010000000000000e+13 3.697420000000000184e+31 9.147199999999999927e+36 1.806999999999999940e+00 1.510209999999999962e+29
1.489910000000000000e+13 3.533910000000000045e+31 8.867600000000000370e+36 1.806999999999999940e+00 1.461120000000000058e+29
1.442810000000000000e+13 3.372740000000000027e+31 8.587999999999999632e+36 1.808000000000000052e+00 1.412449999999999989e+29
1.395720000000000000e+13 3.213970000000000120e+31 8.308400000000000074e+36 1.808999999999999941e+00 1.364209999999999965e+29
1.348640000000000000e+13 3.057659999999999867e+31 8.028800000000000517e+36 1.808999999999999941e+00 1.316399999999999986e+29
1.301560000000000000e+13 2.903859999999999936e+31 7.749199999999999779e+36 1.810000000000000053e+00 1.269030000000000086e+29
1.254480000000000000e+13 2.752660000000000088e+31 7.469600000000000221e+36 1.810000000000000053e+00 1.222109999999999946e+29
1.207420000000000000e+13 2.604099999999999868e+31 7.189999999999999483e+36 1.810999999999999943e+00 1.175639999999999919e+29
1.160360000000000000e+13 2.458269999999999938e+31 6.910399999999999926e+36 1.810999999999999943e+00 1.129640000000000072e+29
1.113300000000000000e+13 2.315240000000000064e+31 6.630800000000000368e+36 1.812000000000000055e+00 1.084100000000000019e+29
1.066250000000000000e+13 2.175089999999999784e+31 6.351199999999999630e+36 1.812000000000000055e+00 1.039050000000000038e+29
1.019210000000000000e+13 2.037899999999999988e+31 6.071600000000000072e+36 1.812999999999999945e+00 9.944710000000000465e+28
9.721800000000000000e+12 1.903769999999999985e+31 5.792000000000000515e+36 1.812999999999999945e+00 9.503850000000000842e+28
9.251540000000000000e+12 1.772789999999999988e+31 5.512399999999999777e+36 1.812999999999999945e+00 9.067949999999999324e+28
8.781340000000000000e+12 1.645049999999999985e+31 5.232800000000000219e+36 1.812999999999999945e+00 8.637050000000000619e+28
8.311220000000000000e+12 1.520679999999999957e+31 4.953200000000000071e+36 1.812999999999999945e+00 8.211220000000000214e+28
7.841170000000000000e+12 1.399779999999999890e+31 4.673599999999999924e+36 1.812999999999999945e+00 7.790469999999999726e+28
7.371210000000000000e+12 1.282489999999999990e+31 4.393999999999999776e+36 1.812000000000000055e+00 7.374860000000000061e+28
6.901320000000000000e+12 1.168920000000000015e+31 4.114400000000000218e+36 1.810999999999999943e+00 6.964379999999999602e+28
6.431520000000000000e+12 1.059239999999999942e+31 3.834800000000000071e+36 1.810000000000000053e+00 6.559039999999999967e+28
5.961810000000000000e+12 9.535959999999999763e+30 3.555199999999999923e+36 1.808000000000000052e+00 6.158790000000000107e+28
5.492180000000000000e+12 8.521659999999999789e+30 3.275599999999999775e+36 1.806000000000000050e+00 5.763579999999999853e+28
5.022650000000000000e+12 7.551420000000000358e+30 2.996000000000000217e+36 1.802000000000000046e+00 5.373259999999999578e+28
4.553210000000000000e+12 6.627360000000000045e+30 2.716400000000000070e+36 1.796999999999999931e+00 4.987659999999999939e+28
4.083880000000000000e+12 5.751859999999999641e+30 2.436799999999999922e+36 1.790999999999999925e+00 4.606460000000000208e+28
3.614650000000000000e+12 4.927589999999999895e+30 2.157200000000000069e+36 1.780999999999999917e+00 4.229190000000000028e+28
3.145540000000000000e+12 4.157609999999999812e+30 1.877599999999999921e+36 1.766999999999999904e+00 3.855139999999999816e+28
2.676550000000000000e+12 3.445400000000000028e+30 1.598000000000000069e+36 1.747999999999999998e+00 3.483130000000000073e+28
2.207690000000000000e+12 2.794999999999999973e+30 1.318400000000000068e+36 1.717999999999999972e+00 3.111209999999999931e+28
4.299000000000000000e+11 7.805000000000000069e+29 2.572000000000000181e+35 1.330000000000000071e+00 1.506450000000000062e+28
4.188000000000000000e+11 7.537999999999999717e+29 2.505999999999999897e+35 1.330000000000000071e+00 1.455129999999999927e+28
3.325000000000000000e+11 5.815999999999999745e+29 1.990000000000000163e+35 1.330000000000000071e+00 1.165809999999999924e+28
2.640000000000000000e+11 4.472999999999999815e+29 1.581000000000000083e+35 1.330000000000000071e+00 9.297799999999999813e+27
2.096000000000000000e+11 3.289999999999999843e+29 1.256000000000000028e+35 1.330000000000000071e+00 6.841069999999999801e+27
1.844000000000000000e+11 2.892000000000000018e+29 1.105000000000000000e+35 1.330000000000000071e+00 6.221810000000000396e+27
1.664000000000000000e+11 2.597000000000000095e+29 9.975999999999999784e+34 1.330000000000000071e+00 3.996079999999999920e+27
1.322000000000000000e+11 2.033000000000000102e+29 7.923999999999999875e+34 1.330000000000000071e+00 3.293160000000000158e+27
1.049000000000000000e+11 1.494999999999999961e+29 6.294000000000000085e+34 1.330000000000000071e+00 2.422460000000000012e+27
8.332000000000000000e+10 1.100000000000000064e+29 4.999999999999999843e+34 1.330000000000000071e+00 1.782300000000000002e+27
6.617000000000000000e+10 8.088999999999999432e+28 3.971999999999999897e+34 1.330000000000000071e+00 1.311289999999999924e+27
5.254000000000000000e+10 5.949000000000000344e+28 3.155000000000000010e+34 1.330000000000000071e+00 9.646129999999999985e+26
4.172000000000000000e+10 4.628000000000000126e+28 2.505999999999999897e+34 1.330000000000000071e+00 7.875200000000000595e+26
3.313000000000000000e+10 3.403999999999999866e+28 1.989999999999999932e+34 1.330000000000000071e+00 5.791050000000000196e+26
2.631000000000000000e+10 2.502999999999999803e+28 1.580999999999999991e+34 1.330000000000000071e+00 4.261170000000000143e+26
2.090000000000000000e+10 1.938000000000000082e+28 1.255999999999999936e+34 1.330000000000000071e+00 3.451690000000000088e+26
1.659000000000000000e+10 1.425000000000000067e+28 9.976000000000000246e+33 1.330000000000000071e+00 2.538950000000000110e+26
1.318000000000000000e+10 1.048000000000000007e+28 7.924000000000000337e+33 1.330000000000000071e+00 1.867689999999999969e+26
1.046000000000000000e+10 7.701999999999999683e+27 6.294000000000000085e+33 1.330000000000000071e+00 1.373879999999999975e+26
8.312000000000000000e+09 5.662000000000000348e+27 4.999999999999999728e+33 1.330000000000000071e+00 1.010819999999999921e+26
6.601000000000000000e+09 4.362000000000000029e+27 3.972000000000000127e+33 1.330000000000000071e+00 8.130089999999999436e+25
4.164000000000000000e+09 2.356000000000000079e+27 2.505999999999999955e+33 1.330000000000000071e+00 4.399369999999999874e+25
2.626000000000000000e+09 1.272000000000000034e+27 1.580999999999999991e+33 1.330000000000000071e+00 2.380450000000000180e+25
1.657000000000000000e+09 6.859999999999999767e+26 9.975999999999999957e+32 1.330000000000000071e+00 1.288319999999999913e+25
1.316000000000000000e+09 5.036000000000000296e+26 7.924000000000000337e+32 1.330000000000000071e+00 9.477099999999999527e+24
1.045000000000000000e+09 4.128999999999999924e+26 6.293999999999999941e+32 1.330000000000000071e+00 6.794269999999999770e+24
8.301000000000000000e+08 3.039000000000000162e+26 4.999999999999999728e+32 1.330000000000000071e+00 4.998809999999999830e+24
5.237000000000000000e+08 1.628999999999999891e+26 3.154999999999999923e+32 1.330000000000000071e+00 2.705450000000000161e+24
3.304000000000000000e+08 8.737999999999999925e+25 1.990000000000000076e+32 1.330000000000000071e+00 1.463449999999999964e+24
2.624000000000000000e+08 6.675999999999999817e+25 1.580999999999999919e+32 1.330000000000000071e+00 1.123400000000000065e+24
1.315000000000000000e+08 2.603999999999999941e+25 7.923999999999999616e+31 1.330000000000000071e+00 4.472499999999999827e+23
6.589000000000000000e+07 1.006000000000000014e+25 3.972000000000000199e+31 1.330000000000000071e+00 1.780890000000000165e+23
3.302000000000000000e+07 3.832999999999999839e+24 1.989999999999999986e+31 1.330000000000000071e+00 7.086450000000000092e+22
1.655000000000000000e+07 1.435000000000000086e+24 9.975999999999999642e+30 1.330000000000000071e+00 2.822060000000000131e+22
8.293000000000000000e+06 5.250000000000000315e+23 4.999999999999999818e+30 1.330000000000000071e+00 1.123529999999999934e+22
6.588000000000000000e+06 3.910999999999999759e+23 3.972000000000000087e+30 1.330000000000000071e+00 8.163429999999999541e+21
2.622000000000000000e+06 9.754999999999999214e+22 1.581000000000000009e+30 1.330000000000000071e+00 2.390210000000000197e+21
1.044000000000000000e+06 2.318000000000000105e+22 6.293999999999999902e+29 1.330000000000000071e+00 6.999960000000000000e+20
4.156000000000000000e+05 5.265999999999999476e+21 2.505999999999999907e+29 1.330000000000000071e+00 2.050380000000000000e+20
1.654000000000000000e+05 1.151000000000000000e+21 9.976000000000000768e+28 1.330000000000000071e+00 6.004390000000000000e+19
6.587000000000000000e+04 2.431000000000000000e+20 3.972000000000000263e+28 1.330000000000000071e+00 1.758760000000000000e+19
2.622000000000000000e+04 4.968000000000000000e+19 1.581000000000000061e+28 1.330000000000000071e+00 5.149550000000000000e+18
1.044000000000000000e+04 9.744000000000000000e+18 6.294999999999999717e+27 1.330000000000000071e+00 1.508420000000000000e+18
