2.500000e+01  8.043143e+00  -1.950000e+02
2.505030e+01  8.103908e+00  -1.950000e+02

2.500000e+01  8.625449e+00  -1.900000e+02
2.520264e+01  8.870245e+00  -1.900000e+02

2.500000e+01  9.207754e+00  -1.850000e+02
2.509180e+01  9.318649e+00  -1.850000e+02

2.500000e+01  9.737408e+00  -1.800000e+02

2.500000e+01  1.020188e+01  -1.750000e+02

2.500000e+01  1.066634e+01  -1.700000e+02

2.503369e+01  1.120150e+01  -1.650000e+02

2.518743e+01  1.198861e+01  -1.600000e+02
2.542911e+01  1.229770e+01  -1.600000e+02

