1.001479159300000000e+16 8.124694505600000507e+36 1.995730000000000095e+39 1.000000000000000000e+00 0.000000000000000000e+00
9.964673358600000000e+15 8.079588094900000399e+36 1.990729999999999960e+39 1.000000000000000000e+00 0.000000000000000000e+00
9.914680845800000000e+15 8.034594833399999740e+36 1.985730000000000127e+39 1.000000000000000000e+00 0.000000000000000000e+00
9.864814054000000000e+15 7.989714720799999575e+36 1.980729999999999992e+39 1.000000000000000000e+00 0.000000000000000000e+00
9.815072983500000000e+15 7.944947757300000388e+36 1.975729999999999857e+39 1.000000000000000000e+00 0.000000000000000000e+00
9.765457634000000000e+15 7.900293942800000165e+36 1.970730000000000025e+39 1.000000000000000000e+00 0.000000000000000000e+00
9.715968005800000000e+15 7.855753277399999740e+36 1.965729999999999890e+39 1.000000000000000000e+00 0.000000000000000000e+00
9.666604098700000000e+15 7.811325760999999461e+36 1.960730000000000057e+39 1.000000000000000000e+00 0.000000000000000000e+00
9.617365912700000000e+15 7.767011393600000507e+36 1.955729999999999922e+39 1.000000000000000000e+00 0.000000000000000000e+00
9.568253447900000000e+15 7.722810175300000171e+36 1.950730000000000089e+39 1.000000000000000000e+00 0.000000000000000000e+00
9.519266704200000000e+15 7.678722105999999980e+36 1.945729999999999954e+39 1.000000000000000000e+00 0.000000000000000000e+00
9.470405681700000000e+15 7.634747185699999934e+36 1.940730000000000122e+39 1.000000000000000000e+00 0.000000000000000000e+00
9.421670380300000000e+15 7.590885414499999686e+36 1.935729999999999987e+39 1.000000000000000000e+00 0.000000000000000000e+00
9.373060800100000000e+15 7.547136792299999583e+36 1.930729999999999852e+39 1.000000000000000000e+00 0.000000000000000000e+00
9.324576941100000000e+15 7.503501319099999625e+36 1.925730000000000019e+39 1.000000000000000000e+00 0.000000000000000000e+00
9.276218803200000000e+15 7.459978994999999465e+36 1.920729999999999884e+39 1.000000000000000000e+00 0.000000000000000000e+00
9.227986386400000000e+15 7.416569819899999451e+36 1.915730000000000051e+39 1.000000000000000000e+00 0.000000000000000000e+00
9.179879690800000000e+15 7.373273793900000414e+36 1.910729999999999916e+39 1.000000000000000000e+00 0.000000000000000000e+00
9.131898716300000000e+15 7.330090916900000343e+36 1.905730000000000084e+39 1.000000000000000000e+00 0.000000000000000000e+00
9.084043463000000000e+15 7.287021188900000416e+36 1.900729999999999949e+39 1.000000000000000000e+00 0.000000000000000000e+00
9.036313930900000000e+15 7.244064610000000287e+36 1.895730000000000116e+39 1.000000000000000000e+00 0.000000000000000000e+00
8.988710119900000000e+15 7.201221180100000304e+36 1.890729999999999981e+39 1.000000000000000000e+00 0.000000000000000000e+00
8.941232030000000000e+15 7.158490899200000466e+36 1.885730000000000148e+39 1.000000000000000000e+00 0.000000000000000000e+00
8.893879661300000000e+15 7.115873767400000425e+36 1.880730000000000013e+39 1.000000000000000000e+00 0.000000000000000000e+00
8.846653013800000000e+15 7.073369784600000530e+36 1.875729999999999878e+39 1.000000000000000000e+00 0.000000000000000000e+00
8.799552087400000000e+15 7.030978950799999600e+36 1.870730000000000046e+39 1.000000000000000000e+00 0.000000000000000000e+00
8.752576882100000000e+15 6.988701266099999648e+36 1.865729999999999911e+39 1.000000000000000000e+00 0.000000000000000000e+00
8.705727398000000000e+15 6.946536730399999841e+36 1.860730000000000078e+39 1.000000000000000000e+00 0.000000000000000000e+00
8.659003635100000000e+15 6.904485343799999832e+36 1.855729999999999943e+39 1.000000000000000000e+00 0.000000000000000000e+00
8.612405593300000000e+15 6.862547106199999968e+36 1.850730000000000110e+39 1.000000000000000000e+00 0.000000000000000000e+00
8.565933272700000000e+15 6.820722017600000249e+36 1.845729999999999975e+39 1.000000000000000000e+00 0.000000000000000000e+00
8.519586673200000000e+15 6.779010077999999495e+36 1.840730000000000143e+39 1.000000000000000000e+00 0.000000000000000000e+00
8.473365794800000000e+15 6.737411287499999720e+36 1.835730000000000008e+39 1.000000000000000000e+00 0.000000000000000000e+00
8.427270637700000000e+15 6.695925646099999742e+36 1.830729999999999873e+39 1.000000000000000000e+00 0.000000000000000000e+00
8.381301201600000000e+15 6.654553153600000257e+36 1.825730000000000040e+39 1.000000000000000000e+00 0.000000000000000000e+00
8.335457486700000000e+15 6.613293810200000569e+36 1.820729999999999905e+39 1.000000000000000000e+00 0.000000000000000000e+00
8.289739493000000000e+15 6.572147615899999499e+36 1.815730000000000072e+39 1.000000000000000000e+00 0.000000000000000000e+00
8.244147220400000000e+15 6.531114570500000102e+36 1.810729999999999937e+39 1.000000000000000000e+00 0.000000000000000000e+00
8.198680669000000000e+15 6.490194674300000155e+36 1.805730000000000105e+39 1.000000000000000000e+00 0.000000000000000000e+00
8.153339838700000000e+15 6.449387926999999521e+36 1.800729999999999970e+39 1.000000000000000000e+00 0.000000000000000000e+00
8.108124729600000000e+15 6.408694328799999865e+36 1.795730000000000137e+39 1.000000000000000000e+00 0.000000000000000000e+00
8.063035341600000000e+15 6.368113879600000354e+36 1.790730000000000002e+39 1.000000000000000000e+00 0.000000000000000000e+00
8.018071674800000000e+15 6.327646579499999460e+36 1.785729999999999867e+39 1.000000000000000000e+00 0.000000000000000000e+00
7.973233729100000000e+15 6.287292428399999892e+36 1.780730000000000034e+39 1.000000000000000000e+00 0.000000000000000000e+00
7.928521504600000000e+15 6.247051426300000470e+36 1.775729999999999900e+39 1.000000000000000000e+00 0.000000000000000000e+00
7.883935001200000000e+15 6.206923573200000012e+36 1.770730000000000067e+39 1.000000000000000000e+00 0.000000000000000000e+00
7.839474219000000000e+15 6.166908869200000533e+36 1.765729999999999932e+39 1.000000000000000000e+00 0.000000000000000000e+00
7.795139157900000000e+15 6.127007314299999670e+36 1.760730000000000099e+39 1.000000000000000000e+00 0.000000000000000000e+00
7.750929818000000000e+15 6.087218908400000133e+36 1.755729999999999964e+39 1.000000000000000000e+00 0.000000000000000000e+00
7.706846199200000000e+15 6.047543651499999561e+36 1.750730000000000131e+39 1.000000000000000000e+00 0.000000000000000000e+00
7.662888301600000000e+15 6.007981543600000315e+36 1.745729999999999997e+39 1.000000000000000000e+00 0.000000000000000000e+00
7.619056125100000000e+15 5.968532584799999686e+36 1.740729999999999862e+39 1.000000000000000000e+00 0.000000000000000000e+00
7.575349669800000000e+15 5.929196775000000383e+36 1.735730000000000029e+39 1.000000000000000000e+00 0.000000000000000000e+00
7.531768935600000000e+15 5.889974114299999697e+36 1.730729999999999894e+39 1.000000000000000000e+00 0.000000000000000000e+00
7.488313922600000000e+15 5.850864602499999504e+36 1.725730000000000061e+39 1.000000000000000000e+00 0.000000000000000000e+00
7.444984630800000000e+15 5.811868239899999942e+36 1.720729999999999926e+39 1.000000000000000000e+00 0.000000000000000000e+00
7.401781060100000000e+15 5.772985026199999692e+36 1.715730000000000094e+39 1.000000000000000000e+00 0.000000000000000000e+00
7.358703210500000000e+15 5.734214961600000420e+36 1.710729999999999959e+39 1.000000000000000000e+00 0.000000000000000000e+00
7.315751082100000000e+15 5.695558046099999765e+36 1.705730000000000126e+39 1.000000000000000000e+00 0.000000000000000000e+00
7.272924674800000000e+15 5.657014279499999603e+36 1.700729999999999991e+39 1.000000000000000000e+00 0.000000000000000000e+00
7.230223988700000000e+15 5.618583662000000420e+36 1.695729999999999856e+39 1.000000000000000000e+00 0.000000000000000000e+00
7.187649023800000000e+15 5.580266193599999853e+36 1.690730000000000023e+39 1.000000000000000000e+00 0.000000000000000000e+00
7.145199780000000000e+15 5.542061874099999780e+36 1.685729999999999888e+39 1.000000000000000000e+00 0.000000000000000000e+00
7.102876257300000000e+15 5.503970703800000337e+36 1.680730000000000056e+39 1.000000000000000000e+00 0.000000000000000000e+00
7.060678455800000000e+15 5.465992682400000206e+36 1.675729999999999921e+39 1.000000000000000000e+00 0.000000000000000000e+00
7.018606375500000000e+15 5.428127810099999873e+36 1.670730000000000088e+39 1.000000000000000000e+00 0.000000000000000000e+00
6.976660016300000000e+15 5.390376086799999686e+36 1.665729999999999953e+39 1.000000000000000000e+00 0.000000000000000000e+00
6.934839378200000000e+15 5.352737512600000476e+36 1.660730000000000120e+39 1.000000000000000000e+00 0.000000000000000000e+00
6.893144461300000000e+15 5.315212087400000232e+36 1.655729999999999985e+39 1.000000000000000000e+00 0.000000000000000000e+00
6.851575265600000000e+15 5.277799811200000132e+36 1.650729999999999850e+39 1.000000000000000000e+00 0.000000000000000000e+00
6.810131791000000000e+15 5.240500684099999831e+36 1.645730000000000018e+39 1.000000000000000000e+00 0.000000000000000000e+00
6.768814037500000000e+15 5.203314706000000264e+36 1.640729999999999883e+39 1.000000000000000000e+00 0.000000000000000000e+00
6.727622005200000000e+15 5.166241876900000253e+36 1.635730000000000050e+39 1.000000000000000000e+00 0.000000000000000000e+00
6.686555694100000000e+15 5.129282196900000040e+36 1.630729999999999915e+39 1.000000000000000000e+00 0.000000000000000000e+00
6.645615104100000000e+15 5.092435665899999972e+36 1.625730000000000082e+39 1.000000000000000000e+00 0.000000000000000000e+00
6.604800235300000000e+15 5.055702283900000049e+36 1.620729999999999947e+39 1.000000000000000000e+00 0.000000000000000000e+00
6.564111087600000000e+15 5.019082050999999924e+36 1.615730000000000115e+39 1.000000000000000000e+00 0.000000000000000000e+00
6.523547661000000000e+15 4.982574967099999944e+36 1.610729999999999980e+39 1.000000000000000000e+00 0.000000000000000000e+00
6.483109955700000000e+15 4.946181032299999762e+36 1.605730000000000147e+39 1.000000000000000000e+00 0.000000000000000000e+00
6.442797971400000000e+15 4.909900246499999725e+36 1.600730000000000012e+39 1.000000000000000000e+00 0.000000000000000000e+00
6.402611708300000000e+15 4.873732609699999833e+36 1.595729999999999877e+39 1.000000000000000000e+00 0.000000000000000000e+00
6.362551166400000000e+15 4.837678121900000087e+36 1.590730000000000044e+39 1.000000000000000000e+00 0.000000000000000000e+00
6.322616345600000000e+15 4.801736783200000139e+36 1.585729999999999909e+39 1.000000000000000000e+00 0.000000000000000000e+00
6.282807246000000000e+15 4.765908593599999988e+36 1.580730000000000077e+39 1.000000000000000000e+00 0.000000000000000000e+00
6.243123867500000000e+15 4.730193552899999739e+36 1.575729999999999942e+39 1.000000000000000000e+00 0.000000000000000000e+00
6.203566210200000000e+15 4.694591661299999879e+36 1.570730000000000109e+39 1.000000000000000000e+00 0.000000000000000000e+00
6.164134274000000000e+15 4.659102918799999816e+36 1.565729999999999974e+39 1.000000000000000000e+00 0.000000000000000000e+00
6.124828059000000000e+15 4.623727325299999899e+36 1.560730000000000141e+39 1.000000000000000000e+00 0.000000000000000000e+00
6.085647565100000000e+15 4.588464880800000127e+36 1.555730000000000006e+39 1.000000000000000000e+00 0.000000000000000000e+00
6.046592792400000000e+15 4.553315585299999910e+36 1.550729999999999872e+39 1.000000000000000000e+00 0.000000000000000000e+00
6.007663740800000000e+15 4.518279438900000081e+36 1.545730000000000039e+39 1.000000000000000000e+00 0.000000000000000000e+00
5.968860410400000000e+15 4.483356441499999807e+36 1.540729999999999904e+39 1.000000000000000000e+00 0.000000000000000000e+00
5.930182801100000000e+15 4.448546593199999920e+36 1.535730000000000071e+39 1.000000000000000000e+00 0.000000000000000000e+00
5.891630913000000000e+15 4.413849893900000180e+36 1.530729999999999936e+39 1.000000000000000000e+00 0.000000000000000000e+00
5.853204746100000000e+15 4.379266343599999994e+36 1.525730000000000104e+39 1.000000000000000000e+00 0.000000000000000000e+00
5.814904300200000000e+15 4.344795942400000196e+36 1.520729999999999969e+39 1.000000000000000000e+00 0.000000000000000000e+00
5.776729575600000000e+15 4.310438690199999953e+36 1.515730000000000136e+39 1.000000000000000000e+00 0.000000000000000000e+00
5.738680572100000000e+15 4.276194586999999856e+36 1.510730000000000001e+39 1.000000000000000000e+00 0.000000000000000000e+00
5.700757289700000000e+15 4.242063632900000146e+36 1.505729999999999866e+39 1.000000000000000000e+00 0.000000000000000000e+00
5.662959728500000000e+15 4.208045827799999991e+36 1.500730000000000033e+39 1.000000000000000000e+00 0.000000000000000000e+00
5.625287888400000000e+15 4.174141171800000224e+36 1.495729999999999898e+39 1.000000000000000000e+00 0.000000000000000000e+00
5.587741769500000000e+15 4.140349664699999770e+36 1.490730000000000066e+39 1.000000000000000000e+00 0.000000000000000000e+00
5.550321371800000000e+15 4.106671306799999946e+36 1.485729999999999931e+39 1.000000000000000000e+00 0.000000000000000000e+00
5.513026695200000000e+15 4.073106097800000026e+36 1.480730000000000098e+39 1.000000000000000000e+00 0.000000000000000000e+00
5.475857739700000000e+15 4.039654037899999902e+36 1.475729999999999963e+39 1.000000000000000000e+00 0.000000000000000000e+00
5.438814505400000000e+15 4.006315126999999924e+36 1.470730000000000130e+39 1.000000000000000000e+00 0.000000000000000000e+00
5.401896992200000000e+15 3.973089365199999744e+36 1.465729999999999995e+39 1.000000000000000000e+00 0.000000000000000000e+00
5.365105200200000000e+15 3.939976752399999709e+36 1.460729999999999860e+39 1.000000000000000000e+00 0.000000000000000000e+00
5.328439129400000000e+15 3.906977288599999819e+36 1.455730000000000028e+39 1.000000000000000000e+00 0.000000000000000000e+00
5.291898779700000000e+15 3.874090973899999727e+36 1.450729999999999893e+39 1.000000000000000000e+00 0.000000000000000000e+00
5.255484151100000000e+15 3.841317808199999780e+36 1.445730000000000060e+39 1.000000000000000000e+00 0.000000000000000000e+00
5.219195243700000000e+15 3.808657791499999978e+36 1.440729999999999925e+39 1.000000000000000000e+00 0.000000000000000000e+00
5.183032057500000000e+15 3.776110923899999974e+36 1.435730000000000092e+39 1.000000000000000000e+00 0.000000000000000000e+00
5.146994592400000000e+15 3.743677205300000116e+36 1.430729999999999957e+39 1.000000000000000000e+00 0.000000000000000000e+00
5.111082848500000000e+15 3.711356635800000055e+36 1.425730000000000125e+39 1.000000000000000000e+00 0.000000000000000000e+00
5.075296825700000000e+15 3.679149215300000139e+36 1.420729999999999990e+39 1.000000000000000000e+00 0.000000000000000000e+00
5.039636524000000000e+15 3.647054943799999779e+36 1.415729999999999855e+39 1.000000000000000000e+00 0.000000000000000000e+00
5.004101943500000000e+15 3.615073821300000154e+36 1.410730000000000022e+39 1.000000000000000000e+00 0.000000000000000000e+00
4.968693084200000000e+15 3.583205847899999736e+36 1.405729999999999887e+39 1.000000000000000000e+00 0.000000000000000000e+00
4.933409946000000000e+15 3.551451023599999706e+36 1.400730000000000054e+39 1.000000000000000000e+00 0.000000000000000000e+00
4.898252529000000000e+15 3.519809348200000170e+36 1.395729999999999919e+39 1.000000000000000000e+00 0.000000000000000000e+00
4.863220833100000000e+15 3.488280821899999841e+36 1.390730000000000087e+39 1.000000000000000000e+00 0.000000000000000000e+00
4.828314858300000000e+15 3.456865444699999899e+36 1.385729999999999952e+39 1.000000000000000000e+00 0.000000000000000000e+00
4.793534604800000000e+15 3.425563216500000103e+36 1.380730000000000119e+39 1.000000000000000000e+00 0.000000000000000000e+00
4.758880072300000000e+15 3.394374137299999862e+36 1.375729999999999984e+39 1.000000000000000000e+00 0.000000000000000000e+00
4.724351261100000000e+15 3.363298207099999766e+36 1.370729999999999849e+39 1.000000000000000000e+00 0.000000000000000000e+00
4.689948170900000000e+15 3.332335426000000058e+36 1.365730000000000016e+39 1.000000000000000000e+00 0.000000000000000000e+00
4.655670801900000000e+15 3.301485793899999905e+36 1.360730000000000033e+39 1.000000000000000000e+00 0.000000000000000000e+00
4.621519154100000000e+15 3.270749310900000140e+36 1.355730000000000049e+39 1.000000000000000000e+00 0.000000000000000000e+00
4.587493227400000000e+15 3.240125976899999931e+36 1.350730000000000065e+39 1.000000000000000000e+00 0.000000000000000000e+00
4.553593021900000000e+15 3.209615791899999866e+36 1.345729999999999930e+39 1.000000000000000000e+00 0.000000000000000000e+00
4.519818537500000000e+15 3.179218756000000189e+36 1.340729999999999946e+39 1.000000000000000000e+00 0.000000000000000000e+00
4.486169774300000000e+15 3.148934869100000068e+36 1.335729999999999962e+39 1.000000000000000000e+00 0.000000000000000000e+00
4.452646732200000000e+15 3.118764131200000092e+36 1.330729999999999979e+39 1.000000000000000000e+00 0.000000000000000000e+00
4.419249411300000000e+15 3.088706542399999913e+36 1.325729999999999995e+39 1.000000000000000000e+00 0.000000000000000000e+00
4.385977811600000000e+15 3.058762102599999880e+36 1.320730000000000011e+39 1.000000000000000000e+00 0.000000000000000000e+00
4.352831932900000000e+15 3.028930811799999992e+36 1.315730000000000027e+39 1.000000000000000000e+00 0.000000000000000000e+00
4.319811775500000000e+15 2.999212670099999901e+36 1.310730000000000043e+39 1.000000000000000000e+00 0.000000000000000000e+00
4.286917339200000000e+15 2.969607677399999956e+36 1.305730000000000059e+39 1.000000000000000000e+00 0.000000000000000000e+00
4.254148624000000000e+15 2.940115833799999809e+36 1.300730000000000076e+39 1.000000000000000000e+00 0.000000000000000000e+00
4.221505630000000000e+15 2.910737139100000155e+36 1.295729999999999941e+39 1.000000000000000000e+00 0.000000000000000000e+00
4.188988357100000000e+15 2.881471593599999950e+36 1.290729999999999957e+39 1.000000000000000000e+00 0.000000000000000000e+00
4.156596805400000000e+15 2.852319197000000239e+36 1.285729999999999973e+39 1.000000000000000000e+00 0.000000000000000000e+00
4.124330974800000000e+15 2.823279949499999734e+36 1.280729999999999989e+39 1.000000000000000000e+00 0.000000000000000000e+00
4.092190865400000000e+15 2.794353851100000208e+36 1.275730000000000005e+39 1.000000000000000000e+00 0.000000000000000000e+00
4.060176477200000000e+15 2.765540901599999995e+36 1.270730000000000021e+39 1.000000000000000000e+00 0.000000000000000000e+00
4.028287810100000000e+15 2.736841101200000170e+36 1.265730000000000038e+39 1.000000000000000000e+00 0.000000000000000000e+00
3.996524864100000000e+15 2.708254449900000141e+36 1.260730000000000054e+39 1.000000000000000000e+00 0.000000000000000000e+00
3.964887639300000000e+15 2.679780947500000016e+36 1.255730000000000070e+39 1.000000000000000000e+00 0.000000000000000000e+00
3.933376135700000000e+15 2.651420594299999931e+36 1.250729999999999935e+39 1.000000000000000000e+00 0.000000000000000000e+00
3.901990353200000000e+15 2.623173390000000044e+36 1.245729999999999951e+39 1.000000000000000000e+00 0.000000000000000000e+00
3.870730291800000000e+15 2.595039334799999955e+36 1.240729999999999967e+39 1.000000000000000000e+00 0.000000000000000000e+00
3.839595951600000000e+15 2.567018428600000011e+36 1.235729999999999983e+39 1.000000000000000000e+00 0.000000000000000000e+00
3.808587332600000000e+15 2.539110671499999864e+36 1.230730000000000000e+39 1.000000000000000000e+00 0.000000000000000000e+00
3.777704434700000000e+15 2.511316063399999863e+36 1.225730000000000016e+39 1.000000000000000000e+00 0.000000000000000000e+00
3.746947257900000000e+15 2.483634604300000007e+36 1.220730000000000032e+39 1.000000000000000000e+00 0.000000000000000000e+00
3.716315802300000000e+15 2.456066294299999949e+36 1.215730000000000048e+39 1.000000000000000000e+00 0.000000000000000000e+00
3.685810067900000000e+15 2.428611133300000036e+36 1.210730000000000064e+39 1.000000000000000000e+00 0.000000000000000000e+00
3.655430054600000000e+15 2.401269121299999973e+36 1.205729999999999929e+39 1.000000000000000000e+00 0.000000000000000000e+00
3.625175762400000000e+15 2.374040258400000003e+36 1.200729999999999946e+39 1.000000000000000000e+00 0.000000000000000000e+00
3.595047191400000000e+15 2.346924544499999883e+36 1.195729999999999962e+39 1.000000000000000000e+00 0.000000000000000000e+00
3.565044341600000000e+15 2.319921979599999909e+36 1.190729999999999978e+39 1.000000000000000000e+00 0.000000000000000000e+00
3.535167212900000000e+15 2.293032563800000027e+36 1.185729999999999994e+39 1.000000000000000000e+00 0.000000000000000000e+00
3.505415805400000000e+15 2.266256296999999996e+36 1.180730000000000010e+39 1.000000000000000000e+00 0.000000000000000000e+00
3.475790119000000000e+15 2.239593179300000057e+36 1.175730000000000026e+39 1.000000000000000000e+00 0.000000000000000000e+00
3.446290153800000000e+15 2.213043210599999968e+36 1.170730000000000043e+39 1.000000000000000000e+00 0.000000000000000000e+00
3.416915909700000000e+15 2.186606390900000025e+36 1.165730000000000059e+39 1.000000000000000000e+00 0.000000000000000000e+00
3.387667386700000000e+15 2.160282720199999932e+36 1.160730000000000075e+39 1.000000000000000000e+00 0.000000000000000000e+00
3.358544585000000000e+15 2.134072198599999932e+36 1.155729999999999940e+39 1.000000000000000000e+00 0.000000000000000000e+00
3.329547504300000000e+15 2.107974826100000024e+36 1.150729999999999956e+39 1.000000000000000000e+00 0.000000000000000000e+00
3.300676144900000000e+15 2.081990602500000019e+36 1.145729999999999972e+39 1.000000000000000000e+00 0.000000000000000000e+00
3.271930506500000000e+15 2.056119528000000107e+36 1.140729999999999988e+39 1.000000000000000000e+00 0.000000000000000000e+00
3.243310589300000000e+15 2.030361602599999993e+36 1.135730000000000005e+39 1.000000000000000000e+00 0.000000000000000000e+00
3.214816393300000000e+15 2.004716826200000024e+36 1.130730000000000021e+39 1.000000000000000000e+00 0.000000000000000000e+00
3.186447918400000000e+15 1.979185198799999905e+36 1.125730000000000037e+39 1.000000000000000000e+00 0.000000000000000000e+00
3.158205164700000000e+15 1.953766720399999931e+36 1.120730000000000053e+39 1.000000000000000000e+00 0.000000000000000000e+00
3.130088132200000000e+15 1.928461391100000050e+36 1.115730000000000069e+39 1.000000000000000000e+00 0.000000000000000000e+00
3.102096820700000000e+15 1.903269210800000020e+36 1.110729999999999934e+39 1.000000000000000000e+00 0.000000000000000000e+00
3.074231230500000000e+15 1.878190179600000082e+36 1.105729999999999951e+39 1.000000000000000000e+00 0.000000000000000000e+00
3.046491361300000000e+15 1.853224297399999994e+36 1.100729999999999967e+39 1.000000000000000000e+00 0.000000000000000000e+00
3.018877213400000000e+15 1.828371564200000052e+36 1.095729999999999983e+39 1.000000000000000000e+00 0.000000000000000000e+00
2.991388786600000000e+15 1.803631980099999907e+36 1.090729999999999999e+39 1.000000000000000000e+00 0.000000000000000000e+00
2.964026080900000000e+15 1.779005544999999908e+36 1.085730000000000015e+39 1.000000000000000000e+00 0.000000000000000000e+00
2.936789096400000000e+15 1.754492258900000054e+36 1.080730000000000031e+39 1.000000000000000000e+00 0.000000000000000000e+00
2.909677833000000000e+15 1.730092121899999997e+36 1.075730000000000048e+39 1.000000000000000000e+00 0.000000000000000000e+00
2.882692290800000000e+15 1.705805133900000086e+36 1.070730000000000064e+39 1.000000000000000000e+00 0.000000000000000000e+00
2.855832469700000000e+15 1.681631294900000025e+36 1.065729999999999929e+39 1.000000000000000000e+00 0.000000000000000000e+00
2.829098369800000000e+15 1.657570605000000057e+36 1.060729999999999945e+39 1.000000000000000000e+00 0.000000000000000000e+00
2.802489991100000000e+15 1.633623064099999939e+36 1.055729999999999961e+39 1.000000000000000000e+00 0.000000000000000000e+00
2.776007333500000000e+15 1.609788672299999913e+36 1.050729999999999977e+39 1.000000000000000000e+00 0.000000000000000000e+00
2.749650397000000000e+15 1.586067429500000034e+36 1.045729999999999993e+39 1.000000000000000000e+00 0.000000000000000000e+00
2.723419181700000000e+15 1.562459335700000004e+36 1.040730000000000010e+39 1.000000000000000000e+00 0.000000000000000000e+00
2.697313687600000000e+15 1.538964391000000067e+36 1.035730000000000026e+39 1.000000000000000000e+00 0.000000000000000000e+00
2.671333914600000000e+15 1.515582595299999980e+36 1.030730000000000042e+39 1.000000000000000000e+00 0.000000000000000000e+00
2.645479862700000000e+15 1.492313948600000039e+36 1.025730000000000058e+39 1.000000000000000000e+00 0.000000000000000000e+00
2.619751532000000000e+15 1.469158450999999895e+36 1.020730000000000074e+39 1.000000000000000000e+00 0.000000000000000000e+00
2.594148922500000000e+15 1.446116102399999896e+36 1.015729999999999939e+39 1.000000000000000000e+00 0.000000000000000000e+00
2.568672034100000000e+15 1.423186902800000043e+36 1.010729999999999955e+39 1.000000000000000000e+00 0.000000000000000000e+00
2.543320866800000000e+15 1.400370852299999987e+36 1.005729999999999972e+39 1.000000000000000000e+00 0.000000000000000000e+00
2.518095420700000000e+15 1.377667950800000077e+36 1.000729999999999988e+39 1.000000000000000000e+00 0.000000000000000000e+00
2.492975666300000000e+15 1.355060171899999881e+36 9.957259999999999582e+38 1.000000000000000000e+00 0.000000000000000000e+00
2.468001763100000000e+15 1.332583658999999942e+36 9.907259999999999744e+38 1.000000000000000000e+00 0.000000000000000000e+00
2.443153581000000000e+15 1.310220295100000000e+36 9.857259999999999905e+38 1.000000000000000000e+00 0.000000000000000000e+00
2.418431120100000000e+15 1.287970080300000003e+36 9.807260000000000067e+38 1.000000000000000000e+00 0.000000000000000000e+00
2.393834380400000000e+15 1.265833014500000004e+36 9.757260000000000229e+38 1.000000000000000000e+00 0.000000000000000000e+00
2.369363361800000000e+15 1.243809097700000003e+36 9.707260000000000390e+38 1.000000000000000000e+00 0.000000000000000000e+00
2.345018064300000000e+15 1.221898329999999947e+36 9.657260000000000552e+38 1.000000000000000000e+00 0.000000000000000000e+00
2.320798488000000000e+15 1.200100711399999984e+36 9.607260000000000714e+38 1.000000000000000000e+00 0.000000000000000000e+00
2.296704632800000000e+15 1.178416241700000071e+36 9.557259999999999364e+38 1.000000000000000000e+00 0.000000000000000000e+00
2.272736498800000000e+15 1.156844921099999956e+36 9.507259999999999526e+38 1.000000000000000000e+00 0.000000000000000000e+00
2.248894086000000000e+15 1.135386749499999986e+36 9.457259999999999688e+38 1.000000000000000000e+00 0.000000000000000000e+00
2.225177394300000000e+15 1.114041726999999961e+36 9.407259999999999849e+38 1.000000000000000000e+00 0.000000000000000000e+00
2.201586423700000000e+15 1.092809853499999934e+36 9.357260000000000011e+38 1.000000000000000000e+00 0.000000000000000000e+00
2.178121174300000000e+15 1.071691129000000053e+36 9.307260000000000173e+38 1.000000000000000000e+00 0.000000000000000000e+00
2.154781646100000000e+15 1.050685553599999968e+36 9.257260000000000334e+38 1.000000000000000000e+00 0.000000000000000000e+00
2.131567839000000000e+15 1.029793127200000030e+36 9.207260000000000496e+38 1.000000000000000000e+00 0.000000000000000000e+00
2.108479753000000000e+15 1.009013849900000036e+36 9.157260000000000658e+38 1.000000000000000000e+00 0.000000000000000000e+00
2.085517388200000000e+15 9.883477215599999728e+35 9.107259999999999308e+38 1.000000000000000000e+00 0.000000000000000000e+00
2.062680744600000000e+15 9.677947422700000286e+35 9.057259999999999470e+38 1.000000000000000000e+00 0.000000000000000000e+00
2.039969822100000000e+15 9.473549120300000558e+35 9.007259999999999632e+38 1.000000000000000000e+00 0.000000000000000000e+00
2.017384620700000000e+15 9.270282308199999469e+35 8.957259999999999793e+38 1.000000000000000000e+00 0.000000000000000000e+00
1.994925140500000000e+15 9.068146986399999971e+35 8.907259999999999955e+38 1.000000000000000000e+00 0.000000000000000000e+00
1.972591381500000000e+15 8.867143155100000188e+35 8.857260000000000117e+38 1.000000000000000000e+00 0.000000000000000000e+00
1.950383343600000000e+15 8.667270814100000520e+35 8.807260000000000278e+38 1.000000000000000000e+00 0.000000000000000000e+00
1.928301026900000000e+15 8.468529963399999491e+35 8.757260000000000440e+38 1.000000000000000000e+00 0.000000000000000000e+00
1.906344431300000000e+15 8.270920603100000591e+35 8.707260000000000602e+38 1.000000000000000000e+00 0.000000000000000000e+00
1.884513556800000000e+15 8.074442733199999392e+35 8.657259999999999252e+38 1.000000000000000000e+00 0.000000000000000000e+00
1.862808403500000000e+15 7.879096353599999783e+35 8.607259999999999414e+38 1.000000000000000000e+00 0.000000000000000000e+00
1.841228971400000000e+15 7.684881464399999352e+35 8.557259999999999576e+38 1.000000000000000000e+00 0.000000000000000000e+00
1.819775260400000000e+15 7.491798065500000511e+35 8.507259999999999737e+38 1.000000000000000000e+00 0.000000000000000000e+00
1.798447270600000000e+15 7.299846156999999372e+35 8.457259999999999899e+38 1.000000000000000000e+00 0.000000000000000000e+00
1.777245001900000000e+15 7.109025738900000361e+35 8.407260000000000061e+38 1.000000000000000000e+00 0.000000000000000000e+00
1.756168454400000000e+15 6.919336811099999990e+35 8.357260000000000222e+38 1.000000000000000000e+00 0.000000000000000000e+00
1.735217628000000000e+15 6.730779373700000271e+35 8.307260000000000384e+38 1.000000000000000000e+00 0.000000000000000000e+00
1.714392522800000000e+15 6.543353426699999729e+35 8.257260000000000546e+38 1.000000000000000000e+00 0.000000000000000000e+00
1.693693138700000000e+15 6.357058970000000039e+35 8.207260000000000707e+38 1.000000000000000000e+00 0.000000000000000000e+00
1.673119475800000000e+15 6.171896003700000265e+35 8.157259999999999358e+38 1.000000000000000000e+00 0.000000000000000000e+00
1.652671534000000000e+15 5.987864527699999868e+35 8.107259999999999520e+38 1.000000000000000000e+00 0.000000000000000000e+00
1.632349313400000000e+15 5.804964542100000124e+35 8.057259999999999681e+38 1.000000000000000000e+00 0.000000000000000000e+00
1.612152813900000000e+15 5.623196046799999757e+35 8.007259999999999843e+38 1.000000000000000000e+00 0.000000000000000000e+00
1.592082035600000000e+15 5.442559041900000042e+35 7.957260000000000005e+38 3.597402597399999902e+00 0.000000000000000000e+00
1.578321024500000000e+15 5.320533147099999691e+35 7.907260000000000166e+38 3.597402597399999902e+00 0.000000000000000000e+00
1.564645047100000000e+15 5.200495052900000087e+35 7.857260000000000328e+38 3.597402597399999902e+00 0.000000000000000000e+00
1.551053246200000000e+15 5.082424718799999843e+35 7.807260000000000490e+38 3.597402597399999902e+00 0.000000000000000000e+00
1.537544767600000000e+15 4.966302180499999838e+35 7.757260000000000651e+38 3.597402597399999902e+00 0.000000000000000000e+00
1.524118760600000000e+15 4.852107549699999928e+35 7.707259999999999302e+38 3.597402597399999902e+00 0.000000000000000000e+00
1.510774377700000000e+15 4.739821014699999956e+35 7.657259999999999464e+38 3.597402597399999902e+00 0.000000000000000000e+00
1.497510774600000000e+15 4.629422840299999956e+35 7.607259999999999625e+38 3.597402597399999902e+00 0.000000000000000000e+00
1.484327110500000000e+15 4.520893368399999686e+35 7.557259999999999787e+38 3.597402597399999902e+00 0.000000000000000000e+00
1.471222547700000000e+15 4.414213017699999966e+35 7.507259999999999949e+38 3.597402597399999902e+00 0.000000000000000000e+00
1.458196251900000000e+15 4.309362284099999666e+35 7.457260000000000110e+38 3.597402597399999902e+00 0.000000000000000000e+00
1.445247392000000000e+15 4.206321741199999868e+35 7.407260000000000272e+38 3.597402597399999902e+00 0.000000000000000000e+00
1.432375140300000000e+15 4.105072040000000039e+35 7.357260000000000434e+38 3.597402597399999902e+00 0.000000000000000000e+00
1.419578672500000000e+15 4.005593909499999781e+35 7.307260000000000595e+38 3.597402597399999902e+00 0.000000000000000000e+00
1.406857167500000000e+15 3.907868156800000104e+35 7.257259999999999246e+38 3.597402597399999902e+00 0.000000000000000000e+00
1.394209807700000000e+15 3.811875667200000280e+35 7.207259999999999408e+38 3.597402597399999902e+00 0.000000000000000000e+00
1.381635778600000000e+15 3.717597404699999786e+35 7.157259999999999569e+38 3.597402597399999902e+00 0.000000000000000000e+00
1.369134269500000000e+15 3.625014411699999647e+35 7.107259999999999731e+38 3.597402597399999902e+00 0.000000000000000000e+00
1.356704472600000000e+15 3.534107809999999694e+35 7.057259999999999893e+38 3.597402597399999902e+00 0.000000000000000000e+00
1.344345583800000000e+15 3.444858800099999964e+35 7.007260000000000054e+38 3.597402597399999902e+00 0.000000000000000000e+00
1.332056802400000000e+15 3.357248662200000175e+35 6.957260000000000216e+38 3.597402597399999902e+00 0.000000000000000000e+00
1.319837330800000000e+15 3.271258756200000095e+35 6.907260000000000378e+38 3.597402597399999902e+00 0.000000000000000000e+00
1.307686375200000000e+15 3.186870521499999938e+35 6.857260000000000539e+38 3.597402597399999902e+00 0.000000000000000000e+00
1.295603145000000000e+15 3.104065477999999844e+35 6.807260000000000701e+38 3.597402597399999902e+00 0.000000000000000000e+00
1.283586853100000000e+15 3.022825225600000135e+35 6.757260000000000107e+38 3.597402597399999902e+00 0.000000000000000000e+00
1.271636715800000000e+15 2.943131444899999918e+35 6.707260000000000269e+38 3.597402597399999902e+00 0.000000000000000000e+00
1.259751952900000000e+15 2.864965897500000169e+35 6.657259999999999675e+38 3.597402597399999902e+00 0.000000000000000000e+00
1.247931787700000000e+15 2.788310425600000112e+35 6.607259999999999837e+38 3.597402597399999902e+00 0.000000000000000000e+00
1.236175446900000000e+15 2.713146953100000176e+35 6.557259999999999998e+38 3.597402597399999902e+00 0.000000000000000000e+00
1.224482160800000000e+15 2.639457485100000046e+35 6.507260000000000160e+38 3.597402597399999902e+00 0.000000000000000000e+00
1.212851163000000000e+15 2.567224108899999983e+35 6.457260000000000322e+38 3.597402597399999902e+00 0.000000000000000000e+00
1.201281690800000000e+15 2.496428993400000175e+35 6.407259999999999728e+38 3.597402597399999902e+00 0.000000000000000000e+00
1.189772985000000000e+15 2.427054390000000048e+35 6.357259999999999890e+38 3.597402597399999902e+00 0.000000000000000000e+00
1.178324289800000000e+15 2.359082632699999905e+35 6.307260000000000051e+38 3.597402597399999902e+00 0.000000000000000000e+00
1.166934853100000000e+15 2.292496138199999990e+35 6.257260000000000213e+38 3.597402597399999902e+00 0.000000000000000000e+00
1.155603926200000000e+15 2.227277406300000055e+35 6.207260000000000375e+38 3.597402597399999902e+00 0.000000000000000000e+00
1.144330764100000000e+15 2.163409020300000034e+35 6.157259999999999781e+38 3.597402597399999902e+00 0.000000000000000000e+00
1.133114625400000000e+15 2.100873646899999873e+35 6.107259999999999942e+38 3.597402597399999902e+00 0.000000000000000000e+00
1.121954772000000000e+15 2.039654036700000008e+35 6.057260000000000104e+38 3.597402597399999902e+00 0.000000000000000000e+00
1.110850469800000000e+15 1.979733024599999822e+35 6.007260000000000266e+38 3.597402597399999902e+00 0.000000000000000000e+00
1.099800988100000000e+15 1.921093529799999859e+35 5.957259999999999672e+38 3.597402597399999902e+00 0.000000000000000000e+00
1.088805599800000000e+15 1.863718556399999886e+35 5.907259999999999834e+38 3.597402597399999902e+00 0.000000000000000000e+00
1.077863581400000000e+15 1.807591193200000028e+35 5.857259999999999995e+38 3.597402597399999902e+00 0.000000000000000000e+00
1.066974213300000000e+15 1.752694614699999875e+35 5.807260000000000157e+38 3.597402597399999902e+00 0.000000000000000000e+00
1.056136779400000000e+15 1.699012080599999851e+35 5.757260000000000319e+38 3.597402597399999902e+00 0.000000000000000000e+00
1.045350567100000000e+15 1.646526936699999962e+35 5.707259999999999725e+38 3.597402597399999902e+00 0.000000000000000000e+00
1.034614867700000000e+15 1.595222614999999970e+35 5.657259999999999886e+38 3.597402597399999902e+00 0.000000000000000000e+00
1.023928976300000000e+15 1.545082633900000092e+35 5.607260000000000048e+38 3.597402597399999902e+00 0.000000000000000000e+00
1.013292191500000000e+15 1.496090598700000004e+35 5.557260000000000210e+38 3.597402597399999902e+00 0.000000000000000000e+00
1.002703815600000000e+15 1.448230201599999945e+35 5.507260000000000371e+38 3.597402597399999902e+00 0.000000000000000000e+00
9.921631547700000000e+14 1.401485222300000069e+35 5.457259999999999778e+38 3.597402597399999902e+00 0.000000000000000000e+00
9.816695189700000000e+14 1.355839528499999995e+35 5.407259999999999939e+38 3.597402597399999902e+00 0.000000000000000000e+00
9.712222218000000000e+14 1.311277075599999965e+35 5.357260000000000101e+38 3.597402597399999902e+00 0.000000000000000000e+00
9.608205807100000000e+14 1.267781907599999959e+35 5.307260000000000263e+38 3.597402597399999902e+00 0.000000000000000000e+00
9.504639169200000000e+14 1.225338157100000065e+35 5.257259999999999669e+38 3.597402597399999902e+00 0.000000000000000000e+00
9.401515554800000000e+14 1.183930045800000033e+35 5.207259999999999830e+38 3.597402597399999902e+00 0.000000000000000000e+00
9.298828252500000000e+14 1.143541884899999946e+35 5.157259999999999992e+38 3.597402597399999902e+00 0.000000000000000000e+00
9.196570589300000000e+14 1.104158075100000038e+35 5.107260000000000154e+38 3.597402597399999902e+00 0.000000000000000000e+00
9.094735930700000000e+14 1.065763107400000012e+35 5.057260000000000316e+38 3.597402597399999902e+00 0.000000000000000000e+00
8.993317681100000000e+14 1.028341563299999930e+35 5.007259999999999722e+38 3.597402597399999902e+00 0.000000000000000000e+00
8.892309283500000000e+14 9.918781147299999850e+34 4.957259999999999883e+38 3.597402597399999902e+00 0.000000000000000000e+00
8.791704220100000000e+14 9.563575252000000430e+34 4.907260000000000045e+38 3.597402597399999902e+00 0.000000000000000000e+00
8.691496012000000000e+14 9.217646495399999766e+34 4.857260000000000207e+38 3.597402597399999902e+00 0.000000000000000000e+00
8.591678219900000000e+14 8.880844345400000446e+34 4.807260000000000368e+38 3.597402597399999902e+00 0.000000000000000000e+00
8.492244443800000000e+14 8.553019192700000658e+34 4.757259999999999774e+38 3.597402597399999902e+00 0.000000000000000000e+00
8.393188323300000000e+14 8.234022354800000011e+34 4.707259999999999936e+38 3.597402597399999902e+00 0.000000000000000000e+00
8.294503538100000000e+14 7.923706079800000220e+34 4.657260000000000098e+38 3.597402597399999902e+00 0.000000000000000000e+00
8.196183807500000000e+14 7.621923550399999863e+34 4.607260000000000260e+38 3.597402597399999902e+00 0.000000000000000000e+00
8.098222891300000000e+14 7.328528887999999995e+34 4.557259999999999666e+38 3.597402597399999902e+00 0.000000000000000000e+00
8.000614589300000000e+14 7.043377156699999823e+34 4.507259999999999827e+38 3.597402597399999902e+00 0.000000000000000000e+00
7.903352742000000000e+14 6.766324367600000083e+34 4.457259999999999989e+38 3.597402597399999902e+00 0.000000000000000000e+00
7.806431230700000000e+14 6.497227482699999838e+34 4.407260000000000151e+38 3.597402597399999902e+00 0.000000000000000000e+00
7.709843977300000000e+14 6.235944419500000166e+34 4.357260000000000312e+38 3.597402597399999902e+00 0.000000000000000000e+00
7.613592984500000000e+14 5.992898527500000426e+34 4.307259999999999718e+38 3.000000000000000000e+00 0.000000000000000000e+00
7.517616413600000000e+14 5.786609600099999967e+34 4.257259999999999880e+38 3.000000000000000000e+00 0.000000000000000000e+00
7.421905904500000000e+14 5.585109785799999702e+34 4.207260000000000042e+38 3.000000000000000000e+00 0.000000000000000000e+00
7.326458332500000000e+14 5.388342838100000283e+34 4.157260000000000204e+38 3.000000000000000000e+00 0.000000000000000000e+00
7.231270572800000000e+14 5.196252510700000116e+34 4.107260000000000365e+38 3.000000000000000000e+00 0.000000000000000000e+00
7.136339500400000000e+14 5.008782557199999651e+34 4.057259999999999771e+38 3.000000000000000000e+00 0.000000000000000000e+00
7.041661990700000000e+14 4.825876730999999739e+34 4.007259999999999933e+38 3.000000000000000000e+00 0.000000000000000000e+00
6.947234918800000000e+14 4.647478785900000431e+34 3.957260000000000095e+38 3.000000000000000000e+00 0.000000000000000000e+00
6.853055160000000000e+14 4.473532475299999812e+34 3.907260000000000256e+38 3.000000000000000000e+00 0.000000000000000000e+00
6.759119589400000000e+14 4.303981552800000176e+34 3.857259999999999662e+38 3.000000000000000000e+00 0.000000000000000000e+00
6.665425082200000000e+14 4.138769772000000129e+34 3.807259999999999824e+38 3.000000000000000000e+00 0.000000000000000000e+00
6.571968513600000000e+14 3.977840886500000123e+34 3.757259999999999986e+38 3.000000000000000000e+00 0.000000000000000000e+00
6.478746758900000000e+14 3.821138649799999887e+34 3.707260000000000148e+38 3.000000000000000000e+00 0.000000000000000000e+00
6.385756693200000000e+14 3.668606815600000130e+34 3.657260000000000309e+38 3.000000000000000000e+00 0.000000000000000000e+00
6.292995191700000000e+14 3.520189137299999861e+34 3.607259999999999715e+38 3.000000000000000000e+00 0.000000000000000000e+00
6.200459129600000000e+14 3.375829368700000052e+34 3.557259999999999877e+38 3.000000000000000000e+00 0.000000000000000000e+00
6.108145382200000000e+14 3.235471263200000171e+34 3.507260000000000039e+38 3.000000000000000000e+00 0.000000000000000000e+00
6.016050824500000000e+14 3.099058574400000207e+34 3.457260000000000200e+38 3.000000000000000000e+00 0.000000000000000000e+00
5.924172331900000000e+14 2.966535055999999949e+34 3.407260000000000362e+38 3.000000000000000000e+00 0.000000000000000000e+00
5.832506779500000000e+14 2.837844461399999788e+34 3.357260000000000146e+38 3.000000000000000000e+00 0.000000000000000000e+00
5.741051042500000000e+14 2.712930544200000175e+34 3.307259999999999930e+38 3.000000000000000000e+00 0.000000000000000000e+00
5.649801996100000000e+14 2.591737058099999975e+34 3.257260000000000092e+38 3.000000000000000000e+00 0.000000000000000000e+00
5.558756515600000000e+14 2.474207756599999842e+34 3.207259999999999875e+38 3.000000000000000000e+00 0.000000000000000000e+00
5.467911476000000000e+14 2.360286393300000224e+34 3.157260000000000037e+38 3.000000000000000000e+00 0.000000000000000000e+00
5.377263752700000000e+14 2.249916721699999929e+34 3.107259999999999821e+38 3.000000000000000000e+00 0.000000000000000000e+00
5.286810220800000000e+14 2.143042495500000129e+34 3.057259999999999983e+38 3.000000000000000000e+00 0.000000000000000000e+00
5.196547755400000000e+14 2.039607468100000062e+34 3.007260000000000144e+38 3.000000000000000000e+00 0.000000000000000000e+00
5.106473231900000000e+14 1.939555393300000008e+34 2.957259999999999928e+38 3.000000000000000000e+00 0.000000000000000000e+00
5.016583525400000000e+14 1.842830024499999897e+34 2.907260000000000090e+38 3.000000000000000000e+00 0.000000000000000000e+00
4.926875511100000000e+14 1.749375115299999948e+34 2.857259999999999874e+38 3.000000000000000000e+00 0.000000000000000000e+00
4.837346064100000000e+14 1.659134419299999920e+34 2.807260000000000036e+38 3.000000000000000000e+00 0.000000000000000000e+00
4.747992059800000000e+14 1.572051690100000034e+34 2.757259999999999819e+38 3.000000000000000000e+00 0.000000000000000000e+00
4.658810373300000000e+14 1.488070681200000018e+34 2.707259999999999981e+38 3.000000000000000000e+00 0.000000000000000000e+00
4.569797879800000000e+14 1.407135146299999893e+34 2.657260000000000143e+38 3.000000000000000000e+00 0.000000000000000000e+00
4.480951454400000000e+14 1.329188838900000078e+34 2.607259999999999927e+38 3.000000000000000000e+00 0.000000000000000000e+00
4.392267972500000000e+14 1.254175512600000102e+34 2.557260000000000088e+38 3.000000000000000000e+00 0.000000000000000000e+00
4.303744309100000000e+14 1.182038920899999924e+34 2.507259999999999872e+38 3.000000000000000000e+00 0.000000000000000000e+00
4.215377339600000000e+14 1.112722817399999996e+34 2.457260000000000034e+38 3.000000000000000000e+00 0.000000000000000000e+00
4.127140000000000000e+14 1.045899999999999919e+34 2.407259999999999818e+38 2.948999999999999844e+00 0.000000000000000000e+00
4.038990000000000000e+14 9.827739999999999911e+33 2.357259999999999980e+38 2.947999999999999954e+00 0.000000000000000000e+00
3.950980000000000000e+14 9.222400000000000146e+33 2.307260000000000141e+38 2.946000000000000174e+00 0.000000000000000000e+00
3.863110000000000000e+14 8.642560000000000045e+33 2.257259999999999925e+38 2.943999999999999950e+00 0.000000000000000000e+00
3.775370000000000000e+14 8.087760000000000377e+33 2.207260000000000087e+38 2.940999999999999837e+00 0.000000000000000000e+00
3.687760000000000000e+14 7.557520000000000489e+33 2.157259999999999871e+38 2.938000000000000167e+00 0.000000000000000000e+00
3.600280000000000000e+14 7.051390000000000128e+33 2.107260000000000032e+38 2.935000000000000053e+00 0.000000000000000000e+00
3.512920000000000000e+14 6.568879999999999662e+33 2.057259999999999816e+38 2.931000000000000050e+00 0.000000000000000000e+00
3.425690000000000000e+14 6.109509999999999590e+33 2.007259999999999978e+38 2.926000000000000156e+00 0.000000000000000000e+00
3.338590000000000000e+14 5.672770000000000011e+33 1.957260000000000140e+38 2.920999999999999819e+00 0.000000000000000000e+00
3.251590000000000000e+14 5.258160000000000005e+33 1.907259999999999924e+38 2.915000000000000036e+00 0.000000000000000000e+00
3.164720000000000000e+14 4.865170000000000247e+33 1.857260000000000085e+38 2.907999999999999918e+00 0.000000000000000000e+00
3.077960000000000000e+14 4.493269999999999992e+33 1.807259999999999869e+38 2.899999999999999911e+00 0.000000000000000000e+00
2.991310000000000000e+14 4.141930000000000226e+33 1.757260000000000031e+38 2.891000000000000014e+00 0.000000000000000000e+00
2.904760000000000000e+14 3.810589999999999801e+33 1.707259999999999815e+38 2.880999999999999783e+00 0.000000000000000000e+00
2.818330000000000000e+14 3.498710000000000145e+33 1.657259999999999976e+38 2.869000000000000217e+00 0.000000000000000000e+00
2.731990000000000000e+14 3.205700000000000287e+33 1.607259999999999949e+38 2.855999999999999872e+00 0.000000000000000000e+00
2.645760000000000000e+14 2.930979999999999967e+33 1.557259999999999922e+38 2.842000000000000082e+00 0.000000000000000000e+00
2.559630000000000000e+14 2.673940000000000252e+33 1.507260000000000084e+38 2.825000000000000178e+00 0.000000000000000000e+00
2.473600000000000000e+14 2.433969999999999906e+33 1.457260000000000057e+38 2.806999999999999940e+00 0.000000000000000000e+00
2.387670000000000000e+14 2.210409999999999902e+33 1.407260000000000029e+38 2.785000000000000142e+00 0.000000000000000000e+00
2.301840000000000000e+14 2.002589999999999931e+33 1.357260000000000002e+38 2.762000000000000011e+00 0.000000000000000000e+00
2.216110000000000000e+14 1.809800000000000012e+33 1.307259999999999975e+38 2.734999999999999876e+00 0.000000000000000000e+00
2.130490000000000000e+14 1.631220000000000133e+33 1.257259999999999948e+38 2.705999999999999961e+00 0.000000000000000000e+00
2.045010000000000000e+14 1.465780000000000114e+33 1.207259999999999920e+38 2.673000000000000043e+00 0.000000000000000000e+00
1.959650000000000000e+14 1.313380000000000057e+33 1.157260000000000082e+38 2.634999999999999787e+00 0.000000000000000000e+00
1.874370000000000000e+14 1.173660000000000049e+33 1.107260000000000055e+38 2.592000000000000082e+00 0.000000000000000000e+00
1.789150000000000000e+14 1.045980000000000038e+33 1.057260000000000028e+38 2.544999999999999929e+00 0.000000000000000000e+00
1.704000000000000000e+14 9.297070000000000615e+32 1.007260000000000001e+38 2.492999999999999883e+00 0.000000000000000000e+00
1.588750000000000000e+14 8.315769999999999636e+32 9.395599999999999686e+37 2.540000000000000036e+00 3.706880000000000191e+28
1.583850000000000000e+14 8.272360000000000037e+32 9.366749999999999881e+37 2.540999999999999925e+00 1.704250000000000012e+29
1.578940000000000000e+14 8.229350000000000022e+32 9.337900000000000075e+37 2.548000000000000043e+00 2.576449999999999826e+29
1.574040000000000000e+14 8.182600000000000443e+32 9.309059999999999629e+37 2.552000000000000046e+00 2.978239999999999961e+29
1.569130000000000000e+14 8.135370000000000212e+32 9.280209999999999823e+37 2.556000000000000050e+00 3.281829999999999869e+29
1.564230000000000000e+14 8.088029999999999952e+32 9.251360000000000018e+37 2.560000000000000053e+00 3.538559999999999840e+29
1.559320000000000000e+14 8.040689999999999691e+32 9.222510000000000212e+37 2.563000000000000167e+00 3.767900000000000014e+29
1.554420000000000000e+14 7.993400000000000099e+32 9.193660000000000407e+37 2.567000000000000171e+00 3.979470000000000159e+29
1.549510000000000000e+14 7.946210000000000403e+32 9.164819999999999960e+37 2.571000000000000174e+00 4.178720000000000213e+29
1.544610000000000000e+14 7.899120000000000602e+32 9.135970000000000155e+37 2.573999999999999844e+00 4.369049999999999694e+29
1.539700000000000000e+14 7.852149999999999524e+32 9.107120000000000350e+37 2.577999999999999847e+00 4.552689999999999979e+29
1.534800000000000000e+14 7.805300000000000050e+32 9.078270000000000544e+37 2.580999999999999961e+00 4.731209999999999859e+29
1.529890000000000000e+14 7.758579999999999431e+32 9.049420000000000739e+37 2.584999999999999964e+00 4.905719999999999741e+29
1.524990000000000000e+14 7.712000000000000685e+32 9.020580000000000292e+37 2.588000000000000078e+00 5.077039999999999933e+29
1.520080000000000000e+14 7.665559999999999487e+32 8.991730000000000487e+37 2.592000000000000082e+00 5.245809999999999780e+29
1.515180000000000000e+14 7.619260000000000160e+32 8.962880000000000681e+37 2.595000000000000195e+00 5.412520000000000059e+29
1.510280000000000000e+14 7.573099999999999823e+32 8.934030000000000876e+37 2.161999999999999922e+00 5.577539999999999732e+29
1.505370000000000000e+14 7.527090000000000051e+32 8.905179999999999181e+37 2.160000000000000142e+00 5.741180000000000021e+29
1.500470000000000000e+14 7.481239999999999535e+32 8.876340000000000624e+37 2.157000000000000028e+00 5.903680000000000330e+29
1.495560000000000000e+14 7.435529999999999450e+32 8.847490000000000818e+37 2.153999999999999915e+00 6.065239999999999928e+29
1.490660000000000000e+14 7.389969999999999929e+32 8.818639999999999124e+37 2.150999999999999801e+00 6.226039999999999773e+29
1.485760000000000000e+14 7.344569999999999665e+32 8.789789999999999318e+37 2.148000000000000131e+00 6.386189999999999710e+29
1.480860000000000000e+14 7.299330000000000099e+32 8.760939999999999513e+37 2.145999999999999908e+00 6.545809999999999440e+29
1.475950000000000000e+14 7.254239999999999656e+32 8.732099999999999066e+37 2.142999999999999794e+00 6.705000000000000357e+29
1.471050000000000000e+14 7.209309999999999911e+32 8.703249999999999261e+37 2.140000000000000124e+00 6.863839999999999916e+29
1.466150000000000000e+14 7.164529999999999290e+32 8.674399999999999455e+37 2.137000000000000011e+00 7.022379999999999517e+29
1.461250000000000000e+14 7.119919999999999500e+32 8.645549999999999650e+37 2.134999999999999787e+00 7.180679999999999715e+29
1.456340000000000000e+14 7.075460000000000274e+32 8.616699999999999845e+37 2.132000000000000117e+00 7.338790000000000502e+29
1.451440000000000000e+14 7.031170000000000439e+32 8.587859999999999398e+37 2.129000000000000004e+00 7.496749999999999904e+29
1.446540000000000000e+14 6.987039999999999861e+32 8.559009999999999593e+37 2.125999999999999890e+00 7.654580000000000449e+29
1.441640000000000000e+14 6.943069999999999981e+32 8.530159999999999787e+37 2.124000000000000110e+00 7.812320000000000163e+29
1.436740000000000000e+14 6.899259999999999358e+32 8.501309999999999982e+37 2.120999999999999996e+00 7.969990000000000168e+29
1.431840000000000000e+14 6.855619999999999566e+32 8.472460000000000176e+37 2.117999999999999883e+00 8.127590000000000465e+29
1.426930000000000000e+14 6.812130000000000339e+32 8.443619999999999730e+37 2.115000000000000213e+00 8.285160000000000484e+29
1.422030000000000000e+14 6.768820000000000636e+32 8.414769999999999924e+37 2.112000000000000099e+00 8.442689999999999665e+29
1.417130000000000000e+14 6.725660000000000056e+32 8.385920000000000119e+37 2.109999999999999876e+00 8.600200000000000537e+29
1.412230000000000000e+14 6.687090000000000315e+32 8.357070000000000313e+37 2.107000000000000206e+00 5.500399999999999912e+29
1.407330000000000000e+14 6.644320000000000626e+32 8.328219999999999563e+37 2.104000000000000092e+00 5.579209999999999918e+29
1.402430000000000000e+14 6.601730000000000462e+32 8.299380000000000061e+37 2.100999999999999979e+00 5.658079999999999775e+29
1.397530000000000000e+14 6.559289999999999420e+32 8.270530000000000256e+37 2.097999999999999865e+00 5.737029999999999902e+29
1.392630000000000000e+14 6.517020000000000651e+32 8.241680000000000450e+37 2.095000000000000195e+00 5.816030000000000022e+29
1.373030000000000000e+14 6.359340000000000186e+32 8.126289999999999643e+37 2.083000000000000185e+00 3.256539999999999776e+29
1.358340000000000000e+14 6.235849999999999989e+32 8.039740000000000227e+37 2.075000000000000178e+00 3.322540000000000321e+29
1.348540000000000000e+14 6.154330000000000314e+32 7.982049999999999975e+37 2.068999999999999950e+00 3.367069999999999954e+29
1.333840000000000000e+14 6.033280000000000313e+32 7.895499999999999614e+37 2.060999999999999943e+00 3.434509999999999733e+29
1.324050000000000000e+14 5.953390000000000094e+32 7.837810000000000306e+37 2.055000000000000160e+00 3.479809999999999679e+29
1.319150000000000000e+14 5.913689999999999656e+32 7.808959999999999556e+37 2.052000000000000046e+00 3.502540000000000274e+29
1.275080000000000000e+14 5.563720000000000048e+32 7.549330000000000025e+37 2.027000000000000135e+00 3.708499999999999945e+29
1.260390000000000000e+14 5.449979999999999782e+32 7.462779999999999664e+37 2.017999999999999794e+00 3.777309999999999953e+29
1.250600000000000000e+14 5.374959999999999821e+32 7.405090000000000357e+37 2.012999999999999901e+00 3.823130000000000248e+29
1.245710000000000000e+14 5.337690000000000167e+32 7.376239999999999607e+37 2.009999999999999787e+00 3.846010000000000118e+29
1.235920000000000000e+14 5.263630000000000071e+32 7.318539999999999996e+37 2.004000000000000004e+00 3.891690000000000292e+29
1.231020000000000000e+14 5.226840000000000350e+32 7.289699999999999549e+37 2.000999999999999890e+00 3.914480000000000034e+29
1.226130000000000000e+14 5.190209999999999885e+32 7.260849999999999744e+37 1.997999999999999998e+00 3.937240000000000203e+29
1.221230000000000000e+14 5.153740000000000118e+32 7.231999999999999938e+37 1.995999999999999996e+00 3.959949999999999675e+29
1.216340000000000000e+14 5.117430000000000329e+32 7.203150000000000133e+37 1.993000000000000105e+00 3.982630000000000277e+29
1.206550000000000000e+14 5.045289999999999962e+32 7.145459999999999881e+37 1.987000000000000099e+00 4.027840000000000095e+29
1.201660000000000000e+14 5.009449999999999972e+32 7.116610000000000076e+37 1.983999999999999986e+00 4.050370000000000014e+29
1.196760000000000000e+14 4.973780000000000092e+32 7.087760000000000270e+37 1.981999999999999984e+00 4.072840000000000083e+29
1.182090000000000000e+14 4.867689999999999784e+32 7.001220000000000213e+37 1.973000000000000087e+00 4.139900000000000338e+29
1.162510000000000000e+14 4.728429999999999874e+32 6.885820000000000046e+37 1.961999999999999966e+00 4.228380000000000107e+29
1.157620000000000000e+14 4.693999999999999999e+32 6.856979999999999600e+37 1.959000000000000075e+00 4.250310000000000111e+29
1.152730000000000000e+14 4.659730000000000103e+32 6.828129999999999794e+37 1.955999999999999961e+00 4.272159999999999845e+29
1.147840000000000000e+14 4.625620000000000183e+32 6.799279999999999989e+37 1.953000000000000069e+00 4.293930000000000013e+29
1.142950000000000000e+14 4.591649999999999974e+32 6.770430000000000183e+37 1.951000000000000068e+00 4.315619999999999910e+29
1.138060000000000000e+14 4.557839999999999742e+32 6.741580000000000378e+37 1.947999999999999954e+00 4.337219999999999679e+29
1.133160000000000000e+14 4.524190000000000208e+32 6.712739999999999931e+37 1.945000000000000062e+00 4.358730000000000024e+29
1.128270000000000000e+14 4.490679999999999664e+32 6.683890000000000126e+37 1.941999999999999948e+00 4.380150000000000240e+29
1.123380000000000000e+14 4.457329999999999818e+32 6.655040000000000321e+37 1.939000000000000057e+00 4.401469999999999768e+29
1.118490000000000000e+14 4.424129999999999815e+32 6.626189999999999571e+37 1.937000000000000055e+00 4.422709999999999728e+29
1.113600000000000000e+14 4.401630000000000195e+32 6.597339999999999765e+37 1.931999999999999940e+00 5.055669999999999709e+29
1.108710000000000000e+14 4.368929999999999672e+32 6.568500000000000263e+37 1.929999999999999938e+00 5.050309999999999902e+29
1.103820000000000000e+14 4.336389999999999847e+32 6.539650000000000458e+37 1.927000000000000046e+00 5.044840000000000251e+29
1.098930000000000000e+14 4.303989999999999731e+32 6.510799999999999708e+37 1.923999999999999932e+00 5.039250000000000195e+29
1.094040000000000000e+14 4.271740000000000180e+32 6.481949999999999902e+37 1.921000000000000041e+00 5.033539999999999733e+29
1.089150000000000000e+14 4.239630000000000339e+32 6.453100000000000097e+37 1.917999999999999927e+00 5.027720000000000132e+29
1.084260000000000000e+14 4.207670000000000342e+32 6.424259999999999650e+37 1.915000000000000036e+00 5.021780000000000125e+29
1.079370000000000000e+14 4.175860000000000188e+32 6.395409999999999845e+37 1.913000000000000034e+00 5.015719999999999713e+29
1.074480000000000000e+14 4.144199999999999879e+32 6.366560000000000039e+37 1.909999999999999920e+00 5.009540000000000302e+29
1.069590000000000000e+14 4.112679999999999999e+32 6.337710000000000234e+37 1.907000000000000028e+00 5.003229999999999925e+29
1.064700000000000000e+14 4.081299999999999830e+32 6.308860000000000428e+37 1.903999999999999915e+00 4.996809999999999705e+29
1.059810000000000000e+14 4.050070000000000225e+32 6.280019999999999982e+37 1.901000000000000023e+00 4.990259999999999925e+29
1.054920000000000000e+14 4.018980000000000331e+32 6.251170000000000176e+37 1.899000000000000021e+00 4.983589999999999739e+29
1.050030000000000000e+14 3.988040000000000280e+32 6.222320000000000371e+37 1.895999999999999908e+00 4.976799999999999852e+29
1.045150000000000000e+14 3.957239999999999939e+32 6.193469999999999621e+37 1.893000000000000016e+00 4.969879999999999702e+29
1.040260000000000000e+14 3.926580000000000028e+32 6.164619999999999816e+37 1.889999999999999902e+00 4.962839999999999850e+29
1.035370000000000000e+14 3.896059999999999828e+32 6.135780000000000314e+37 1.887000000000000011e+00 4.955669999999999735e+29
1.030480000000000000e+14 3.865690000000000192e+32 6.106929999999999564e+37 1.885000000000000009e+00 4.948379999999999919e+29
1.025590000000000000e+14 3.835450000000000132e+32 6.078079999999999758e+37 1.881999999999999895e+00 4.940959999999999839e+29
1.020710000000000000e+14 3.805359999999999917e+32 6.049229999999999953e+37 1.879000000000000004e+00 4.933410000000000200e+29
1.015820000000000000e+14 3.775410000000000131e+32 6.020380000000000147e+37 1.875999999999999890e+00 4.925740000000000155e+29
1.010930000000000000e+14 3.745600000000000056e+32 5.991539999999999701e+37 1.874000000000000110e+00 4.917939999999999848e+29
1.006040000000000000e+14 3.715920000000000278e+32 5.962689999999999895e+37 1.870999999999999996e+00 4.910009999999999981e+29
1.001160000000000000e+14 3.686380000000000209e+32 5.933840000000000090e+37 1.868000000000000105e+00 4.901949999999999851e+29
9.962690000000000000e+13 3.656989999999999985e+32 5.904990000000000284e+37 1.864999999999999991e+00 4.893770000000000019e+29
9.913820000000000000e+13 3.627730000000000057e+32 5.876139999999999534e+37 1.862999999999999989e+00 4.885450000000000066e+29
9.864950000000000000e+13 3.598599999999999706e+32 5.847300000000000032e+37 1.860000000000000098e+00 4.877009999999999708e+29
9.816090000000000000e+13 3.569619999999999919e+32 5.818450000000000227e+37 1.856999999999999984e+00 4.868449999999999648e+29
9.767220000000000000e+13 3.540769999999999708e+32 5.789600000000000421e+37 1.854999999999999982e+00 4.859750000000000171e+29
9.718360000000000000e+13 3.512049999999999795e+32 5.760749999999999671e+37 1.852000000000000091e+00 4.850919999999999727e+29
9.669500000000000000e+13 3.483470000000000312e+32 5.731899999999999866e+37 1.848999999999999977e+00 4.841970000000000286e+29
9.620640000000000000e+13 3.455029999999999818e+32 5.703060000000000364e+37 1.846000000000000085e+00 4.832889999999999877e+29
9.571790000000000000e+13 3.426720000000000342e+32 5.674209999999999614e+37 1.844000000000000083e+00 4.823670000000000051e+29
9.522930000000000000e+13 3.398539999999999722e+32 5.645359999999999809e+37 1.840999999999999970e+00 4.814329999999999820e+29
9.474080000000000000e+13 3.370500000000000253e+32 5.616510000000000003e+37 1.838000000000000078e+00 4.804869999999999887e+29
9.425220000000000000e+13 3.342580000000000226e+32 5.587660000000000198e+37 1.836000000000000076e+00 4.795269999999999834e+29
9.376370000000000000e+13 3.314810000000000043e+32 5.558819999999999751e+37 1.832999999999999963e+00 4.785540000000000220e+29
9.327520000000000000e+13 3.287160000000000024e+32 5.529969999999999946e+37 1.830000000000000071e+00 4.775690000000000202e+29
9.278680000000000000e+13 3.259640000000000301e+32 5.501120000000000140e+37 1.828000000000000069e+00 4.765709999999999920e+29
9.229830000000000000e+13 3.232250000000000155e+32 5.472270000000000335e+37 1.824999999999999956e+00 4.755600000000000079e+29
9.180990000000000000e+13 3.205000000000000079e+32 5.443419999999999585e+37 1.822000000000000064e+00 4.745359999999999975e+29
9.132140000000000000e+13 3.177870000000000167e+32 5.414580000000000083e+37 1.820000000000000062e+00 4.735000000000000169e+29
9.083300000000000000e+13 3.150869999999999830e+32 5.385730000000000277e+37 1.816999999999999948e+00 4.724500000000000242e+29
9.034460000000000000e+13 3.124000000000000151e+32 5.356880000000000472e+37 1.814999999999999947e+00 4.713879999999999910e+29
8.985630000000000000e+13 3.097260000000000048e+32 5.328029999999999722e+37 1.812000000000000055e+00 4.703130000000000018e+29
8.936790000000000000e+13 3.070649999999999882e+32 5.299179999999999916e+37 1.808999999999999941e+00 4.692259999999999721e+29
8.887950000000000000e+13 3.046600000000000076e+32 5.270340000000000414e+37 1.806000000000000050e+00 5.678809999999999949e+29
8.839120000000000000e+13 3.020270000000000050e+32 5.241489999999999664e+37 1.804000000000000048e+00 5.651330000000000023e+29
8.790290000000000000e+13 2.994069999999999961e+32 5.212639999999999859e+37 1.800999999999999934e+00 5.623800000000000105e+29
8.741460000000000000e+13 2.967979999999999902e+32 5.183790000000000054e+37 1.798000000000000043e+00 5.596220000000000194e+29
8.692630000000000000e+13 2.942029999999999913e+32 5.154940000000000248e+37 1.796000000000000041e+00 5.568590000000000290e+29
8.643800000000000000e+13 2.916189999999999954e+32 5.126099999999999802e+37 1.792999999999999927e+00 5.540899999999999831e+29
8.594980000000000000e+13 2.890479999999999931e+32 5.097249999999999996e+37 1.790999999999999925e+00 5.513169999999999941e+29
8.546160000000000000e+13 2.864899999999999844e+32 5.068400000000000191e+37 1.788000000000000034e+00 5.485380000000000200e+29
8.497330000000000000e+13 2.839430000000000148e+32 5.039550000000000385e+37 1.786000000000000032e+00 5.457550000000000325e+29
8.448510000000000000e+13 2.814090000000000028e+32 5.010699999999999635e+37 1.782999999999999918e+00 5.429659999999999894e+29
8.399690000000000000e+13 2.788870000000000071e+32 4.981860000000000133e+37 1.780999999999999917e+00 5.401730000000000032e+29
8.350880000000000000e+13 2.763769999999999917e+32 4.953010000000000328e+37 1.778000000000000025e+00 5.373740000000000320e+29
8.302060000000000000e+13 2.738789999999999927e+32 4.924159999999999578e+37 1.776000000000000023e+00 5.345709999999999768e+29
8.253250000000000000e+13 2.713930000000000099e+32 4.895309999999999772e+37 1.772999999999999909e+00 5.317629999999999928e+29
8.204440000000000000e+13 2.689179999999999941e+32 4.866459999999999967e+37 1.770999999999999908e+00 5.289509999999999952e+29
8.155630000000000000e+13 2.664560000000000080e+32 4.837620000000000465e+37 1.768000000000000016e+00 5.261339999999999983e+29
8.106820000000000000e+13 2.640060000000000022e+32 4.808769999999999715e+37 1.766000000000000014e+00 5.233129999999999879e+29
8.058010000000000000e+13 2.615669999999999993e+32 4.779919999999999909e+37 1.762999999999999901e+00 5.204869999999999783e+29
8.009200000000000000e+13 2.591400000000000127e+32 4.751070000000000104e+37 1.760999999999999899e+00 5.176559999999999693e+29
7.960400000000000000e+13 2.567250000000000064e+32 4.722220000000000299e+37 1.758999999999999897e+00 5.148220000000000030e+29
7.911600000000000000e+13 2.543210000000000031e+32 4.693379999999999852e+37 1.756000000000000005e+00 5.119829999999999670e+29
7.862800000000000000e+13 2.519290000000000161e+32 4.664530000000000047e+37 1.754000000000000004e+00 5.091390000000000021e+29
7.814000000000000000e+13 2.495490000000000095e+32 4.635680000000000241e+37 1.750999999999999890e+00 5.062920000000000094e+29
7.765200000000000000e+13 2.471800000000000057e+32 4.606830000000000436e+37 1.749000000000000110e+00 5.034400000000000175e+29
7.716400000000000000e+13 2.448220000000000049e+32 4.577979999999999686e+37 1.747000000000000108e+00 5.005849999999999978e+29
7.667610000000000000e+13 2.424759999999999844e+32 4.549140000000000184e+37 1.743999999999999995e+00 4.977249999999999789e+29
7.618820000000000000e+13 2.401420000000000163e+32 4.520290000000000378e+37 1.741999999999999993e+00 4.948620000000000026e+29
7.570030000000000000e+13 2.378180000000000017e+32 4.491439999999999628e+37 1.739999999999999991e+00 4.919940000000000270e+29
7.521240000000000000e+13 2.355060000000000034e+32 4.462589999999999823e+37 1.737999999999999989e+00 4.891230000000000236e+29
7.472450000000000000e+13 2.332050000000000081e+32 4.433740000000000017e+37 1.735000000000000098e+00 4.862480000000000068e+29
7.423660000000000000e+13 2.309150000000000157e+32 4.404899999999999571e+37 1.733000000000000096e+00 4.833689999999999764e+29
7.374880000000000000e+13 2.286359999999999903e+32 4.376049999999999765e+37 1.731000000000000094e+00 4.804869999999999887e+29
7.326100000000000000e+13 2.263680000000000038e+32 4.347199999999999960e+37 1.729000000000000092e+00 4.776009999999999875e+29
7.277310000000000000e+13 2.241109999999999843e+32 4.318350000000000154e+37 1.725999999999999979e+00 4.747120000000000289e+29
7.228540000000000000e+13 2.218650000000000037e+32 4.289500000000000349e+37 1.723999999999999977e+00 4.718189999999999865e+29
7.179760000000000000e+13 2.196310000000000035e+32 4.260659999999999902e+37 1.721999999999999975e+00 4.689220000000000009e+29
7.130980000000000000e+13 2.174069999999999928e+32 4.231810000000000097e+37 1.719999999999999973e+00 4.660229999999999734e+29
7.082210000000000000e+13 2.151930000000000077e+32 4.202959999999999819e+37 1.717999999999999972e+00 4.631200000000000027e+29
7.033430000000000000e+13 2.129910000000000030e+32 4.174110000000000014e+37 1.715999999999999970e+00 4.602130000000000185e+29
6.984660000000000000e+13 2.107989999999999878e+32 4.145260000000000208e+37 1.713000000000000078e+00 4.573039999999999924e+29
6.935890000000000000e+13 2.086180000000000116e+32 4.116420000000000234e+37 1.711000000000000076e+00 4.543910000000000231e+29
6.887130000000000000e+13 2.064480000000000023e+32 4.087569999999999956e+37 1.709000000000000075e+00 4.514760000000000119e+29
6.838360000000000000e+13 2.042879999999999826e+32 4.058720000000000151e+37 1.707000000000000073e+00 4.485569999999999872e+29
6.789600000000000000e+13 2.021379999999999885e+32 4.029869999999999873e+37 1.705000000000000071e+00 4.456350000000000052e+29
6.740830000000000000e+13 2.000000000000000107e+32 4.001020000000000068e+37 1.703000000000000069e+00 4.427109999999999812e+29
6.692070000000000000e+13 1.978710000000000092e+32 3.972180000000000093e+37 1.701000000000000068e+00 4.397830000000000140e+29
6.643310000000000000e+13 1.957530000000000106e+32 3.943329999999999816e+37 1.699000000000000066e+00 4.368530000000000049e+29
6.594560000000000000e+13 1.936460000000000149e+32 3.914480000000000010e+37 1.697000000000000064e+00 4.339199999999999681e+29
6.545800000000000000e+13 1.915490000000000089e+32 3.885630000000000205e+37 1.695000000000000062e+00 4.309839999999999740e+29
6.497050000000000000e+13 1.894619999999999924e+32 3.856779999999999927e+37 1.693000000000000060e+00 4.280450000000000224e+29
6.448300000000000000e+13 1.873850000000000015e+32 3.827939999999999953e+37 1.691000000000000059e+00 4.251040000000000290e+29
6.399550000000000000e+13 1.853180000000000002e+32 3.799090000000000147e+37 1.689000000000000057e+00 4.221600000000000078e+29
6.350800000000000000e+13 1.832620000000000019e+32 3.770239999999999870e+37 1.687999999999999945e+00 4.192140000000000150e+29
6.302050000000000000e+13 1.812159999999999931e+32 3.741390000000000064e+37 1.685999999999999943e+00 4.162649999999999946e+29
6.253300000000000000e+13 1.791789999999999966e+32 3.712539999999999787e+37 1.683999999999999941e+00 4.133130000000000167e+29
6.204560000000000000e+13 1.771530000000000031e+32 3.683699999999999812e+37 1.681999999999999940e+00 4.103599999999999827e+29
6.155820000000000000e+13 1.751369999999999991e+32 3.654850000000000007e+37 1.679999999999999938e+00 4.074039999999999914e+29
6.107080000000000000e+13 1.731309999999999847e+32 3.626000000000000201e+37 1.677999999999999936e+00 4.044449999999999723e+29
6.058340000000000000e+13 1.711339999999999825e+32 3.597149999999999924e+37 1.677000000000000046e+00 4.014839999999999817e+29
6.009610000000000000e+13 1.691479999999999833e+32 3.568300000000000118e+37 1.675000000000000044e+00 3.985210000000000195e+29
5.960870000000000000e+13 1.671709999999999964e+32 3.539460000000000144e+37 1.673000000000000043e+00 3.955560000000000153e+29
5.912140000000000000e+13 1.652039999999999990e+32 3.510609999999999866e+37 1.671999999999999931e+00 3.925889999999999692e+29
5.863410000000000000e+13 1.632469999999999912e+32 3.481760000000000061e+37 1.669999999999999929e+00 3.896189999999999658e+29
5.814680000000000000e+13 1.612999999999999910e+32 3.452909999999999783e+37 1.667999999999999927e+00 3.866479999999999765e+29
5.765950000000000000e+13 1.593620000000000031e+32 3.424059999999999978e+37 1.667000000000000037e+00 3.836740000000000300e+29
5.717220000000000000e+13 1.574340000000000047e+32 3.395220000000000003e+37 1.665000000000000036e+00 3.806979999999999711e+29
5.668500000000000000e+13 1.555159999999999959e+32 3.366370000000000198e+37 1.663000000000000034e+00 3.777209999999999968e+29
5.619780000000000000e+13 1.536069999999999994e+32 3.337519999999999920e+37 1.661999999999999922e+00 3.747409999999999947e+29
5.571060000000000000e+13 1.517069999999999970e+32 3.308670000000000115e+37 1.659999999999999920e+00 3.717590000000000211e+29
5.522340000000000000e+13 1.498179999999999977e+32 3.279819999999999837e+37 1.659000000000000030e+00 3.687759999999999914e+29
5.473620000000000000e+13 1.479369999999999972e+32 3.250979999999999863e+37 1.657000000000000028e+00 3.657909999999999900e+29
5.424910000000000000e+13 1.460660000000000043e+32 3.222130000000000057e+37 1.655999999999999917e+00 3.628040000000000171e+29
5.376200000000000000e+13 1.442050000000000010e+32 3.193279999999999780e+37 1.653999999999999915e+00 3.598150000000000023e+29
5.327480000000000000e+13 1.423519999999999965e+32 3.164429999999999974e+37 1.653000000000000025e+00 3.568240000000000159e+29
5.278780000000000000e+13 1.405089999999999997e+32 3.135580000000000169e+37 1.651999999999999913e+00 3.538319999999999733e+29
5.230070000000000000e+13 1.386759999999999924e+32 3.106740000000000194e+37 1.649999999999999911e+00 3.508369999999999734e+29
5.181360000000000000e+13 1.368519999999999974e+32 3.077889999999999917e+37 1.649000000000000021e+00 3.478419999999999735e+29
5.132660000000000000e+13 1.350360000000000013e+32 3.049040000000000111e+37 1.647999999999999909e+00 3.448440000000000162e+29
5.083960000000000000e+13 1.332310000000000081e+32 3.020189999999999833e+37 1.645999999999999908e+00 3.418450000000000028e+29
5.035260000000000000e+13 1.314339999999999957e+32 2.991340000000000028e+37 1.645000000000000018e+00 3.388440000000000178e+29
4.986560000000000000e+13 1.296459999999999956e+32 2.962500000000000054e+37 1.643999999999999906e+00 3.358419999999999766e+29
4.937860000000000000e+13 1.278680000000000031e+32 2.933649999999999776e+37 1.643000000000000016e+00 3.328380000000000342e+29
4.889170000000000000e+13 1.260990000000000049e+32 2.904799999999999971e+37 1.641999999999999904e+00 3.298329999999999654e+29
4.840480000000000000e+13 1.243390000000000008e+32 2.875950000000000165e+37 1.639999999999999902e+00 3.268259999999999953e+29
4.791790000000000000e+13 1.225879999999999910e+32 2.847099999999999887e+37 1.639000000000000012e+00 3.238179999999999691e+29
4.743100000000000000e+13 1.208449999999999981e+32 2.818259999999999913e+37 1.637999999999999901e+00 3.208079999999999712e+29
4.694410000000000000e+13 1.191119999999999947e+32 2.789410000000000108e+37 1.637000000000000011e+00 3.177969999999999877e+29
4.645730000000000000e+13 1.173880000000000036e+32 2.760559999999999830e+37 1.635999999999999899e+00 3.147839999999999973e+29
4.597050000000000000e+13 1.156730000000000068e+32 2.731710000000000025e+37 1.635000000000000009e+00 3.117699999999999860e+29
4.548370000000000000e+13 1.139670000000000041e+32 2.702860000000000219e+37 1.633999999999999897e+00 3.087549999999999889e+29
4.499690000000000000e+13 1.122699999999999957e+32 2.674019999999999773e+37 1.633000000000000007e+00 3.057379999999999850e+29
4.451010000000000000e+13 1.105819999999999995e+32 2.645169999999999967e+37 1.631999999999999895e+00 3.027190000000000096e+29
4.402340000000000000e+13 1.089020000000000022e+32 2.616320000000000162e+37 1.631999999999999895e+00 2.996999999999999990e+29
4.353670000000000000e+13 1.072319999999999945e+32 2.587469999999999884e+37 1.631000000000000005e+00 2.966790000000000168e+29
4.305000000000000000e+13 1.055700000000000036e+32 2.558620000000000078e+37 1.629999999999999893e+00 2.936570000000000137e+29
4.256330000000000000e+13 1.039170000000000070e+32 2.529780000000000104e+37 1.629000000000000004e+00 2.906339999999999896e+29
4.207660000000000000e+13 1.022730000000000046e+32 2.500929999999999826e+37 1.627999999999999892e+00 2.876089999999999939e+29
4.159000000000000000e+13 1.006379999999999965e+32 2.472080000000000021e+37 1.627999999999999892e+00 2.845830000000000124e+29
4.110340000000000000e+13 9.901200000000000056e+31 2.443230000000000216e+37 1.627000000000000002e+00 2.815560000000000099e+29
4.061680000000000000e+13 9.739449999999999219e+31 2.414379999999999938e+37 1.625999999999999890e+00 2.785270000000000007e+29
4.013020000000000000e+13 9.578589999999999832e+31 2.385539999999999964e+37 1.625999999999999890e+00 2.754979999999999915e+29
3.964370000000000000e+13 9.418610000000000321e+31 2.356690000000000158e+37 1.625000000000000000e+00 2.724670000000000108e+29
3.915710000000000000e+13 9.259510000000000687e+31 2.327839999999999880e+37 1.625000000000000000e+00 2.694350000000000090e+29
3.867060000000000000e+13 9.101289999999999126e+31 2.298990000000000075e+37 1.624000000000000110e+00 2.664010000000000005e+29
3.818410000000000000e+13 8.943949999999999244e+31 2.270139999999999797e+37 1.624000000000000110e+00 2.633669999999999920e+29
3.769770000000000000e+13 8.787500000000000812e+31 2.241299999999999823e+37 1.622999999999999998e+00 2.603319999999999978e+29
3.721120000000000000e+13 8.631920000000000681e+31 2.212450000000000018e+37 1.622999999999999998e+00 2.572949999999999967e+29
3.672480000000000000e+13 8.477220000000000425e+31 2.183600000000000212e+37 1.622999999999999998e+00 2.542570000000000099e+29
3.623840000000000000e+13 8.323409999999999820e+31 2.154749999999999934e+37 1.622000000000000108e+00 2.512180000000000021e+29
3.575200000000000000e+13 8.170480000000000891e+31 2.125899999999999893e+37 1.622000000000000108e+00 2.481780000000000085e+29
3.526570000000000000e+13 8.018439999999999811e+31 2.097059999999999918e+37 1.622000000000000108e+00 2.451369999999999940e+29
3.477940000000000000e+13 7.867280000000000408e+31 2.068210000000000113e+37 1.622000000000000108e+00 2.420940000000000079e+29
3.429310000000000000e+13 7.717009999999999753e+31 2.039360000000000071e+37 1.622000000000000108e+00 2.390509999999999866e+29
3.380680000000000000e+13 7.567619999999999875e+31 2.010510000000000030e+37 1.622000000000000108e+00 2.360059999999999937e+29
3.332050000000000000e+13 7.419130000000000321e+31 1.981659999999999988e+37 1.622000000000000108e+00 2.329610000000000008e+29
3.283430000000000000e+13 7.271530000000000416e+31 1.952820000000000014e+37 1.622000000000000108e+00 2.299140000000000012e+29
3.234810000000000000e+13 7.124829999999999933e+31 1.923969999999999972e+37 1.622000000000000108e+00 2.268670000000000016e+29
3.186190000000000000e+13 6.979020000000000001e+31 1.895119999999999931e+37 1.622000000000000108e+00 2.238179999999999952e+29
3.137570000000000000e+13 6.834120000000000166e+31 1.866269999999999889e+37 1.622000000000000108e+00 2.207680000000000030e+29
3.088960000000000000e+13 6.690119999999999753e+31 1.837420000000000084e+37 1.622000000000000108e+00 2.177169999999999899e+29
3.040350000000000000e+13 6.547019999999999664e+31 1.808580000000000110e+37 1.622000000000000108e+00 2.146649999999999910e+29
2.991740000000000000e+13 6.404840000000000346e+31 1.779730000000000068e+37 1.622000000000000108e+00 2.116120000000000063e+29
2.943130000000000000e+13 6.263579999999999997e+31 1.750880000000000026e+37 1.622999999999999998e+00 2.085580000000000006e+29
2.894530000000000000e+13 6.123229999999999745e+31 1.722029999999999985e+37 1.622999999999999998e+00 2.055039999999999949e+29
2.845930000000000000e+13 5.983810000000000038e+31 1.693179999999999943e+37 1.624000000000000110e+00 2.024479999999999825e+29
2.797330000000000000e+13 5.845319999999999974e+31 1.664339999999999969e+37 1.624000000000000110e+00 1.993909999999999843e+29
2.748730000000000000e+13 5.707770000000000228e+31 1.635489999999999927e+37 1.624000000000000110e+00 1.963330000000000003e+29
2.700140000000000000e+13 5.571150000000000126e+31 1.606639999999999886e+37 1.625000000000000000e+00 1.932739999999999953e+29
2.651550000000000000e+13 5.435489999999999888e+31 1.577790000000000080e+37 1.625999999999999890e+00 1.902140000000000046e+29
2.602960000000000000e+13 5.300779999999999742e+31 1.548940000000000039e+37 1.625999999999999890e+00 1.871529999999999928e+29
2.554380000000000000e+13 5.167030000000000361e+31 1.520100000000000064e+37 1.627000000000000002e+00 1.840909999999999953e+29
2.505790000000000000e+13 5.034249999999999718e+31 1.491250000000000023e+37 1.627999999999999892e+00 1.810280000000000120e+29
2.457220000000000000e+13 4.902450000000000287e+31 1.462399999999999981e+37 1.629000000000000004e+00 1.779649999999999936e+29
2.408640000000000000e+13 4.771630000000000268e+31 1.433549999999999940e+37 1.629000000000000004e+00 1.749000000000000035e+29
2.360070000000000000e+13 4.641810000000000107e+31 1.404699999999999898e+37 1.629999999999999893e+00 1.718339999999999925e+29
2.311490000000000000e+13 4.512999999999999579e+31 1.375859999999999924e+37 1.631000000000000005e+00 1.687669999999999957e+29
2.262930000000000000e+13 4.385199999999999585e+31 1.347009999999999882e+37 1.631999999999999895e+00 1.656999999999999989e+29
2.214360000000000000e+13 4.258429999999999670e+31 1.318160000000000077e+37 1.633999999999999897e+00 1.626309999999999953e+29
2.165800000000000000e+13 4.132689999999999835e+31 1.289310000000000035e+37 1.635000000000000009e+00 1.595610000000000060e+29
2.117240000000000000e+13 4.008009999999999851e+31 1.260459999999999994e+37 1.635999999999999899e+00 1.564909999999999990e+29
2.068690000000000000e+13 3.884390000000000167e+31 1.231620000000000019e+37 1.637000000000000011e+00 1.534190000000000029e+29
2.020130000000000000e+13 3.761849999999999881e+31 1.202769999999999978e+37 1.639000000000000012e+00 1.503460000000000035e+29
1.971590000000000000e+13 3.640400000000000117e+31 1.173919999999999936e+37 1.639999999999999902e+00 1.472730000000000040e+29
1.923040000000000000e+13 3.520059999999999971e+31 1.145069999999999895e+37 1.641999999999999904e+00 1.441979999999999977e+29
1.874500000000000000e+13 3.400840000000000118e+31 1.116220000000000089e+37 1.643000000000000016e+00 1.411220000000000057e+29
1.825960000000000000e+13 3.282769999999999877e+31 1.087380000000000115e+37 1.645000000000000018e+00 1.380449999999999927e+29
1.777420000000000000e+13 3.165859999999999923e+31 1.058529999999999955e+37 1.647000000000000020e+00 1.349669999999999940e+29
1.728890000000000000e+13 3.050129999999999803e+31 1.029680000000000032e+37 1.647999999999999909e+00 1.318879999999999918e+29
1.680360000000000000e+13 2.935599999999999964e+31 1.000829999999999990e+37 1.649999999999999911e+00 1.288080000000000039e+29
1.631840000000000000e+13 2.822289999999999953e+31 9.719840000000000463e+36 1.651999999999999913e+00 1.257259999999999916e+29
1.583320000000000000e+13 2.710229999999999990e+31 9.431359999999999946e+36 1.653999999999999915e+00 1.226439999999999969e+29
1.534800000000000000e+13 2.599449999999999848e+31 9.142879999999999429e+36 1.655999999999999917e+00 1.195589999999999921e+29
1.486280000000000000e+13 2.489969999999999972e+31 8.854400000000000092e+36 1.657999999999999918e+00 1.164740000000000049e+29
1.437780000000000000e+13 2.381809999999999910e+31 8.565919999999999574e+36 1.661000000000000032e+00 1.133860000000000075e+29
1.389270000000000000e+13 2.275019999999999881e+31 8.277440000000000238e+36 1.663000000000000034e+00 1.102970000000000068e+29
1.340770000000000000e+13 2.169610000000000107e+31 7.988959999999999720e+36 1.665000000000000036e+00 1.072059999999999993e+29
1.292270000000000000e+13 2.065640000000000130e+31 7.700480000000000384e+36 1.667999999999999927e+00 1.041130000000000026e+29
1.243780000000000000e+13 1.963129999999999947e+31 7.411999999999999866e+36 1.669999999999999929e+00 1.010179999999999992e+29
1.195290000000000000e+13 1.862120000000000003e+31 7.123520000000000530e+36 1.673000000000000043e+00 9.792069999999999329e+28
1.146800000000000000e+13 1.762660000000000065e+31 6.835040000000000012e+36 1.675999999999999934e+00 9.482049999999999342e+28
1.098320000000000000e+13 1.664789999999999904e+31 6.546559999999999495e+36 1.677999999999999936e+00 9.171710000000000386e+28
1.049850000000000000e+13 1.568569999999999960e+31 6.258080000000000158e+36 1.681000000000000050e+00 8.861040000000000843e+28
1.001380000000000000e+13 1.474040000000000003e+31 5.969599999999999641e+36 1.683999999999999941e+00 8.549979999999999807e+28
9.529120000000000000e+12 1.381270000000000023e+31 5.681120000000000304e+36 1.687000000000000055e+00 8.238469999999999890e+28
9.044520000000000000e+12 1.290310000000000013e+31 5.392639999999999787e+36 1.689999999999999947e+00 7.926460000000000043e+28
8.559970000000000000e+12 1.201239999999999962e+31 5.104159999999999860e+36 1.693000000000000060e+00 7.613849999999999929e+28
8.075470000000000000e+12 1.114130000000000084e+31 4.815679999999999933e+36 1.695999999999999952e+00 7.300569999999999664e+28
7.591040000000000000e+12 1.029059999999999919e+31 4.527200000000000006e+36 1.699000000000000066e+00 6.986480000000000357e+28
7.106660000000000000e+12 9.461280000000000160e+30 4.238720000000000079e+36 1.701000000000000068e+00 6.671450000000000338e+28
6.622340000000000000e+12 8.654220000000000238e+30 3.950240000000000152e+36 1.703999999999999959e+00 6.355300000000000406e+28
6.138080000000000000e+12 7.870560000000000396e+30 3.661760000000000225e+36 1.705999999999999961e+00 6.037800000000000313e+28
5.653890000000000000e+12 7.111510000000000460e+30 3.373279999999999707e+36 1.707000000000000073e+00 5.718669999999999641e+28
5.169770000000000000e+12 6.378450000000000238e+30 3.084799999999999780e+36 1.707999999999999963e+00 5.397549999999999988e+28
4.685730000000000000e+12 5.672909999999999514e+30 2.796319999999999853e+36 1.707000000000000073e+00 5.073960000000000262e+28
4.201760000000000000e+12 4.996629999999999730e+30 2.507839999999999926e+36 1.705000000000000071e+00 4.747250000000000025e+28
3.717870000000000000e+12 4.351630000000000040e+30 2.219359999999999999e+36 1.701000000000000068e+00 4.416529999999999615e+28
3.234080000000000000e+12 3.740180000000000122e+30 1.930880000000000072e+36 1.693000000000000060e+00 4.080530000000000371e+28
2.750380000000000000e+12 3.164940000000000166e+30 1.642400000000000145e+36 1.679999999999999938e+00 3.737309999999999964e+28
2.266780000000000000e+12 2.628939999999999743e+30 1.353919999999999923e+36 1.657000000000000028e+00 3.383780000000000096e+28
4.299000000000000000e+11 7.805000000000000069e+29 2.572000000000000181e+35 1.330000000000000071e+00 1.506450000000000062e+28
4.188000000000000000e+11 7.537999999999999717e+29 2.505999999999999897e+35 1.330000000000000071e+00 1.455129999999999927e+28
3.325000000000000000e+11 5.815999999999999745e+29 1.990000000000000163e+35 1.330000000000000071e+00 1.165809999999999924e+28
2.640000000000000000e+11 4.472999999999999815e+29 1.581000000000000083e+35 1.330000000000000071e+00 9.297799999999999813e+27
2.096000000000000000e+11 3.289999999999999843e+29 1.256000000000000028e+35 1.330000000000000071e+00 6.841069999999999801e+27
1.844000000000000000e+11 2.892000000000000018e+29 1.105000000000000000e+35 1.330000000000000071e+00 6.221810000000000396e+27
1.664000000000000000e+11 2.597000000000000095e+29 9.975999999999999784e+34 1.330000000000000071e+00 3.996079999999999920e+27
1.322000000000000000e+11 2.033000000000000102e+29 7.923999999999999875e+34 1.330000000000000071e+00 3.293160000000000158e+27
1.049000000000000000e+11 1.494999999999999961e+29 6.294000000000000085e+34 1.330000000000000071e+00 2.422460000000000012e+27
8.332000000000000000e+10 1.100000000000000064e+29 4.999999999999999843e+34 1.330000000000000071e+00 1.782300000000000002e+27
6.617000000000000000e+10 8.088999999999999432e+28 3.971999999999999897e+34 1.330000000000000071e+00 1.311289999999999924e+27
5.254000000000000000e+10 5.949000000000000344e+28 3.155000000000000010e+34 1.330000000000000071e+00 9.646129999999999985e+26
4.172000000000000000e+10 4.628000000000000126e+28 2.505999999999999897e+34 1.330000000000000071e+00 7.875200000000000595e+26
3.313000000000000000e+10 3.403999999999999866e+28 1.989999999999999932e+34 1.330000000000000071e+00 5.791050000000000196e+26
2.631000000000000000e+10 2.502999999999999803e+28 1.580999999999999991e+34 1.330000000000000071e+00 4.261170000000000143e+26
2.090000000000000000e+10 1.938000000000000082e+28 1.255999999999999936e+34 1.330000000000000071e+00 3.451690000000000088e+26
1.659000000000000000e+10 1.425000000000000067e+28 9.976000000000000246e+33 1.330000000000000071e+00 2.538950000000000110e+26
1.318000000000000000e+10 1.048000000000000007e+28 7.924000000000000337e+33 1.330000000000000071e+00 1.867689999999999969e+26
1.046000000000000000e+10 7.701999999999999683e+27 6.294000000000000085e+33 1.330000000000000071e+00 1.373879999999999975e+26
8.312000000000000000e+09 5.662000000000000348e+27 4.999999999999999728e+33 1.330000000000000071e+00 1.010819999999999921e+26
6.601000000000000000e+09 4.362000000000000029e+27 3.972000000000000127e+33 1.330000000000000071e+00 8.130089999999999436e+25
4.164000000000000000e+09 2.356000000000000079e+27 2.505999999999999955e+33 1.330000000000000071e+00 4.399369999999999874e+25
2.626000000000000000e+09 1.272000000000000034e+27 1.580999999999999991e+33 1.330000000000000071e+00 2.380450000000000180e+25
1.657000000000000000e+09 6.859999999999999767e+26 9.975999999999999957e+32 1.330000000000000071e+00 1.288319999999999913e+25
1.316000000000000000e+09 5.036000000000000296e+26 7.924000000000000337e+32 1.330000000000000071e+00 9.477099999999999527e+24
1.045000000000000000e+09 4.128999999999999924e+26 6.293999999999999941e+32 1.330000000000000071e+00 6.794269999999999770e+24
8.301000000000000000e+08 3.039000000000000162e+26 4.999999999999999728e+32 1.330000000000000071e+00 4.998809999999999830e+24
5.237000000000000000e+08 1.628999999999999891e+26 3.154999999999999923e+32 1.330000000000000071e+00 2.705450000000000161e+24
3.304000000000000000e+08 8.737999999999999925e+25 1.990000000000000076e+32 1.330000000000000071e+00 1.463449999999999964e+24
2.624000000000000000e+08 6.675999999999999817e+25 1.580999999999999919e+32 1.330000000000000071e+00 1.123400000000000065e+24
1.315000000000000000e+08 2.603999999999999941e+25 7.923999999999999616e+31 1.330000000000000071e+00 4.472499999999999827e+23
6.589000000000000000e+07 1.006000000000000014e+25 3.972000000000000199e+31 1.330000000000000071e+00 1.780890000000000165e+23
3.302000000000000000e+07 3.832999999999999839e+24 1.989999999999999986e+31 1.330000000000000071e+00 7.086450000000000092e+22
1.655000000000000000e+07 1.435000000000000086e+24 9.975999999999999642e+30 1.330000000000000071e+00 2.822060000000000131e+22
8.293000000000000000e+06 5.250000000000000315e+23 4.999999999999999818e+30 1.330000000000000071e+00 1.123529999999999934e+22
6.588000000000000000e+06 3.910999999999999759e+23 3.972000000000000087e+30 1.330000000000000071e+00 8.163429999999999541e+21
2.622000000000000000e+06 9.754999999999999214e+22 1.581000000000000009e+30 1.330000000000000071e+00 2.390210000000000197e+21
1.044000000000000000e+06 2.318000000000000105e+22 6.293999999999999902e+29 1.330000000000000071e+00 6.999960000000000000e+20
4.156000000000000000e+05 5.265999999999999476e+21 2.505999999999999907e+29 1.330000000000000071e+00 2.050380000000000000e+20
1.654000000000000000e+05 1.151000000000000000e+21 9.976000000000000768e+28 1.330000000000000071e+00 6.004390000000000000e+19
6.587000000000000000e+04 2.431000000000000000e+20 3.972000000000000263e+28 1.330000000000000071e+00 1.758760000000000000e+19
2.622000000000000000e+04 4.968000000000000000e+19 1.581000000000000061e+28 1.330000000000000071e+00 5.149550000000000000e+18
1.044000000000000000e+04 9.744000000000000000e+18 6.294999999999999717e+27 1.330000000000000071e+00 1.508420000000000000e+18
