1.002138709400000000e+16 8.099625281100000169e+36 1.996009999999999977e+39 1.000000000000000000e+00 0.000000000000000000e+00
9.971242879700000000e+15 8.054495488200000402e+36 1.991010000000000144e+39 1.000000000000000000e+00 0.000000000000000000e+00
9.921224434000000000e+15 8.009478887200000265e+36 1.986010000000000009e+39 1.000000000000000000e+00 0.000000000000000000e+00
9.871331757000000000e+15 7.964575477900000454e+36 1.981009999999999874e+39 1.000000000000000000e+00 0.000000000000000000e+00
9.821564848700000000e+15 7.919785260399999438e+36 1.976010000000000041e+39 1.000000000000000000e+00 0.000000000000000000e+00
9.771923709000000000e+15 7.875108234599999929e+36 1.971009999999999906e+39 1.000000000000000000e+00 0.000000000000000000e+00
9.722408338000000000e+15 7.830544400700000048e+36 1.966010000000000074e+39 1.000000000000000000e+00 0.000000000000000000e+00
9.673018735600000000e+15 7.786093758600000145e+36 1.961009999999999939e+39 1.000000000000000000e+00 0.000000000000000000e+00
9.623754901900000000e+15 7.741756308200000567e+36 1.956010000000000106e+39 1.000000000000000000e+00 0.000000000000000000e+00
9.574616836800000000e+15 7.697532049699999438e+36 1.951009999999999971e+39 1.000000000000000000e+00 0.000000000000000000e+00
9.525604540400000000e+15 7.653420982899999814e+36 1.946010000000000138e+39 1.000000000000000000e+00 0.000000000000000000e+00
9.476718012700000000e+15 7.609423107900000168e+36 1.941010000000000003e+39 1.000000000000000000e+00 0.000000000000000000e+00
9.427957253600000000e+15 7.565538424700000499e+36 1.936009999999999868e+39 1.000000000000000000e+00 0.000000000000000000e+00
9.379322263100000000e+15 7.521766933299999626e+36 1.931010000000000036e+39 1.000000000000000000e+00 0.000000000000000000e+00
9.330813041300000000e+15 7.478108633699999911e+36 1.926009999999999901e+39 1.000000000000000000e+00 0.000000000000000000e+00
9.282429588200000000e+15 7.434563525900000174e+36 1.921010000000000068e+39 1.000000000000000000e+00 0.000000000000000000e+00
9.234171903700000000e+15 7.391131609900000413e+36 1.916009999999999933e+39 1.000000000000000000e+00 0.000000000000000000e+00
9.186039987900000000e+15 7.347812885599999798e+36 1.911010000000000100e+39 1.000000000000000000e+00 0.000000000000000000e+00
9.138033840700000000e+15 7.304607353199999992e+36 1.906009999999999965e+39 1.000000000000000000e+00 0.000000000000000000e+00
9.090153462200000000e+15 7.261515012500000511e+36 1.901010000000000133e+39 1.000000000000000000e+00 0.000000000000000000e+00
9.042398852400000000e+15 7.218535863599999827e+36 1.896009999999999998e+39 1.000000000000000000e+00 0.000000000000000000e+00
8.994770011200000000e+15 7.175669906599999952e+36 1.891009999999999863e+39 1.000000000000000000e+00 0.000000000000000000e+00
8.947266938600000000e+15 7.132917141300000403e+36 1.886010000000000030e+39 1.000000000000000000e+00 0.000000000000000000e+00
8.899889634700000000e+15 7.090277567799999650e+36 1.881009999999999895e+39 1.000000000000000000e+00 0.000000000000000000e+00
8.852638099500000000e+15 7.047751186100000055e+36 1.876010000000000062e+39 1.000000000000000000e+00 0.000000000000000000e+00
8.805512332900000000e+15 7.005337996099999605e+36 1.871009999999999928e+39 1.000000000000000000e+00 0.000000000000000000e+00
8.758512335000000000e+15 6.963037997999999965e+36 1.866010000000000095e+39 1.000000000000000000e+00 0.000000000000000000e+00
8.711638105700000000e+15 6.920851191599999469e+36 1.861009999999999960e+39 1.000000000000000000e+00 0.000000000000000000e+00
8.664889645100000000e+15 6.878777577099999783e+36 1.856010000000000127e+39 1.000000000000000000e+00 0.000000000000000000e+00
8.618266953100000000e+15 6.836817154300000422e+36 1.851009999999999992e+39 1.000000000000000000e+00 0.000000000000000000e+00
8.571770029800000000e+15 6.794969923299999858e+36 1.846009999999999857e+39 1.000000000000000000e+00 0.000000000000000000e+00
8.525398875200000000e+15 6.753235884200000103e+36 1.841010000000000025e+39 1.000000000000000000e+00 0.000000000000000000e+00
8.479153489200000000e+15 6.711615036799999493e+36 1.836009999999999890e+39 1.000000000000000000e+00 0.000000000000000000e+00
8.433033871800000000e+15 6.670107381200000041e+36 1.831010000000000057e+39 1.000000000000000000e+00 0.000000000000000000e+00
8.387040023100000000e+15 6.628712917299999734e+36 1.826009999999999922e+39 1.000000000000000000e+00 0.000000000000000000e+00
8.341171943100000000e+15 6.587431645300000236e+36 1.821010000000000089e+39 1.000000000000000000e+00 0.000000000000000000e+00
8.295429631700000000e+15 6.546263565099999535e+36 1.816009999999999954e+39 1.000000000000000000e+00 0.000000000000000000e+00
8.249813089000000000e+15 6.505208676600000340e+36 1.811010000000000122e+39 1.000000000000000000e+00 0.000000000000000000e+00
8.204322314900000000e+15 6.464266979999999593e+36 1.806009999999999987e+39 1.000000000000000000e+00 0.000000000000000000e+00
8.158957309500000000e+15 6.423438475100000352e+36 1.801009999999999852e+39 1.000000000000000000e+00 0.000000000000000000e+00
8.113718072800000000e+15 6.382723161999999908e+36 1.796010000000000019e+39 1.000000000000000000e+00 0.000000000000000000e+00
8.068604604700000000e+15 6.342121040699999440e+36 1.791009999999999884e+39 1.000000000000000000e+00 0.000000000000000000e+00
8.023616905200000000e+15 6.301632111200000131e+36 1.786010000000000051e+39 1.000000000000000000e+00 0.000000000000000000e+00
7.978754974400000000e+15 6.261256373499999618e+36 1.781009999999999916e+39 1.000000000000000000e+00 0.000000000000000000e+00
7.934018812300000000e+15 6.220993827600000263e+36 1.776010000000000084e+39 1.000000000000000000e+00 0.000000000000000000e+00
7.889408418800000000e+15 6.180844473400000053e+36 1.771009999999999949e+39 1.000000000000000000e+00 0.000000000000000000e+00
7.844923794000000000e+15 6.140808311099999472e+36 1.766010000000000116e+39 1.000000000000000000e+00 0.000000000000000000e+00
7.800564937800000000e+15 6.100885340500000396e+36 1.761009999999999981e+39 1.000000000000000000e+00 0.000000000000000000e+00
7.756331850300000000e+15 6.061075561799999770e+36 1.756010000000000148e+39 1.000000000000000000e+00 0.000000000000000000e+00
7.712224531400000000e+15 6.021378974799999468e+36 1.751010000000000013e+39 1.000000000000000000e+00 0.000000000000000000e+00
7.668242981200000000e+15 5.981795579600000324e+36 1.746009999999999878e+39 1.000000000000000000e+00 0.000000000000000000e+00
7.624387199700000000e+15 5.942325376199999977e+36 1.741010000000000046e+39 1.000000000000000000e+00 0.000000000000000000e+00
7.580657186800000000e+15 5.902968364599999607e+36 1.736009999999999911e+39 1.000000000000000000e+00 0.000000000000000000e+00
7.537052942500000000e+15 5.863724544800000395e+36 1.731010000000000078e+39 1.000000000000000000e+00 0.000000000000000000e+00
7.493574466900000000e+15 5.824593916799999979e+36 1.726009999999999943e+39 1.000000000000000000e+00 0.000000000000000000e+00
7.450221760000000000e+15 5.785576480499999889e+36 1.721010000000000110e+39 1.000000000000000000e+00 0.000000000000000000e+00
7.406994821700000000e+15 5.746672236099999428e+36 1.716009999999999975e+39 1.000000000000000000e+00 0.000000000000000000e+00
7.363893652100000000e+15 5.707881183400000472e+36 1.711010000000000143e+39 1.000000000000000000e+00 0.000000000000000000e+00
7.320918251100000000e+15 5.669203322500000313e+36 1.706010000000000008e+39 1.000000000000000000e+00 0.000000000000000000e+00
7.278068618800000000e+15 5.630638653499999784e+36 1.701009999999999873e+39 1.000000000000000000e+00 0.000000000000000000e+00
7.235344755200000000e+15 5.592187176199999579e+36 1.696010000000000040e+39 1.000000000000000000e+00 0.000000000000000000e+00
7.192746660200000000e+15 5.553848890700000533e+36 1.691009999999999905e+39 1.000000000000000000e+00 0.000000000000000000e+00
7.150274333800000000e+15 5.515623797000000282e+36 1.686010000000000072e+39 1.000000000000000000e+00 0.000000000000000000e+00
7.107927776100000000e+15 5.477511895000000358e+36 1.681009999999999937e+39 1.000000000000000000e+00 0.000000000000000000e+00
7.065706987100000000e+15 5.439513184900000062e+36 1.676010000000000105e+39 1.000000000000000000e+00 0.000000000000000000e+00
7.023611966700000000e+15 5.401627666599999743e+36 1.671009999999999970e+39 1.000000000000000000e+00 0.000000000000000000e+00
6.981642715000000000e+15 5.363855339999999750e+36 1.666010000000000137e+39 1.000000000000000000e+00 0.000000000000000000e+00
6.939799231900000000e+15 5.326196205199999734e+36 1.661010000000000002e+39 1.000000000000000000e+00 0.000000000000000000e+00
6.898081517500000000e+15 5.288650262299999937e+36 1.656009999999999867e+39 1.000000000000000000e+00 0.000000000000000000e+00
6.856489571700000000e+15 5.251217511099999876e+36 1.651010000000000034e+39 1.000000000000000000e+00 0.000000000000000000e+00
6.815023394600000000e+15 5.213897951699999791e+36 1.646009999999999900e+39 1.000000000000000000e+00 0.000000000000000000e+00
6.773682986200000000e+15 5.176691584100000274e+36 1.641010000000000067e+39 1.000000000000000000e+00 0.000000000000000000e+00
6.732468346400000000e+15 5.139598408300000144e+36 1.636009999999999932e+39 1.000000000000000000e+00 0.000000000000000000e+00
6.691379475200000000e+15 5.102618424199999749e+36 1.631010000000000099e+39 1.000000000000000000e+00 0.000000000000000000e+00
6.650416372800000000e+15 5.065751632000000163e+36 1.626009999999999964e+39 1.000000000000000000e+00 0.000000000000000000e+00
6.609579038900000000e+15 5.028998031599999965e+36 1.621010000000000131e+39 1.000000000000000000e+00 0.000000000000000000e+00
6.568867473800000000e+15 4.992357622900000091e+36 1.616009999999999997e+39 1.000000000000000000e+00 0.000000000000000000e+00
6.528281677200000000e+15 4.955830406000000195e+36 1.611009999999999862e+39 1.000000000000000000e+00 0.000000000000000000e+00
6.487821649400000000e+15 4.919416380900000276e+36 1.606010000000000029e+39 1.000000000000000000e+00 0.000000000000000000e+00
6.447487390200000000e+15 4.883115547699999987e+36 1.601009999999999894e+39 1.000000000000000000e+00 0.000000000000000000e+00
6.407278899600000000e+15 4.846927906200000022e+36 1.596010000000000061e+39 1.000000000000000000e+00 0.000000000000000000e+00
6.367196177700000000e+15 4.810853456399999792e+36 1.591009999999999926e+39 1.000000000000000000e+00 0.000000000000000000e+00
6.327239224500000000e+15 4.774892198499999782e+36 1.586010000000000094e+39 1.000000000000000000e+00 0.000000000000000000e+00
6.287408039900000000e+15 4.739044132399999749e+36 1.581009999999999959e+39 1.000000000000000000e+00 0.000000000000000000e+00
6.247702623900000000e+15 4.703309258100000284e+36 1.576010000000000126e+39 1.000000000000000000e+00 0.000000000000000000e+00
6.208122976700000000e+15 4.667687575499999963e+36 1.571009999999999991e+39 1.000000000000000000e+00 0.000000000000000000e+00
6.168669098000000000e+15 4.632179084700000209e+36 1.566009999999999856e+39 1.000000000000000000e+00 0.000000000000000000e+00
6.129340988100000000e+15 4.596783785800000085e+36 1.561010000000000023e+39 1.000000000000000000e+00 0.000000000000000000e+00
6.090138646700000000e+15 4.561501678600000286e+36 1.556009999999999888e+39 1.000000000000000000e+00 0.000000000000000000e+00
6.051062074100000000e+15 4.526332763199999874e+36 1.551010000000000056e+39 1.000000000000000000e+00 0.000000000000000000e+00
6.012111270100000000e+15 4.491277039600000029e+36 1.546009999999999921e+39 1.000000000000000000e+00 0.000000000000000000e+00
5.973286234700000000e+15 4.456334507800000162e+36 1.541010000000000088e+39 1.000000000000000000e+00 0.000000000000000000e+00
5.934586968000000000e+15 4.421505167700000029e+36 1.536009999999999953e+39 1.000000000000000000e+00 0.000000000000000000e+00
5.896013470000000000e+15 4.386789019500000116e+36 1.531010000000000120e+39 1.000000000000000000e+00 0.000000000000000000e+00
5.857565740600000000e+15 4.352186063100000180e+36 1.526009999999999985e+39 1.000000000000000000e+00 0.000000000000000000e+00
5.819243779900000000e+15 4.317696298399999979e+36 1.521009999999999850e+39 1.000000000000000000e+00 0.000000000000000000e+00
5.781047587800000000e+15 4.283319725499999756e+36 1.516010000000000018e+39 1.000000000000000000e+00 0.000000000000000000e+00
5.742977164400000000e+15 4.249056344499999751e+36 1.511009999999999883e+39 1.000000000000000000e+00 0.000000000000000000e+00
5.705032509600000000e+15 4.214906155200000072e+36 1.506010000000000050e+39 1.000000000000000000e+00 0.000000000000000000e+00
5.667213623500000000e+15 4.180869157699999780e+36 1.501009999999999915e+39 1.000000000000000000e+00 0.000000000000000000e+00
5.629520506100000000e+15 4.146945352000000055e+36 1.496010000000000082e+39 1.000000000000000000e+00 0.000000000000000000e+00
5.591953157300000000e+15 4.113134738000000066e+36 1.491009999999999947e+39 1.000000000000000000e+00 0.000000000000000000e+00
5.554511577100000000e+15 4.079437315899999705e+36 1.486010000000000115e+39 1.000000000000000000e+00 0.000000000000000000e+00
5.517195765600000000e+15 4.045853085599999912e+36 1.481009999999999980e+39 1.000000000000000000e+00 0.000000000000000000e+00
5.480005722800000000e+15 4.012382046999999854e+36 1.476010000000000147e+39 1.000000000000000000e+00 0.000000000000000000e+00
5.442941448600000000e+15 3.979024200300000015e+36 1.471010000000000012e+39 1.000000000000000000e+00 0.000000000000000000e+00
5.406002943100000000e+15 3.945779545299999911e+36 1.466009999999999877e+39 1.000000000000000000e+00 0.000000000000000000e+00
5.369190206200000000e+15 3.912648082099999784e+36 1.461010000000000044e+39 1.000000000000000000e+00 0.000000000000000000e+00
5.332503238000000000e+15 3.879629810700000225e+36 1.456009999999999909e+39 1.000000000000000000e+00 0.000000000000000000e+00
5.295942038400000000e+15 3.846724731100000053e+36 1.451010000000000077e+39 1.000000000000000000e+00 0.000000000000000000e+00
5.259506607500000000e+15 3.813932843299999858e+36 1.446009999999999942e+39 1.000000000000000000e+00 0.000000000000000000e+00
5.223196945300000000e+15 3.781254147300000230e+36 1.441010000000000109e+39 1.000000000000000000e+00 0.000000000000000000e+00
5.187013051700000000e+15 3.748688642999999747e+36 1.436009999999999974e+39 1.000000000000000000e+00 0.000000000000000000e+00
5.150954926800000000e+15 3.716236330600000074e+36 1.431010000000000141e+39 1.000000000000000000e+00 0.000000000000000000e+00
5.115022570500000000e+15 3.683897209900000136e+36 1.426010000000000006e+39 1.000000000000000000e+00 0.000000000000000000e+00
5.079215982800000000e+15 3.651671281099999827e+36 1.421009999999999872e+39 1.000000000000000000e+00 0.000000000000000000e+00
5.043535163900000000e+15 3.619558543999999843e+36 1.416010000000000039e+39 1.000000000000000000e+00 0.000000000000000000e+00
5.007980113500000000e+15 3.587558998699999836e+36 1.411009999999999904e+39 1.000000000000000000e+00 0.000000000000000000e+00
4.972550831900000000e+15 3.555672645199999807e+36 1.406010000000000071e+39 1.000000000000000000e+00 0.000000000000000000e+00
4.937247318900000000e+15 3.523899483499999754e+36 1.401009999999999936e+39 1.000000000000000000e+00 0.000000000000000000e+00
4.902069574500000000e+15 3.492239513600000270e+36 1.396010000000000103e+39 1.000000000000000000e+00 0.000000000000000000e+00
4.867017598800000000e+15 3.460692735500000172e+36 1.391009999999999969e+39 1.000000000000000000e+00 0.000000000000000000e+00
4.832091391800000000e+15 3.429259149099999809e+36 1.386010000000000136e+39 1.000000000000000000e+00 0.000000000000000000e+00
4.797290953400000000e+15 3.397938754600000255e+36 1.381010000000000001e+39 1.000000000000000000e+00 0.000000000000000000e+00
4.762616283700000000e+15 3.366731551799999847e+36 1.376009999999999866e+39 1.000000000000000000e+00 0.000000000000000000e+00
4.728067382600000000e+15 3.335637540800000006e+36 1.371010000000000033e+39 1.000000000000000000e+00 0.000000000000000000e+00
4.693644250200000000e+15 3.304656721699999794e+36 1.366009999999999898e+39 1.000000000000000000e+00 0.000000000000000000e+00
4.659346886400000000e+15 3.273789094299999907e+36 1.361010000000000066e+39 1.000000000000000000e+00 0.000000000000000000e+00
4.625175291300000000e+15 3.243034658699999997e+36 1.356009999999999931e+39 1.000000000000000000e+00 0.000000000000000000e+00
4.591129464800000000e+15 3.212393414799999823e+36 1.351009999999999947e+39 1.000000000000000000e+00 0.000000000000000000e+00
4.557209407000000000e+15 3.181865362799999868e+36 1.346009999999999963e+39 1.000000000000000000e+00 0.000000000000000000e+00
4.523415117900000000e+15 3.151450502599999890e+36 1.341009999999999979e+39 1.000000000000000000e+00 0.000000000000000000e+00
4.489746597400000000e+15 3.121148834100000237e+36 1.336009999999999995e+39 1.000000000000000000e+00 0.000000000000000000e+00
4.456203845500000000e+15 3.090960357500000213e+36 1.331010000000000011e+39 1.000000000000000000e+00 0.000000000000000000e+00
4.422786862300000000e+15 3.060885072599999924e+36 1.326010000000000028e+39 1.000000000000000000e+00 0.000000000000000000e+00
4.389495647800000000e+15 3.030922979599999855e+36 1.321010000000000044e+39 1.000000000000000000e+00 0.000000000000000000e+00
4.356330201900000000e+15 3.001074078300000111e+36 1.316010000000000060e+39 1.000000000000000000e+00 0.000000000000000000e+00
4.323290524700000000e+15 2.971338368799999754e+36 1.311009999999999925e+39 1.000000000000000000e+00 0.000000000000000000e+00
4.290376616200000000e+15 2.941715851099999964e+36 1.306009999999999941e+39 1.000000000000000000e+00 0.000000000000000000e+00
4.257588476300000000e+15 2.912206525099999910e+36 1.301009999999999957e+39 1.000000000000000000e+00 0.000000000000000000e+00
4.224926105000000000e+15 2.882810391000000074e+36 1.296009999999999974e+39 1.000000000000000000e+00 0.000000000000000000e+00
4.192389502400000000e+15 2.853527448700000216e+36 1.291009999999999990e+39 1.000000000000000000e+00 0.000000000000000000e+00
4.159978668500000000e+15 2.824357698100000093e+36 1.286010000000000006e+39 1.000000000000000000e+00 0.000000000000000000e+00
4.127693603200000000e+15 2.795301139400000190e+36 1.281010000000000022e+39 1.000000000000000000e+00 0.000000000000000000e+00
4.095534306500000000e+15 2.766357772400000021e+36 1.276010000000000038e+39 1.000000000000000000e+00 0.000000000000000000e+00
4.063500778600000000e+15 2.737527597199999829e+36 1.271010000000000054e+39 1.000000000000000000e+00 0.000000000000000000e+00
4.031593019200000000e+15 2.708810613800000205e+36 1.266010000000000071e+39 1.000000000000000000e+00 0.000000000000000000e+00
3.999811028600000000e+15 2.680206822199999968e+36 1.261009999999999936e+39 1.000000000000000000e+00 0.000000000000000000e+00
3.968154806600000000e+15 2.651716222400000003e+36 1.256009999999999952e+39 1.000000000000000000e+00 0.000000000000000000e+00
3.936624353200000000e+15 2.623338814400000016e+36 1.251009999999999968e+39 1.000000000000000000e+00 0.000000000000000000e+00
3.905219668500000000e+15 2.595074598200000005e+36 1.246009999999999984e+39 1.000000000000000000e+00 0.000000000000000000e+00
3.873940752500000000e+15 2.566923573700000025e+36 1.241010000000000000e+39 1.000000000000000000e+00 0.000000000000000000e+00
3.842787605100000000e+15 2.538885741099999969e+36 1.236010000000000016e+39 1.000000000000000000e+00 0.000000000000000000e+00
3.811760226300000000e+15 2.510961100199999943e+36 1.231010000000000033e+39 1.000000000000000000e+00 0.000000000000000000e+00
3.780858616200000000e+15 2.483149651099999894e+36 1.226010000000000049e+39 1.000000000000000000e+00 0.000000000000000000e+00
3.750082774800000000e+15 2.455451393900000065e+36 1.221010000000000065e+39 1.000000000000000000e+00 0.000000000000000000e+00
3.719432702000000000e+15 2.427866328399999970e+36 1.216009999999999930e+39 1.000000000000000000e+00 0.000000000000000000e+00
3.688908397900000000e+15 2.400394454699999853e+36 1.211009999999999946e+39 1.000000000000000000e+00 0.000000000000000000e+00
3.658509862500000000e+15 2.373035772700000061e+36 1.206009999999999962e+39 1.000000000000000000e+00 0.000000000000000000e+00
3.628237095700000000e+15 2.345790282599999898e+36 1.201009999999999978e+39 1.000000000000000000e+00 0.000000000000000000e+00
3.598090097500000000e+15 2.318657984300000007e+36 1.196009999999999995e+39 1.000000000000000000e+00 0.000000000000000000e+00
3.568068868000000000e+15 2.291638877700000147e+36 1.191010000000000011e+39 1.000000000000000000e+00 0.000000000000000000e+00
3.538173407200000000e+15 2.264732962999999916e+36 1.186010000000000027e+39 1.000000000000000000e+00 0.000000000000000000e+00
3.508403715000000000e+15 2.237940240000000010e+36 1.181010000000000043e+39 1.000000000000000000e+00 0.000000000000000000e+00
3.478759791500000000e+15 2.211260708800000081e+36 1.176010000000000059e+39 1.000000000000000000e+00 0.000000000000000000e+00
3.449241636600000000e+15 2.184694369400000129e+36 1.171010000000000075e+39 1.000000000000000000e+00 0.000000000000000000e+00
3.419849250400000000e+15 2.158241221799999859e+36 1.166009999999999941e+39 1.000000000000000000e+00 0.000000000000000000e+00
3.390582632800000000e+15 2.131901265999999862e+36 1.161009999999999957e+39 1.000000000000000000e+00 0.000000000000000000e+00
3.361441783900000000e+15 2.105674502000000137e+36 1.156009999999999973e+39 1.000000000000000000e+00 0.000000000000000000e+00
3.332426703600000000e+15 2.079560929800000094e+36 1.151009999999999989e+39 1.000000000000000000e+00 0.000000000000000000e+00
3.303537392000000000e+15 2.053560549300000081e+36 1.146010000000000005e+39 1.000000000000000000e+00 0.000000000000000000e+00
3.274773849100000000e+15 2.027673360699999993e+36 1.141010000000000021e+39 1.000000000000000000e+00 0.000000000000000000e+00
3.246136074800000000e+15 2.001899363799999934e+36 1.136010000000000038e+39 1.000000000000000000e+00 0.000000000000000000e+00
3.217624069100000000e+15 1.976238558699999853e+36 1.131010000000000054e+39 1.000000000000000000e+00 0.000000000000000000e+00
3.189237832200000000e+15 1.950690945499999991e+36 1.126010000000000070e+39 1.000000000000000000e+00 0.000000000000000000e+00
3.160977363800000000e+15 1.925256523999999864e+36 1.121009999999999935e+39 1.000000000000000000e+00 0.000000000000000000e+00
3.132842664200000000e+15 1.899935294300000010e+36 1.116009999999999951e+39 1.000000000000000000e+00 0.000000000000000000e+00
3.104833733100000000e+15 1.874727256299999890e+36 1.111009999999999967e+39 1.000000000000000000e+00 0.000000000000000000e+00
3.076950570800000000e+15 1.849632410199999990e+36 1.106009999999999983e+39 1.000000000000000000e+00 0.000000000000000000e+00
3.049193177100000000e+15 1.824650755900000067e+36 1.101010000000000000e+39 1.000000000000000000e+00 0.000000000000000000e+00
3.021561552000000000e+15 1.799782293299999879e+36 1.096010000000000016e+39 1.000000000000000000e+00 0.000000000000000000e+00
2.994055695600000000e+15 1.775027022599999910e+36 1.091010000000000032e+39 1.000000000000000000e+00 0.000000000000000000e+00
2.966675607900000000e+15 1.750384943599999972e+36 1.086010000000000048e+39 1.000000000000000000e+00 0.000000000000000000e+00
2.939421288800000000e+15 1.725856056400000010e+36 1.081010000000000064e+39 1.000000000000000000e+00 0.000000000000000000e+00
2.912292738400000000e+15 1.701440361099999974e+36 1.076009999999999929e+39 1.000000000000000000e+00 0.000000000000000000e+00
2.885289956600000000e+15 1.677137857499999967e+36 1.071009999999999946e+39 1.000000000000000000e+00 0.000000000000000000e+00
2.858412943500000000e+15 1.652948545599999990e+36 1.066009999999999962e+39 1.000000000000000000e+00 0.000000000000000000e+00
2.831661699000000000e+15 1.628872425599999937e+36 1.061009999999999978e+39 1.000000000000000000e+00 0.000000000000000000e+00
2.805036223200000000e+15 1.604909497399999862e+36 1.056009999999999994e+39 1.000000000000000000e+00 0.000000000000000000e+00
2.778536516000000000e+15 1.581059761000000059e+36 1.051010000000000010e+39 1.000000000000000000e+00 0.000000000000000000e+00
2.752162577500000000e+15 1.557323216299999991e+36 1.046010000000000026e+39 1.000000000000000000e+00 0.000000000000000000e+00
2.725914407700000000e+15 1.533699863399999900e+36 1.041010000000000043e+39 1.000000000000000000e+00 0.000000000000000000e+00
2.699792006500000000e+15 1.510189702400000028e+36 1.036010000000000059e+39 1.000000000000000000e+00 0.000000000000000000e+00
2.673795374000000000e+15 1.486792733099999892e+36 1.031010000000000075e+39 1.000000000000000000e+00 0.000000000000000000e+00
2.647924510100000000e+15 1.463508955600000027e+36 1.026009999999999940e+39 1.000000000000000000e+00 0.000000000000000000e+00
2.622179414900000000e+15 1.440338369900000140e+36 1.021009999999999956e+39 1.000000000000000000e+00 0.000000000000000000e+00
2.596560088300000000e+15 1.417280975999999935e+36 1.016009999999999972e+39 1.000000000000000000e+00 0.000000000000000000e+00
2.571066530400000000e+15 1.394336773900000003e+36 1.011009999999999988e+39 1.000000000000000000e+00 0.000000000000000000e+00
2.545698741100000000e+15 1.371505763500000100e+36 1.006010000000000005e+39 1.000000000000000000e+00 0.000000000000000000e+00
2.520456720500000000e+15 1.348787945000000122e+36 1.001010000000000021e+39 1.000000000000000000e+00 0.000000000000000000e+00
2.495355500600000000e+15 1.326196847100000045e+36 9.960129999999999957e+38 1.000000000000000000e+00 0.000000000000000000e+00
2.470364941900000000e+15 1.303705344200000067e+36 9.910130000000000119e+38 1.000000000000000000e+00 0.000000000000000000e+00
2.445500151800000000e+15 1.281327033100000065e+36 9.860130000000000281e+38 1.000000000000000000e+00 0.000000000000000000e+00
2.420761130300000000e+15 1.259061913800000041e+36 9.810130000000000442e+38 1.000000000000000000e+00 0.000000000000000000e+00
2.396147877500000000e+15 1.236909986299999994e+36 9.760130000000000604e+38 1.000000000000000000e+00 0.000000000000000000e+00
2.371660393400000000e+15 1.214871250600000072e+36 9.710129999999999255e+38 1.000000000000000000e+00 0.000000000000000000e+00
2.347298677900000000e+15 1.192945706600000032e+36 9.660129999999999416e+38 1.000000000000000000e+00 0.000000000000000000e+00
2.323062731100000000e+15 1.171133354500000064e+36 9.610129999999999578e+38 1.000000000000000000e+00 0.000000000000000000e+00
2.298952552900000000e+15 1.149434194099999979e+36 9.560129999999999740e+38 1.000000000000000000e+00 0.000000000000000000e+00
2.274968143400000000e+15 1.127848225599999965e+36 9.510129999999999901e+38 1.000000000000000000e+00 0.000000000000000000e+00
2.251109502500000000e+15 1.106375448799999982e+36 9.460130000000000063e+38 1.000000000000000000e+00 0.000000000000000000e+00
2.227376630300000000e+15 1.085015863799999976e+36 9.410130000000000225e+38 1.000000000000000000e+00 0.000000000000000000e+00
2.203769526800000000e+15 1.063769470599999947e+36 9.360130000000000386e+38 1.000000000000000000e+00 0.000000000000000000e+00
2.180288191900000000e+15 1.042636269200000042e+36 9.310130000000000548e+38 1.000000000000000000e+00 0.000000000000000000e+00
2.156932625600000000e+15 1.021616259599999968e+36 9.260130000000000710e+38 1.000000000000000000e+00 0.000000000000000000e+00
2.133702828100000000e+15 1.000709441800000018e+36 9.210129999999999360e+38 1.000000000000000000e+00 0.000000000000000000e+00
2.110598799100000000e+15 9.799158157200000578e+35 9.160129999999999522e+38 1.000000000000000000e+00 0.000000000000000000e+00
2.087620538800000000e+15 9.592353814799999949e+35 9.110129999999999684e+38 1.000000000000000000e+00 0.000000000000000000e+00
2.064768047200000000e+15 9.386681390199999493e+35 9.060129999999999845e+38 1.000000000000000000e+00 0.000000000000000000e+00
2.042041324300000000e+15 9.182140883499999747e+35 9.010130000000000007e+38 1.000000000000000000e+00 0.000000000000000000e+00
2.019440369900000000e+15 8.978732294700000711e+35 8.960130000000000169e+38 1.000000000000000000e+00 0.000000000000000000e+00
1.996965184300000000e+15 8.776455623799999434e+35 8.910130000000000330e+38 1.000000000000000000e+00 0.000000000000000000e+00
1.974615767300000000e+15 8.575310870800000343e+35 8.860130000000000492e+38 1.000000000000000000e+00 0.000000000000000000e+00
1.952392118900000000e+15 8.375298035700000486e+35 8.810130000000000654e+38 1.000000000000000000e+00 0.000000000000000000e+00
1.930294239300000000e+15 8.176417118499999864e+35 8.760129999999999304e+38 1.000000000000000000e+00 0.000000000000000000e+00
1.908322128200000000e+15 7.978668119199999952e+35 8.710129999999999466e+38 1.000000000000000000e+00 0.000000000000000000e+00
1.886475785800000000e+15 7.782051037700000213e+35 8.660129999999999628e+38 1.000000000000000000e+00 0.000000000000000000e+00
1.864755212100000000e+15 7.586565874200000246e+35 8.610129999999999789e+38 1.000000000000000000e+00 0.000000000000000000e+00
1.843160407000000000e+15 7.392212628599999513e+35 8.560129999999999951e+38 1.000000000000000000e+00 0.000000000000000000e+00
1.821691370600000000e+15 7.198991300800000429e+35 8.510130000000000113e+38 1.000000000000000000e+00 0.000000000000000000e+00
1.800348102900000000e+15 7.006901890999999641e+35 8.460130000000000274e+38 1.000000000000000000e+00 0.000000000000000000e+00
1.779130603800000000e+15 6.815944399099999564e+35 8.410130000000000436e+38 1.000000000000000000e+00 0.000000000000000000e+00
1.758038873300000000e+15 6.626118824999999659e+35 8.360130000000000598e+38 3.369668246399999845e+00 0.000000000000000000e+00
1.743165445600000000e+15 6.493524988699999787e+35 8.310129999999999248e+38 3.369668246399999845e+00 0.000000000000000000e+00
1.728380031500000000e+15 6.362808221500000090e+35 8.260129999999999410e+38 3.369668246399999845e+00 0.000000000000000000e+00
1.713681906600000000e+15 6.233953071699999640e+35 8.210129999999999572e+38 3.369668246399999845e+00 0.000000000000000000e+00
1.699070347900000000e+15 6.106944122400000090e+35 8.160129999999999733e+38 3.369668246399999845e+00 0.000000000000000000e+00
1.684544634400000000e+15 5.981765991099999833e+35 8.110129999999999895e+38 3.369668246399999845e+00 0.000000000000000000e+00
1.670104046100000000e+15 5.858403330199999643e+35 8.060130000000000057e+38 3.369668246399999845e+00 0.000000000000000000e+00
1.655747865300000000e+15 5.736840827200000058e+35 8.010130000000000218e+38 3.369668246399999845e+00 0.000000000000000000e+00
1.641475375600000000e+15 5.617063204399999771e+35 7.960130000000000380e+38 3.369668246399999845e+00 0.000000000000000000e+00
1.627285862200000000e+15 5.499055219600000126e+35 7.910130000000000542e+38 3.369668246399999845e+00 0.000000000000000000e+00
1.613178612100000000e+15 5.382801665600000222e+35 7.860130000000000703e+38 3.369668246399999845e+00 0.000000000000000000e+00
1.599152914000000000e+15 5.268287371200000069e+35 7.810129999999999354e+38 3.369668246399999845e+00 0.000000000000000000e+00
1.585208058100000000e+15 5.155497200199999645e+35 7.760129999999999516e+38 3.369668246399999845e+00 0.000000000000000000e+00
1.571343336400000000e+15 5.044416052699999977e+35 7.710129999999999677e+38 3.369668246399999845e+00 0.000000000000000000e+00
1.557558042600000000e+15 4.935028864599999717e+35 7.660129999999999839e+38 3.369668246399999845e+00 0.000000000000000000e+00
1.543851472000000000e+15 4.827320607600000308e+35 7.610130000000000001e+38 3.369668246399999845e+00 0.000000000000000000e+00
1.530222921600000000e+15 4.721276289900000152e+35 7.560130000000000162e+38 3.369668246399999845e+00 0.000000000000000000e+00
1.516671690300000000e+15 4.616880956099999977e+35 7.510130000000000324e+38 3.369668246399999845e+00 0.000000000000000000e+00
1.503197078500000000e+15 4.514119687100000088e+35 7.460130000000000486e+38 3.369668246399999845e+00 0.000000000000000000e+00
1.489798388300000000e+15 4.412977600600000096e+35 7.410130000000000648e+38 3.369668246399999845e+00 0.000000000000000000e+00
1.476474923800000000e+15 4.313439851200000203e+35 7.360129999999999298e+38 3.369668246399999845e+00 0.000000000000000000e+00
1.463225990400000000e+15 4.215491630200000118e+35 7.310129999999999460e+38 3.369668246399999845e+00 0.000000000000000000e+00
1.450050895700000000e+15 4.119118166500000210e+35 7.260129999999999621e+38 3.369668246399999845e+00 0.000000000000000000e+00
1.436948948700000000e+15 4.024304725800000161e+35 7.210129999999999783e+38 3.369668246399999845e+00 0.000000000000000000e+00
1.423919460300000000e+15 3.931036611599999907e+35 7.160129999999999945e+38 3.369668246399999845e+00 0.000000000000000000e+00
1.410961743300000000e+15 3.839299164900000248e+35 7.110130000000000106e+38 3.369668246399999845e+00 0.000000000000000000e+00
1.398075112000000000e+15 3.749077764700000363e+35 7.060130000000000268e+38 3.369668246399999845e+00 0.000000000000000000e+00
1.385258882600000000e+15 3.660357827500000290e+35 7.010130000000000430e+38 3.369668246399999845e+00 0.000000000000000000e+00
1.372512373100000000e+15 3.573124808400000201e+35 6.960130000000000592e+38 3.369668246399999845e+00 0.000000000000000000e+00
1.359834903400000000e+15 3.487364200599999921e+35 6.910130000000000753e+38 3.369668246399999845e+00 0.000000000000000000e+00
1.347225795000000000e+15 3.403061535699999811e+35 6.860129999999999404e+38 3.369668246399999845e+00 0.000000000000000000e+00
1.334684371400000000e+15 3.320202384099999959e+35 6.810129999999999565e+38 3.369668246399999845e+00 0.000000000000000000e+00
1.322209957700000000e+15 3.238772354999999816e+35 6.760129999999999727e+38 3.369668246399999845e+00 0.000000000000000000e+00
1.309801881000000000e+15 3.158757096499999839e+35 6.710129999999999889e+38 3.369668246399999845e+00 0.000000000000000000e+00
1.297459470200000000e+15 3.080142295999999950e+35 6.660130000000000050e+38 3.369668246399999845e+00 0.000000000000000000e+00
1.285182056200000000e+15 3.002913680199999907e+35 6.610130000000000212e+38 3.369668246399999845e+00 0.000000000000000000e+00
1.272968971300000000e+15 2.927057015400000177e+35 6.560130000000000374e+38 3.369668246399999845e+00 0.000000000000000000e+00
1.260819550200000000e+15 2.852558107599999892e+35 6.510129999999999780e+38 3.369668246399999845e+00 0.000000000000000000e+00
1.248733129100000000e+15 2.779402802799999939e+35 6.460129999999999942e+38 3.369668246399999845e+00 0.000000000000000000e+00
1.236709046300000000e+15 2.707576987100000172e+35 6.410130000000000103e+38 3.369668246399999845e+00 0.000000000000000000e+00
1.224746641900000000e+15 2.637066586799999954e+35 6.360130000000000265e+38 3.369668246399999845e+00 0.000000000000000000e+00
1.212845257900000000e+15 2.567857569100000073e+35 6.310129999999999671e+38 3.369668246399999845e+00 0.000000000000000000e+00
1.201004238100000000e+15 2.499935941499999887e+35 6.260129999999999833e+38 3.369668246399999845e+00 0.000000000000000000e+00
1.189222928500000000e+15 2.433287752499999979e+35 6.210129999999999995e+38 3.369668246399999845e+00 0.000000000000000000e+00
1.177500676700000000e+15 2.367899092100000046e+35 6.160130000000000156e+38 3.369668246399999845e+00 0.000000000000000000e+00
1.165836832600000000e+15 2.303756091099999939e+35 6.110130000000000318e+38 3.369668246399999845e+00 0.000000000000000000e+00
1.154230747700000000e+15 2.240844922200000033e+35 6.060129999999999724e+38 3.369668246399999845e+00 0.000000000000000000e+00
1.142681775600000000e+15 2.179151799899999959e+35 6.010129999999999886e+38 3.369668246399999845e+00 0.000000000000000000e+00
1.131189272000000000e+15 2.118662980399999908e+35 5.960130000000000047e+38 3.369668246399999845e+00 0.000000000000000000e+00
1.119752594300000000e+15 2.059364762400000133e+35 5.910130000000000209e+38 3.369668246399999845e+00 0.000000000000000000e+00
1.108371102200000000e+15 2.001243486800000078e+35 5.860130000000000371e+38 3.369668246399999845e+00 0.000000000000000000e+00
1.097044157100000000e+15 1.944285537300000125e+35 5.810129999999999777e+38 3.369668246399999845e+00 0.000000000000000000e+00
1.085771122600000000e+15 1.888477340499999919e+35 5.760129999999999939e+38 3.369668246399999845e+00 0.000000000000000000e+00
1.074551364400000000e+15 1.833805365800000043e+35 5.710130000000000100e+38 3.369668246399999845e+00 0.000000000000000000e+00
1.063384250000000000e+15 1.780256126500000183e+35 5.660130000000000262e+38 3.369668246399999845e+00 0.000000000000000000e+00
1.052269149000000000e+15 1.727816178899999828e+35 5.610129999999999668e+38 3.369668246399999845e+00 0.000000000000000000e+00
1.041205433200000000e+15 1.676472123600000084e+35 5.560129999999999830e+38 3.369668246399999845e+00 0.000000000000000000e+00
1.030192476300000000e+15 1.626210605000000074e+35 5.510129999999999991e+38 3.369668246399999845e+00 0.000000000000000000e+00
1.019229654200000000e+15 1.577018311799999988e+35 5.460130000000000153e+38 3.369668246399999845e+00 0.000000000000000000e+00
1.008316344900000000e+15 1.528881977600000068e+35 5.410130000000000315e+38 3.369668246399999845e+00 0.000000000000000000e+00
9.974519283400000000e+14 1.481788380499999931e+35 5.360129999999999721e+38 3.369668246399999845e+00 0.000000000000000000e+00
9.866357867300000000e+14 1.435724343799999937e+35 5.310129999999999883e+38 3.369668246399999845e+00 0.000000000000000000e+00
9.758673043600000000e+14 1.390676736200000048e+35 5.260130000000000044e+38 3.369668246399999845e+00 0.000000000000000000e+00
9.651458676400000000e+14 1.346632471899999997e+35 5.210130000000000206e+38 3.369668246399999845e+00 0.000000000000000000e+00
9.544708651600000000e+14 1.303578511299999916e+35 5.160130000000000368e+38 3.369668246399999845e+00 0.000000000000000000e+00
9.438416876600000000e+14 1.261501860600000028e+35 5.110129999999999774e+38 3.369668246399999845e+00 0.000000000000000000e+00
9.332577280500000000e+14 1.220389572799999935e+35 5.060129999999999935e+38 3.369668246399999845e+00 0.000000000000000000e+00
9.227183814600000000e+14 1.180228747299999976e+35 5.010130000000000097e+38 3.369668246399999845e+00 0.000000000000000000e+00
9.122230452100000000e+14 1.141006530899999959e+35 4.960130000000000259e+38 3.369668246399999845e+00 0.000000000000000000e+00
9.017711188300000000e+14 1.102710117399999959e+35 4.910129999999999665e+38 3.369668246399999845e+00 0.000000000000000000e+00
8.913620040900000000e+14 1.065326748599999982e+35 4.860129999999999827e+38 3.369668246399999845e+00 0.000000000000000000e+00
8.809951050300000000e+14 1.028843713800000038e+35 4.810129999999999988e+38 3.369668246399999845e+00 0.000000000000000000e+00
8.706698279000000000e+14 9.932483509500000536e+34 4.760130000000000150e+38 3.369668246399999845e+00 0.000000000000000000e+00
8.603855812900000000e+14 9.585280463000000183e+34 4.710130000000000312e+38 3.369668246399999845e+00 0.000000000000000000e+00
8.501417760400000000e+14 9.246702351000000587e+34 4.660129999999999718e+38 3.369668246399999845e+00 0.000000000000000000e+00
8.399378253000000000e+14 8.916624017900000576e+34 4.610129999999999879e+38 3.369668246399999845e+00 0.000000000000000000e+00
8.297731445700000000e+14 8.594920803400000789e+34 4.560130000000000041e+38 3.369668246399999845e+00 0.000000000000000000e+00
8.196471516600000000e+14 8.281468546199999958e+34 4.510130000000000203e+38 3.369668246399999845e+00 0.000000000000000000e+00
8.095592667400000000e+14 7.976143587099999761e+34 4.460130000000000364e+38 3.369668246399999845e+00 0.000000000000000000e+00
7.995089123800000000e+14 7.678822772799999976e+34 4.410129999999999771e+38 3.369668246399999845e+00 0.000000000000000000e+00
7.894955134900000000e+14 7.389383459200000169e+34 4.360129999999999932e+38 3.369668246399999845e+00 0.000000000000000000e+00
7.795064610000000000e+14 7.124278309099999932e+34 4.310130000000000094e+38 2.351351351399999956e+00 0.000000000000000000e+00
7.695579563000000000e+14 6.931470242399999973e+34 4.260130000000000256e+38 2.351351351399999956e+00 0.000000000000000000e+00
7.596343971700000000e+14 6.741696097199999570e+34 4.210129999999999662e+38 2.351351351399999956e+00 0.000000000000000000e+00
7.497356803500000000e+14 6.554943314400000073e+34 4.160129999999999823e+38 2.351351351399999956e+00 0.000000000000000000e+00
7.398617017800000000e+14 6.371199237600000418e+34 4.110129999999999985e+38 2.351351351399999956e+00 0.000000000000000000e+00
7.300123565900000000e+14 6.190451111500000331e+34 4.060130000000000147e+38 2.351351351399999956e+00 0.000000000000000000e+00
7.201875390600000000e+14 6.012686079700000129e+34 4.010130000000000308e+38 2.351351351399999956e+00 0.000000000000000000e+00
7.103871426400000000e+14 5.837891182799999911e+34 3.960129999999999715e+38 2.351351351399999956e+00 0.000000000000000000e+00
7.006110599000000000e+14 5.666053355899999961e+34 3.910129999999999876e+38 2.351351351399999956e+00 0.000000000000000000e+00
6.908591825500000000e+14 5.497159426900000458e+34 3.860130000000000038e+38 2.351351351399999956e+00 0.000000000000000000e+00
6.811314013700000000e+14 5.331196113800000438e+34 3.810130000000000200e+38 2.351351351399999956e+00 0.000000000000000000e+00
6.714276062400000000e+14 5.168150022600000149e+34 3.760130000000000361e+38 2.351351351399999956e+00 0.000000000000000000e+00
6.617476860900000000e+14 5.008007644799999610e+34 3.710129999999999767e+38 2.351351351399999956e+00 0.000000000000000000e+00
6.520915288800000000e+14 4.850755354899999930e+34 3.660129999999999929e+38 2.351351351399999956e+00 0.000000000000000000e+00
6.424590216000000000e+14 4.696379407700000414e+34 3.610130000000000091e+38 2.351351351399999956e+00 0.000000000000000000e+00
6.328500502300000000e+14 4.544865935600000289e+34 3.560130000000000252e+38 2.351351351399999956e+00 0.000000000000000000e+00
6.232644997100000000e+14 4.396200946100000017e+34 3.510129999999999659e+38 2.351351351399999956e+00 0.000000000000000000e+00
6.137022539500000000e+14 4.250370318300000015e+34 3.460129999999999820e+38 2.351351351399999956e+00 0.000000000000000000e+00
6.041631957500000000e+14 4.107359800299999865e+34 3.410129999999999982e+38 2.351351351399999956e+00 0.000000000000000000e+00
5.946472068400000000e+14 3.967155006299999973e+34 3.360130000000000144e+38 2.351351351399999956e+00 0.000000000000000000e+00
5.851541678000000000e+14 3.829741412500000104e+34 3.310129999999999928e+38 2.351351351399999956e+00 0.000000000000000000e+00
5.756839580600000000e+14 3.695104354499999979e+34 3.260130000000000089e+38 2.351351351399999956e+00 0.000000000000000000e+00
5.662364558400000000e+14 3.563229023599999770e+34 3.210129999999999873e+38 2.351351351399999956e+00 0.000000000000000000e+00
5.568115381900000000e+14 3.434100462799999813e+34 3.160130000000000035e+38 2.351351351399999956e+00 0.000000000000000000e+00
5.474090808500000000e+14 3.307703563299999784e+34 3.110129999999999819e+38 2.351351351399999956e+00 0.000000000000000000e+00
5.380289583400000000e+14 3.184023060399999998e+34 3.060129999999999980e+38 2.351351351399999956e+00 0.000000000000000000e+00
5.286710438200000000e+14 3.063043529399999934e+34 3.010130000000000142e+38 2.351351351399999956e+00 0.000000000000000000e+00
5.193352091100000000e+14 2.944749381299999940e+34 2.960129999999999926e+38 2.351351351399999956e+00 0.000000000000000000e+00
5.100213246500000000e+14 2.829124857999999780e+34 2.910130000000000088e+38 2.351351351399999956e+00 0.000000000000000000e+00
5.007292594400000000e+14 2.716154027900000071e+34 2.860129999999999872e+38 2.351351351399999956e+00 0.000000000000000000e+00
4.914588810300000000e+14 2.605820780899999854e+34 2.810130000000000033e+38 2.351351351399999956e+00 0.000000000000000000e+00
4.822100554400000000e+14 2.498108823000000031e+34 2.760129999999999817e+38 2.351351351399999956e+00 0.000000000000000000e+00
4.729826471400000000e+14 2.393001671099999953e+34 2.710129999999999979e+38 2.351351351399999956e+00 0.000000000000000000e+00
4.637765190100000000e+14 2.290482647300000077e+34 2.660130000000000141e+38 2.351351351399999956e+00 0.000000000000000000e+00
4.545915322600000000e+14 2.190534872900000155e+34 2.610129999999999924e+38 2.351351351399999956e+00 0.000000000000000000e+00
4.454275464200000000e+14 2.093141261800000006e+34 2.560130000000000086e+38 2.351351351399999956e+00 0.000000000000000000e+00
4.362844192300000000e+14 1.998284514700000073e+34 2.510129999999999870e+38 2.351351351399999956e+00 0.000000000000000000e+00
4.271620066400000000e+14 1.905947111400000014e+34 2.460130000000000032e+38 2.351351351399999956e+00 0.000000000000000000e+00
4.180660000000000000e+14 1.820209999999999976e+34 2.410129999999999816e+38 3.041999999999999815e+00 0.000000000000000000e+00
4.089370000000000000e+14 1.711639999999999945e+34 2.360129999999999977e+38 3.044000000000000039e+00 0.000000000000000000e+00
3.998340000000000000e+14 1.607390000000000026e+34 2.310130000000000139e+38 3.045999999999999819e+00 0.000000000000000000e+00
3.907570000000000000e+14 1.507389999999999973e+34 2.260129999999999923e+38 3.048000000000000043e+00 0.000000000000000000e+00
3.817070000000000000e+14 1.411579999999999909e+34 2.210130000000000085e+38 3.048999999999999932e+00 0.000000000000000000e+00
3.726810000000000000e+14 1.319879999999999915e+34 2.160129999999999868e+38 3.051000000000000156e+00 0.000000000000000000e+00
3.636800000000000000e+14 1.232210000000000075e+34 2.110130000000000030e+38 3.052000000000000046e+00 0.000000000000000000e+00
3.547030000000000000e+14 1.148490000000000012e+34 2.060129999999999814e+38 3.052999999999999936e+00 0.000000000000000000e+00
3.457500000000000000e+14 1.068660000000000075e+34 2.010129999999999976e+38 3.053999999999999826e+00 0.000000000000000000e+00
3.368210000000000000e+14 9.926170000000000417e+33 1.960130000000000137e+38 3.055000000000000160e+00 0.000000000000000000e+00
3.279140000000000000e+14 9.202920000000000262e+33 1.910129999999999921e+38 3.055000000000000160e+00 0.000000000000000000e+00
3.190290000000000000e+14 8.516000000000000452e+33 1.860130000000000083e+38 3.055000000000000160e+00 0.000000000000000000e+00
3.101660000000000000e+14 7.864559999999999999e+33 1.810129999999999867e+38 3.053999999999999826e+00 0.000000000000000000e+00
3.013250000000000000e+14 7.247740000000000086e+33 1.760130000000000029e+38 3.052999999999999936e+00 0.000000000000000000e+00
2.925050000000000000e+14 6.664669999999999459e+33 1.710129999999999812e+38 3.051000000000000156e+00 0.000000000000000000e+00
2.837040000000000000e+14 6.114460000000000054e+33 1.660129999999999974e+38 3.048999999999999932e+00 0.000000000000000000e+00
2.749240000000000000e+14 5.596210000000000213e+33 1.610129999999999947e+38 3.045999999999999819e+00 0.000000000000000000e+00
2.661640000000000000e+14 5.108969999999999919e+33 1.560129999999999920e+38 3.041999999999999815e+00 0.000000000000000000e+00
2.574220000000000000e+14 4.651820000000000128e+33 1.510130000000000081e+38 3.036999999999999922e+00 0.000000000000000000e+00
2.487000000000000000e+14 4.223789999999999978e+33 1.460130000000000054e+38 3.031000000000000139e+00 0.000000000000000000e+00
2.399950000000000000e+14 3.823890000000000069e+33 1.410130000000000027e+38 3.023000000000000131e+00 0.000000000000000000e+00
2.313090000000000000e+14 3.451089999999999887e+33 1.360130000000000000e+38 3.013999999999999790e+00 0.000000000000000000e+00
2.226410000000000000e+14 3.104360000000000074e+33 1.310129999999999973e+38 3.003000000000000114e+00 0.000000000000000000e+00
2.139910000000000000e+14 2.782580000000000066e+33 1.260129999999999945e+38 2.991000000000000103e+00 0.000000000000000000e+00
2.053590000000000000e+14 2.484569999999999941e+33 1.210129999999999918e+38 2.975999999999999979e+00 0.000000000000000000e+00
1.967460000000000000e+14 2.208940000000000137e+33 1.160130000000000080e+38 2.958000000000000185e+00 0.000000000000000000e+00
1.881570000000000000e+14 1.953499999999999908e+33 1.110130000000000053e+38 2.938000000000000167e+00 0.000000000000000000e+00
1.795880000000000000e+14 1.718760000000000022e+33 1.060130000000000025e+38 2.912999999999999812e+00 0.000000000000000000e+00
1.710310000000000000e+14 1.505190000000000132e+33 1.010129999999999998e+38 2.883000000000000007e+00 0.000000000000000000e+00
1.624850000000000000e+14 1.311689999999999944e+33 9.601309999999999069e+37 2.849000000000000199e+00 0.000000000000000000e+00
1.539510000000000000e+14 1.137189999999999994e+33 9.101310000000000686e+37 2.809000000000000163e+00 0.000000000000000000e+00
1.454270000000000000e+14 9.805869999999999491e+32 8.601310000000000414e+37 2.763999999999999790e+00 0.000000000000000000e+00
1.373340000000000000e+14 8.748060000000000248e+32 8.126289999999999643e+37 2.802000000000000046e+00 1.685260000000000086e+29
1.368430000000000000e+14 8.679899999999999770e+32 8.097439999999999838e+37 2.806999999999999940e+00 2.068309999999999908e+29
1.363520000000000000e+14 8.610970000000000527e+32 8.068590000000000032e+37 2.810000000000000053e+00 2.337389999999999897e+29
1.358610000000000000e+14 8.541980000000000482e+32 8.039740000000000227e+37 2.814000000000000057e+00 2.565209999999999862e+29
1.353700000000000000e+14 8.473110000000000600e+32 8.010899999999999780e+37 2.818000000000000060e+00 2.771550000000000112e+29
1.348790000000000000e+14 8.404420000000000242e+32 7.982049999999999975e+37 2.821000000000000174e+00 2.964910000000000152e+29
1.343880000000000000e+14 8.335960000000000077e+32 7.953200000000000169e+37 2.565999999999999837e+00 3.149679999999999854e+29
1.338970000000000000e+14 8.267750000000000372e+32 7.924350000000000364e+37 2.563000000000000167e+00 3.328450000000000051e+29
1.334070000000000000e+14 8.199809999999999953e+32 7.895499999999999614e+37 2.559000000000000163e+00 3.502850000000000090e+29
1.329160000000000000e+14 8.132140000000000262e+32 7.866660000000000112e+37 2.556000000000000050e+00 3.673959999999999748e+29
1.324250000000000000e+14 8.064770000000000259e+32 7.837810000000000306e+37 2.552999999999999936e+00 3.842559999999999901e+29
1.319350000000000000e+14 7.997699999999999943e+32 7.808959999999999556e+37 2.548999999999999932e+00 4.009170000000000194e+29
1.314440000000000000e+14 7.930929999999999314e+32 7.780109999999999751e+37 2.545999999999999819e+00 4.174220000000000144e+29
1.309530000000000000e+14 7.864469999999999948e+32 7.751259999999999945e+37 2.541999999999999815e+00 4.337980000000000135e+29
1.304630000000000000e+14 7.798320000000000403e+32 7.722420000000000443e+37 2.539000000000000146e+00 4.500709999999999989e+29
1.299720000000000000e+14 7.732499999999999506e+32 7.693569999999999693e+37 2.535000000000000142e+00 4.662559999999999687e+29
1.294810000000000000e+14 7.667000000000000004e+32 7.664719999999999888e+37 2.532000000000000028e+00 4.823689999999999767e+29
1.289910000000000000e+14 7.601820000000000457e+32 7.635870000000000083e+37 2.528000000000000025e+00 4.984200000000000216e+29
1.285000000000000000e+14 7.536979999999999692e+32 7.607020000000000277e+37 2.524000000000000021e+00 5.144169999999999897e+29
1.280100000000000000e+14 7.472470000000000456e+32 7.578179999999999831e+37 2.520999999999999908e+00 5.303669999999999926e+29
1.275200000000000000e+14 7.408300000000000001e+32 7.549330000000000025e+37 2.516999999999999904e+00 5.462750000000000295e+29
1.270290000000000000e+14 7.344459999999999635e+32 7.520480000000000220e+37 2.513999999999999790e+00 5.621460000000000294e+29
1.265390000000000000e+14 7.280969999999999625e+32 7.491630000000000414e+37 2.509999999999999787e+00 5.779820000000000343e+29
1.260480000000000000e+14 7.217809999999999704e+32 7.462779999999999664e+37 2.507000000000000117e+00 5.937850000000000157e+29
1.255580000000000000e+14 7.155000000000000138e+32 7.433940000000000162e+37 2.503000000000000114e+00 6.095580000000000013e+29
1.250680000000000000e+14 7.092539999999999487e+32 7.405090000000000357e+37 2.499000000000000110e+00 6.253000000000000053e+29
1.245770000000000000e+14 7.030420000000000500e+32 7.376239999999999607e+37 2.495999999999999996e+00 6.410149999999999709e+29
1.240870000000000000e+14 6.968640000000000294e+32 7.347389999999999801e+37 2.491999999999999993e+00 6.567000000000000112e+29
1.235970000000000000e+14 6.907220000000000577e+32 7.318539999999999996e+37 2.487999999999999989e+00 6.723570000000000272e+29
1.231070000000000000e+14 6.851040000000000302e+32 7.289699999999999549e+37 2.483999999999999986e+00 4.203939999999999894e+29
1.226170000000000000e+14 6.790360000000000391e+32 7.260849999999999744e+37 2.479999999999999982e+00 4.284329999999999959e+29
1.221260000000000000e+14 6.740509999999999719e+32 7.231999999999999938e+37 2.475999999999999979e+00 2.241599999999999892e+29
1.211460000000000000e+14 6.621150000000000696e+32 7.174300000000000328e+37 2.467999999999999972e+00 2.292080000000000093e+29
1.167360000000000000e+14 6.101070000000000167e+32 6.914669999999999852e+37 2.432999999999999829e+00 2.518369999999999993e+29
1.133080000000000000e+14 5.715890000000000344e+32 6.712739999999999931e+37 2.404999999999999805e+00 2.691069999999999920e+29
1.113500000000000000e+14 5.503349999999999958e+32 6.597339999999999765e+37 2.387999999999999901e+00 2.787670000000000021e+29
1.108600000000000000e+14 5.451059999999999810e+32 6.568500000000000263e+37 2.383999999999999897e+00 2.811539999999999892e+29
1.103700000000000000e+14 5.399120000000000018e+32 6.539650000000000458e+37 2.379999999999999893e+00 2.835290000000000062e+29
1.089020000000000000e+14 5.245329999999999679e+32 6.453100000000000097e+37 2.366999999999999993e+00 2.905780000000000115e+29
1.074340000000000000e+14 5.094580000000000353e+32 6.366560000000000039e+37 2.354999999999999982e+00 2.975079999999999844e+29
1.054770000000000000e+14 4.898259999999999932e+32 6.251170000000000176e+37 2.337000000000000188e+00 3.065460000000000048e+29
1.049870000000000000e+14 4.850009999999999754e+32 6.222320000000000371e+37 2.333000000000000185e+00 3.087669999999999942e+29
1.044980000000000000e+14 4.815299999999999740e+32 6.193469999999999621e+37 2.326999999999999957e+00 3.419159999999999787e+29
1.040090000000000000e+14 4.767989999999999880e+32 6.164619999999999816e+37 2.322999999999999954e+00 3.418119999999999793e+29
1.035200000000000000e+14 4.720999999999999975e+32 6.135780000000000314e+37 2.318000000000000060e+00 3.416889999999999685e+29
1.030300000000000000e+14 4.674340000000000159e+32 6.106929999999999564e+37 2.314000000000000057e+00 3.415489999999999882e+29
1.025410000000000000e+14 4.627990000000000164e+32 6.078079999999999758e+37 2.309000000000000163e+00 3.413899999999999965e+29
1.020520000000000000e+14 4.581970000000000258e+32 6.049229999999999953e+37 2.305000000000000160e+00 3.412139999999999651e+29
1.015630000000000000e+14 4.536270000000000307e+32 6.020380000000000147e+37 2.299999999999999822e+00 3.410189999999999926e+29
1.010740000000000000e+14 4.490880000000000176e+32 5.991539999999999701e+37 2.294999999999999929e+00 3.408059999999999944e+29
1.005850000000000000e+14 4.445820000000000135e+32 5.962689999999999895e+37 2.290999999999999925e+00 3.405739999999999849e+29
1.000960000000000000e+14 4.401069999999999914e+32 5.933840000000000090e+37 2.286000000000000032e+00 3.403250000000000060e+29
9.960700000000000000e+13 4.356630000000000235e+32 5.904990000000000284e+37 2.282000000000000028e+00 3.400580000000000014e+29
9.911810000000000000e+13 4.312509999999999791e+32 5.876139999999999534e+37 2.277000000000000135e+00 3.397729999999999712e+29
9.862910000000000000e+13 4.268699999999999888e+32 5.847300000000000032e+37 2.271999999999999797e+00 3.394699999999999858e+29
9.814020000000000000e+13 4.225209999999999940e+32 5.818450000000000227e+37 2.267999999999999794e+00 3.391489999999999748e+29
9.765130000000000000e+13 4.182019999999999680e+32 5.789600000000000421e+37 2.262999999999999901e+00 3.388109999999999943e+29
9.716240000000000000e+13 4.139150000000000095e+32 5.760749999999999671e+37 2.258000000000000007e+00 3.384540000000000024e+29
9.667360000000000000e+13 4.096580000000000198e+32 5.731899999999999866e+37 2.253000000000000114e+00 3.380810000000000268e+29
9.618480000000000000e+13 4.054320000000000122e+32 5.703060000000000364e+37 2.249000000000000110e+00 3.376900000000000257e+29
9.569600000000000000e+13 4.012369999999999867e+32 5.674209999999999614e+37 2.244000000000000217e+00 3.372819999999999847e+29
9.520720000000000000e+13 3.970720000000000020e+32 5.645359999999999809e+37 2.238999999999999879e+00 3.368559999999999884e+29
9.471850000000000000e+13 3.929369999999999860e+32 5.616510000000000003e+37 2.233999999999999986e+00 3.364140000000000085e+29
9.422970000000000000e+13 3.888330000000000242e+32 5.587660000000000198e+37 2.229000000000000092e+00 3.359540000000000030e+29
9.374100000000000000e+13 3.847590000000000312e+32 5.558819999999999751e+37 2.225000000000000089e+00 3.354780000000000139e+29
9.325230000000000000e+13 3.807150000000000069e+32 5.529969999999999946e+37 2.220000000000000195e+00 3.349849999999999849e+29
9.276370000000000000e+13 3.767000000000000101e+32 5.501120000000000140e+37 2.214999999999999858e+00 3.344749999999999864e+29
9.227500000000000000e+13 3.727159999999999954e+32 5.472270000000000335e+37 2.209999999999999964e+00 3.339490000000000043e+29
9.178640000000000000e+13 3.687610000000000081e+32 5.443419999999999585e+37 2.205000000000000071e+00 3.334069999999999681e+29
9.129780000000000000e+13 3.648349999999999762e+32 5.414580000000000083e+37 2.200000000000000178e+00 3.328490000000000186e+29
9.080930000000000000e+13 3.609389999999999851e+32 5.385730000000000277e+37 2.194999999999999840e+00 3.322740000000000293e+29
9.032070000000000000e+13 3.570720000000000214e+32 5.356880000000000472e+37 2.189999999999999947e+00 3.316839999999999718e+29
8.983220000000000000e+13 3.532340000000000132e+32 5.328029999999999722e+37 2.185000000000000053e+00 3.310780000000000009e+29
8.934370000000000000e+13 3.497470000000000139e+32 5.299179999999999916e+37 2.180000000000000160e+00 3.961089999999999655e+29
8.885520000000000000e+13 3.459700000000000286e+32 5.270340000000000414e+37 2.174999999999999822e+00 3.940950000000000243e+29
8.836680000000000000e+13 3.422219999999999986e+32 5.241489999999999664e+37 2.169999999999999929e+00 3.920729999999999857e+29
8.787840000000000000e+13 3.385029999999999960e+32 5.212639999999999859e+37 2.164000000000000146e+00 3.900450000000000324e+29
8.739000000000000000e+13 3.348109999999999942e+32 5.183790000000000054e+37 2.158999999999999808e+00 3.880110000000000236e+29
8.690160000000000000e+13 3.311480000000000198e+32 5.154940000000000248e+37 2.153999999999999915e+00 3.859699999999999736e+29
8.641320000000000000e+13 3.275129999999999874e+32 5.126099999999999802e+37 2.149000000000000021e+00 3.839239999999999947e+29
8.592490000000000000e+13 3.239060000000000051e+32 5.097249999999999996e+37 2.144000000000000128e+00 3.818720000000000307e+29
8.543660000000000000e+13 3.203270000000000008e+32 5.068400000000000191e+37 2.138999999999999790e+00 3.798140000000000113e+29
8.494830000000000000e+13 3.167749999999999972e+32 5.039550000000000385e+37 2.133999999999999897e+00 3.777519999999999783e+29
8.446000000000000000e+13 3.132510000000000077e+32 5.010699999999999635e+37 2.129000000000000004e+00 3.756840000000000306e+29
8.397170000000000000e+13 3.097539999999999829e+32 4.981860000000000133e+37 2.123000000000000220e+00 3.736119999999999991e+29
8.348350000000000000e+13 3.062839999999999948e+32 4.953010000000000328e+37 2.117999999999999883e+00 3.715349999999999683e+29
8.299530000000000000e+13 3.028410000000000073e+32 4.924159999999999578e+37 2.112999999999999989e+00 3.694539999999999943e+29
8.250710000000000000e+13 2.994259999999999980e+32 4.895309999999999772e+37 2.108000000000000096e+00 3.673690000000000068e+29
8.201900000000000000e+13 2.960370000000000119e+32 4.866459999999999967e+37 2.101999999999999869e+00 3.652800000000000058e+29
8.153080000000000000e+13 2.926749999999999906e+32 4.837620000000000465e+37 2.096999999999999975e+00 3.631869999999999913e+29
8.104270000000000000e+13 2.893389999999999926e+32 4.808769999999999715e+37 2.092000000000000082e+00 3.610910000000000194e+29
8.055460000000000000e+13 2.860299999999999953e+32 4.779919999999999909e+37 2.087000000000000188e+00 3.589920000000000198e+29
8.006660000000000000e+13 2.827469999999999853e+32 4.751070000000000104e+37 2.080999999999999961e+00 3.568890000000000067e+29
7.957850000000000000e+13 2.794899999999999987e+32 4.722220000000000299e+37 2.076000000000000068e+00 3.547840000000000220e+29
7.909050000000000000e+13 2.762589999999999994e+32 4.693379999999999852e+37 2.071000000000000174e+00 3.526760000000000096e+29
7.860250000000000000e+13 2.730539999999999874e+32 4.664530000000000047e+37 2.064999999999999947e+00 3.505660000000000257e+29
7.811450000000000000e+13 2.698749999999999988e+32 4.635680000000000241e+37 2.060000000000000053e+00 3.484539999999999998e+29
7.762660000000000000e+13 2.667209999999999841e+32 4.606830000000000436e+37 2.055000000000000160e+00 3.463390000000000165e+29
7.713860000000000000e+13 2.635929999999999928e+32 4.577979999999999686e+37 2.048999999999999932e+00 3.442229999999999771e+29
7.665070000000000000e+13 2.604900000000000115e+32 4.549140000000000184e+37 2.044000000000000039e+00 3.421049999999999661e+29
7.616280000000000000e+13 2.574120000000000042e+32 4.520290000000000378e+37 2.039000000000000146e+00 3.399859999999999693e+29
7.567490000000000000e+13 2.543590000000000068e+32 4.491439999999999628e+37 2.032999999999999918e+00 3.378650000000000010e+29
7.518710000000000000e+13 2.513319999999999967e+32 4.462589999999999823e+37 2.028000000000000025e+00 3.357440000000000326e+29
7.469930000000000000e+13 2.483280000000000060e+32 4.433740000000000017e+37 2.021999999999999797e+00 3.336220000000000081e+29
7.421150000000000000e+13 2.453500000000000025e+32 4.404899999999999571e+37 2.016999999999999904e+00 3.314989999999999979e+29
7.372370000000000000e+13 2.423959999999999957e+32 4.376049999999999765e+37 2.012000000000000011e+00 3.293750000000000018e+29
7.323590000000000000e+13 2.394659999999999855e+32 4.347199999999999960e+37 2.005999999999999783e+00 3.272510000000000057e+29
7.274820000000000000e+13 2.365600000000000079e+32 4.318350000000000154e+37 2.000999999999999890e+00 3.251270000000000097e+29
7.226040000000000000e+13 2.336779999999999909e+32 4.289500000000000349e+37 1.995000000000000107e+00 3.230030000000000136e+29
7.177270000000000000e+13 2.308209999999999840e+32 4.260659999999999902e+37 1.989999999999999991e+00 3.208790000000000175e+29
7.128510000000000000e+13 2.279859999999999829e+32 4.231810000000000097e+37 1.983999999999999986e+00 3.187560000000000073e+29
7.079740000000000000e+13 2.251759999999999918e+32 4.202959999999999819e+37 1.979000000000000092e+00 3.166329999999999970e+29
7.030980000000000000e+13 2.223889999999999839e+32 4.174110000000000014e+37 1.973999999999999977e+00 3.145099999999999867e+29
6.982220000000000000e+13 2.196249999999999953e+32 4.145260000000000208e+37 1.967999999999999972e+00 3.123889999999999832e+29
6.933460000000000000e+13 2.168850000000000034e+32 4.116420000000000234e+37 1.963000000000000078e+00 3.102680000000000148e+29
6.884700000000000000e+13 2.141670000000000173e+32 4.087569999999999956e+37 1.957000000000000073e+00 3.081489999999999829e+29
6.835950000000000000e+13 2.114720000000000145e+32 4.058720000000000151e+37 1.951999999999999957e+00 3.060299999999999861e+29
6.787190000000000000e+13 2.087999999999999949e+32 4.029869999999999873e+37 1.945999999999999952e+00 3.039129999999999961e+29
6.738440000000000000e+13 2.061509999999999946e+32 4.001020000000000068e+37 1.941000000000000059e+00 3.017980000000000128e+29
6.689690000000000000e+13 2.035240000000000002e+32 3.972180000000000093e+37 1.935000000000000053e+00 2.996840000000000153e+29
6.640950000000000000e+13 2.009190000000000118e+32 3.943329999999999816e+37 1.929999999999999938e+00 2.975719999999999894e+29
6.592200000000000000e+13 1.983370000000000065e+32 3.914480000000000010e+37 1.925000000000000044e+00 2.954620000000000055e+29
6.543460000000000000e+13 1.957759999999999938e+32 3.885630000000000205e+37 1.919000000000000039e+00 2.933539999999999931e+29
6.494720000000000000e+13 1.932380000000000004e+32 3.856779999999999927e+37 1.913999999999999924e+00 2.912470000000000016e+29
6.445980000000000000e+13 1.907209999999999995e+32 3.827939999999999953e+37 1.907999999999999918e+00 2.891439999999999885e+29
6.397250000000000000e+13 1.882249999999999912e+32 3.799090000000000147e+37 1.903000000000000025e+00 2.870419999999999964e+29
6.348510000000000000e+13 1.857509999999999887e+32 3.770239999999999870e+37 1.897000000000000020e+00 2.849429999999999968e+29
6.299780000000000000e+13 1.832989999999999922e+32 3.741390000000000064e+37 1.891999999999999904e+00 2.828460000000000040e+29
6.251050000000000000e+13 1.808670000000000108e+32 3.712539999999999787e+37 1.887000000000000011e+00 2.807520000000000037e+29
6.202320000000000000e+13 1.784569999999999993e+32 3.683699999999999812e+37 1.881000000000000005e+00 2.786609999999999959e+29
6.153600000000000000e+13 1.760670000000000031e+32 3.654850000000000007e+37 1.875999999999999890e+00 2.765730000000000159e+29
6.104870000000000000e+13 1.736979999999999993e+32 3.626000000000000201e+37 1.870000000000000107e+00 2.744870000000000074e+29
6.056150000000000000e+13 1.713490000000000108e+32 3.597149999999999924e+37 1.864999999999999991e+00 2.724050000000000125e+29
6.007430000000000000e+13 1.690210000000000148e+32 3.568300000000000118e+37 1.860000000000000098e+00 2.703249999999999891e+29
5.958720000000000000e+13 1.667129999999999979e+32 3.539460000000000144e+37 1.854000000000000092e+00 2.682490000000000144e+29
5.910000000000000000e+13 1.644260000000000096e+32 3.510609999999999866e+37 1.848999999999999977e+00 2.661750000000000113e+29
5.861290000000000000e+13 1.621580000000000052e+32 3.481760000000000061e+37 1.844000000000000083e+00 2.641049999999999865e+29
5.812580000000000000e+13 1.599099999999999979e+32 3.452909999999999783e+37 1.838000000000000078e+00 2.620390000000000104e+29
5.763870000000000000e+13 1.576820000000000058e+32 3.424059999999999978e+37 1.832999999999999963e+00 2.599759999999999917e+29
5.715160000000000000e+13 1.554729999999999975e+32 3.395220000000000003e+37 1.828000000000000069e+00 2.579160000000000006e+29
5.666460000000000000e+13 1.532840000000000044e+32 3.366370000000000198e+37 1.822000000000000064e+00 2.558590000000000022e+29
5.617750000000000000e+13 1.511129999999999997e+32 3.337519999999999920e+37 1.816999999999999948e+00 2.538070000000000030e+29
5.569050000000000000e+13 1.489619999999999923e+32 3.308670000000000115e+37 1.812000000000000055e+00 2.517570000000000106e+29
5.520360000000000000e+13 1.468300000000000047e+32 3.279819999999999837e+37 1.806999999999999940e+00 2.497120000000000174e+29
5.471660000000000000e+13 1.447170000000000008e+32 3.250979999999999863e+37 1.802000000000000046e+00 2.476700000000000168e+29
5.422970000000000000e+13 1.426220000000000035e+32 3.222130000000000057e+37 1.796999999999999931e+00 2.456310000000000088e+29
5.374270000000000000e+13 1.405460000000000080e+32 3.193279999999999780e+37 1.790999999999999925e+00 2.435970000000000000e+29
5.325580000000000000e+13 1.384880000000000009e+32 3.164429999999999974e+37 1.786000000000000032e+00 2.415659999999999838e+29
5.276890000000000000e+13 1.364489999999999957e+32 3.135580000000000169e+37 1.780999999999999917e+00 2.395390000000000163e+29
5.228210000000000000e+13 1.344270000000000016e+32 3.106740000000000194e+37 1.776000000000000023e+00 2.375150000000000061e+29
5.179530000000000000e+13 1.324229999999999959e+32 3.077889999999999917e+37 1.770999999999999908e+00 2.354959999999999953e+29
5.130840000000000000e+13 1.304379999999999921e+32 3.049040000000000111e+37 1.766000000000000014e+00 2.334800000000000121e+29
5.082160000000000000e+13 1.284690000000000040e+32 3.020189999999999833e+37 1.760999999999999899e+00 2.314680000000000073e+29
5.033490000000000000e+13 1.265189999999999997e+32 2.991340000000000028e+37 1.756000000000000005e+00 2.294589999999999950e+29
4.984810000000000000e+13 1.245849999999999932e+32 2.962500000000000054e+37 1.750999999999999890e+00 2.274550000000000172e+29
4.936140000000000000e+13 1.226689999999999931e+32 2.933649999999999776e+37 1.747000000000000108e+00 2.254539999999999968e+29
4.887470000000000000e+13 1.207700000000000042e+32 2.904799999999999971e+37 1.741999999999999993e+00 2.234569999999999898e+29
4.838800000000000000e+13 1.188880000000000083e+32 2.875950000000000165e+37 1.737000000000000099e+00 2.214639999999999964e+29
4.790130000000000000e+13 1.170230000000000056e+32 2.847099999999999887e+37 1.731999999999999984e+00 2.194750000000000165e+29
4.741460000000000000e+13 1.151740000000000006e+32 2.818259999999999913e+37 1.727999999999999980e+00 2.174889999999999939e+29
4.692800000000000000e+13 1.133420000000000067e+32 2.789410000000000108e+37 1.723000000000000087e+00 2.155069999999999849e+29
4.644140000000000000e+13 1.115259999999999925e+32 2.760559999999999830e+37 1.717999999999999972e+00 2.135280000000000035e+29
4.595480000000000000e+13 1.097259999999999941e+32 2.731710000000000025e+37 1.713999999999999968e+00 2.115539999999999863e+29
4.546820000000000000e+13 1.079430000000000068e+32 2.702860000000000219e+37 1.709000000000000075e+00 2.095820000000000110e+29
4.498170000000000000e+13 1.061750000000000039e+32 2.674019999999999773e+37 1.705000000000000071e+00 2.076149999999999999e+29
4.449520000000000000e+13 1.044229999999999987e+32 2.645169999999999967e+37 1.699999999999999956e+00 2.056510000000000164e+29
4.400870000000000000e+13 1.026869999999999913e+32 2.616320000000000162e+37 1.695999999999999952e+00 2.036899999999999903e+29
4.352220000000000000e+13 1.009660000000000043e+32 2.587469999999999884e+37 1.691000000000000059e+00 2.017330000000000130e+29
4.303570000000000000e+13 9.926099999999999697e+31 2.558620000000000078e+37 1.687000000000000055e+00 1.997789999999999929e+29
4.254930000000000000e+13 9.757099999999999207e+31 2.529780000000000104e+37 1.683000000000000052e+00 1.978280000000000006e+29
4.206290000000000000e+13 9.589610000000000530e+31 2.500929999999999826e+37 1.679000000000000048e+00 1.958809999999999866e+29
4.157650000000000000e+13 9.423620000000000291e+31 2.472080000000000021e+37 1.675000000000000044e+00 1.939360000000000146e+29
4.109010000000000000e+13 9.259110000000000743e+31 2.443230000000000216e+37 1.669999999999999929e+00 1.919949999999999857e+29
4.060370000000000000e+13 9.096080000000000086e+31 2.414379999999999938e+37 1.665999999999999925e+00 1.900569999999999845e+29
4.011740000000000000e+13 8.934510000000000575e+31 2.385539999999999964e+37 1.663000000000000034e+00 1.881220000000000110e+29
3.963110000000000000e+13 8.774380000000000860e+31 2.356690000000000158e+37 1.659000000000000030e+00 1.861890000000000091e+29
3.914480000000000000e+13 8.615679999999999368e+31 2.327839999999999880e+37 1.655000000000000027e+00 1.842599999999999856e+29
3.865850000000000000e+13 8.458409999999999700e+31 2.298990000000000075e+37 1.651000000000000023e+00 1.823330000000000040e+29
3.817230000000000000e+13 8.302540000000000736e+31 2.270139999999999797e+37 1.647000000000000020e+00 1.804079999999999939e+29
3.768600000000000000e+13 8.148070000000000673e+31 2.241299999999999823e+37 1.643999999999999906e+00 1.784869999999999974e+29
3.719980000000000000e+13 7.994979999999999966e+31 2.212450000000000018e+37 1.639999999999999902e+00 1.765669999999999866e+29
3.671370000000000000e+13 7.843259999999999741e+31 2.183600000000000212e+37 1.637000000000000011e+00 1.746500000000000036e+29
3.622750000000000000e+13 7.692900000000000225e+31 2.154749999999999934e+37 1.633000000000000007e+00 1.727349999999999921e+29
3.574140000000000000e+13 7.543889999999999844e+31 2.125899999999999893e+37 1.629999999999999893e+00 1.708219999999999874e+29
3.525520000000000000e+13 7.396209999999999950e+31 2.097059999999999918e+37 1.627000000000000002e+00 1.689109999999999895e+29
3.476920000000000000e+13 7.249849999999999870e+31 2.068210000000000113e+37 1.622999999999999998e+00 1.670019999999999983e+29
3.428310000000000000e+13 7.104809999999999604e+31 2.039360000000000071e+37 1.620000000000000107e+00 1.650939999999999928e+29
3.379700000000000000e+13 6.961069999999999605e+31 2.010510000000000030e+37 1.616999999999999993e+00 1.631879999999999942e+29
3.331100000000000000e+13 6.818610000000000326e+31 1.981659999999999988e+37 1.614000000000000101e+00 1.612840000000000023e+29
3.282500000000000000e+13 6.677429999999999966e+31 1.952820000000000014e+37 1.610999999999999988e+00 1.593809999999999962e+29
3.233900000000000000e+13 6.537530000000000326e+31 1.923969999999999972e+37 1.608999999999999986e+00 1.574789999999999934e+29
3.185310000000000000e+13 6.398869999999999611e+31 1.895119999999999931e+37 1.606000000000000094e+00 1.555779999999999941e+29
3.136710000000000000e+13 6.261470000000000069e+31 1.866269999999999889e+37 1.602999999999999980e+00 1.536769999999999947e+29
3.088120000000000000e+13 6.125299999999999678e+31 1.837420000000000084e+37 1.600999999999999979e+00 1.517780000000000021e+29
3.039530000000000000e+13 5.990360000000000240e+31 1.808580000000000110e+37 1.598999999999999977e+00 1.498789999999999919e+29
2.990950000000000000e+13 5.856640000000000179e+31 1.779730000000000068e+37 1.596000000000000085e+00 1.479810000000000027e+29
2.942360000000000000e+13 5.724129999999999723e+31 1.750880000000000026e+37 1.594000000000000083e+00 1.460819999999999925e+29
2.893780000000000000e+13 5.592810000000000224e+31 1.722029999999999985e+37 1.592000000000000082e+00 1.441840000000000032e+29
2.845200000000000000e+13 5.462689999999999656e+31 1.693179999999999943e+37 1.590000000000000080e+00 1.422859999999999964e+29
2.796630000000000000e+13 5.333750000000000272e+31 1.664339999999999969e+37 1.588000000000000078e+00 1.403870000000000038e+29
2.748050000000000000e+13 5.205990000000000272e+31 1.635489999999999927e+37 1.586000000000000076e+00 1.384879999999999936e+29
2.699480000000000000e+13 5.079390000000000108e+31 1.606639999999999886e+37 1.584000000000000075e+00 1.365879999999999976e+29
2.650910000000000000e+13 4.953949999999999781e+31 1.577790000000000080e+37 1.582999999999999963e+00 1.346869999999999983e+29
2.602350000000000000e+13 4.829670000000000190e+31 1.548940000000000039e+37 1.580999999999999961e+00 1.327849999999999955e+29
2.553780000000000000e+13 4.706529999999999989e+31 1.520100000000000064e+37 1.580000000000000071e+00 1.308820000000000070e+29
2.505220000000000000e+13 4.584539999999999851e+31 1.491250000000000023e+37 1.578999999999999959e+00 1.289779999999999975e+29
2.456660000000000000e+13 4.463680000000000228e+31 1.462399999999999981e+37 1.578000000000000069e+00 1.270709999999999955e+29
2.408110000000000000e+13 4.343959999999999995e+31 1.433549999999999940e+37 1.576999999999999957e+00 1.251630000000000077e+29
2.359550000000000000e+13 4.225359999999999604e+31 1.404699999999999898e+37 1.576000000000000068e+00 1.232519999999999921e+29
2.311000000000000000e+13 4.107879999999999956e+31 1.375859999999999924e+37 1.574999999999999956e+00 1.213390000000000050e+29
2.262450000000000000e+13 3.991520000000000149e+31 1.347009999999999882e+37 1.574000000000000066e+00 1.194239999999999935e+29
2.213910000000000000e+13 3.876280000000000185e+31 1.318160000000000077e+37 1.574000000000000066e+00 1.175050000000000037e+29
2.165360000000000000e+13 3.762160000000000063e+31 1.289310000000000035e+37 1.574000000000000066e+00 1.155830000000000038e+29
2.116830000000000000e+13 3.649139999999999786e+31 1.260459999999999994e+37 1.572999999999999954e+00 1.136579999999999938e+29
2.068290000000000000e+13 3.537239999999999801e+31 1.231620000000000019e+37 1.572999999999999954e+00 1.117290000000000054e+29
2.019750000000000000e+13 3.426460000000000109e+31 1.202769999999999978e+37 1.572999999999999954e+00 1.097960000000000035e+29
1.971220000000000000e+13 3.316779999999999811e+31 1.173919999999999936e+37 1.572999999999999954e+00 1.078580000000000023e+29
1.922690000000000000e+13 3.208230000000000029e+31 1.145069999999999895e+37 1.574000000000000066e+00 1.059160000000000052e+29
1.874170000000000000e+13 3.100789999999999866e+31 1.116220000000000089e+37 1.574000000000000066e+00 1.039689999999999912e+29
1.825650000000000000e+13 2.994469999999999995e+31 1.087380000000000115e+37 1.574999999999999956e+00 1.020159999999999922e+29
1.777130000000000000e+13 2.889280000000000190e+31 1.058529999999999955e+37 1.576000000000000068e+00 1.000579999999999938e+29
1.728610000000000000e+13 2.785220000000000000e+31 1.029680000000000032e+37 1.576999999999999957e+00 9.809409999999999135e+28
1.680100000000000000e+13 2.682300000000000101e+31 1.000829999999999990e+37 1.578000000000000069e+00 9.612349999999999618e+28
1.631590000000000000e+13 2.580529999999999813e+31 9.719840000000000463e+36 1.578999999999999959e+00 9.414609999999999211e+28
1.583080000000000000e+13 2.479919999999999813e+31 9.431359999999999946e+36 1.580000000000000071e+00 9.216150000000000242e+28
1.534580000000000000e+13 2.380479999999999873e+31 9.142879999999999429e+36 1.582000000000000073e+00 9.016929999999999762e+28
1.486080000000000000e+13 2.282209999999999993e+31 8.854400000000000092e+36 1.584000000000000075e+00 8.816890000000000383e+28
1.437580000000000000e+13 2.185150000000000167e+31 8.565919999999999574e+36 1.586000000000000076e+00 8.615989999999999155e+28
1.389090000000000000e+13 2.089299999999999946e+31 8.277440000000000238e+36 1.588000000000000078e+00 8.414180000000000307e+28
1.340600000000000000e+13 1.994670000000000003e+31 7.988959999999999720e+36 1.590000000000000080e+00 8.211399999999999414e+28
1.292120000000000000e+13 1.901300000000000108e+31 7.700480000000000384e+36 1.592999999999999972e+00 8.007600000000000706e+28
1.243640000000000000e+13 1.809210000000000032e+31 7.411999999999999866e+36 1.594999999999999973e+00 7.802709999999999900e+28
1.195160000000000000e+13 1.718409999999999999e+31 7.123520000000000530e+36 1.598000000000000087e+00 7.596669999999999607e+28
1.146690000000000000e+13 1.628940000000000005e+31 6.835040000000000012e+36 1.600999999999999979e+00 7.389390000000000229e+28
1.098220000000000000e+13 1.540840000000000042e+31 6.546559999999999495e+36 1.604999999999999982e+00 7.180809999999999978e+28
1.049750000000000000e+13 1.454120000000000109e+31 6.258080000000000158e+36 1.608000000000000096e+00 6.970840000000000134e+28
1.001290000000000000e+13 1.368849999999999973e+31 5.969599999999999641e+36 1.612000000000000099e+00 6.759380000000000360e+28
9.528370000000000000e+12 1.285050000000000079e+31 5.681120000000000304e+36 1.614999999999999991e+00 6.546319999999999580e+28
9.043850000000000000e+12 1.202779999999999970e+31 5.392639999999999787e+36 1.618999999999999995e+00 6.331550000000000237e+28
8.559390000000000000e+12 1.122080000000000089e+31 5.104159999999999860e+36 1.622999999999999998e+00 6.114929999999999923e+28
8.074970000000000000e+12 1.043029999999999976e+31 4.815679999999999933e+36 1.627999999999999892e+00 5.896309999999999892e+28
7.590610000000000000e+12 9.656819999999999610e+30 4.527200000000000006e+36 1.631999999999999895e+00 5.675519999999999920e+28
7.106300000000000000e+12 8.901150000000000324e+30 4.238720000000000079e+36 1.635999999999999899e+00 5.452360000000000212e+28
6.622040000000000000e+12 8.164129999999999535e+30 3.950240000000000152e+36 1.641000000000000014e+00 5.226579999999999923e+28
6.137840000000000000e+12 7.446700000000000487e+30 3.661760000000000225e+36 1.645000000000000018e+00 4.997910000000000253e+28
5.653700000000000000e+12 6.749929999999999652e+30 3.373279999999999707e+36 1.649000000000000021e+00 4.765990000000000162e+28
5.169630000000000000e+12 6.075020000000000238e+30 3.084799999999999780e+36 1.651999999999999913e+00 4.530420000000000058e+28
4.685630000000000000e+12 5.423359999999999797e+30 2.796319999999999853e+36 1.655000000000000027e+00 4.290639999999999984e+28
4.201690000000000000e+12 4.796549999999999794e+30 2.507839999999999926e+36 1.655999999999999917e+00 4.045960000000000073e+28
3.717840000000000000e+12 4.196429999999999968e+30 2.219359999999999999e+36 1.655999999999999917e+00 3.795460000000000209e+28
3.234060000000000000e+12 3.625160000000000014e+30 1.930880000000000072e+36 1.651999999999999913e+00 3.537830000000000101e+28
2.750380000000000000e+12 3.085230000000000146e+30 1.642400000000000145e+36 1.643999999999999906e+00 3.271199999999999943e+28
2.266800000000000000e+12 2.579579999999999947e+30 1.353919999999999923e+36 1.627999999999999892e+00 2.992600000000000171e+28
4.299000000000000000e+11 7.805000000000000069e+29 2.572000000000000181e+35 1.330000000000000071e+00 1.506450000000000062e+28
4.188000000000000000e+11 7.537999999999999717e+29 2.505999999999999897e+35 1.330000000000000071e+00 1.455129999999999927e+28
3.325000000000000000e+11 5.815999999999999745e+29 1.990000000000000163e+35 1.330000000000000071e+00 1.165809999999999924e+28
2.640000000000000000e+11 4.472999999999999815e+29 1.581000000000000083e+35 1.330000000000000071e+00 9.297799999999999813e+27
2.096000000000000000e+11 3.289999999999999843e+29 1.256000000000000028e+35 1.330000000000000071e+00 6.841069999999999801e+27
1.844000000000000000e+11 2.892000000000000018e+29 1.105000000000000000e+35 1.330000000000000071e+00 6.221810000000000396e+27
1.664000000000000000e+11 2.597000000000000095e+29 9.975999999999999784e+34 1.330000000000000071e+00 3.996079999999999920e+27
1.322000000000000000e+11 2.033000000000000102e+29 7.923999999999999875e+34 1.330000000000000071e+00 3.293160000000000158e+27
1.049000000000000000e+11 1.494999999999999961e+29 6.294000000000000085e+34 1.330000000000000071e+00 2.422460000000000012e+27
8.332000000000000000e+10 1.100000000000000064e+29 4.999999999999999843e+34 1.330000000000000071e+00 1.782300000000000002e+27
6.617000000000000000e+10 8.088999999999999432e+28 3.971999999999999897e+34 1.330000000000000071e+00 1.311289999999999924e+27
5.254000000000000000e+10 5.949000000000000344e+28 3.155000000000000010e+34 1.330000000000000071e+00 9.646129999999999985e+26
4.172000000000000000e+10 4.628000000000000126e+28 2.505999999999999897e+34 1.330000000000000071e+00 7.875200000000000595e+26
3.313000000000000000e+10 3.403999999999999866e+28 1.989999999999999932e+34 1.330000000000000071e+00 5.791050000000000196e+26
2.631000000000000000e+10 2.502999999999999803e+28 1.580999999999999991e+34 1.330000000000000071e+00 4.261170000000000143e+26
2.090000000000000000e+10 1.938000000000000082e+28 1.255999999999999936e+34 1.330000000000000071e+00 3.451690000000000088e+26
1.659000000000000000e+10 1.425000000000000067e+28 9.976000000000000246e+33 1.330000000000000071e+00 2.538950000000000110e+26
1.318000000000000000e+10 1.048000000000000007e+28 7.924000000000000337e+33 1.330000000000000071e+00 1.867689999999999969e+26
1.046000000000000000e+10 7.701999999999999683e+27 6.294000000000000085e+33 1.330000000000000071e+00 1.373879999999999975e+26
8.312000000000000000e+09 5.662000000000000348e+27 4.999999999999999728e+33 1.330000000000000071e+00 1.010819999999999921e+26
6.601000000000000000e+09 4.362000000000000029e+27 3.972000000000000127e+33 1.330000000000000071e+00 8.130089999999999436e+25
4.164000000000000000e+09 2.356000000000000079e+27 2.505999999999999955e+33 1.330000000000000071e+00 4.399369999999999874e+25
2.626000000000000000e+09 1.272000000000000034e+27 1.580999999999999991e+33 1.330000000000000071e+00 2.380450000000000180e+25
1.657000000000000000e+09 6.859999999999999767e+26 9.975999999999999957e+32 1.330000000000000071e+00 1.288319999999999913e+25
1.316000000000000000e+09 5.036000000000000296e+26 7.924000000000000337e+32 1.330000000000000071e+00 9.477099999999999527e+24
1.045000000000000000e+09 4.128999999999999924e+26 6.293999999999999941e+32 1.330000000000000071e+00 6.794269999999999770e+24
8.301000000000000000e+08 3.039000000000000162e+26 4.999999999999999728e+32 1.330000000000000071e+00 4.998809999999999830e+24
5.237000000000000000e+08 1.628999999999999891e+26 3.154999999999999923e+32 1.330000000000000071e+00 2.705450000000000161e+24
3.304000000000000000e+08 8.737999999999999925e+25 1.990000000000000076e+32 1.330000000000000071e+00 1.463449999999999964e+24
2.624000000000000000e+08 6.675999999999999817e+25 1.580999999999999919e+32 1.330000000000000071e+00 1.123400000000000065e+24
1.315000000000000000e+08 2.603999999999999941e+25 7.923999999999999616e+31 1.330000000000000071e+00 4.472499999999999827e+23
6.589000000000000000e+07 1.006000000000000014e+25 3.972000000000000199e+31 1.330000000000000071e+00 1.780890000000000165e+23
3.302000000000000000e+07 3.832999999999999839e+24 1.989999999999999986e+31 1.330000000000000071e+00 7.086450000000000092e+22
1.655000000000000000e+07 1.435000000000000086e+24 9.975999999999999642e+30 1.330000000000000071e+00 2.822060000000000131e+22
8.293000000000000000e+06 5.250000000000000315e+23 4.999999999999999818e+30 1.330000000000000071e+00 1.123529999999999934e+22
6.588000000000000000e+06 3.910999999999999759e+23 3.972000000000000087e+30 1.330000000000000071e+00 8.163429999999999541e+21
2.622000000000000000e+06 9.754999999999999214e+22 1.581000000000000009e+30 1.330000000000000071e+00 2.390210000000000197e+21
1.044000000000000000e+06 2.318000000000000105e+22 6.293999999999999902e+29 1.330000000000000071e+00 6.999960000000000000e+20
4.156000000000000000e+05 5.265999999999999476e+21 2.505999999999999907e+29 1.330000000000000071e+00 2.050380000000000000e+20
1.654000000000000000e+05 1.151000000000000000e+21 9.976000000000000768e+28 1.330000000000000071e+00 6.004390000000000000e+19
6.587000000000000000e+04 2.431000000000000000e+20 3.972000000000000263e+28 1.330000000000000071e+00 1.758760000000000000e+19
2.622000000000000000e+04 4.968000000000000000e+19 1.581000000000000061e+28 1.330000000000000071e+00 5.149550000000000000e+18
1.044000000000000000e+04 9.744000000000000000e+18 6.294999999999999717e+27 1.330000000000000071e+00 1.508420000000000000e+18
