1.027373379900000000e+16 8.329254039399999719e+36 1.999960000000000026e+39 1.000000000000000000e+00 0.000000000000000000e+00
1.022242831600000000e+16 8.283079104800000389e+36 1.994959999999999891e+39 1.000000000000000000e+00 0.000000000000000000e+00
1.017125125900000000e+16 8.237019754200000539e+36 1.989960000000000058e+39 1.000000000000000000e+00 0.000000000000000000e+00
1.012020263000000000e+16 8.191075987799999472e+36 1.984959999999999923e+39 1.000000000000000000e+00 0.000000000000000000e+00
1.006928242700000000e+16 8.145247805499999897e+36 1.979960000000000091e+39 1.000000000000000000e+00 0.000000000000000000e+00
1.001849065200000000e+16 8.099535207299999454e+36 1.974959999999999956e+39 1.000000000000000000e+00 0.000000000000000000e+00
9.967827302800000000e+15 8.053938193300000155e+36 1.969960000000000123e+39 1.000000000000000000e+00 0.000000000000000000e+00
9.917292380700000000e+15 8.008456763399999988e+36 1.964959999999999988e+39 1.000000000000000000e+00 0.000000000000000000e+00
9.866885885300000000e+15 7.963090917600000133e+36 1.959959999999999853e+39 1.000000000000000000e+00 0.000000000000000000e+00
9.816607816800000000e+15 7.917840655900000589e+36 1.954960000000000020e+39 1.000000000000000000e+00 0.000000000000000000e+00
9.766458175100000000e+15 7.872705978399999829e+36 1.949959999999999885e+39 1.000000000000000000e+00 0.000000000000000000e+00
9.716436960300000000e+15 7.827686885000000562e+36 1.944960000000000053e+39 1.000000000000000000e+00 0.000000000000000000e+00
9.666544172200000000e+15 7.782783375700000426e+36 1.939959999999999918e+39 1.000000000000000000e+00 0.000000000000000000e+00
9.616779810900000000e+15 7.737995450600000254e+36 1.934960000000000085e+39 1.000000000000000000e+00 0.000000000000000000e+00
9.567143876500000000e+15 7.693323109600000394e+36 1.929959999999999950e+39 1.000000000000000000e+00 0.000000000000000000e+00
9.517636368800000000e+15 7.648766352699999665e+36 1.924960000000000117e+39 1.000000000000000000e+00 0.000000000000000000e+00
9.468257288000000000e+15 7.604325179900000429e+36 1.919959999999999982e+39 1.000000000000000000e+00 0.000000000000000000e+00
9.419006633900000000e+15 7.559999591299999976e+36 1.914960000000000150e+39 1.000000000000000000e+00 0.000000000000000000e+00
9.369884406700000000e+15 7.515789586799999835e+36 1.909960000000000015e+39 1.000000000000000000e+00 0.000000000000000000e+00
9.320890606300000000e+15 7.471695166400000006e+36 1.904959999999999880e+39 1.000000000000000000e+00 0.000000000000000000e+00
9.272025232700000000e+15 7.427716330200000141e+36 1.899960000000000047e+39 1.000000000000000000e+00 0.000000000000000000e+00
9.223288285900000000e+15 7.383853078100000588e+36 1.894959999999999912e+39 1.000000000000000000e+00 0.000000000000000000e+00
9.174679765900000000e+15 7.340105410100000166e+36 1.889960000000000079e+39 1.000000000000000000e+00 0.000000000000000000e+00
9.126199672800000000e+15 7.296473326200000056e+36 1.884959999999999944e+39 1.000000000000000000e+00 0.000000000000000000e+00
9.077848006400000000e+15 7.252956826499999911e+36 1.879960000000000112e+39 1.000000000000000000e+00 0.000000000000000000e+00
9.029624766800000000e+15 7.209555910900000077e+36 1.874959999999999977e+39 1.000000000000000000e+00 0.000000000000000000e+00
8.981529954100000000e+15 7.166270579500000207e+36 1.869960000000000144e+39 1.000000000000000000e+00 0.000000000000000000e+00
8.933563568200000000e+15 7.123100832099999816e+36 1.864960000000000009e+39 1.000000000000000000e+00 0.000000000000000000e+00
8.885725609000000000e+15 7.080046668900000570e+36 1.859959999999999874e+39 1.000000000000000000e+00 0.000000000000000000e+00
8.838016076700000000e+15 7.037108089800000456e+36 1.854960000000000041e+39 1.000000000000000000e+00 0.000000000000000000e+00
8.790434971200000000e+15 6.994285094900000305e+36 1.849959999999999906e+39 1.000000000000000000e+00 0.000000000000000000e+00
8.742982292500000000e+15 6.951577683999999634e+36 1.844960000000000074e+39 1.000000000000000000e+00 0.000000000000000000e+00
8.695658040600000000e+15 6.908985857300000107e+36 1.839959999999999939e+39 1.000000000000000000e+00 0.000000000000000000e+00
8.648462215600000000e+15 6.866509614800000544e+36 1.834960000000000106e+39 1.000000000000000000e+00 0.000000000000000000e+00
8.601394817300000000e+15 6.824148956300000461e+36 1.829959999999999971e+39 1.000000000000000000e+00 0.000000000000000000e+00
8.554455845800000000e+15 6.781903882000000342e+36 1.824960000000000138e+39 1.000000000000000000e+00 0.000000000000000000e+00
8.507645301200000000e+15 6.739774391800000534e+36 1.819960000000000003e+39 1.000000000000000000e+00 0.000000000000000000e+00
8.460963183300000000e+15 6.697760485799999510e+36 1.814959999999999868e+39 1.000000000000000000e+00 0.000000000000000000e+00
8.414409492300000000e+15 6.655862163800000326e+36 1.809960000000000036e+39 1.000000000000000000e+00 0.000000000000000000e+00
8.367984228100000000e+15 6.614079425999999926e+36 1.804959999999999901e+39 1.000000000000000000e+00 0.000000000000000000e+00
8.321687390700000000e+15 6.572412272399999490e+36 1.799960000000000068e+39 1.000000000000000000e+00 0.000000000000000000e+00
8.275518980100000000e+15 6.530860702799999713e+36 1.794959999999999933e+39 1.000000000000000000e+00 0.000000000000000000e+00
8.229478996300000000e+15 6.489424717399999901e+36 1.789960000000000100e+39 1.000000000000000000e+00 0.000000000000000000e+00
8.183567439300000000e+15 6.448104316100000401e+36 1.784959999999999965e+39 1.000000000000000000e+00 0.000000000000000000e+00
8.137784309100000000e+15 6.406899498999999684e+36 1.779960000000000133e+39 1.000000000000000000e+00 0.000000000000000000e+00
8.092129605800000000e+15 6.365810265899999627e+36 1.774959999999999998e+39 1.000000000000000000e+00 0.000000000000000000e+00
8.046603329200000000e+15 6.324836617100000366e+36 1.769959999999999863e+39 1.000000000000000000e+00 0.000000000000000000e+00
8.001205479500000000e+15 6.283978552300000585e+36 1.764960000000000030e+39 1.000000000000000000e+00 0.000000000000000000e+00
7.955936056500000000e+15 6.243236071599999935e+36 1.759959999999999895e+39 1.000000000000000000e+00 0.000000000000000000e+00
7.910795060400000000e+15 6.202609175100000430e+36 1.754960000000000063e+39 1.000000000000000000e+00 0.000000000000000000e+00
7.865782491100000000e+15 6.162097862700000056e+36 1.749959999999999928e+39 1.000000000000000000e+00 0.000000000000000000e+00
7.820898348600000000e+15 6.121702134499999646e+36 1.744960000000000095e+39 1.000000000000000000e+00 0.000000000000000000e+00
7.776142632900000000e+15 6.081421990399999548e+36 1.739959999999999960e+39 1.000000000000000000e+00 0.000000000000000000e+00
7.731515344000000000e+15 6.041257430399999762e+36 1.734960000000000127e+39 1.000000000000000000e+00 0.000000000000000000e+00
7.687016481900000000e+15 6.001208454500000288e+36 1.729959999999999992e+39 1.000000000000000000e+00 0.000000000000000000e+00
7.642646046600000000e+15 5.961275062699999945e+36 1.724959999999999857e+39 1.000000000000000000e+00 0.000000000000000000e+00
7.598404038200000000e+15 5.921457255099999566e+36 1.719960000000000025e+39 1.000000000000000000e+00 0.000000000000000000e+00
7.554290456500000000e+15 5.881755031599999499e+36 1.714959999999999890e+39 1.000000000000000000e+00 0.000000000000000000e+00
7.510305301700000000e+15 5.842168392300000577e+36 1.709960000000000057e+39 1.000000000000000000e+00 0.000000000000000000e+00
7.466448573700000000e+15 5.802697337099999606e+36 1.704959999999999922e+39 1.000000000000000000e+00 0.000000000000000000e+00
7.422720272400000000e+15 5.763341866000000127e+36 1.699960000000000089e+39 1.000000000000000000e+00 0.000000000000000000e+00
7.379120398000000000e+15 5.724101978999999779e+36 1.694959999999999954e+39 1.000000000000000000e+00 0.000000000000000000e+00
7.335648950400000000e+15 5.684977676200000576e+36 1.689960000000000122e+39 1.000000000000000000e+00 0.000000000000000000e+00
7.292305929600000000e+15 5.645968957399999672e+36 1.684959999999999987e+39 1.000000000000000000e+00 0.000000000000000000e+00
7.249091335700000000e+15 5.607075822899999564e+36 1.679959999999999852e+39 1.000000000000000000e+00 0.000000000000000000e+00
7.206005168500000000e+15 5.568298272400000116e+36 1.674960000000000019e+39 1.000000000000000000e+00 0.000000000000000000e+00
7.163047428100000000e+15 5.529636306099999452e+36 1.669959999999999884e+39 1.000000000000000000e+00 0.000000000000000000e+00
7.120218114600000000e+15 5.491089923900000280e+36 1.664960000000000051e+39 1.000000000000000000e+00 0.000000000000000000e+00
7.077517227800000000e+15 5.452659125800000240e+36 1.659959999999999916e+39 1.000000000000000000e+00 0.000000000000000000e+00
7.034944767900000000e+15 5.414343911900000163e+36 1.654960000000000084e+39 1.000000000000000000e+00 0.000000000000000000e+00
6.992500734800000000e+15 5.376144281999999566e+36 1.649959999999999949e+39 1.000000000000000000e+00 0.000000000000000000e+00
6.950185128400000000e+15 5.338060236399999765e+36 1.644960000000000116e+39 1.000000000000000000e+00 0.000000000000000000e+00
6.907997948900000000e+15 5.300091774800000034e+36 1.639959999999999981e+39 1.000000000000000000e+00 0.000000000000000000e+00
6.865939196200000000e+15 5.262238897400000267e+36 1.634960000000000148e+39 1.000000000000000000e+00 0.000000000000000000e+00
6.824008870300000000e+15 5.224501604100000222e+36 1.629960000000000013e+39 1.000000000000000000e+00 0.000000000000000000e+00
6.782206971300000000e+15 5.186879894899999898e+36 1.624959999999999878e+39 1.000000000000000000e+00 0.000000000000000000e+00
6.740533499000000000e+15 5.149373769900000129e+36 1.619960000000000046e+39 1.000000000000000000e+00 0.000000000000000000e+00
6.698988453500000000e+15 5.111983228899999839e+36 1.614959999999999911e+39 1.000000000000000000e+00 0.000000000000000000e+00
6.657571834900000000e+15 5.074708272199999755e+36 1.609960000000000078e+39 1.000000000000000000e+00 0.000000000000000000e+00
6.616283643000000000e+15 5.037548899499999741e+36 1.604959999999999943e+39 1.000000000000000000e+00 0.000000000000000000e+00
6.575123878000000000e+15 5.000505111000000281e+36 1.599960000000000110e+39 1.000000000000000000e+00 0.000000000000000000e+00
6.534092539800000000e+15 4.963576906599999952e+36 1.594959999999999975e+39 1.000000000000000000e+00 0.000000000000000000e+00
6.493189628400000000e+15 4.926764286299999936e+36 1.589960000000000143e+39 1.000000000000000000e+00 0.000000000000000000e+00
6.452415143800000000e+15 4.890067250199999883e+36 1.584960000000000008e+39 1.000000000000000000e+00 0.000000000000000000e+00
6.411769086000000000e+15 4.853485798200000142e+36 1.579959999999999873e+39 1.000000000000000000e+00 0.000000000000000000e+00
6.371251455000000000e+15 4.817019930300000123e+36 1.574960000000000040e+39 1.000000000000000000e+00 0.000000000000000000e+00
6.330862250800000000e+15 4.780669646499999826e+36 1.569959999999999905e+39 1.000000000000000000e+00 0.000000000000000000e+00
6.290601473500000000e+15 4.744434946900000083e+36 1.564960000000000072e+39 1.000000000000000000e+00 0.000000000000000000e+00
6.250469122900000000e+15 4.708315831400000061e+36 1.559959999999999938e+39 1.000000000000000000e+00 0.000000000000000000e+00
6.210465199200000000e+15 4.672312299999999761e+36 1.554960000000000105e+39 1.000000000000000000e+00 0.000000000000000000e+00
6.170589702200000000e+15 4.636424352800000016e+36 1.549959999999999970e+39 1.000000000000000000e+00 0.000000000000000000e+00
6.130842632100000000e+15 4.600651989699999992e+36 1.544960000000000137e+39 1.000000000000000000e+00 0.000000000000000000e+00
6.091223988800000000e+15 4.564995210700000280e+36 1.539960000000000002e+39 1.000000000000000000e+00 0.000000000000000000e+00
6.051733772300000000e+15 4.529454015800000290e+36 1.534959999999999867e+39 1.000000000000000000e+00 0.000000000000000000e+00
6.012371982600000000e+15 4.494028405100000263e+36 1.529960000000000035e+39 1.000000000000000000e+00 0.000000000000000000e+00
5.973138619700000000e+15 4.458718378499999959e+36 1.524959999999999900e+39 1.000000000000000000e+00 0.000000000000000000e+00
5.934033683600000000e+15 4.423523935999999966e+36 1.519960000000000067e+39 1.000000000000000000e+00 0.000000000000000000e+00
5.895057174300000000e+15 4.388445077699999937e+36 1.514959999999999932e+39 1.000000000000000000e+00 0.000000000000000000e+00
5.856209091900000000e+15 4.353481803500000220e+36 1.509960000000000099e+39 1.000000000000000000e+00 0.000000000000000000e+00
5.817489436200000000e+15 4.318634113400000225e+36 1.504959999999999964e+39 1.000000000000000000e+00 0.000000000000000000e+00
5.778898207400000000e+15 4.283902007399999952e+36 1.499960000000000132e+39 1.000000000000000000e+00 0.000000000000000000e+00
5.740435405400000000e+15 4.249285485600000233e+36 1.494959999999999997e+39 1.000000000000000000e+00 0.000000000000000000e+00
5.702101030100000000e+15 4.214784547900000235e+36 1.489959999999999862e+39 1.000000000000000000e+00 0.000000000000000000e+00
5.663895081700000000e+15 4.180399194299999959e+36 1.484960000000000029e+39 1.000000000000000000e+00 0.000000000000000000e+00
5.625817560100000000e+15 4.146129424900000237e+36 1.479959999999999894e+39 1.000000000000000000e+00 0.000000000000000000e+00
5.587868465300000000e+15 4.111975239600000237e+36 1.474960000000000061e+39 1.000000000000000000e+00 0.000000000000000000e+00
5.550047797300000000e+15 4.077936638399999959e+36 1.469959999999999926e+39 1.000000000000000000e+00 0.000000000000000000e+00
5.512355556200000000e+15 4.044013621299999993e+36 1.464960000000000094e+39 1.000000000000000000e+00 0.000000000000000000e+00
5.474791741800000000e+15 4.010206188399999990e+36 1.459959999999999959e+39 1.000000000000000000e+00 0.000000000000000000e+00
5.437356354200000000e+15 3.976514339599999709e+36 1.454960000000000126e+39 1.000000000000000000e+00 0.000000000000000000e+00
5.400049393500000000e+15 3.942938074899999741e+36 1.449959999999999991e+39 1.000000000000000000e+00 0.000000000000000000e+00
5.362870859600000000e+15 3.909477394399999736e+36 1.444959999999999856e+39 1.000000000000000000e+00 0.000000000000000000e+00
5.325820752400000000e+15 3.876132298000000043e+36 1.439960000000000023e+39 1.000000000000000000e+00 0.000000000000000000e+00
5.288899072100000000e+15 3.842902785700000072e+36 1.434959999999999888e+39 1.000000000000000000e+00 0.000000000000000000e+00
5.252105818600000000e+15 3.809788857499999822e+36 1.429960000000000056e+39 1.000000000000000000e+00 0.000000000000000000e+00
5.215440991900000000e+15 3.776790513500000127e+36 1.424959999999999921e+39 1.000000000000000000e+00 0.000000000000000000e+00
5.178904592000000000e+15 3.743907753600000153e+36 1.419960000000000088e+39 1.000000000000000000e+00 0.000000000000000000e+00
5.142496618900000000e+15 3.711140577799999901e+36 1.414959999999999953e+39 1.000000000000000000e+00 0.000000000000000000e+00
5.106217072700000000e+15 3.678488986200000203e+36 1.409960000000000120e+39 1.000000000000000000e+00 0.000000000000000000e+00
5.070065953200000000e+15 3.645952978700000227e+36 1.404959999999999985e+39 1.000000000000000000e+00 0.000000000000000000e+00
5.034043260600000000e+15 3.613532555299999973e+36 1.399959999999999850e+39 1.000000000000000000e+00 0.000000000000000000e+00
4.998148994700000000e+15 3.581227716000000030e+36 1.394960000000000018e+39 1.000000000000000000e+00 0.000000000000000000e+00
4.962383155700000000e+15 3.549038460900000052e+36 1.389959999999999883e+39 1.000000000000000000e+00 0.000000000000000000e+00
4.926745743500000000e+15 3.516964789899999795e+36 1.384960000000000050e+39 1.000000000000000000e+00 0.000000000000000000e+00
4.891236758100000000e+15 3.485006702999999850e+36 1.379959999999999915e+39 1.000000000000000000e+00 0.000000000000000000e+00
4.855856199500000000e+15 3.453164200299999869e+36 1.374960000000000082e+39 1.000000000000000000e+00 0.000000000000000000e+00
4.820604067700000000e+15 3.421437281700000200e+36 1.369959999999999947e+39 1.000000000000000000e+00 0.000000000000000000e+00
4.785480362700000000e+15 3.389825947200000252e+36 1.364960000000000115e+39 1.000000000000000000e+00 0.000000000000000000e+00
4.750485084500000000e+15 3.358330196800000027e+36 1.359959999999999980e+39 1.000000000000000000e+00 0.000000000000000000e+00
4.715618233100000000e+15 3.326950030599999765e+36 1.354959999999999996e+39 1.000000000000000000e+00 0.000000000000000000e+00
4.680879808600000000e+15 3.295685448499999815e+36 1.349960000000000012e+39 1.000000000000000000e+00 0.000000000000000000e+00
4.646269810800000000e+15 3.264536450500000177e+36 1.344960000000000028e+39 1.000000000000000000e+00 0.000000000000000000e+00
4.611788239900000000e+15 3.233503036699999913e+36 1.339960000000000044e+39 1.000000000000000000e+00 0.000000000000000000e+00
4.577435095800000000e+15 3.202585206999999961e+36 1.334960000000000061e+39 1.000000000000000000e+00 0.000000000000000000e+00
4.543210378400000000e+15 3.171782961399999730e+36 1.329959999999999926e+39 1.000000000000000000e+00 0.000000000000000000e+00
4.509114087900000000e+15 3.141096299899999812e+36 1.324959999999999942e+39 1.000000000000000000e+00 0.000000000000000000e+00
4.475146224200000000e+15 3.110525222599999857e+36 1.319959999999999958e+39 1.000000000000000000e+00 0.000000000000000000e+00
4.441306787300000000e+15 3.080069729400000214e+36 1.314959999999999974e+39 1.000000000000000000e+00 0.000000000000000000e+00
4.407595777300000000e+15 3.049729820300000293e+36 1.309959999999999990e+39 1.000000000000000000e+00 0.000000000000000000e+00
4.374013194000000000e+15 3.019505495399999746e+36 1.304960000000000007e+39 1.000000000000000000e+00 0.000000000000000000e+00
4.340559037500000000e+15 2.989396754499999859e+36 1.299960000000000023e+39 1.000000000000000000e+00 0.000000000000000000e+00
4.307233307900000000e+15 2.959403597900000177e+36 1.294960000000000039e+39 1.000000000000000000e+00 0.000000000000000000e+00
4.274036005000000000e+15 2.929526025299999976e+36 1.289960000000000055e+39 1.000000000000000000e+00 0.000000000000000000e+00
4.240967129000000000e+15 2.899764036899999738e+36 1.284960000000000071e+39 1.000000000000000000e+00 0.000000000000000000e+00
4.208026679800000000e+15 2.870117632599999812e+36 1.279959999999999936e+39 1.000000000000000000e+00 0.000000000000000000e+00
4.175214657400000000e+15 2.840586812400000198e+36 1.274959999999999952e+39 1.000000000000000000e+00 0.000000000000000000e+00
4.142531061800000000e+15 2.811171576399999958e+36 1.269959999999999969e+39 1.000000000000000000e+00 0.000000000000000000e+00
4.109975893000000000e+15 2.781871924399999787e+36 1.264959999999999985e+39 1.000000000000000000e+00 0.000000000000000000e+00
4.077549151000000000e+15 2.752687856699999823e+36 1.259960000000000001e+39 1.000000000000000000e+00 0.000000000000000000e+00
4.045250835800000000e+15 2.723619372999999928e+36 1.254960000000000017e+39 1.000000000000000000e+00 0.000000000000000000e+00
4.013080947500000000e+15 2.694666473499999997e+36 1.249960000000000033e+39 1.000000000000000000e+00 0.000000000000000000e+00
3.981039485900000000e+15 2.665829158099999788e+36 1.244960000000000049e+39 1.000000000000000000e+00 0.000000000000000000e+00
3.949126451100000000e+15 2.637107426799999891e+36 1.239960000000000066e+39 1.000000000000000000e+00 0.000000000000000000e+00
3.917341843200000000e+15 2.608501279699999958e+36 1.234959999999999931e+39 1.000000000000000000e+00 0.000000000000000000e+00
3.885685662100000000e+15 2.580010716600000094e+36 1.229959999999999947e+39 1.000000000000000000e+00 0.000000000000000000e+00
3.854157907800000000e+15 2.551635737800000142e+36 1.224959999999999963e+39 1.000000000000000000e+00 0.000000000000000000e+00
3.822758580300000000e+15 2.523376342999999964e+36 1.219959999999999979e+39 1.000000000000000000e+00 0.000000000000000000e+00
3.791487679600000000e+15 2.495232532400000045e+36 1.214959999999999995e+39 1.000000000000000000e+00 0.000000000000000000e+00
3.760345205700000000e+15 2.467204305900000143e+36 1.209960000000000012e+39 1.000000000000000000e+00 0.000000000000000000e+00
3.729331158600000000e+15 2.439291663499999963e+36 1.204960000000000028e+39 1.000000000000000000e+00 0.000000000000000000e+00
3.698445538300000000e+15 2.411494605200000094e+36 1.199960000000000044e+39 1.000000000000000000e+00 0.000000000000000000e+00
3.667688344900000000e+15 2.383813131099999895e+36 1.194960000000000060e+39 1.000000000000000000e+00 0.000000000000000000e+00
3.637059578200000000e+15 2.356247241100000007e+36 1.189959999999999925e+39 1.000000000000000000e+00 0.000000000000000000e+00
3.606559238400000000e+15 2.328796935300000083e+36 1.184959999999999941e+39 1.000000000000000000e+00 0.000000000000000000e+00
3.576187325300000000e+15 2.301462213599999881e+36 1.179959999999999957e+39 1.000000000000000000e+00 0.000000000000000000e+00
3.545943839100000000e+15 2.274243075999999991e+36 1.174959999999999974e+39 1.000000000000000000e+00 0.000000000000000000e+00
3.515828779700000000e+15 2.247139522500000118e+36 1.169959999999999990e+39 1.000000000000000000e+00 0.000000000000000000e+00
3.485842147100000000e+15 2.220151553099999966e+36 1.164960000000000006e+39 1.000000000000000000e+00 0.000000000000000000e+00
3.455983941300000000e+15 2.193279167900000074e+36 1.159960000000000022e+39 1.000000000000000000e+00 0.000000000000000000e+00
3.426254162300000000e+15 2.166522366799999903e+36 1.154960000000000038e+39 1.000000000000000000e+00 0.000000000000000000e+00
3.396652810100000000e+15 2.139881149899999991e+36 1.149960000000000054e+39 1.000000000000000000e+00 0.000000000000000000e+00
3.367179884800000000e+15 2.113355516999999854e+36 1.144960000000000071e+39 1.000000000000000000e+00 0.000000000000000000e+00
3.337835386200000000e+15 2.086945468299999976e+36 1.139959999999999936e+39 1.000000000000000000e+00 0.000000000000000000e+00
3.308619314500000000e+15 2.060651003800000062e+36 1.134959999999999952e+39 1.000000000000000000e+00 0.000000000000000000e+00
3.279531669500000000e+15 2.034472123299999922e+36 1.129959999999999968e+39 1.000000000000000000e+00 0.000000000000000000e+00
3.250572451400000000e+15 2.008408827000000042e+36 1.124959999999999984e+39 1.000000000000000000e+00 0.000000000000000000e+00
3.221741660100000000e+15 1.982461114799999883e+36 1.119960000000000000e+39 1.000000000000000000e+00 0.000000000000000000e+00
3.193039295600000000e+15 1.956628986799999983e+36 1.114960000000000016e+39 1.000000000000000000e+00 0.000000000000000000e+00
3.164465357900000000e+15 1.930912442799999858e+36 1.109960000000000033e+39 1.000000000000000000e+00 0.000000000000000000e+00
3.136019847000000000e+15 1.905311482999999992e+36 1.104960000000000049e+39 1.000000000000000000e+00 0.000000000000000000e+00
3.107702762900000000e+15 1.879826107400000089e+36 1.099960000000000065e+39 1.000000000000000000e+00 0.000000000000000000e+00
3.079514105600000000e+15 1.854456315799999962e+36 1.094959999999999930e+39 1.000000000000000000e+00 0.000000000000000000e+00
3.051453875200000000e+15 1.829202108400000093e+36 1.089959999999999946e+39 1.000000000000000000e+00 0.000000000000000000e+00
3.023522071500000000e+15 1.804063485099999946e+36 1.084959999999999962e+39 1.000000000000000000e+00 0.000000000000000000e+00
2.995718694700000000e+15 1.779040446000000058e+36 1.079959999999999979e+39 1.000000000000000000e+00 0.000000000000000000e+00
2.968043744600000000e+15 1.754132990899999945e+36 1.074959999999999995e+39 1.000000000000000000e+00 0.000000000000000000e+00
2.940497221400000000e+15 1.729341120000000091e+36 1.069960000000000011e+39 1.000000000000000000e+00 0.000000000000000000e+00
2.913079125000000000e+15 1.704664833299999905e+36 1.064960000000000027e+39 1.000000000000000000e+00 0.000000000000000000e+00
2.885789455400000000e+15 1.680104130600000085e+36 1.059960000000000043e+39 1.000000000000000000e+00 0.000000000000000000e+00
2.858628212600000000e+15 1.655659012099999933e+36 1.054960000000000059e+39 1.000000000000000000e+00 0.000000000000000000e+00
2.831595396600000000e+15 1.631329477700000093e+36 1.049960000000000076e+39 1.000000000000000000e+00 0.000000000000000000e+00
2.804691007400000000e+15 1.607115527499999922e+36 1.044959999999999941e+39 1.000000000000000000e+00 0.000000000000000000e+00
2.777915045100000000e+15 1.583017161300000116e+36 1.039959999999999957e+39 1.000000000000000000e+00 0.000000000000000000e+00
2.751267509500000000e+15 1.559034379299999978e+36 1.034959999999999973e+39 1.000000000000000000e+00 0.000000000000000000e+00
2.724748400800000000e+15 1.535167181399999858e+36 1.029959999999999989e+39 1.000000000000000000e+00 0.000000000000000000e+00
2.698357718800000000e+15 1.511415567699999996e+36 1.024960000000000005e+39 1.000000000000000000e+00 0.000000000000000000e+00
2.672095463700000000e+15 1.487779538099999856e+36 1.019960000000000021e+39 1.000000000000000000e+00 0.000000000000000000e+00
2.645961635400000000e+15 1.464259092600000028e+36 1.014960000000000038e+39 1.000000000000000000e+00 0.000000000000000000e+00
2.619956233900000000e+15 1.440854231199999922e+36 1.009960000000000054e+39 1.000000000000000000e+00 0.000000000000000000e+00
2.594079259200000000e+15 1.417564954000000075e+36 1.004960000000000070e+39 1.000000000000000000e+00 0.000000000000000000e+00
2.568305027000000000e+15 1.394368145100000116e+36 9.999549999999999533e+38 1.000000000000000000e+00 0.000000000000000000e+00
2.542685034300000000e+15 1.371310151700000063e+36 9.949549999999999695e+38 1.000000000000000000e+00 0.000000000000000000e+00
2.517193468500000000e+15 1.348367742400000027e+36 9.899549999999999856e+38 1.000000000000000000e+00 0.000000000000000000e+00
2.491830329500000000e+15 1.325540917299999955e+36 9.849550000000000018e+38 1.000000000000000000e+00 0.000000000000000000e+00
2.466595617200000000e+15 1.302829676300000048e+36 9.799550000000000180e+38 1.000000000000000000e+00 0.000000000000000000e+00
2.441489331800000000e+15 1.280234019400000009e+36 9.749550000000000341e+38 1.000000000000000000e+00 0.000000000000000000e+00
2.416511473200000000e+15 1.257753946699999935e+36 9.699550000000000503e+38 1.000000000000000000e+00 0.000000000000000000e+00
2.391662041400000000e+15 1.235389457999999930e+36 9.649550000000000665e+38 1.000000000000000000e+00 0.000000000000000000e+00
2.366941036400000000e+15 1.213140553599999984e+36 9.599549999999999315e+38 1.000000000000000000e+00 0.000000000000000000e+00
2.342348458200000000e+15 1.191007233199999960e+36 9.549549999999999477e+38 1.000000000000000000e+00 0.000000000000000000e+00
2.317884306900000000e+15 1.168989497000000048e+36 9.499549999999999639e+38 1.000000000000000000e+00 0.000000000000000000e+00
2.293548582300000000e+15 1.147087344900000005e+36 9.449549999999999800e+38 1.000000000000000000e+00 0.000000000000000000e+00
2.269341284600000000e+15 1.125300776899999978e+36 9.399549999999999962e+38 1.000000000000000000e+00 0.000000000000000000e+00
2.245262413600000000e+15 1.103629792999999969e+36 9.349550000000000124e+38 1.000000000000000000e+00 0.000000000000000000e+00
2.221311969500000000e+15 1.082074393300000071e+36 9.299550000000000285e+38 1.000000000000000000e+00 0.000000000000000000e+00
2.197489952200000000e+15 1.060634577700000042e+36 9.249550000000000447e+38 1.000000000000000000e+00 0.000000000000000000e+00
2.173796361700000000e+15 1.039310346299999977e+36 9.199550000000000609e+38 1.000000000000000000e+00 0.000000000000000000e+00
2.150231198000000000e+15 1.018101698899999982e+36 9.149549999999999259e+38 1.000000000000000000e+00 0.000000000000000000e+00
2.126794461100000000e+15 9.970086357299999641e+35 9.099549999999999421e+38 1.000000000000000000e+00 0.000000000000000000e+00
2.103486151000000000e+15 9.760311566500000571e+35 9.049549999999999583e+38 1.000000000000000000e+00 0.000000000000000000e+00
2.080306267700000000e+15 9.551692617099999392e+35 8.999549999999999744e+38 1.000000000000000000e+00 0.000000000000000000e+00
2.057254811200000000e+15 9.344229508899999456e+35 8.949549999999999906e+38 1.000000000000000000e+00 0.000000000000000000e+00
2.034331781600000000e+15 9.137922241999999825e+35 8.899550000000000068e+38 1.000000000000000000e+00 0.000000000000000000e+00
2.011537178700000000e+15 8.932770816400000498e+35 8.849550000000000230e+38 1.000000000000000000e+00 0.000000000000000000e+00
1.988871002700000000e+15 8.728775232100000000e+35 8.799550000000000391e+38 1.000000000000000000e+00 0.000000000000000000e+00
1.966333253500000000e+15 8.525935488999999270e+35 8.749550000000000553e+38 1.000000000000000000e+00 0.000000000000000000e+00
1.943923931100000000e+15 8.324251587299999381e+35 8.699550000000000715e+38 1.000000000000000000e+00 0.000000000000000000e+00
1.921643035500000000e+15 8.123723526800000736e+35 8.649549999999999365e+38 1.000000000000000000e+00 0.000000000000000000e+00
1.899490566700000000e+15 7.924351307599999443e+35 8.599549999999999527e+38 1.000000000000000000e+00 0.000000000000000000e+00
1.877466524700000000e+15 7.726134929699999931e+35 8.549549999999999688e+38 1.000000000000000000e+00 0.000000000000000000e+00
1.855570909500000000e+15 7.529074393100000724e+35 8.499549999999999850e+38 1.000000000000000000e+00 0.000000000000000000e+00
1.833803721100000000e+15 7.333169697800000346e+35 8.449550000000000012e+38 1.000000000000000000e+00 0.000000000000000000e+00
1.812164959600000000e+15 7.138420843800000272e+35 8.399550000000000174e+38 1.000000000000000000e+00 0.000000000000000000e+00
1.790654624800000000e+15 6.944827830999999966e+35 8.349550000000000335e+38 1.000000000000000000e+00 0.000000000000000000e+00
1.769272716900000000e+15 6.752390659499999964e+35 8.299550000000000497e+38 1.000000000000000000e+00 0.000000000000000000e+00
1.748019235700000000e+15 6.561109329400000066e+35 8.249550000000000659e+38 1.000000000000000000e+00 0.000000000000000000e+00
1.726894181400000000e+15 6.370983840499999936e+35 8.199549999999999309e+38 3.415458937199999934e+00 0.000000000000000000e+00
1.712091961500000000e+15 6.239269040100000110e+35 8.149549999999999471e+38 3.415458937199999934e+00 0.000000000000000000e+00
1.697378869500000000e+15 6.109491803499999850e+35 8.099549999999999632e+38 3.415458937199999934e+00 0.000000000000000000e+00
1.682754132400000000e+15 5.981635325800000267e+35 8.049549999999999794e+38 3.415458937199999934e+00 0.000000000000000000e+00
1.668216979200000000e+15 5.855682845200000221e+35 7.999549999999999956e+38 3.415458937199999934e+00 0.000000000000000000e+00
1.653766640800000000e+15 5.731617643200000360e+35 7.949550000000000118e+38 3.415458937199999934e+00 0.000000000000000000e+00
1.639402350100000000e+15 5.609423044399999818e+35 7.899550000000000279e+38 3.415458937199999934e+00 0.000000000000000000e+00
1.625123342200000000e+15 5.489082417299999790e+35 7.849550000000000441e+38 3.415458937199999934e+00 0.000000000000000000e+00
1.610928853800000000e+15 5.370579173700000297e+35 7.799550000000000603e+38 3.415458937199999934e+00 0.000000000000000000e+00
1.596818124100000000e+15 5.253896769500000063e+35 7.749549999999999253e+38 3.415458937199999934e+00 0.000000000000000000e+00
1.582790394000000000e+15 5.139018704499999870e+35 7.699549999999999415e+38 3.415458937199999934e+00 0.000000000000000000e+00
1.568844906500000000e+15 5.025928522800000273e+35 7.649549999999999576e+38 3.415458937199999934e+00 0.000000000000000000e+00
1.554980906800000000e+15 4.914609812499999995e+35 7.599549999999999738e+38 3.415458937199999934e+00 0.000000000000000000e+00
1.541197641800000000e+15 4.805046206699999823e+35 7.549549999999999900e+38 3.415458937199999934e+00 0.000000000000000000e+00
1.527494360800000000e+15 4.697221382699999785e+35 7.499550000000000062e+38 3.415458937199999934e+00 0.000000000000000000e+00
1.513870314900000000e+15 4.591119063000000094e+35 7.449550000000000223e+38 3.415458937199999934e+00 0.000000000000000000e+00
1.500324757600000000e+15 4.486723014899999741e+35 7.399550000000000385e+38 3.415458937199999934e+00 0.000000000000000000e+00
1.486856944200000000e+15 4.384017050999999918e+35 7.349550000000000547e+38 3.415458937199999934e+00 0.000000000000000000e+00
1.473466132000000000e+15 4.282985029300000127e+35 7.299550000000000708e+38 3.415458937199999934e+00 0.000000000000000000e+00
1.460151580800000000e+15 4.183610853399999996e+35 7.249549999999999359e+38 3.415458937199999934e+00 0.000000000000000000e+00
1.446912552200000000e+15 4.085878472500000014e+35 7.199549999999999521e+38 3.415458937199999934e+00 0.000000000000000000e+00
1.433748309900000000e+15 3.989771881799999992e+35 7.149549999999999682e+38 3.415458937199999934e+00 0.000000000000000000e+00
1.420658119900000000e+15 3.895275122499999803e+35 7.099549999999999844e+38 3.415458937199999934e+00 0.000000000000000000e+00
1.407641250100000000e+15 3.802372282500000191e+35 7.049550000000000006e+38 3.415458937199999934e+00 0.000000000000000000e+00
1.394696970800000000e+15 3.711047495699999747e+35 6.999550000000000167e+38 3.415458937199999934e+00 0.000000000000000000e+00
1.381824554300000000e+15 3.621284942899999746e+35 6.949550000000000329e+38 3.415458937199999934e+00 0.000000000000000000e+00
1.369023275000000000e+15 3.533068851799999721e+35 6.899550000000000491e+38 3.415458937199999934e+00 0.000000000000000000e+00
1.356292409500000000e+15 3.446383497100000212e+35 6.849550000000000652e+38 3.415458937199999934e+00 0.000000000000000000e+00
1.343631236800000000e+15 3.361213200899999753e+35 6.799550000000000058e+38 3.415458937199999934e+00 0.000000000000000000e+00
1.331039037700000000e+15 3.277542332700000037e+35 6.749550000000000220e+38 3.415458937199999934e+00 0.000000000000000000e+00
1.318515095600000000e+15 3.195355309599999979e+35 6.699549999999999626e+38 3.415458937199999934e+00 0.000000000000000000e+00
1.306058695700000000e+15 3.114636596700000083e+35 6.649549999999999788e+38 3.415458937199999934e+00 0.000000000000000000e+00
1.293669125600000000e+15 3.035370707099999854e+35 6.599549999999999950e+38 3.415458937199999934e+00 0.000000000000000000e+00
1.281345675300000000e+15 2.957542202299999955e+35 6.549550000000000111e+38 3.415458937199999934e+00 0.000000000000000000e+00
1.269087636700000000e+15 2.881135692399999957e+35 6.499550000000000273e+38 3.415458937199999934e+00 0.000000000000000000e+00
1.256894304200000000e+15 2.806135835899999847e+35 6.449549999999999679e+38 3.415458937199999934e+00 0.000000000000000000e+00
1.244764974300000000e+15 2.732527340499999902e+35 6.399549999999999841e+38 3.415458937199999934e+00 0.000000000000000000e+00
1.232698945800000000e+15 2.660294963200000119e+35 6.349550000000000002e+38 3.415458937199999934e+00 0.000000000000000000e+00
1.220695519900000000e+15 2.589423510200000046e+35 6.299550000000000164e+38 3.415458937199999934e+00 0.000000000000000000e+00
1.208753999800000000e+15 2.519897837200000026e+35 6.249550000000000326e+38 3.415458937199999934e+00 0.000000000000000000e+00
1.196873691300000000e+15 2.451702850100000164e+35 6.199549999999999732e+38 3.415458937199999934e+00 0.000000000000000000e+00
1.185053902300000000e+15 2.384823504699999821e+35 6.149549999999999894e+38 3.415458937199999934e+00 0.000000000000000000e+00
1.173293943100000000e+15 2.319244807100000130e+35 6.099550000000000055e+38 3.415458937199999934e+00 0.000000000000000000e+00
1.161593126300000000e+15 2.254951813899999912e+35 6.049550000000000217e+38 3.415458937199999934e+00 0.000000000000000000e+00
1.149950766800000000e+15 2.191929632800000002e+35 5.999549999999999623e+38 3.415458937199999934e+00 0.000000000000000000e+00
1.138366182000000000e+15 2.130163422300000164e+35 5.949549999999999785e+38 3.415458937199999934e+00 0.000000000000000000e+00
1.126838691500000000e+15 2.069638392300000100e+35 5.899549999999999946e+38 3.415458937199999934e+00 0.000000000000000000e+00
1.115367617400000000e+15 2.010339804099999821e+35 5.849550000000000108e+38 3.415458937199999934e+00 0.000000000000000000e+00
1.103952283900000000e+15 1.952252970900000121e+35 5.799550000000000270e+38 3.415458937199999934e+00 0.000000000000000000e+00
1.092592018000000000e+15 1.895363258100000130e+35 5.749549999999999676e+38 3.415458937199999934e+00 0.000000000000000000e+00
1.081286148900000000e+15 1.839656083299999896e+35 5.699549999999999838e+38 3.415458937199999934e+00 0.000000000000000000e+00
1.070034008100000000e+15 1.785116916699999953e+35 5.649549999999999999e+38 3.415458937199999934e+00 0.000000000000000000e+00
1.058834929700000000e+15 1.731731281299999816e+35 5.599550000000000161e+38 3.415458937199999934e+00 0.000000000000000000e+00
1.047688250300000000e+15 1.679484753300000127e+35 5.549550000000000323e+38 3.415458937199999934e+00 0.000000000000000000e+00
1.036593308800000000e+15 1.628362962300000042e+35 5.499549999999999729e+38 3.415458937199999934e+00 0.000000000000000000e+00
1.025549446700000000e+15 1.578351591599999953e+35 5.449549999999999890e+38 3.415458937199999934e+00 0.000000000000000000e+00
1.014556007800000000e+15 1.529436378599999942e+35 5.399550000000000052e+38 3.415458937199999934e+00 0.000000000000000000e+00
1.003612338500000000e+15 1.481603114699999991e+35 5.349550000000000214e+38 3.415458937199999934e+00 0.000000000000000000e+00
9.927177878200000000e+14 1.434837646000000045e+35 5.299550000000000376e+38 3.415458937199999934e+00 0.000000000000000000e+00
9.818717071700000000e+14 1.389125873400000004e+35 5.249549999999999782e+38 3.415458937199999934e+00 0.000000000000000000e+00
9.710734505300000000e+14 1.344453753199999992e+35 5.199549999999999943e+38 3.415458937199999934e+00 0.000000000000000000e+00
9.603223744200000000e+14 1.300807296800000037e+35 5.149550000000000105e+38 3.415458937199999934e+00 0.000000000000000000e+00
9.496178379500000000e+14 1.258172571699999913e+35 5.099550000000000267e+38 3.415458937199999934e+00 0.000000000000000000e+00
9.389592027900000000e+14 1.216535701199999923e+35 5.049549999999999673e+38 3.415458937199999934e+00 0.000000000000000000e+00
9.283458332200000000e+14 1.175882865200000038e+35 4.999549999999999834e+38 3.415458937199999934e+00 0.000000000000000000e+00
9.177770961200000000e+14 1.136200300300000060e+35 4.949549999999999996e+38 3.415458937199999934e+00 0.000000000000000000e+00
9.072523610000000000e+14 1.097474300099999948e+35 4.899550000000000158e+38 3.415458937199999934e+00 0.000000000000000000e+00
8.967710000000000000e+14 1.059691215800000091e+35 4.849550000000000320e+38 3.415458937199999934e+00 0.000000000000000000e+00
8.863323879400000000e+14 1.022837456100000028e+35 4.799549999999999726e+38 3.415458937199999934e+00 0.000000000000000000e+00
8.759359022900000000e+14 9.868994879399999235e+34 4.749549999999999887e+38 3.415458937199999934e+00 0.000000000000000000e+00
8.655809232200000000e+14 9.518638366899999963e+34 4.699550000000000049e+38 3.415458937199999934e+00 0.000000000000000000e+00
8.552668336000000000e+14 9.177170865000000068e+34 4.649550000000000211e+38 3.415458937199999934e+00 0.000000000000000000e+00
8.449930190100000000e+14 8.844458806999999289e+34 4.599550000000000372e+38 3.415458937199999934e+00 0.000000000000000000e+00
8.347588678100000000e+14 8.520369221599999676e+34 4.549549999999999779e+38 3.415458937199999934e+00 0.000000000000000000e+00
8.245637710600000000e+14 8.204769736799999616e+34 4.499549999999999940e+38 3.415458937199999934e+00 0.000000000000000000e+00
8.144071226400000000e+14 7.897528583700000054e+34 4.449550000000000102e+38 3.415458937199999934e+00 0.000000000000000000e+00
8.042883192000000000e+14 7.598514600100000048e+34 4.399550000000000264e+38 3.415458937199999934e+00 0.000000000000000000e+00
7.942067602100000000e+14 7.307597234899999943e+34 4.349549999999999670e+38 3.415458937199999934e+00 0.000000000000000000e+00
7.841701311800000000e+14 7.071300911799999653e+34 4.299549999999999831e+38 2.020408163299999948e+00 0.000000000000000000e+00
7.741479522200000000e+14 6.906142310099999769e+34 4.249549999999999993e+38 2.020408163299999948e+00 0.000000000000000000e+00
7.641472360600000000e+14 6.742954780900000407e+34 4.199550000000000155e+38 2.020408163299999948e+00 0.000000000000000000e+00
7.541679774900000000e+14 6.581737848100000017e+34 4.149550000000000316e+38 2.020408163299999948e+00 0.000000000000000000e+00
7.442101712900000000e+14 6.422491029999999970e+34 4.099549999999999723e+38 2.020408163299999948e+00 0.000000000000000000e+00
7.342738121400000000e+14 6.265213839200000146e+34 4.049549999999999884e+38 2.020408163299999948e+00 0.000000000000000000e+00
7.243588946800000000e+14 6.109905782599999856e+34 3.999550000000000046e+38 2.020408163299999948e+00 0.000000000000000000e+00
7.144654134600000000e+14 5.956566360999999565e+34 3.949550000000000208e+38 2.020408163299999948e+00 0.000000000000000000e+00
7.045933629800000000e+14 5.805195068900000372e+34 3.899550000000000369e+38 2.020408163299999948e+00 0.000000000000000000e+00
6.947427376800000000e+14 5.655791394600000119e+34 3.849549999999999775e+38 2.020408163299999948e+00 0.000000000000000000e+00
6.849135319100000000e+14 5.508354820199999849e+34 3.799549999999999937e+38 2.020408163299999948e+00 0.000000000000000000e+00
6.751057399500000000e+14 5.362884820600000274e+34 3.749550000000000099e+38 2.020408163299999948e+00 0.000000000000000000e+00
6.653193560200000000e+14 5.219380864399999973e+34 3.699550000000000260e+38 2.020408163299999948e+00 0.000000000000000000e+00
6.555543742600000000e+14 5.077842412999999961e+34 3.649549999999999667e+38 2.020408163299999948e+00 0.000000000000000000e+00
6.458107887100000000e+14 4.938268920600000000e+34 3.599549999999999828e+38 2.020408163299999948e+00 0.000000000000000000e+00
6.360885933600000000e+14 4.800659833999999923e+34 3.549549999999999990e+38 2.020408163299999948e+00 0.000000000000000000e+00
6.263877821100000000e+14 4.665014592599999634e+34 3.499550000000000152e+38 2.020408163299999948e+00 0.000000000000000000e+00
6.167083487500000000e+14 4.531332627900000109e+34 3.449550000000000313e+38 2.020408163299999948e+00 0.000000000000000000e+00
6.070502870200000000e+14 4.399613363200000308e+34 3.399550000000000097e+38 2.020408163299999948e+00 0.000000000000000000e+00
5.974135905400000000e+14 4.269856214000000062e+34 3.349549999999999881e+38 2.020408163299999948e+00 0.000000000000000000e+00
5.877982528700000000e+14 4.142060586800000175e+34 3.299550000000000043e+38 2.020408163299999948e+00 0.000000000000000000e+00
5.782042674300000000e+14 4.016225879800000094e+34 3.249549999999999827e+38 2.020408163299999948e+00 0.000000000000000000e+00
5.686316275800000000e+14 3.892351481800000117e+34 3.199549999999999988e+38 2.020408163299999948e+00 0.000000000000000000e+00
5.590803265600000000e+14 3.770436772699999930e+34 3.149550000000000150e+38 2.020408163299999948e+00 0.000000000000000000e+00
5.495503575200000000e+14 3.650481122599999946e+34 3.099549999999999934e+38 2.020408163299999948e+00 0.000000000000000000e+00
5.400417134900000000e+14 3.532483891799999924e+34 3.049550000000000096e+38 2.020408163299999948e+00 0.000000000000000000e+00
5.305543873900000000e+14 3.416444430299999971e+34 2.999549999999999880e+38 2.020408163299999948e+00 0.000000000000000000e+00
5.210883720400000000e+14 3.302362077699999819e+34 2.949550000000000041e+38 2.020408163299999948e+00 0.000000000000000000e+00
5.116436601200000000e+14 3.190236162800000088e+34 2.899549999999999825e+38 2.020408163299999948e+00 0.000000000000000000e+00
5.022202441900000000e+14 3.080066002900000000e+34 2.849549999999999987e+38 2.020408163299999948e+00 0.000000000000000000e+00
4.928181167100000000e+14 2.971850903899999943e+34 2.799550000000000148e+38 2.020408163299999948e+00 0.000000000000000000e+00
4.834372699700000000e+14 2.865590159499999850e+34 2.749549999999999932e+38 2.020408163299999948e+00 0.000000000000000000e+00
4.740776961700000000e+14 2.761283051099999858e+34 2.699550000000000094e+38 2.020408163299999948e+00 0.000000000000000000e+00
4.647393873200000000e+14 2.658928847000000066e+34 2.649549999999999878e+38 2.020408163299999948e+00 0.000000000000000000e+00
4.554223353100000000e+14 2.558526802400000074e+34 2.599550000000000040e+38 2.020408163299999948e+00 0.000000000000000000e+00
4.461265318900000000e+14 2.460076158100000207e+34 2.549549999999999824e+38 2.020408163299999948e+00 0.000000000000000000e+00
4.368519686300000000e+14 2.363576141000000047e+34 2.499549999999999985e+38 2.020408163299999948e+00 0.000000000000000000e+00
4.276820000000000000e+14 2.307130000000000143e+34 2.449550000000000147e+38 3.125000000000000000e+00 0.000000000000000000e+00
4.183660000000000000e+14 2.176069999999999877e+34 2.399549999999999931e+38 3.130999999999999783e+00 0.000000000000000000e+00
4.090840000000000000e+14 2.049589999999999970e+34 2.349550000000000092e+38 3.136000000000000121e+00 0.000000000000000000e+00
3.998340000000000000e+14 1.927649999999999887e+34 2.299549999999999876e+38 3.141000000000000014e+00 0.000000000000000000e+00
3.906160000000000000e+14 1.810230000000000054e+34 2.249550000000000038e+38 3.146999999999999797e+00 0.000000000000000000e+00
3.814290000000000000e+14 1.697269999999999898e+34 2.199549999999999822e+38 3.152000000000000135e+00 0.000000000000000000e+00
3.722740000000000000e+14 1.588730000000000037e+34 2.149549999999999984e+38 3.157000000000000028e+00 0.000000000000000000e+00
3.631490000000000000e+14 1.484580000000000071e+34 2.099550000000000145e+38 3.161999999999999922e+00 0.000000000000000000e+00
3.540540000000000000e+14 1.384749999999999986e+34 2.049549999999999929e+38 3.166999999999999815e+00 0.000000000000000000e+00
3.449890000000000000e+14 1.289210000000000073e+34 1.999550000000000091e+38 3.172000000000000153e+00 0.000000000000000000e+00
3.359530000000000000e+14 1.197879999999999953e+34 1.949549999999999875e+38 3.177000000000000046e+00 0.000000000000000000e+00
3.269460000000000000e+14 1.110729999999999917e+34 1.899550000000000037e+38 3.181000000000000050e+00 0.000000000000000000e+00
3.179670000000000000e+14 1.027689999999999952e+34 1.849549999999999820e+38 3.185000000000000053e+00 0.000000000000000000e+00
3.090150000000000000e+14 9.486909999999999428e+33 1.799549999999999982e+38 3.189000000000000057e+00 0.000000000000000000e+00
3.000910000000000000e+14 8.736740000000000222e+33 1.749550000000000144e+38 3.193000000000000060e+00 0.000000000000000000e+00
2.911930000000000000e+14 8.025660000000000216e+33 1.699549999999999928e+38 3.196000000000000174e+00 0.000000000000000000e+00
2.823210000000000000e+14 7.352940000000000025e+33 1.649550000000000089e+38 3.198999999999999844e+00 0.000000000000000000e+00
2.734750000000000000e+14 6.717799999999999597e+33 1.599550000000000062e+38 3.201000000000000068e+00 0.000000000000000000e+00
2.646540000000000000e+14 6.119439999999999766e+33 1.549550000000000035e+38 3.202999999999999847e+00 0.000000000000000000e+00
2.558570000000000000e+14 5.556980000000000295e+33 1.499550000000000008e+38 3.204000000000000181e+00 0.000000000000000000e+00
2.470850000000000000e+14 5.029530000000000239e+33 1.449549999999999981e+38 3.204000000000000181e+00 0.000000000000000000e+00
2.383360000000000000e+14 4.536140000000000154e+33 1.399549999999999953e+38 3.202999999999999847e+00 0.000000000000000000e+00
2.296100000000000000e+14 4.075790000000000238e+33 1.349549999999999926e+38 3.201000000000000068e+00 0.000000000000000000e+00
2.209070000000000000e+14 3.647410000000000021e+33 1.299550000000000088e+38 3.197000000000000064e+00 0.000000000000000000e+00
2.122270000000000000e+14 3.249840000000000134e+33 1.249550000000000061e+38 3.192000000000000171e+00 0.000000000000000000e+00
2.035700000000000000e+14 2.881769999999999781e+33 1.199550000000000033e+38 3.185000000000000053e+00 0.000000000000000000e+00
1.949380000000000000e+14 2.541569999999999938e+33 1.149550000000000006e+38 3.174999999999999822e+00 0.000000000000000000e+00
1.863360000000000000e+14 2.226460000000000044e+33 1.099549999999999979e+38 3.162999999999999812e+00 0.000000000000000000e+00
1.777540000000000000e+14 1.938649999999999958e+33 1.049549999999999952e+38 3.145999999999999908e+00 0.000000000000000000e+00
1.691880000000000000e+14 1.678159999999999946e+33 9.995499999999999245e+37 3.125000000000000000e+00 0.000000000000000000e+00
1.606360000000000000e+14 1.443649999999999964e+33 9.495500000000000862e+37 3.100000000000000089e+00 0.000000000000000000e+00
1.520970000000000000e+14 1.233740000000000009e+33 8.995500000000000590e+37 3.068000000000000060e+00 0.000000000000000000e+00
1.435710000000000000e+14 1.047029999999999953e+33 8.495500000000000318e+37 3.029999999999999805e+00 0.000000000000000000e+00
1.350560000000000000e+14 8.820789999999999856e+32 7.995500000000000046e+37 2.983000000000000096e+00 0.000000000000000000e+00
1.279550000000000000e+14 7.798770000000000655e+32 7.578179999999999831e+37 3.033999999999999808e+00 9.870619999999999864e+28
1.274650000000000000e+14 7.728790000000000344e+32 7.549330000000000025e+37 3.041999999999999815e+00 1.406709999999999954e+29
1.269740000000000000e+14 7.656839999999999635e+32 7.520480000000000220e+37 3.048999999999999932e+00 1.642629999999999833e+29
1.264840000000000000e+14 7.584800000000000605e+32 7.491630000000000414e+37 3.055000000000000160e+00 1.838940000000000161e+29
1.259940000000000000e+14 7.512919999999999391e+32 7.462779999999999664e+37 2.775999999999999801e+00 2.017040000000000030e+29
1.255030000000000000e+14 7.441290000000000079e+32 7.433940000000000162e+37 2.771999999999999797e+00 2.184800000000000160e+29
1.250130000000000000e+14 7.369950000000000320e+32 7.405090000000000357e+37 2.767999999999999794e+00 2.346020000000000017e+29
1.245230000000000000e+14 7.298940000000000649e+32 7.376239999999999607e+37 2.763999999999999790e+00 2.502779999999999939e+29
1.240330000000000000e+14 7.228290000000000027e+32 7.347389999999999801e+37 2.759999999999999787e+00 2.656369999999999886e+29
1.235430000000000000e+14 7.157999999999999895e+32 7.318539999999999996e+37 2.754999999999999893e+00 2.807620000000000023e+29
1.230530000000000000e+14 7.088090000000000520e+32 7.289699999999999549e+37 2.750999999999999890e+00 2.957079999999999919e+29
1.225630000000000000e+14 7.018579999999999287e+32 7.260849999999999744e+37 2.746999999999999886e+00 3.105149999999999870e+29
1.220730000000000000e+14 6.949470000000000520e+32 7.231999999999999938e+37 2.741999999999999993e+00 3.252110000000000119e+29
1.215830000000000000e+14 6.880759999999999895e+32 7.203150000000000133e+37 2.737999999999999989e+00 3.398159999999999933e+29
1.210930000000000000e+14 6.812480000000000695e+32 7.174300000000000328e+37 2.733999999999999986e+00 3.543469999999999711e+29
1.206030000000000000e+14 6.744609999999999771e+32 7.145459999999999881e+37 2.729000000000000092e+00 3.688140000000000141e+29
1.201130000000000000e+14 6.677170000000000273e+32 7.116610000000000076e+37 2.725000000000000089e+00 3.832269999999999804e+29
1.196230000000000000e+14 6.610159999999999318e+32 7.087760000000000270e+37 2.720000000000000195e+00 3.975910000000000099e+29
1.191330000000000000e+14 6.543589999999999922e+32 7.058910000000000465e+37 2.716000000000000192e+00 4.119120000000000172e+29
1.186430000000000000e+14 6.477449999999999790e+32 7.030059999999999715e+37 2.710999999999999854e+00 4.261919999999999741e+29
1.181530000000000000e+14 6.411749999999999777e+32 7.001220000000000213e+37 2.706999999999999851e+00 4.404360000000000205e+29
1.176640000000000000e+14 6.346500000000000015e+32 6.972370000000000407e+37 2.701999999999999957e+00 4.546440000000000156e+29
1.171740000000000000e+14 6.281689999999999650e+32 6.943519999999999657e+37 2.697999999999999954e+00 4.688180000000000015e+29
1.166840000000000000e+14 6.217320000000000124e+32 6.914669999999999852e+37 2.693000000000000060e+00 4.829590000000000342e+29
1.161940000000000000e+14 6.153410000000000264e+32 6.885820000000000046e+37 2.688000000000000167e+00 4.970650000000000016e+29
1.157050000000000000e+14 6.089939999999999800e+32 6.856979999999999600e+37 2.684000000000000163e+00 5.111380000000000158e+29
1.152150000000000000e+14 6.026920000000000309e+32 6.828129999999999794e+37 2.678999999999999826e+00 5.251770000000000207e+29
1.147260000000000000e+14 5.968810000000000171e+32 6.799279999999999989e+37 2.673999999999999932e+00 3.251910000000000147e+29
1.142360000000000000e+14 5.916310000000000098e+32 6.770430000000000183e+37 2.668000000000000149e+00 1.662109999999999831e+29
1.132570000000000000e+14 5.793710000000000270e+32 6.712739999999999931e+37 2.657999999999999918e+00 1.711470000000000119e+29
1.122780000000000000e+14 5.672880000000000329e+32 6.655040000000000321e+37 2.648000000000000131e+00 1.760560000000000024e+29
1.112990000000000000e+14 5.553829999999999686e+32 6.597339999999999765e+37 2.637999999999999901e+00 1.809329999999999902e+29
1.108100000000000000e+14 5.494970000000000329e+32 6.568500000000000263e+37 2.633000000000000007e+00 1.833580000000000002e+29
1.088530000000000000e+14 5.263960000000000160e+32 6.453100000000000097e+37 2.612999999999999989e+00 1.929569999999999978e+29
1.078740000000000000e+14 5.151110000000000264e+32 6.395409999999999845e+37 2.601999999999999869e+00 1.976890000000000061e+29
1.068960000000000000e+14 5.040009999999999986e+32 6.337710000000000234e+37 2.592000000000000082e+00 2.023720000000000073e+29
1.034730000000000000e+14 4.664910000000000183e+32 6.135780000000000314e+37 2.552999999999999936e+00 2.183370000000000080e+29
1.015170000000000000e+14 4.460050000000000155e+32 6.020380000000000147e+37 2.531000000000000139e+00 2.271319999999999994e+29
1.010290000000000000e+14 4.409899999999999795e+32 5.991539999999999701e+37 2.524999999999999911e+00 2.292909999999999905e+29
1.005400000000000000e+14 4.360170000000000006e+32 5.962689999999999895e+37 2.519000000000000128e+00 2.314330000000000122e+29
1.000510000000000000e+14 4.323569999999999943e+32 5.933840000000000090e+37 2.512000000000000011e+00 2.510059999999999898e+29
9.956230000000000000e+13 4.274949999999999863e+32 5.904990000000000284e+37 2.505999999999999783e+00 2.512609999999999890e+29
9.907360000000000000e+13 4.226740000000000220e+32 5.876139999999999534e+37 2.500000000000000000e+00 2.514939999999999843e+29
9.858490000000000000e+13 4.178949999999999708e+32 5.847300000000000032e+37 2.494000000000000217e+00 2.517059999999999966e+29
9.809630000000000000e+13 4.131560000000000220e+32 5.818450000000000227e+37 2.487999999999999989e+00 2.518969999999999908e+29
9.760760000000000000e+13 4.084570000000000315e+32 5.789600000000000421e+37 2.482000000000000206e+00 2.520670000000000020e+29
9.711900000000000000e+13 4.037990000000000127e+32 5.760749999999999671e+37 2.475999999999999979e+00 2.522170000000000161e+29
9.663050000000000000e+13 3.991819999999999657e+32 5.731899999999999866e+37 2.470000000000000195e+00 2.523460000000000120e+29
9.614190000000000000e+13 3.946040000000000077e+32 5.703060000000000364e+37 2.463999999999999968e+00 2.524550000000000107e+29
9.565340000000000000e+13 3.900660000000000080e+32 5.674209999999999614e+37 2.456999999999999851e+00 2.525429999999999912e+29
9.516490000000000000e+13 3.855679999999999667e+32 5.645359999999999809e+37 2.451000000000000068e+00 2.526119999999999956e+29
9.467640000000000000e+13 3.811100000000000278e+32 5.616510000000000003e+37 2.444999999999999840e+00 2.526610000000000027e+29
9.418800000000000000e+13 3.766910000000000339e+32 5.587660000000000198e+37 2.438000000000000167e+00 2.526900000000000127e+29
9.369950000000000000e+13 3.723109999999999849e+32 5.558819999999999751e+37 2.431999999999999940e+00 2.526989999999999903e+29
9.321120000000000000e+13 3.679700000000000251e+32 5.529969999999999946e+37 2.424999999999999822e+00 2.526900000000000127e+29
9.272280000000000000e+13 3.636669999999999968e+32 5.501120000000000140e+37 2.419000000000000039e+00 2.526610000000000027e+29
9.223440000000000000e+13 3.594039999999999989e+32 5.472270000000000335e+37 2.411999999999999922e+00 2.526130000000000165e+29
9.174610000000000000e+13 3.551779999999999912e+32 5.443419999999999585e+37 2.406000000000000139e+00 2.525470000000000047e+29
9.125780000000000000e+13 3.509910000000000006e+32 5.414580000000000083e+37 2.399000000000000021e+00 2.524620000000000167e+29
9.076960000000000000e+13 3.468420000000000137e+32 5.385730000000000277e+37 2.392999999999999794e+00 2.523590000000000031e+29
9.028130000000000000e+13 3.427300000000000170e+32 5.356880000000000472e+37 2.386000000000000121e+00 2.522370000000000133e+29
8.979310000000000000e+13 3.386569999999999653e+32 5.328029999999999722e+37 2.379000000000000004e+00 2.520979999999999836e+29
8.930490000000000000e+13 3.346200000000000346e+32 5.299179999999999916e+37 2.373000000000000220e+00 2.519409999999999987e+29
8.881670000000000000e+13 3.306210000000000355e+32 5.270340000000000414e+37 2.366000000000000103e+00 2.517670000000000092e+29
8.832860000000000000e+13 3.266580000000000133e+32 5.241489999999999664e+37 2.358999999999999986e+00 2.515749999999999940e+29
8.784040000000000000e+13 3.230339999999999839e+32 5.212639999999999859e+37 2.351999999999999869e+00 2.996909999999999862e+29
8.735230000000000000e+13 3.191479999999999824e+32 5.183790000000000054e+37 2.345000000000000195e+00 2.983809999999999950e+29
8.686430000000000000e+13 3.152990000000000072e+32 5.154940000000000248e+37 2.338000000000000078e+00 2.970619999999999910e+29
8.637620000000000000e+13 3.114849999999999955e+32 5.126099999999999802e+37 2.330999999999999961e+00 2.957320000000000026e+29
8.588820000000000000e+13 3.077069999999999968e+32 5.097249999999999996e+37 2.323999999999999844e+00 2.943930000000000014e+29
8.540020000000000000e+13 3.039650000000000110e+32 5.068400000000000191e+37 2.317000000000000171e+00 2.930440000000000016e+29
8.491220000000000000e+13 3.002579999999999887e+32 5.039550000000000385e+37 2.310000000000000053e+00 2.916859999999999890e+29
8.442420000000000000e+13 2.965860000000000021e+32 5.010699999999999635e+37 2.302999999999999936e+00 2.903199999999999846e+29
8.393630000000000000e+13 2.929490000000000150e+32 4.981860000000000133e+37 2.294999999999999929e+00 2.889450000000000025e+29
8.344840000000000000e+13 2.893469999999999914e+32 4.953010000000000328e+37 2.287999999999999812e+00 2.875630000000000144e+29
8.296050000000000000e+13 2.857789999999999901e+32 4.924159999999999578e+37 2.281000000000000139e+00 2.861720000000000135e+29
8.247260000000000000e+13 2.822450000000000110e+32 4.895309999999999772e+37 2.274000000000000021e+00 2.847740000000000066e+29
8.198480000000000000e+13 2.787459999999999955e+32 4.866459999999999967e+37 2.266000000000000014e+00 2.833689999999999936e+29
8.149700000000000000e+13 2.752799999999999888e+32 4.837620000000000465e+37 2.258999999999999897e+00 2.819570000000000097e+29
8.100920000000000000e+13 2.718480000000000043e+32 4.808769999999999715e+37 2.251999999999999780e+00 2.805390000000000056e+29
8.052140000000000000e+13 2.684489999999999927e+32 4.779919999999999909e+37 2.244000000000000217e+00 2.791150000000000164e+29
8.003360000000000000e+13 2.650829999999999899e+32 4.751070000000000104e+37 2.237000000000000099e+00 2.776839999999999859e+29
7.954590000000000000e+13 2.617499999999999960e+32 4.722220000000000299e+37 2.229000000000000092e+00 2.762479999999999913e+29
7.905820000000000000e+13 2.584500000000000109e+32 4.693379999999999852e+37 2.221999999999999975e+00 2.748060000000000117e+29
7.857050000000000000e+13 2.551829999999999987e+32 4.664530000000000047e+37 2.213999999999999968e+00 2.733599999999999834e+29
7.808290000000000000e+13 2.519480000000000180e+32 4.635680000000000241e+37 2.206999999999999851e+00 2.719080000000000052e+29
7.759520000000000000e+13 2.487439999999999833e+32 4.606830000000000436e+37 2.198999999999999844e+00 2.704520000000000134e+29
7.710760000000000000e+13 2.455729999999999936e+32 4.577979999999999686e+37 2.190999999999999837e+00 2.689920000000000082e+29
7.662000000000000000e+13 2.424329999999999860e+32 4.549140000000000184e+37 2.184000000000000163e+00 2.675279999999999894e+29
7.613240000000000000e+13 2.393250000000000099e+32 4.520290000000000378e+37 2.176000000000000156e+00 2.660599999999999923e+29
7.564490000000000000e+13 2.362480000000000159e+32 4.491439999999999628e+37 2.168000000000000149e+00 2.645880000000000169e+29
7.515740000000000000e+13 2.332020000000000040e+32 4.462589999999999823e+37 2.161000000000000032e+00 2.631139999999999996e+29
7.466990000000000000e+13 2.301859999999999969e+32 4.433740000000000017e+37 2.153000000000000025e+00 2.616360000000000039e+29
7.418240000000000000e+13 2.272010000000000080e+32 4.404899999999999571e+37 2.145000000000000018e+00 2.601550000000000157e+29
7.369490000000000000e+13 2.242459999999999878e+32 4.376049999999999765e+37 2.137000000000000011e+00 2.586719999999999855e+29
7.320750000000000000e+13 2.213219999999999857e+32 4.347199999999999960e+37 2.129000000000000004e+00 2.571869999999999838e+29
7.272010000000000000e+13 2.184270000000000111e+32 4.318350000000000154e+37 2.120999999999999996e+00 2.556989999999999895e+29
7.223270000000000000e+13 2.155620000000000053e+32 4.289500000000000349e+37 2.113999999999999879e+00 2.542100000000000095e+29
7.174530000000000000e+13 2.127259999999999908e+32 4.260659999999999902e+37 2.105999999999999872e+00 2.527189999999999875e+29
7.125790000000000000e+13 2.099190000000000038e+32 4.231810000000000097e+37 2.097999999999999865e+00 2.512259999999999940e+29
7.077060000000000000e+13 2.071410000000000082e+32 4.202959999999999819e+37 2.089999999999999858e+00 2.497330000000000004e+29
7.028330000000000000e+13 2.043920000000000040e+32 4.174110000000000014e+37 2.081999999999999851e+00 2.482380000000000001e+29
6.979600000000000000e+13 2.016710000000000138e+32 4.145260000000000208e+37 2.073999999999999844e+00 2.467420000000000140e+29
6.930870000000000000e+13 1.989790000000000151e+32 4.116420000000000234e+37 2.065999999999999837e+00 2.452459999999999927e+29
6.882150000000000000e+13 1.963140000000000170e+32 4.087569999999999956e+37 2.057999999999999829e+00 2.437489999999999856e+29
6.833420000000000000e+13 1.936780000000000104e+32 4.058720000000000151e+37 2.049999999999999822e+00 2.422520000000000138e+29
6.784700000000000000e+13 1.910679999999999911e+32 4.029869999999999873e+37 2.041999999999999815e+00 2.407550000000000067e+29
6.735980000000000000e+13 1.884859999999999859e+32 4.001020000000000068e+37 2.033999999999999808e+00 2.392579999999999996e+29
6.687270000000000000e+13 1.859319999999999947e+32 3.972180000000000093e+37 2.025999999999999801e+00 2.377609999999999926e+29
6.638550000000000000e+13 1.834039999999999909e+32 3.943329999999999816e+37 2.017999999999999794e+00 2.362639999999999855e+29
6.589840000000000000e+13 1.809020000000000104e+32 3.914480000000000010e+37 2.008999999999999897e+00 2.347679999999999994e+29
6.541130000000000000e+13 1.784269999999999946e+32 3.885630000000000205e+37 2.000999999999999890e+00 2.332729999999999991e+29
6.492420000000000000e+13 1.759790000000000155e+32 3.856779999999999927e+37 1.993000000000000105e+00 2.317779999999999988e+29
6.443710000000000000e+13 1.735560000000000103e+32 3.827939999999999953e+37 1.985000000000000098e+00 2.302839999999999842e+29
6.395010000000000000e+13 1.711580000000000152e+32 3.799090000000000147e+37 1.977000000000000091e+00 2.287920000000000116e+29
6.346310000000000000e+13 1.687869999999999847e+32 3.770239999999999870e+37 1.969000000000000083e+00 2.273000000000000039e+29
6.297610000000000000e+13 1.664399999999999869e+32 3.741390000000000064e+37 1.961000000000000076e+00 2.258100000000000029e+29
6.248910000000000000e+13 1.641190000000000124e+32 3.712539999999999787e+37 1.953000000000000069e+00 2.243209999999999876e+29
6.200210000000000000e+13 1.618219999999999985e+32 3.683699999999999812e+37 1.945000000000000062e+00 2.228340000000000143e+29
6.151520000000000000e+13 1.595499999999999946e+32 3.654850000000000007e+37 1.937000000000000055e+00 2.213479999999999916e+29
6.102820000000000000e+13 1.573020000000000053e+32 3.626000000000000201e+37 1.929000000000000048e+00 2.198640000000000109e+29
6.054130000000000000e+13 1.550779999999999946e+32 3.597149999999999924e+37 1.921000000000000041e+00 2.183820000000000017e+29
6.005440000000000000e+13 1.528779999999999986e+32 3.568300000000000118e+37 1.913000000000000034e+00 2.169010000000000135e+29
5.956760000000000000e+13 1.507010000000000038e+32 3.539460000000000144e+37 1.905000000000000027e+00 2.154229999999999826e+29
5.908070000000000000e+13 1.485480000000000056e+32 3.510609999999999866e+37 1.897000000000000020e+00 2.139469999999999937e+29
5.859390000000000000e+13 1.464180000000000087e+32 3.481760000000000061e+37 1.889000000000000012e+00 2.124719999999999906e+29
5.810710000000000000e+13 1.443109999999999950e+32 3.452909999999999783e+37 1.881000000000000005e+00 2.110000000000000152e+29
5.762030000000000000e+13 1.422260000000000053e+32 3.424059999999999978e+37 1.872999999999999998e+00 2.095300000000000113e+29
5.713350000000000000e+13 1.401639999999999988e+32 3.395220000000000003e+37 1.864999999999999991e+00 2.080630000000000000e+29
5.664680000000000000e+13 1.381249999999999936e+32 3.366370000000000198e+37 1.856999999999999984e+00 2.065970000000000097e+29
5.616010000000000000e+13 1.361069999999999989e+32 3.337519999999999920e+37 1.848999999999999977e+00 2.051349999999999977e+29
5.567340000000000000e+13 1.341099999999999967e+32 3.308670000000000115e+37 1.840999999999999970e+00 2.036740000000000067e+29
5.518670000000000000e+13 1.321359999999999958e+32 3.279819999999999837e+37 1.832999999999999963e+00 2.022160000000000082e+29
5.470000000000000000e+13 1.301819999999999921e+32 3.250979999999999863e+37 1.824999999999999956e+00 2.007600000000000164e+29
5.421330000000000000e+13 1.282499999999999943e+32 3.222130000000000057e+37 1.818000000000000060e+00 1.993070000000000172e+29
5.372670000000000000e+13 1.263379999999999937e+32 3.193279999999999780e+37 1.810000000000000053e+00 1.978570000000000106e+29
5.324010000000000000e+13 1.244470000000000036e+32 3.164429999999999974e+37 1.802000000000000046e+00 1.964090000000000107e+29
5.275350000000000000e+13 1.225759999999999927e+32 3.135580000000000169e+37 1.794999999999999929e+00 1.949630000000000175e+29
5.226690000000000000e+13 1.207259999999999923e+32 3.106740000000000194e+37 1.786999999999999922e+00 1.935200000000000169e+29
5.178040000000000000e+13 1.188949999999999938e+32 3.077889999999999917e+37 1.780000000000000027e+00 1.920800000000000089e+29
5.129380000000000000e+13 1.170839999999999925e+32 3.049040000000000111e+37 1.772000000000000020e+00 1.906420000000000076e+29
5.080730000000000000e+13 1.152919999999999929e+32 3.020189999999999833e+37 1.764999999999999902e+00 1.892060000000000130e+29
5.032080000000000000e+13 1.135189999999999952e+32 2.991340000000000028e+37 1.756999999999999895e+00 1.877730000000000110e+29
4.983430000000000000e+13 1.117649999999999993e+32 2.962500000000000054e+37 1.750000000000000000e+00 1.863430000000000015e+29
4.934790000000000000e+13 1.100300000000000053e+32 2.933649999999999776e+37 1.743000000000000105e+00 1.849149999999999988e+29
4.886140000000000000e+13 1.083139999999999950e+32 2.904799999999999971e+37 1.735000000000000098e+00 1.834890000000000028e+29
4.837500000000000000e+13 1.066149999999999959e+32 2.875950000000000165e+37 1.727999999999999980e+00 1.820659999999999994e+29
4.788860000000000000e+13 1.049349999999999986e+32 2.847099999999999887e+37 1.721000000000000085e+00 1.806450000000000027e+29
4.740220000000000000e+13 1.032719999999999944e+32 2.818259999999999913e+37 1.713999999999999968e+00 1.792260000000000128e+29
4.691580000000000000e+13 1.016269999999999966e+32 2.789410000000000108e+37 1.707000000000000073e+00 1.778089999999999944e+29
4.642950000000000000e+13 9.999969999999999415e+31 2.760559999999999830e+37 1.699999999999999956e+00 1.763950000000000038e+29
4.594310000000000000e+13 9.838909999999999156e+31 2.731710000000000025e+37 1.693000000000000060e+00 1.749829999999999848e+29
4.545680000000000000e+13 9.679540000000000235e+31 2.702860000000000219e+37 1.687000000000000055e+00 1.735719999999999867e+29
4.497050000000000000e+13 9.521829999999999729e+31 2.674019999999999773e+37 1.679999999999999938e+00 1.721640000000000163e+29
4.448430000000000000e+13 9.365759999999999892e+31 2.645169999999999967e+37 1.673999999999999932e+00 1.707580000000000175e+29
4.399800000000000000e+13 9.211319999999999150e+31 2.616320000000000162e+37 1.667000000000000037e+00 1.693530000000000045e+29
4.351180000000000000e+13 9.058470000000000210e+31 2.587469999999999884e+37 1.661000000000000032e+00 1.679499999999999983e+29
4.302550000000000000e+13 8.907189999999999923e+31 2.558620000000000078e+37 1.653999999999999915e+00 1.665480000000000130e+29
4.253930000000000000e+13 8.757470000000000317e+31 2.529780000000000104e+37 1.647999999999999909e+00 1.651479999999999993e+29
4.205320000000000000e+13 8.609280000000000270e+31 2.500929999999999826e+37 1.641999999999999904e+00 1.637499999999999923e+29
4.156700000000000000e+13 8.462600000000000235e+31 2.472080000000000021e+37 1.635999999999999899e+00 1.623530000000000064e+29
4.108090000000000000e+13 8.317400000000000892e+31 2.443230000000000216e+37 1.629999999999999893e+00 1.609559999999999852e+29
4.059470000000000000e+13 8.173680000000000440e+31 2.414379999999999938e+37 1.624000000000000110e+00 1.595610000000000060e+29
4.010860000000000000e+13 8.031390000000000012e+31 2.385539999999999964e+37 1.618999999999999995e+00 1.581669999999999949e+29
3.962250000000000000e+13 7.890529999999999606e+31 2.356690000000000158e+37 1.612999999999999989e+00 1.567740000000000049e+29
3.913650000000000000e+13 7.751069999999999905e+31 2.327839999999999880e+37 1.608000000000000096e+00 1.553809999999999972e+29
3.865040000000000000e+13 7.613000000000000232e+31 2.298990000000000075e+37 1.602000000000000091e+00 1.539889999999999929e+29
3.816440000000000000e+13 7.476279999999999694e+31 2.270139999999999797e+37 1.596999999999999975e+00 1.525970000000000062e+29
3.767840000000000000e+13 7.340900000000000317e+31 2.241299999999999823e+37 1.592000000000000082e+00 1.512050000000000020e+29
3.719240000000000000e+13 7.206839999999999854e+31 2.212450000000000018e+37 1.586999999999999966e+00 1.498140000000000011e+29
3.670640000000000000e+13 7.074079999999999658e+31 2.183600000000000212e+37 1.582000000000000073e+00 1.484219999999999968e+29
3.622050000000000000e+13 6.942600000000000182e+31 2.154749999999999934e+37 1.576999999999999957e+00 1.470299999999999925e+29
3.573450000000000000e+13 6.812370000000000305e+31 2.125899999999999893e+37 1.572999999999999954e+00 1.456380000000000058e+29
3.524860000000000000e+13 6.683390000000000026e+31 2.097059999999999918e+37 1.568000000000000060e+00 1.442449999999999982e+29
3.476270000000000000e+13 6.555620000000000253e+31 2.068210000000000113e+37 1.564000000000000057e+00 1.428510000000000047e+29
3.427690000000000000e+13 6.429050000000000310e+31 2.039360000000000071e+37 1.560000000000000053e+00 1.414560000000000079e+29
3.379100000000000000e+13 6.303670000000000424e+31 2.010510000000000030e+37 1.556000000000000050e+00 1.400600000000000077e+29
3.330520000000000000e+13 6.179439999999999701e+31 1.981659999999999988e+37 1.552000000000000046e+00 1.386620000000000007e+29
3.281940000000000000e+13 6.056369999999999715e+31 1.952820000000000014e+37 1.548000000000000043e+00 1.372630000000000080e+29
3.233360000000000000e+13 5.934409999999999797e+31 1.923969999999999972e+37 1.544999999999999929e+00 1.358620000000000085e+29
3.184780000000000000e+13 5.813569999999999722e+31 1.895119999999999931e+37 1.540999999999999925e+00 1.344590000000000023e+29
3.136200000000000000e+13 5.693810000000000395e+31 1.866269999999999889e+37 1.538000000000000034e+00 1.330540000000000069e+29
3.087630000000000000e+13 5.575130000000000015e+31 1.837420000000000084e+37 1.534999999999999920e+00 1.316470000000000047e+29
3.039060000000000000e+13 5.457500000000000163e+31 1.808580000000000110e+37 1.532000000000000028e+00 1.302360000000000066e+29
2.990490000000000000e+13 5.340919999999999937e+31 1.779730000000000068e+37 1.528999999999999915e+00 1.288230000000000018e+29
2.941920000000000000e+13 5.225350000000000245e+31 1.750880000000000026e+37 1.526000000000000023e+00 1.274060000000000010e+29
2.893360000000000000e+13 5.110799999999999958e+31 1.722029999999999985e+37 1.524000000000000021e+00 1.259860000000000077e+29
2.844790000000000000e+13 4.997229999999999983e+31 1.693179999999999943e+37 1.520999999999999908e+00 1.245630000000000043e+29
2.796230000000000000e+13 4.884650000000000094e+31 1.664339999999999969e+37 1.518999999999999906e+00 1.231350000000000016e+29
2.747670000000000000e+13 4.773020000000000297e+31 1.635489999999999927e+37 1.516999999999999904e+00 1.217030000000000029e+29
2.699120000000000000e+13 4.662350000000000364e+31 1.606639999999999886e+37 1.514999999999999902e+00 1.202660000000000050e+29
2.650560000000000000e+13 4.552610000000000074e+31 1.577790000000000080e+37 1.514000000000000012e+00 1.188249999999999935e+29
2.602010000000000000e+13 4.443789999999999655e+31 1.548940000000000039e+37 1.512000000000000011e+00 1.173779999999999970e+29
2.553460000000000000e+13 4.335880000000000234e+31 1.520100000000000064e+37 1.510999999999999899e+00 1.159260000000000012e+29
2.504910000000000000e+13 4.228870000000000235e+31 1.491250000000000023e+37 1.510000000000000009e+00 1.144690000000000061e+29
2.456370000000000000e+13 4.122740000000000112e+31 1.462399999999999981e+37 1.508999999999999897e+00 1.130050000000000049e+29
2.407830000000000000e+13 4.017489999999999865e+31 1.433549999999999940e+37 1.508000000000000007e+00 1.115339999999999977e+29
2.359280000000000000e+13 3.913110000000000171e+31 1.404699999999999898e+37 1.508000000000000007e+00 1.100570000000000054e+29
2.310750000000000000e+13 3.809580000000000132e+31 1.375859999999999924e+37 1.506999999999999895e+00 1.085730000000000071e+29
2.262210000000000000e+13 3.706900000000000198e+31 1.347009999999999882e+37 1.506999999999999895e+00 1.070820000000000027e+29
2.213680000000000000e+13 3.605060000000000146e+31 1.318160000000000077e+37 1.506999999999999895e+00 1.055830000000000064e+29
2.165150000000000000e+13 3.504039999999999978e+31 1.289310000000000035e+37 1.506999999999999895e+00 1.040749999999999974e+29
2.116620000000000000e+13 3.403860000000000143e+31 1.260459999999999994e+37 1.508000000000000007e+00 1.025589999999999965e+29
2.068090000000000000e+13 3.304489999999999967e+31 1.231620000000000019e+37 1.508000000000000007e+00 1.010340000000000005e+29
2.019570000000000000e+13 3.205940000000000127e+31 1.202769999999999978e+37 1.508999999999999897e+00 9.949949999999999867e+28
1.971050000000000000e+13 3.108199999999999947e+31 1.173919999999999936e+37 1.510000000000000009e+00 9.795529999999999404e+28
1.922530000000000000e+13 3.011280000000000102e+31 1.145069999999999895e+37 1.510999999999999899e+00 9.640089999999999366e+28
1.874010000000000000e+13 2.915160000000000144e+31 1.116220000000000089e+37 1.512999999999999901e+00 9.483590000000000321e+28
1.825500000000000000e+13 2.819840000000000073e+31 1.087380000000000115e+37 1.514999999999999902e+00 9.325969999999999605e+28
1.776990000000000000e+13 2.725339999999999887e+31 1.058529999999999955e+37 1.516000000000000014e+00 9.167189999999999546e+28
1.728480000000000000e+13 2.631649999999999811e+31 1.029680000000000032e+37 1.518999999999999906e+00 9.007200000000000853e+28
1.679980000000000000e+13 2.538769999999999847e+31 1.000829999999999990e+37 1.520999999999999908e+00 8.845950000000000719e+28
1.631480000000000000e+13 2.446719999999999990e+31 9.719840000000000463e+36 1.522999999999999909e+00 8.683389999999999855e+28
1.582980000000000000e+13 2.355490000000000019e+31 9.431359999999999946e+36 1.526000000000000023e+00 8.519470000000000731e+28
1.534480000000000000e+13 2.265090000000000155e+31 9.142879999999999429e+36 1.528999999999999915e+00 8.354120000000000824e+28
1.485990000000000000e+13 2.175550000000000170e+31 8.854400000000000092e+36 1.532000000000000028e+00 8.187279999999999226e+28
1.437500000000000000e+13 2.086859999999999840e+31 8.565919999999999574e+36 1.536000000000000032e+00 8.018900000000000168e+28
1.389010000000000000e+13 1.999040000000000063e+31 8.277440000000000238e+36 1.538999999999999924e+00 7.848910000000000246e+28
1.340530000000000000e+13 1.912119999999999933e+31 7.988959999999999720e+36 1.542999999999999927e+00 7.677239999999999576e+28
1.292050000000000000e+13 1.826099999999999902e+31 7.700480000000000384e+36 1.546999999999999931e+00 7.503810000000000175e+28
1.243580000000000000e+13 1.741019999999999964e+31 7.411999999999999866e+36 1.552000000000000046e+00 7.328550000000000398e+28
1.195100000000000000e+13 1.656889999999999892e+31 7.123520000000000530e+36 1.556000000000000050e+00 7.151390000000000361e+28
1.146640000000000000e+13 1.573749999999999905e+31 6.835040000000000012e+36 1.560999999999999943e+00 6.972219999999999869e+28
1.098170000000000000e+13 1.491620000000000001e+31 6.546559999999999495e+36 1.566000000000000059e+00 6.790960000000000059e+28
1.049710000000000000e+13 1.410549999999999948e+31 6.258080000000000158e+36 1.570999999999999952e+00 6.607499999999999855e+28
1.001260000000000000e+13 1.330569999999999966e+31 5.969599999999999641e+36 1.576999999999999957e+00 6.421739999999999799e+28
9.528030000000000000e+12 1.251720000000000050e+31 5.681120000000000304e+36 1.582999999999999963e+00 6.233549999999999981e+28
9.043550000000000000e+12 1.174059999999999966e+31 5.392639999999999787e+36 1.588000000000000078e+00 6.042810000000000346e+28
8.559120000000000000e+12 1.097649999999999931e+31 5.104159999999999860e+36 1.594999999999999973e+00 5.849349999999999793e+28
8.074730000000000000e+12 1.022539999999999938e+31 4.815679999999999933e+36 1.600999999999999979e+00 5.653019999999999574e+28
7.590390000000000000e+12 9.488019999999999767e+30 4.527200000000000006e+36 1.606999999999999984e+00 5.453629999999999751e+28
7.106110000000000000e+12 8.765190000000000354e+30 4.238720000000000079e+36 1.612999999999999989e+00 5.250950000000000076e+28
6.621870000000000000e+12 8.057789999999999892e+30 3.950240000000000152e+36 1.620000000000000107e+00 5.044739999999999561e+28
6.137700000000000000e+12 7.366800000000000494e+30 3.661760000000000225e+36 1.625999999999999890e+00 4.834699999999999833e+28
5.653580000000000000e+12 6.693349999999999748e+30 3.373279999999999707e+36 1.631999999999999895e+00 4.620469999999999851e+28
5.169520000000000000e+12 6.038719999999999726e+30 3.084799999999999780e+36 1.637000000000000011e+00 4.401609999999999713e+28
4.685530000000000000e+12 5.404380000000000222e+30 2.796319999999999853e+36 1.641999999999999904e+00 4.177570000000000199e+28
4.201610000000000000e+12 4.792019999999999870e+30 2.507839999999999926e+36 1.645000000000000018e+00 3.947639999999999968e+28
3.717760000000000000e+12 4.203580000000000085e+30 2.219359999999999999e+36 1.645999999999999908e+00 3.710870000000000209e+28
3.234000000000000000e+12 3.641319999999999988e+30 1.930880000000000072e+36 1.643999999999999906e+00 3.465969999999999907e+28
2.750320000000000000e+12 3.107899999999999764e+30 1.642400000000000145e+36 1.637999999999999901e+00 3.211019999999999966e+28
2.266750000000000000e+12 2.606360000000000112e+30 1.353919999999999923e+36 1.622999999999999998e+00 2.943049999999999944e+28
1.783280000000000000e+12 2.140109999999999988e+30 1.065439999999999996e+36 1.596000000000000085e+00 2.656870000000000168e+28
4.299000000000000000e+11 7.805000000000000069e+29 2.572000000000000181e+35 1.330000000000000071e+00 1.506450000000000062e+28
4.188000000000000000e+11 7.537999999999999717e+29 2.505999999999999897e+35 1.330000000000000071e+00 1.455129999999999927e+28
3.325000000000000000e+11 5.815999999999999745e+29 1.990000000000000163e+35 1.330000000000000071e+00 1.165809999999999924e+28
2.640000000000000000e+11 4.472999999999999815e+29 1.581000000000000083e+35 1.330000000000000071e+00 9.297799999999999813e+27
2.096000000000000000e+11 3.289999999999999843e+29 1.256000000000000028e+35 1.330000000000000071e+00 6.841069999999999801e+27
1.844000000000000000e+11 2.892000000000000018e+29 1.105000000000000000e+35 1.330000000000000071e+00 6.221810000000000396e+27
1.664000000000000000e+11 2.597000000000000095e+29 9.975999999999999784e+34 1.330000000000000071e+00 3.996079999999999920e+27
1.322000000000000000e+11 2.033000000000000102e+29 7.923999999999999875e+34 1.330000000000000071e+00 3.293160000000000158e+27
1.049000000000000000e+11 1.494999999999999961e+29 6.294000000000000085e+34 1.330000000000000071e+00 2.422460000000000012e+27
8.332000000000000000e+10 1.100000000000000064e+29 4.999999999999999843e+34 1.330000000000000071e+00 1.782300000000000002e+27
6.617000000000000000e+10 8.088999999999999432e+28 3.971999999999999897e+34 1.330000000000000071e+00 1.311289999999999924e+27
5.254000000000000000e+10 5.949000000000000344e+28 3.155000000000000010e+34 1.330000000000000071e+00 9.646129999999999985e+26
4.172000000000000000e+10 4.628000000000000126e+28 2.505999999999999897e+34 1.330000000000000071e+00 7.875200000000000595e+26
3.313000000000000000e+10 3.403999999999999866e+28 1.989999999999999932e+34 1.330000000000000071e+00 5.791050000000000196e+26
2.631000000000000000e+10 2.502999999999999803e+28 1.580999999999999991e+34 1.330000000000000071e+00 4.261170000000000143e+26
2.090000000000000000e+10 1.938000000000000082e+28 1.255999999999999936e+34 1.330000000000000071e+00 3.451690000000000088e+26
1.659000000000000000e+10 1.425000000000000067e+28 9.976000000000000246e+33 1.330000000000000071e+00 2.538950000000000110e+26
1.318000000000000000e+10 1.048000000000000007e+28 7.924000000000000337e+33 1.330000000000000071e+00 1.867689999999999969e+26
1.046000000000000000e+10 7.701999999999999683e+27 6.294000000000000085e+33 1.330000000000000071e+00 1.373879999999999975e+26
8.312000000000000000e+09 5.662000000000000348e+27 4.999999999999999728e+33 1.330000000000000071e+00 1.010819999999999921e+26
6.601000000000000000e+09 4.362000000000000029e+27 3.972000000000000127e+33 1.330000000000000071e+00 8.130089999999999436e+25
4.164000000000000000e+09 2.356000000000000079e+27 2.505999999999999955e+33 1.330000000000000071e+00 4.399369999999999874e+25
2.626000000000000000e+09 1.272000000000000034e+27 1.580999999999999991e+33 1.330000000000000071e+00 2.380450000000000180e+25
1.657000000000000000e+09 6.859999999999999767e+26 9.975999999999999957e+32 1.330000000000000071e+00 1.288319999999999913e+25
1.316000000000000000e+09 5.036000000000000296e+26 7.924000000000000337e+32 1.330000000000000071e+00 9.477099999999999527e+24
1.045000000000000000e+09 4.128999999999999924e+26 6.293999999999999941e+32 1.330000000000000071e+00 6.794269999999999770e+24
8.301000000000000000e+08 3.039000000000000162e+26 4.999999999999999728e+32 1.330000000000000071e+00 4.998809999999999830e+24
5.237000000000000000e+08 1.628999999999999891e+26 3.154999999999999923e+32 1.330000000000000071e+00 2.705450000000000161e+24
3.304000000000000000e+08 8.737999999999999925e+25 1.990000000000000076e+32 1.330000000000000071e+00 1.463449999999999964e+24
2.624000000000000000e+08 6.675999999999999817e+25 1.580999999999999919e+32 1.330000000000000071e+00 1.123400000000000065e+24
1.315000000000000000e+08 2.603999999999999941e+25 7.923999999999999616e+31 1.330000000000000071e+00 4.472499999999999827e+23
6.589000000000000000e+07 1.006000000000000014e+25 3.972000000000000199e+31 1.330000000000000071e+00 1.780890000000000165e+23
3.302000000000000000e+07 3.832999999999999839e+24 1.989999999999999986e+31 1.330000000000000071e+00 7.086450000000000092e+22
1.655000000000000000e+07 1.435000000000000086e+24 9.975999999999999642e+30 1.330000000000000071e+00 2.822060000000000131e+22
8.293000000000000000e+06 5.250000000000000315e+23 4.999999999999999818e+30 1.330000000000000071e+00 1.123529999999999934e+22
6.588000000000000000e+06 3.910999999999999759e+23 3.972000000000000087e+30 1.330000000000000071e+00 8.163429999999999541e+21
2.622000000000000000e+06 9.754999999999999214e+22 1.581000000000000009e+30 1.330000000000000071e+00 2.390210000000000197e+21
1.044000000000000000e+06 2.318000000000000105e+22 6.293999999999999902e+29 1.330000000000000071e+00 6.999960000000000000e+20
4.156000000000000000e+05 5.265999999999999476e+21 2.505999999999999907e+29 1.330000000000000071e+00 2.050380000000000000e+20
1.654000000000000000e+05 1.151000000000000000e+21 9.976000000000000768e+28 1.330000000000000071e+00 6.004390000000000000e+19
6.587000000000000000e+04 2.431000000000000000e+20 3.972000000000000263e+28 1.330000000000000071e+00 1.758760000000000000e+19
2.622000000000000000e+04 4.968000000000000000e+19 1.581000000000000061e+28 1.330000000000000071e+00 5.149550000000000000e+18
1.044000000000000000e+04 9.744000000000000000e+18 6.294999999999999717e+27 1.330000000000000071e+00 1.508420000000000000e+18
