1.013157006800000000e+16 8.197309544700000204e+36 1.995439999999999947e+39 1.000000000000000000e+00 0.000000000000000000e+00
1.008086006600000000e+16 8.151670542799999747e+36 1.990440000000000115e+39 1.000000000000000000e+00 0.000000000000000000e+00
1.003027728800000000e+16 8.106146042599999729e+36 1.985439999999999980e+39 1.000000000000000000e+00 0.000000000000000000e+00
9.979821733700000000e+15 8.060736044100000151e+36 1.980440000000000147e+39 1.000000000000000000e+00 0.000000000000000000e+00
9.929493403900000000e+15 8.015440547200000180e+36 1.975440000000000012e+39 1.000000000000000000e+00 0.000000000000000000e+00
9.879292298200000000e+15 7.970259552100000301e+36 1.970439999999999877e+39 1.000000000000000000e+00 0.000000000000000000e+00
9.829218416600000000e+15 7.925193058699999680e+36 1.965440000000000044e+39 1.000000000000000000e+00 0.000000000000000000e+00
9.779271759100000000e+15 7.880241066899999847e+36 1.960439999999999909e+39 1.000000000000000000e+00 0.000000000000000000e+00
9.729452325700000000e+15 7.835403576900000105e+36 1.955440000000000077e+39 1.000000000000000000e+00 0.000000000000000000e+00
9.679760116400000000e+15 7.790680588499999971e+36 1.950439999999999942e+39 1.000000000000000000e+00 0.000000000000000000e+00
9.630195131300000000e+15 7.746072101899999928e+36 1.945440000000000109e+39 1.000000000000000000e+00 0.000000000000000000e+00
9.580757370200000000e+15 7.701578116899999491e+36 1.940439999999999974e+39 1.000000000000000000e+00 0.000000000000000000e+00
9.531446833200000000e+15 7.657198633700000327e+36 1.935440000000000141e+39 1.000000000000000000e+00 0.000000000000000000e+00
9.482263520400000000e+15 7.612933652099999589e+36 1.930440000000000006e+39 1.000000000000000000e+00 0.000000000000000000e+00
9.433207431700000000e+15 7.568783172200000472e+36 1.925439999999999871e+39 1.000000000000000000e+00 0.000000000000000000e+00
9.384278567000000000e+15 7.524747194100000265e+36 1.920440000000000039e+39 1.000000000000000000e+00 0.000000000000000000e+00
9.335476926500000000e+15 7.480825717599999665e+36 1.915439999999999904e+39 1.000000000000000000e+00 0.000000000000000000e+00
9.286802510100000000e+15 7.437018742799999505e+36 1.910440000000000071e+39 1.000000000000000000e+00 0.000000000000000000e+00
9.238255317700000000e+15 7.393326269699999784e+36 1.905439999999999936e+39 1.000000000000000000e+00 0.000000000000000000e+00
9.189835349500000000e+15 7.349748298300000502e+36 1.900440000000000103e+39 1.000000000000000000e+00 0.000000000000000000e+00
9.141542605400000000e+15 7.306284828700000132e+36 1.895439999999999968e+39 1.000000000000000000e+00 0.000000000000000000e+00
9.093377085400000000e+15 7.262935860700000549e+36 1.890440000000000136e+39 1.000000000000000000e+00 0.000000000000000000e+00
9.045338789500000000e+15 7.219701394400000225e+36 1.885440000000000001e+39 1.000000000000000000e+00 0.000000000000000000e+00
8.997427717800000000e+15 7.176581429699999508e+36 1.880439999999999866e+39 1.000000000000000000e+00 0.000000000000000000e+00
8.949643870100000000e+15 7.133575966800000063e+36 1.875440000000000033e+39 1.000000000000000000e+00 0.000000000000000000e+00
8.901987246500000000e+15 7.090685005599999877e+36 1.870439999999999898e+39 1.000000000000000000e+00 0.000000000000000000e+00
8.854457847000000000e+15 7.047908546100000130e+36 1.865440000000000066e+39 1.000000000000000000e+00 0.000000000000000000e+00
8.807055671700000000e+15 7.005246588299999643e+36 1.860439999999999931e+39 1.000000000000000000e+00 0.000000000000000000e+00
8.759780720400000000e+15 6.962699132099999942e+36 1.855440000000000098e+39 1.000000000000000000e+00 0.000000000000000000e+00
8.712632993300000000e+15 6.920266177700000334e+36 1.850439999999999963e+39 1.000000000000000000e+00 0.000000000000000000e+00
8.665612490200000000e+15 6.877947724999999984e+36 1.845440000000000130e+39 1.000000000000000000e+00 0.000000000000000000e+00
8.618719211300000000e+15 6.835743773900000422e+36 1.840439999999999995e+39 1.000000000000000000e+00 0.000000000000000000e+00
8.571953156500000000e+15 6.793654324599999770e+36 1.835439999999999860e+39 1.000000000000000000e+00 0.000000000000000000e+00
8.525314325800000000e+15 6.751679376899999907e+36 1.830440000000000028e+39 1.000000000000000000e+00 0.000000000000000000e+00
8.478802719100000000e+15 6.709818931000000134e+36 1.825439999999999893e+39 1.000000000000000000e+00 0.000000000000000000e+00
8.432418336600000000e+15 6.668072986699999969e+36 1.820440000000000060e+39 1.000000000000000000e+00 0.000000000000000000e+00
8.386161178200000000e+15 6.626441544199999895e+36 1.815439999999999925e+39 1.000000000000000000e+00 0.000000000000000000e+00
8.340031243900000000e+15 6.584924603299999428e+36 1.810440000000000092e+39 1.000000000000000000e+00 0.000000000000000000e+00
8.294028533800000000e+15 6.543522164100000581e+36 1.805439999999999957e+39 1.000000000000000000e+00 0.000000000000000000e+00
8.248153047700000000e+15 6.502234226699999465e+36 1.800440000000000125e+39 1.000000000000000000e+00 0.000000000000000000e+00
8.202404785700000000e+15 6.461060790900000316e+36 1.795439999999999990e+39 1.000000000000000000e+00 0.000000000000000000e+00
8.156783747800000000e+15 6.420001856800000427e+36 1.790439999999999855e+39 1.000000000000000000e+00 0.000000000000000000e+00
8.111289934100000000e+15 6.379057424399999796e+36 1.785440000000000022e+39 1.000000000000000000e+00 0.000000000000000000e+00
8.065923344400000000e+15 6.338227493699999605e+36 1.780439999999999887e+39 1.000000000000000000e+00 0.000000000000000000e+00
8.020683978900000000e+15 6.297512064699999853e+36 1.775440000000000054e+39 1.000000000000000000e+00 0.000000000000000000e+00
7.975571837400000000e+15 6.256911137400000541e+36 1.770439999999999919e+39 1.000000000000000000e+00 0.000000000000000000e+00
7.930586920100000000e+15 6.216424711800000488e+36 1.765440000000000087e+39 1.000000000000000000e+00 0.000000000000000000e+00
7.885729226800000000e+15 6.176052787899999694e+36 1.760439999999999952e+39 1.000000000000000000e+00 0.000000000000000000e+00
7.840998757700000000e+15 6.135795365700000520e+36 1.755440000000000119e+39 1.000000000000000000e+00 0.000000000000000000e+00
7.796395512700000000e+15 6.095652445199999424e+36 1.750439999999999984e+39 1.000000000000000000e+00 0.000000000000000000e+00
7.751919491800000000e+15 6.055624026399999948e+36 1.745439999999999849e+39 1.000000000000000000e+00 0.000000000000000000e+00
7.707570695000000000e+15 6.015710109299999731e+36 1.740440000000000016e+39 1.000000000000000000e+00 0.000000000000000000e+00
7.663349122300000000e+15 5.975910693800000302e+36 1.735439999999999881e+39 1.000000000000000000e+00 0.000000000000000000e+00
7.619254773700000000e+15 5.936225780099999784e+36 1.730440000000000049e+39 1.000000000000000000e+00 0.000000000000000000e+00
7.575287649200000000e+15 5.896655368099999705e+36 1.725439999999999914e+39 1.000000000000000000e+00 0.000000000000000000e+00
7.531447748800000000e+15 5.857199457700000413e+36 1.720440000000000081e+39 1.000000000000000000e+00 0.000000000000000000e+00
7.487735072600000000e+15 5.817858049100000033e+36 1.715439999999999946e+39 1.000000000000000000e+00 0.000000000000000000e+00
7.444149620400000000e+15 5.778631142100000440e+36 1.710440000000000113e+39 1.000000000000000000e+00 0.000000000000000000e+00
7.400691392300000000e+15 5.739518736899999758e+36 1.705439999999999978e+39 1.000000000000000000e+00 0.000000000000000000e+00
7.357360388400000000e+15 5.700520833299999863e+36 1.700440000000000146e+39 1.000000000000000000e+00 0.000000000000000000e+00
7.314156608500000000e+15 5.661637431400000408e+36 1.695440000000000011e+39 1.000000000000000000e+00 0.000000000000000000e+00
7.271080052800000000e+15 5.622868531299999864e+36 1.690439999999999876e+39 1.000000000000000000e+00 0.000000000000000000e+00
7.228130721200000000e+15 5.584214132800000107e+36 1.685440000000000043e+39 1.000000000000000000e+00 0.000000000000000000e+00
7.185308613600000000e+15 5.545674235999999610e+36 1.680439999999999908e+39 1.000000000000000000e+00 0.000000000000000000e+00
7.142613730200000000e+15 5.507248840899999552e+36 1.675440000000000075e+39 1.000000000000000000e+00 0.000000000000000000e+00
7.100046070900000000e+15 5.468937947599999585e+36 1.670439999999999941e+39 1.000000000000000000e+00 0.000000000000000000e+00
7.057605635700000000e+15 5.430741555900000406e+36 1.665440000000000108e+39 1.000000000000000000e+00 0.000000000000000000e+00
7.015292424600000000e+15 5.392659665900000485e+36 1.660439999999999973e+39 1.000000000000000000e+00 0.000000000000000000e+00
6.973106437600000000e+15 5.354692277599999824e+36 1.655440000000000140e+39 1.000000000000000000e+00 0.000000000000000000e+00
6.931047674700000000e+15 5.316839391000000193e+36 1.650440000000000005e+39 1.000000000000000000e+00 0.000000000000000000e+00
6.889116135900000000e+15 5.279101006099999820e+36 1.645439999999999870e+39 1.000000000000000000e+00 0.000000000000000000e+00
6.847311821200000000e+15 5.241477122899999887e+36 1.640440000000000038e+39 1.000000000000000000e+00 0.000000000000000000e+00
6.805634730700000000e+15 5.203967741399999803e+36 1.635439999999999903e+39 1.000000000000000000e+00 0.000000000000000000e+00
6.764084864200000000e+15 5.166572861499999916e+36 1.630440000000000070e+39 1.000000000000000000e+00 0.000000000000000000e+00
6.722662221800000000e+15 5.129292483400000121e+36 1.625439999999999935e+39 1.000000000000000000e+00 0.000000000000000000e+00
6.681366803600000000e+15 5.092126607000000175e+36 1.620440000000000102e+39 1.000000000000000000e+00 0.000000000000000000e+00
6.640198609400000000e+15 5.055075232300000078e+36 1.615439999999999967e+39 1.000000000000000000e+00 0.000000000000000000e+00
6.599157639400000000e+15 5.018138359200000179e+36 1.610440000000000135e+39 1.000000000000000000e+00 0.000000000000000000e+00
6.558243893500000000e+15 4.981315987899999780e+36 1.605440000000000000e+39 1.000000000000000000e+00 0.000000000000000000e+00
6.517457371600000000e+15 4.944608118200000170e+36 1.600439999999999865e+39 1.000000000000000000e+00 0.000000000000000000e+00
6.476798073900000000e+15 4.908014750300000060e+36 1.595440000000000032e+39 1.000000000000000000e+00 0.000000000000000000e+00
6.436266000300000000e+15 4.871535884000000147e+36 1.590439999999999897e+39 1.000000000000000000e+00 0.000000000000000000e+00
6.395861150800000000e+15 4.835171519499999736e+36 1.585440000000000064e+39 1.000000000000000000e+00 0.000000000000000000e+00
6.355583525400000000e+15 4.798921656600000113e+36 1.580439999999999929e+39 1.000000000000000000e+00 0.000000000000000000e+00
6.315433124100000000e+15 4.762786295499999990e+36 1.575440000000000097e+39 1.000000000000000000e+00 0.000000000000000000e+00
6.275409946900000000e+15 4.726765436000000065e+36 1.570439999999999962e+39 1.000000000000000000e+00 0.000000000000000000e+00
6.235513993800000000e+15 4.690859078199999989e+36 1.565440000000000129e+39 1.000000000000000000e+00 0.000000000000000000e+00
6.195745264900000000e+15 4.655067222099999762e+36 1.560439999999999994e+39 1.000000000000000000e+00 0.000000000000000000e+00
6.156103760000000000e+15 4.619389867800000217e+36 1.555439999999999859e+39 1.000000000000000000e+00 0.000000000000000000e+00
6.116589479200000000e+15 4.583827015100000279e+36 1.550440000000000026e+39 1.000000000000000000e+00 0.000000000000000000e+00
6.077202422600000000e+15 4.548378664100000190e+36 1.545439999999999891e+39 1.000000000000000000e+00 0.000000000000000000e+00
6.037942590000000000e+15 4.513044814799999950e+36 1.540440000000000059e+39 1.000000000000000000e+00 0.000000000000000000e+00
5.998809981600000000e+15 4.477825467200000150e+36 1.535439999999999924e+39 1.000000000000000000e+00 0.000000000000000000e+00
5.959804597300000000e+15 4.442720621300000199e+36 1.530440000000000091e+39 1.000000000000000000e+00 0.000000000000000000e+00
5.920926437000000000e+15 4.407730277100000097e+36 1.525439999999999956e+39 1.000000000000000000e+00 0.000000000000000000e+00
5.882175500900000000e+15 4.372854434599999845e+36 1.520440000000000123e+39 1.000000000000000000e+00 0.000000000000000000e+00
5.843551788900000000e+15 4.338093093800000032e+36 1.515439999999999988e+39 1.000000000000000000e+00 0.000000000000000000e+00
5.805055301000000000e+15 4.303446254599999825e+36 1.510439999999999853e+39 1.000000000000000000e+00 0.000000000000000000e+00
5.766686037200000000e+15 4.268913917199999711e+36 1.505440000000000021e+39 1.000000000000000000e+00 0.000000000000000000e+00
5.728443997500000000e+15 4.234496081500000036e+36 1.500439999999999886e+39 1.000000000000000000e+00 0.000000000000000000e+00
5.690329181900000000e+15 4.200192747500000210e+36 1.495440000000000053e+39 1.000000000000000000e+00 0.000000000000000000e+00
5.652341590400000000e+15 4.166003915099999991e+36 1.490439999999999918e+39 1.000000000000000000e+00 0.000000000000000000e+00
5.614481223000000000e+15 4.131929584499999863e+36 1.485440000000000085e+39 1.000000000000000000e+00 0.000000000000000000e+00
5.576748079700000000e+15 4.097969755499999933e+36 1.480439999999999950e+39 1.000000000000000000e+00 0.000000000000000000e+00
5.539142160600000000e+15 4.064124428300000094e+36 1.475440000000000118e+39 1.000000000000000000e+00 0.000000000000000000e+00
5.501663465500000000e+15 4.030393602699999862e+36 1.470439999999999983e+39 1.000000000000000000e+00 0.000000000000000000e+00
5.464311994600000000e+15 3.996777278899999722e+36 1.465440000000000150e+39 1.000000000000000000e+00 0.000000000000000000e+00
5.427087747700000000e+15 3.963275456699999779e+36 1.460440000000000015e+39 1.000000000000000000e+00 0.000000000000000000e+00
5.389990725000000000e+15 3.929888136200000275e+36 1.455439999999999880e+39 1.000000000000000000e+00 0.000000000000000000e+00
5.353020926400000000e+15 3.896615317500000273e+36 1.450440000000000047e+39 1.000000000000000000e+00 0.000000000000000000e+00
5.316178351800000000e+15 3.863457000399999877e+36 1.445439999999999913e+39 1.000000000000000000e+00 0.000000000000000000e+00
5.279463001400000000e+15 3.830413184999999921e+36 1.440440000000000080e+39 1.000000000000000000e+00 0.000000000000000000e+00
5.242874875100000000e+15 3.797483871299999814e+36 1.435439999999999945e+39 1.000000000000000000e+00 0.000000000000000000e+00
5.206413972900000000e+15 3.764669059399999799e+36 1.430440000000000112e+39 1.000000000000000000e+00 0.000000000000000000e+00
5.170080294800000000e+15 3.731968749099999981e+36 1.425439999999999977e+39 1.000000000000000000e+00 0.000000000000000000e+00
5.133873840800000000e+15 3.699382940500000012e+36 1.420440000000000144e+39 1.000000000000000000e+00 0.000000000000000000e+00
5.097794610900000000e+15 3.666911633599999893e+36 1.415440000000000010e+39 1.000000000000000000e+00 0.000000000000000000e+00
5.061842605100000000e+15 3.634554828400000212e+36 1.410439999999999875e+39 1.000000000000000000e+00 0.000000000000000000e+00
5.026017823400000000e+15 3.602312524899999791e+36 1.405440000000000042e+39 1.000000000000000000e+00 0.000000000000000000e+00
4.990320265900000000e+15 3.570184723000000157e+36 1.400439999999999907e+39 1.000000000000000000e+00 0.000000000000000000e+00
4.954749932400000000e+15 3.538171422900000025e+36 1.395440000000000074e+39 1.000000000000000000e+00 0.000000000000000000e+00
4.919306823000000000e+15 3.506272624499999742e+36 1.390439999999999939e+39 1.000000000000000000e+00 0.000000000000000000e+00
4.883990937800000000e+15 3.474488327799999898e+36 1.385440000000000107e+39 1.000000000000000000e+00 0.000000000000000000e+00
4.848802276700000000e+15 3.442818532799999903e+36 1.380439999999999972e+39 1.000000000000000000e+00 0.000000000000000000e+00
4.813740839600000000e+15 3.411263239400000106e+36 1.375440000000000139e+39 1.000000000000000000e+00 0.000000000000000000e+00
4.778806626700000000e+15 3.379822447799999810e+36 1.370440000000000004e+39 1.000000000000000000e+00 0.000000000000000000e+00
4.743999637900000000e+15 3.348496157799999711e+36 1.365439999999999869e+39 1.000000000000000000e+00 0.000000000000000000e+00
4.709319873100000000e+15 3.317284369600000294e+36 1.360440000000000036e+39 1.000000000000000000e+00 0.000000000000000000e+00
4.674767332500000000e+15 3.286187082999999893e+36 1.355440000000000052e+39 1.000000000000000000e+00 0.000000000000000000e+00
4.640342016000000000e+15 3.255204298200000175e+36 1.350440000000000069e+39 1.000000000000000000e+00 0.000000000000000000e+00
4.606043923600000000e+15 3.224336015000000063e+36 1.345439999999999934e+39 1.000000000000000000e+00 0.000000000000000000e+00
4.571873055300000000e+15 3.193582233600000042e+36 1.340439999999999950e+39 1.000000000000000000e+00 0.000000000000000000e+00
4.537829411100000000e+15 3.162942953800000219e+36 1.335439999999999966e+39 1.000000000000000000e+00 0.000000000000000000e+00
4.503912991100000000e+15 3.132418175700000245e+36 1.330439999999999982e+39 1.000000000000000000e+00 0.000000000000000000e+00
4.470123795100000000e+15 3.102007899300000121e+36 1.325439999999999998e+39 1.000000000000000000e+00 0.000000000000000000e+00
4.436461823200000000e+15 3.071712124700000088e+36 1.320440000000000014e+39 1.000000000000000000e+00 0.000000000000000000e+00
4.402927075500000000e+15 3.041530851700000252e+36 1.315440000000000031e+39 1.000000000000000000e+00 0.000000000000000000e+00
4.369519551800000000e+15 3.011464080400000265e+36 1.310440000000000047e+39 1.000000000000000000e+00 0.000000000000000000e+00
4.336239252300000000e+15 2.981511810800000127e+36 1.305440000000000063e+39 1.000000000000000000e+00 0.000000000000000000e+00
4.303086176800000000e+15 2.951674042899999839e+36 1.300439999999999928e+39 1.000000000000000000e+00 0.000000000000000000e+00
4.270060325500000000e+15 2.921950776699999990e+36 1.295439999999999944e+39 1.000000000000000000e+00 0.000000000000000000e+00
4.237161698300000000e+15 2.892342012199999991e+36 1.290439999999999960e+39 1.000000000000000000e+00 0.000000000000000000e+00
4.204390295100000000e+15 2.862847749399999840e+36 1.285439999999999977e+39 1.000000000000000000e+00 0.000000000000000000e+00
4.171746116100000000e+15 2.833467988300000130e+36 1.280439999999999993e+39 1.000000000000000000e+00 0.000000000000000000e+00
4.139229161200000000e+15 2.804202728900000268e+36 1.275440000000000009e+39 1.000000000000000000e+00 0.000000000000000000e+00
4.106839430400000000e+15 2.775051971100000013e+36 1.270440000000000025e+39 1.000000000000000000e+00 0.000000000000000000e+00
4.074576923700000000e+15 2.746015715099999850e+36 1.265440000000000041e+39 1.000000000000000000e+00 0.000000000000000000e+00
4.042441641100000000e+15 2.717093960800000126e+36 1.260440000000000057e+39 1.000000000000000000e+00 0.000000000000000000e+00
4.010433582600000000e+15 2.688286708100000009e+36 1.255440000000000074e+39 1.000000000000000000e+00 0.000000000000000000e+00
3.978552748300000000e+15 2.659593957199999984e+36 1.250439999999999939e+39 1.000000000000000000e+00 0.000000000000000000e+00
3.946799138000000000e+15 2.631015708000000103e+36 1.245439999999999955e+39 1.000000000000000000e+00 0.000000000000000000e+00
3.915172751800000000e+15 2.602551960400000124e+36 1.240439999999999971e+39 1.000000000000000000e+00 0.000000000000000000e+00
3.883673589800000000e+15 2.574202714599999942e+36 1.235439999999999987e+39 1.000000000000000000e+00 0.000000000000000000e+00
3.852301651800000000e+15 2.545967970399999956e+36 1.230440000000000003e+39 1.000000000000000000e+00 0.000000000000000000e+00
3.821056938000000000e+15 2.517847727900000115e+36 1.225440000000000019e+39 1.000000000000000000e+00 0.000000000000000000e+00
3.789939448200000000e+15 2.489841987200000071e+36 1.220440000000000036e+39 1.000000000000000000e+00 0.000000000000000000e+00
3.758949182600000000e+15 2.461950748099999928e+36 1.215440000000000052e+39 1.000000000000000000e+00 0.000000000000000000e+00
3.728086141100000000e+15 2.434174010699999930e+36 1.210440000000000068e+39 1.000000000000000000e+00 0.000000000000000000e+00
3.697350323700000000e+15 2.406511775100000024e+36 1.205439999999999933e+39 1.000000000000000000e+00 0.000000000000000000e+00
3.666741730300000000e+15 2.378964041100000019e+36 1.200439999999999949e+39 1.000000000000000000e+00 0.000000000000000000e+00
3.636260361100000000e+15 2.351530808799999864e+36 1.195439999999999965e+39 1.000000000000000000e+00 0.000000000000000000e+00
3.605906216000000000e+15 2.324212078199999852e+36 1.190439999999999982e+39 1.000000000000000000e+00 0.000000000000000000e+00
3.575679295000000000e+15 2.297007849299999986e+36 1.185439999999999998e+39 1.000000000000000000e+00 0.000000000000000000e+00
3.545579598200000000e+15 2.269918122099999968e+36 1.180440000000000014e+39 1.000000000000000000e+00 0.000000000000000000e+00
3.515607125400000000e+15 2.242942896600000095e+36 1.175440000000000030e+39 1.000000000000000000e+00 0.000000000000000000e+00
3.485761876700000000e+15 2.216082172800000071e+36 1.170440000000000046e+39 1.000000000000000000e+00 0.000000000000000000e+00
3.456043852100000000e+15 2.189335950699999897e+36 1.165440000000000062e+39 1.000000000000000000e+00 0.000000000000000000e+00
3.426453051700000000e+15 2.162704230299999866e+36 1.160439999999999927e+39 1.000000000000000000e+00 0.000000000000000000e+00
3.396989475300000000e+15 2.136187011599999980e+36 1.155439999999999944e+39 1.000000000000000000e+00 0.000000000000000000e+00
3.367653123100000000e+15 2.109784294499999997e+36 1.150439999999999960e+39 1.000000000000000000e+00 0.000000000000000000e+00
3.338443994900000000e+15 2.083496079200000104e+36 1.145439999999999976e+39 1.000000000000000000e+00 0.000000000000000000e+00
3.309362090900000000e+15 2.057322365600000061e+36 1.140439999999999992e+39 1.000000000000000000e+00 0.000000000000000000e+00
3.280407411000000000e+15 2.031263153599999920e+36 1.135440000000000008e+39 1.000000000000000000e+00 0.000000000000000000e+00
3.251579955100000000e+15 2.005318443399999870e+36 1.130440000000000024e+39 1.000000000000000000e+00 0.000000000000000000e+00
3.222879723400000000e+15 1.979488234800000018e+36 1.125440000000000041e+39 1.000000000000000000e+00 0.000000000000000000e+00
3.194306715800000000e+15 1.953772527999999962e+36 1.120440000000000057e+39 1.000000000000000000e+00 0.000000000000000000e+00
3.165860932300000000e+15 1.928171322800000103e+36 1.115440000000000073e+39 1.000000000000000000e+00 0.000000000000000000e+00
3.137542372900000000e+15 1.902684619400000041e+36 1.110439999999999938e+39 1.000000000000000000e+00 0.000000000000000000e+00
3.109351037600000000e+15 1.877312417599999880e+36 1.105439999999999954e+39 1.000000000000000000e+00 0.000000000000000000e+00
3.081286926400000000e+15 1.852054717600000106e+36 1.100439999999999970e+39 1.000000000000000000e+00 0.000000000000000000e+00
3.053350039400000000e+15 1.826911519199999940e+36 1.095439999999999987e+39 1.000000000000000000e+00 0.000000000000000000e+00
3.025540376400000000e+15 1.801882822499999917e+36 1.090440000000000003e+39 1.000000000000000000e+00 0.000000000000000000e+00
2.997857937500000000e+15 1.776968627500000039e+36 1.085440000000000019e+39 1.000000000000000000e+00 0.000000000000000000e+00
2.970302722800000000e+15 1.752168934200000010e+36 1.080440000000000035e+39 1.000000000000000000e+00 0.000000000000000000e+00
2.942874732100000000e+15 1.727483742700000073e+36 1.075440000000000051e+39 1.000000000000000000e+00 0.000000000000000000e+00
2.915573965600000000e+15 1.702913052800000037e+36 1.070440000000000067e+39 1.000000000000000000e+00 0.000000000000000000e+00
2.888400423100000000e+15 1.678456864600000146e+36 1.065439999999999932e+39 1.000000000000000000e+00 0.000000000000000000e+00
2.861354104800000000e+15 1.654115178100000105e+36 1.060439999999999949e+39 1.000000000000000000e+00 0.000000000000000000e+00
2.834435010600000000e+15 1.629887993299999912e+36 1.055439999999999965e+39 1.000000000000000000e+00 0.000000000000000000e+00
2.807643140400000000e+15 1.605775310199999864e+36 1.050439999999999981e+39 1.000000000000000000e+00 0.000000000000000000e+00
2.780978494400000000e+15 1.581777128700000013e+36 1.045439999999999997e+39 1.000000000000000000e+00 0.000000000000000000e+00
2.754441072500000000e+15 1.557893448999999958e+36 1.040440000000000013e+39 1.000000000000000000e+00 0.000000000000000000e+00
2.728030874700000000e+15 1.534124271000000048e+36 1.035440000000000029e+39 1.000000000000000000e+00 0.000000000000000000e+00
2.701747901000000000e+15 1.510469594699999987e+36 1.030440000000000046e+39 1.000000000000000000e+00 0.000000000000000000e+00
2.675592151400000000e+15 1.486929420100000070e+36 1.025440000000000062e+39 1.000000000000000000e+00 0.000000000000000000e+00
2.649563626000000000e+15 1.463503747100000056e+36 1.020439999999999927e+39 1.000000000000000000e+00 0.000000000000000000e+00
2.623662324600000000e+15 1.440192575900000133e+36 1.015439999999999943e+39 1.000000000000000000e+00 0.000000000000000000e+00
2.597888247300000000e+15 1.416995906300000112e+36 1.010439999999999959e+39 1.000000000000000000e+00 0.000000000000000000e+00
2.572241394100000000e+15 1.393913738499999887e+36 1.005439999999999975e+39 1.000000000000000000e+00 0.000000000000000000e+00
2.546721765100000000e+15 1.370946072299999859e+36 1.000439999999999991e+39 1.000000000000000000e+00 0.000000000000000000e+00
2.521329360100000000e+15 1.348092907899999923e+36 9.954400000000000076e+38 1.000000000000000000e+00 0.000000000000000000e+00
2.496064179300000000e+15 1.325354245100000037e+36 9.904400000000000238e+38 1.000000000000000000e+00 0.000000000000000000e+00
2.470926222600000000e+15 1.302730084099999947e+36 9.854400000000000400e+38 1.000000000000000000e+00 0.000000000000000000e+00
2.445915489900000000e+15 1.280220424700000054e+36 9.804400000000000562e+38 1.000000000000000000e+00 0.000000000000000000e+00
2.421031981400000000e+15 1.257825267000000011e+36 9.754400000000000723e+38 1.000000000000000000e+00 0.000000000000000000e+00
2.396275697000000000e+15 1.235544610999999964e+36 9.704399999999999374e+38 1.000000000000000000e+00 0.000000000000000000e+00
2.371646636700000000e+15 1.213378456800000009e+36 9.654399999999999535e+38 1.000000000000000000e+00 0.000000000000000000e+00
2.347144800500000000e+15 1.191326804199999956e+36 9.604399999999999697e+38 1.000000000000000000e+00 0.000000000000000000e+00
2.322770188400000000e+15 1.169389653300000047e+36 9.554399999999999859e+38 1.000000000000000000e+00 0.000000000000000000e+00
2.298522800400000000e+15 1.147567004099999987e+36 9.504400000000000020e+38 1.000000000000000000e+00 0.000000000000000000e+00
2.274402636500000000e+15 1.125858856600000072e+36 9.454400000000000182e+38 1.000000000000000000e+00 0.000000000000000000e+00
2.250409696700000000e+15 1.104265210800000006e+36 9.404400000000000344e+38 1.000000000000000000e+00 0.000000000000000000e+00
2.226543981000000000e+15 1.082786066699999936e+36 9.354400000000000506e+38 1.000000000000000000e+00 0.000000000000000000e+00
2.202805489500000000e+15 1.061421424300000012e+36 9.304400000000000667e+38 1.000000000000000000e+00 0.000000000000000000e+00
2.179194222000000000e+15 1.040171283599999936e+36 9.254399999999999318e+38 1.000000000000000000e+00 0.000000000000000000e+00
2.155710178700000000e+15 1.019035644500000057e+36 9.204399999999999479e+38 1.000000000000000000e+00 0.000000000000000000e+00
2.132353359400000000e+15 9.980145072299999889e+35 9.154399999999999641e+38 1.000000000000000000e+00 0.000000000000000000e+00
2.109123764300000000e+15 9.771078716000000375e+35 9.104399999999999803e+38 1.000000000000000000e+00 0.000000000000000000e+00
2.086021393200000000e+15 9.563157376699999353e+35 9.054399999999999965e+38 1.000000000000000000e+00 0.000000000000000000e+00
2.063046246300000000e+15 9.356381054300000712e+35 9.004400000000000126e+38 1.000000000000000000e+00 0.000000000000000000e+00
2.040198323500000000e+15 9.150749748900000564e+35 8.954400000000000288e+38 1.000000000000000000e+00 0.000000000000000000e+00
2.017477624800000000e+15 8.946263460500000384e+35 8.904400000000000450e+38 1.000000000000000000e+00 0.000000000000000000e+00
1.994884150200000000e+15 8.742922188999999634e+35 8.854400000000000611e+38 1.000000000000000000e+00 0.000000000000000000e+00
1.972417899700000000e+15 8.540725934500000328e+35 8.804399999999999262e+38 1.000000000000000000e+00 0.000000000000000000e+00
1.950078873300000000e+15 8.339674696900000452e+35 8.754399999999999423e+38 1.000000000000000000e+00 0.000000000000000000e+00
1.927867071000000000e+15 8.139768476300000544e+35 8.704399999999999585e+38 1.000000000000000000e+00 0.000000000000000000e+00
1.905782492800000000e+15 7.941007272600000066e+35 8.654399999999999747e+38 1.000000000000000000e+00 0.000000000000000000e+00
1.883825138700000000e+15 7.743391086000000094e+35 8.604399999999999909e+38 1.000000000000000000e+00 0.000000000000000000e+00
1.861995008700000000e+15 7.546919916200000490e+35 8.554400000000000070e+38 1.000000000000000000e+00 0.000000000000000000e+00
1.840292102900000000e+15 7.351593763399999378e+35 8.504400000000000232e+38 1.000000000000000000e+00 0.000000000000000000e+00
1.818716421100000000e+15 7.157412627599999710e+35 8.454400000000000394e+38 1.000000000000000000e+00 0.000000000000000000e+00
1.797267963500000000e+15 6.964376508800000010e+35 8.404400000000000555e+38 1.000000000000000000e+00 0.000000000000000000e+00
1.775946729900000000e+15 6.772485406899999741e+35 8.354400000000000717e+38 1.000000000000000000e+00 0.000000000000000000e+00
1.754752720500000000e+15 6.581739321899999639e+35 8.304399999999999367e+38 3.398081534800000192e+00 0.000000000000000000e+00
1.739829324500000000e+15 6.448049484599999662e+35 8.254399999999999529e+38 3.398081534800000192e+00 0.000000000000000000e+00
1.724995256800000000e+15 6.316287597600000348e+35 8.204399999999999691e+38 3.398081534800000192e+00 0.000000000000000000e+00
1.710249761900000000e+15 6.186437353400000046e+35 8.154399999999999853e+38 3.398081534800000192e+00 0.000000000000000000e+00
1.695592086100000000e+15 6.058482483999999855e+35 8.104400000000000014e+38 3.398081534800000192e+00 0.000000000000000000e+00
1.681021477400000000e+15 5.932406761100000280e+35 8.054400000000000176e+38 3.398081534800000192e+00 0.000000000000000000e+00
1.666537185700000000e+15 5.808193996200000290e+35 8.004400000000000338e+38 3.398081534800000192e+00 0.000000000000000000e+00
1.652138462900000000e+15 5.685828040700000069e+35 7.954400000000000499e+38 3.398081534800000192e+00 0.000000000000000000e+00
1.637824562500000000e+15 5.565292786099999877e+35 7.904400000000000661e+38 3.398081534800000192e+00 0.000000000000000000e+00
1.623594740100000000e+15 5.446572164399999988e+35 7.854399999999999312e+38 3.398081534800000192e+00 0.000000000000000000e+00
1.609448253100000000e+15 5.329650147600000216e+35 7.804399999999999473e+38 3.398081534800000192e+00 0.000000000000000000e+00
1.595384360700000000e+15 5.214510748700000124e+35 7.754399999999999635e+38 3.398081534800000192e+00 0.000000000000000000e+00
1.581402324100000000e+15 5.101138020999999687e+35 7.704399999999999797e+38 3.398081534800000192e+00 0.000000000000000000e+00
1.567501406300000000e+15 4.989516059100000244e+35 7.654399999999999958e+38 3.398081534800000192e+00 0.000000000000000000e+00
1.553680872300000000e+15 4.879628998199999995e+35 7.604400000000000120e+38 3.398081534800000192e+00 0.000000000000000000e+00
1.539939988900000000e+15 4.771461015100000114e+35 7.554400000000000282e+38 3.398081534800000192e+00 0.000000000000000000e+00
1.526278024800000000e+15 4.664996327699999847e+35 7.504400000000000443e+38 3.398081534800000192e+00 0.000000000000000000e+00
1.512694250800000000e+15 4.560219195599999739e+35 7.454400000000000605e+38 3.398081534800000192e+00 0.000000000000000000e+00
1.499187939400000000e+15 4.457113919899999821e+35 7.404399999999999256e+38 3.398081534800000192e+00 0.000000000000000000e+00
1.485758365300000000e+15 4.355664843799999882e+35 7.354399999999999417e+38 3.398081534800000192e+00 0.000000000000000000e+00
1.472404805000000000e+15 4.255856352300000069e+35 7.304399999999999579e+38 3.398081534800000192e+00 0.000000000000000000e+00
1.459126536900000000e+15 4.157672872699999890e+35 7.254399999999999741e+38 3.398081534800000192e+00 0.000000000000000000e+00
1.445922841400000000e+15 4.061098874800000022e+35 7.204399999999999902e+38 3.398081534800000192e+00 0.000000000000000000e+00
1.432793001000000000e+15 3.966118870800000300e+35 7.154400000000000064e+38 3.398081534800000192e+00 0.000000000000000000e+00
1.419736300000000000e+15 3.872717415500000053e+35 7.104400000000000226e+38 3.398081534800000192e+00 0.000000000000000000e+00
1.406752024800000000e+15 3.780879107100000192e+35 7.054400000000000387e+38 3.398081534800000192e+00 0.000000000000000000e+00
1.393839463800000000e+15 3.690588586299999847e+35 7.004400000000000549e+38 3.398081534800000192e+00 0.000000000000000000e+00
1.380997907300000000e+15 3.601830537400000065e+35 6.954400000000000711e+38 3.398081534800000192e+00 0.000000000000000000e+00
1.368226647700000000e+15 3.514589688200000325e+35 6.904399999999999361e+38 3.398081534800000192e+00 0.000000000000000000e+00
1.355524979500000000e+15 3.428850810000000008e+35 6.854399999999999523e+38 3.398081534800000192e+00 0.000000000000000000e+00
1.342892199000000000e+15 3.344598717999999812e+35 6.804399999999999685e+38 3.398081534800000192e+00 0.000000000000000000e+00
1.330327604800000000e+15 3.261818271400000079e+35 6.754399999999999846e+38 3.398081534800000192e+00 0.000000000000000000e+00
1.317830497300000000e+15 3.180494373600000019e+35 6.704400000000000008e+38 3.398081534800000192e+00 0.000000000000000000e+00
1.305400179100000000e+15 3.100611972700000032e+35 6.654400000000000170e+38 3.398081534800000192e+00 0.000000000000000000e+00
1.293035955000000000e+15 3.022156060899999961e+35 6.604400000000000331e+38 3.398081534800000192e+00 0.000000000000000000e+00
1.280737131600000000e+15 2.945111675700000002e+35 6.554399999999999737e+38 3.398081534800000192e+00 0.000000000000000000e+00
1.268503017700000000e+15 2.869463899500000036e+35 6.504399999999999899e+38 3.398081534800000192e+00 0.000000000000000000e+00
1.256332924300000000e+15 2.795197859700000163e+35 6.454400000000000061e+38 3.398081534800000192e+00 0.000000000000000000e+00
1.244226164400000000e+15 2.722298729299999868e+35 6.404400000000000223e+38 3.398081534800000192e+00 0.000000000000000000e+00
1.232182053100000000e+15 2.650751727200000004e+35 6.354399999999999629e+38 3.398081534800000192e+00 0.000000000000000000e+00
1.220199907600000000e+15 2.580542117799999906e+35 6.304399999999999790e+38 3.398081534800000192e+00 0.000000000000000000e+00
1.208279047400000000e+15 2.511655211599999874e+35 6.254399999999999952e+38 3.398081534800000192e+00 0.000000000000000000e+00
1.196418794000000000e+15 2.444076365799999972e+35 6.204400000000000114e+38 3.398081534800000192e+00 0.000000000000000000e+00
1.184618471000000000e+15 2.377790983599999959e+35 6.154400000000000275e+38 3.398081534800000192e+00 0.000000000000000000e+00
1.172877404400000000e+15 2.312784515399999829e+35 6.104399999999999681e+38 3.398081534800000192e+00 0.000000000000000000e+00
1.161194922200000000e+15 2.249042458300000080e+35 6.054399999999999843e+38 3.398081534800000192e+00 0.000000000000000000e+00
1.149570354600000000e+15 2.186550356700000142e+35 6.004400000000000005e+38 3.398081534800000192e+00 0.000000000000000000e+00
1.138003034100000000e+15 2.125293802499999820e+35 5.954400000000000167e+38 3.398081534800000192e+00 0.000000000000000000e+00
1.126492295100000000e+15 2.065258435199999832e+35 5.904400000000000328e+38 3.398081534800000192e+00 0.000000000000000000e+00
1.115037474700000000e+15 2.006429942200000100e+35 5.854399999999999734e+38 3.398081534800000192e+00 0.000000000000000000e+00
1.103637911900000000e+15 1.948794059099999888e+35 5.804399999999999896e+38 3.398081534800000192e+00 0.000000000000000000e+00
1.092292948000000000e+15 1.892336570099999951e+35 5.754400000000000058e+38 3.398081534800000192e+00 0.000000000000000000e+00
1.081001926700000000e+15 1.837043307799999988e+35 5.704400000000000219e+38 3.398081534800000192e+00 0.000000000000000000e+00
1.069764193600000000e+15 1.782900153800000015e+35 5.654399999999999625e+38 3.398081534800000192e+00 0.000000000000000000e+00
1.058579097100000000e+15 1.729893038899999971e+35 5.604399999999999787e+38 3.398081534800000192e+00 0.000000000000000000e+00
1.047445987400000000e+15 1.678007943399999851e+35 5.554399999999999949e+38 3.398081534800000192e+00 0.000000000000000000e+00
1.036364217400000000e+15 1.627230897200000061e+35 5.504400000000000111e+38 3.398081534800000192e+00 0.000000000000000000e+00
1.025333142000000000e+15 1.577547980300000045e+35 5.454400000000000272e+38 3.398081534800000192e+00 0.000000000000000000e+00
1.014352118700000000e+15 1.528945322699999965e+35 5.404399999999999678e+38 3.398081534800000192e+00 0.000000000000000000e+00
1.003420507000000000e+15 1.481409105299999999e+35 5.354399999999999840e+38 3.398081534800000192e+00 0.000000000000000000e+00
9.925376691700000000e+14 1.434925559300000073e+35 5.304400000000000002e+38 3.398081534800000192e+00 0.000000000000000000e+00
9.817029695200000000e+14 1.389480967600000002e+35 5.254400000000000163e+38 3.398081534800000192e+00 0.000000000000000000e+00
9.709157748900000000e+14 1.345061663900000007e+35 5.204400000000000325e+38 3.398081534800000192e+00 0.000000000000000000e+00
9.601754544700000000e+14 1.301654033899999967e+35 5.154399999999999731e+38 3.398081534800000192e+00 0.000000000000000000e+00
9.494813798800000000e+14 1.259244515199999991e+35 5.104399999999999893e+38 3.398081534800000192e+00 0.000000000000000000e+00
9.388329251400000000e+14 1.217819597699999983e+35 5.054400000000000055e+38 3.398081534800000192e+00 0.000000000000000000e+00
9.282294667300000000e+14 1.177365823899999964e+35 5.004400000000000216e+38 3.398081534800000192e+00 0.000000000000000000e+00
9.176703835500000000e+14 1.137869789000000059e+35 4.954399999999999622e+38 3.398081534800000192e+00 0.000000000000000000e+00
9.071550569900000000e+14 1.099318141600000012e+35 4.904399999999999784e+38 3.398081534800000192e+00 0.000000000000000000e+00
8.966828709200000000e+14 1.061697583699999925e+35 4.854399999999999946e+38 3.398081534800000192e+00 0.000000000000000000e+00
8.862532116900000000e+14 1.024994871399999967e+35 4.804400000000000107e+38 3.398081534800000192e+00 0.000000000000000000e+00
8.758654681700000000e+14 9.891968148199999735e+34 4.754400000000000269e+38 3.398081534800000192e+00 0.000000000000000000e+00
8.655190317600000000e+14 9.542902785300000657e+34 4.704399999999999675e+38 3.398081534800000192e+00 0.000000000000000000e+00
8.552132964000000000e+14 9.202621821100000804e+34 4.654399999999999837e+38 3.398081534800000192e+00 0.000000000000000000e+00
8.449476585900000000e+14 8.870995003399999269e+34 4.604399999999999999e+38 3.398081534800000192e+00 0.000000000000000000e+00
8.347215173900000000e+14 8.547892635599999724e+34 4.554400000000000160e+38 3.398081534800000192e+00 0.000000000000000000e+00
8.245342744700000000e+14 8.233185580900000166e+34 4.504400000000000322e+38 3.398081534800000192e+00 0.000000000000000000e+00
8.143853341200000000e+14 7.926745265399999610e+34 4.454399999999999728e+38 3.398081534800000192e+00 0.000000000000000000e+00
8.042741032200000000e+14 7.628443682200000027e+34 4.404399999999999890e+38 3.398081534800000192e+00 0.000000000000000000e+00
7.941999913300000000e+14 7.338153395000000045e+34 4.354400000000000051e+38 3.398081534800000192e+00 0.000000000000000000e+00
7.841571770500000000e+14 7.089886915900000121e+34 4.304400000000000213e+38 2.063829787199999988e+00 0.000000000000000000e+00
7.741442872300000000e+14 6.920967519600000010e+34 4.254400000000000375e+38 2.063829787199999988e+00 0.000000000000000000e+00
7.641533184600000000e+14 6.754146946700000440e+34 4.204399999999999781e+38 2.063829787199999988e+00 0.000000000000000000e+00
7.541842542000000000e+14 6.589423614000000009e+34 4.154399999999999943e+38 2.063829787199999988e+00 0.000000000000000000e+00
7.442370777300000000e+14 6.426795920599999577e+34 4.104400000000000104e+38 2.063829787199999988e+00 0.000000000000000000e+00
7.343117721400000000e+14 6.266262247299999777e+34 4.054400000000000266e+38 2.063829787199999988e+00 0.000000000000000000e+00
7.244083203100000000e+14 6.107820956600000100e+34 4.004399999999999672e+38 2.063829787199999988e+00 0.000000000000000000e+00
7.145267049600000000e+14 5.951470391699999966e+34 3.954399999999999834e+38 2.063829787199999988e+00 0.000000000000000000e+00
7.046669085700000000e+14 5.797208876399999857e+34 3.904399999999999995e+38 2.063829787199999988e+00 0.000000000000000000e+00
6.948289134300000000e+14 5.645034714800000065e+34 3.854400000000000157e+38 2.063829787199999988e+00 0.000000000000000000e+00
6.850127016100000000e+14 5.494946190100000335e+34 3.804400000000000319e+38 2.063829787199999988e+00 0.000000000000000000e+00
6.752182549600000000e+14 5.346941564800000384e+34 3.754399999999999725e+38 2.063829787199999988e+00 0.000000000000000000e+00
6.654455551100000000e+14 5.201019080000000383e+34 3.704399999999999887e+38 2.063829787199999988e+00 0.000000000000000000e+00
6.556945834600000000e+14 5.057176954300000392e+34 3.654400000000000048e+38 2.063829787199999988e+00 0.000000000000000000e+00
6.459653211600000000e+14 4.915413384099999762e+34 3.604400000000000210e+38 2.063829787199999988e+00 0.000000000000000000e+00
6.362577491400000000e+14 4.775726542299999735e+34 3.554400000000000372e+38 2.063829787199999988e+00 0.000000000000000000e+00
6.265718480600000000e+14 4.638114577899999639e+34 3.504399999999999778e+38 2.063829787199999988e+00 0.000000000000000000e+00
6.169075983400000000e+14 4.502575615499999731e+34 3.454399999999999939e+38 2.063829787199999988e+00 0.000000000000000000e+00
6.072649801100000000e+14 4.369107754500000036e+34 3.404400000000000101e+38 2.063829787199999988e+00 0.000000000000000000e+00
5.976439732700000000e+14 4.237709068099999580e+34 3.354399999999999885e+38 2.063829787199999988e+00 0.000000000000000000e+00
5.880445574100000000e+14 4.108377603100000022e+34 3.304400000000000047e+38 2.063829787199999988e+00 0.000000000000000000e+00
5.784667118300000000e+14 3.981111378800000018e+34 3.254399999999999831e+38 2.063829787199999988e+00 0.000000000000000000e+00
5.689104155700000000e+14 3.855908386099999790e+34 3.204399999999999992e+38 2.063829787199999988e+00 0.000000000000000000e+00
5.593756473200000000e+14 3.732766586900000022e+34 3.154400000000000154e+38 2.063829787199999988e+00 0.000000000000000000e+00
5.498623855000000000e+14 3.611683913100000178e+34 3.104399999999999938e+38 2.063829787199999988e+00 0.000000000000000000e+00
5.403706081800000000e+14 3.492658265600000039e+34 3.054400000000000100e+38 2.063829787199999988e+00 0.000000000000000000e+00
5.309002930900000000e+14 3.375687513600000189e+34 3.004399999999999883e+38 2.063829787199999988e+00 0.000000000000000000e+00
5.214514176500000000e+14 3.260769493099999944e+34 2.954400000000000045e+38 2.063829787199999988e+00 0.000000000000000000e+00
5.120239588900000000e+14 3.147902006400000200e+34 2.904399999999999829e+38 2.063829787199999988e+00 0.000000000000000000e+00
5.026178935000000000e+14 3.037082820500000183e+34 2.854399999999999991e+38 2.063829787199999988e+00 0.000000000000000000e+00
4.932331977700000000e+14 2.928309666200000172e+34 2.804400000000000152e+38 2.063829787199999988e+00 0.000000000000000000e+00
4.838698476100000000e+14 2.821580236799999958e+34 2.754399999999999936e+38 2.063829787199999988e+00 0.000000000000000000e+00
4.745278185200000000e+14 2.716892186600000001e+34 2.704400000000000098e+38 2.063829787199999988e+00 0.000000000000000000e+00
4.652070855900000000e+14 2.614243130000000008e+34 2.654399999999999882e+38 2.063829787199999988e+00 0.000000000000000000e+00
4.559076234600000000e+14 2.513630639399999910e+34 2.604400000000000044e+38 2.063829787199999988e+00 0.000000000000000000e+00
4.466294063200000000e+14 2.415052244299999822e+34 2.554399999999999827e+38 2.063829787199999988e+00 0.000000000000000000e+00
4.373724079100000000e+14 2.318505429099999842e+34 2.504399999999999989e+38 2.063829787199999988e+00 0.000000000000000000e+00
4.281366014700000000e+14 2.223987631900000145e+34 2.454400000000000151e+38 2.063829787199999988e+00 0.000000000000000000e+00
4.189230000000000000e+14 2.134600000000000217e+34 2.404399999999999935e+38 3.166999999999999815e+00 0.000000000000000000e+00
4.096610000000000000e+14 2.007939999999999979e+34 2.354400000000000096e+38 3.173000000000000043e+00 0.000000000000000000e+00
4.004310000000000000e+14 1.885980000000000090e+34 2.304399999999999880e+38 3.177999999999999936e+00 0.000000000000000000e+00
3.912330000000000000e+14 1.768680000000000016e+34 2.254400000000000042e+38 3.182999999999999829e+00 0.000000000000000000e+00
3.820670000000000000e+14 1.655990000000000011e+34 2.204399999999999826e+38 3.188000000000000167e+00 0.000000000000000000e+00
3.729310000000000000e+14 1.547860000000000098e+34 2.154399999999999988e+38 3.193000000000000060e+00 0.000000000000000000e+00
3.638260000000000000e+14 1.444260000000000107e+34 2.104400000000000149e+38 3.197999999999999954e+00 0.000000000000000000e+00
3.547500000000000000e+14 1.345109999999999890e+34 2.054399999999999933e+38 3.202999999999999847e+00 0.000000000000000000e+00
3.457040000000000000e+14 1.250370000000000065e+34 2.004400000000000095e+38 3.206999999999999851e+00 0.000000000000000000e+00
3.366860000000000000e+14 1.159980000000000061e+34 1.954399999999999879e+38 3.210999999999999854e+00 0.000000000000000000e+00
3.276970000000000000e+14 1.073859999999999962e+34 1.904400000000000040e+38 3.214999999999999858e+00 0.000000000000000000e+00
3.187350000000000000e+14 9.919659999999999849e+33 1.854399999999999824e+38 3.218999999999999861e+00 0.000000000000000000e+00
3.098000000000000000e+14 9.142110000000000054e+33 1.804399999999999986e+38 3.221999999999999975e+00 0.000000000000000000e+00
3.008920000000000000e+14 8.405250000000000098e+33 1.754400000000000148e+38 3.225000000000000089e+00 0.000000000000000000e+00
2.920090000000000000e+14 7.708299999999999927e+33 1.704399999999999932e+38 3.226999999999999869e+00 0.000000000000000000e+00
2.831520000000000000e+14 7.050419999999999842e+33 1.654400000000000093e+38 3.229000000000000092e+00 0.000000000000000000e+00
2.743190000000000000e+14 6.430749999999999872e+33 1.604400000000000066e+38 3.229000000000000092e+00 0.000000000000000000e+00
2.655110000000000000e+14 5.848389999999999514e+33 1.554400000000000039e+38 3.229000000000000092e+00 0.000000000000000000e+00
2.567250000000000000e+14 5.302379999999999769e+33 1.504400000000000012e+38 3.228000000000000203e+00 0.000000000000000000e+00
2.479630000000000000e+14 4.791740000000000215e+33 1.454399999999999984e+38 3.225999999999999979e+00 0.000000000000000000e+00
1.295050000000000000e+14 7.689799999999999311e+32 7.664719999999999888e+37 2.982000000000000206e+00 1.594540000000000140e+29
1.290150000000000000e+14 7.622969999999999322e+32 7.635870000000000083e+37 2.987999999999999989e+00 1.885049999999999852e+29
1.285240000000000000e+14 7.555870000000000046e+32 7.607020000000000277e+37 2.994000000000000217e+00 2.114219999999999979e+29
1.280340000000000000e+14 7.488860000000000532e+32 7.578179999999999831e+37 3.000000000000000000e+00 2.317030000000000093e+29
1.275430000000000000e+14 7.422049999999999369e+32 7.549330000000000025e+37 3.005999999999999783e+00 2.505359999999999857e+29
1.270530000000000000e+14 7.355490000000000107e+32 7.520480000000000220e+37 2.652000000000000135e+00 2.684709999999999901e+29
1.265620000000000000e+14 7.289220000000000398e+32 7.491630000000000414e+37 2.646999999999999797e+00 2.858069999999999946e+29
1.260720000000000000e+14 7.223260000000000511e+32 7.462779999999999664e+37 2.641999999999999904e+00 3.027220000000000022e+29
1.255810000000000000e+14 7.157620000000000579e+32 7.433940000000000162e+37 2.637000000000000011e+00 3.193309999999999965e+29
1.250910000000000000e+14 7.092329999999999562e+32 7.405090000000000357e+37 2.632000000000000117e+00 3.357110000000000091e+29
1.246000000000000000e+14 7.027380000000000208e+32 7.376239999999999607e+37 2.626999999999999780e+00 3.519159999999999761e+29
1.241100000000000000e+14 6.962779999999999769e+32 7.347389999999999801e+37 2.621999999999999886e+00 3.679839999999999904e+29
1.236200000000000000e+14 6.898549999999999953e+32 7.318539999999999996e+37 2.617999999999999883e+00 3.839449999999999777e+29
1.231290000000000000e+14 6.834689999999999320e+32 7.289699999999999549e+37 2.612999999999999989e+00 3.998199999999999911e+29
1.226390000000000000e+14 6.771199999999999310e+32 7.260849999999999744e+37 2.608000000000000096e+00 4.156229999999999725e+29
1.221490000000000000e+14 6.708079999999999923e+32 7.231999999999999938e+37 2.601999999999999869e+00 4.313680000000000043e+29
1.216590000000000000e+14 6.645349999999999986e+32 7.203150000000000133e+37 2.596999999999999975e+00 4.470629999999999727e+29
1.211690000000000000e+14 6.583009999999999498e+32 7.174300000000000328e+37 2.592000000000000082e+00 4.627149999999999894e+29
1.206780000000000000e+14 6.521049999999999768e+32 7.145459999999999881e+37 2.587000000000000188e+00 4.783299999999999692e+29
1.201880000000000000e+14 6.459490000000000341e+32 7.116610000000000076e+37 2.581999999999999851e+00 4.939110000000000100e+29
1.196980000000000000e+14 6.398310000000000230e+32 7.087760000000000270e+37 2.576999999999999957e+00 5.094609999999999989e+29
1.192080000000000000e+14 6.337539999999999837e+32 7.058910000000000465e+37 2.572000000000000064e+00 5.249830000000000339e+29
1.187180000000000000e+14 6.277150000000000200e+32 7.030059999999999715e+37 2.567000000000000171e+00 5.404769999999999744e+29
1.182280000000000000e+14 6.217170000000000281e+32 7.001220000000000213e+37 2.560999999999999943e+00 5.559430000000000315e+29
1.177380000000000000e+14 6.157579999999999811e+32 6.972370000000000407e+37 2.556000000000000050e+00 5.713840000000000217e+29
1.172480000000000000e+14 6.098399999999999778e+32 6.943519999999999657e+37 2.551000000000000156e+00 5.867969999999999877e+29
1.167580000000000000e+14 6.044189999999999901e+32 6.914669999999999852e+37 2.544999999999999929e+00 3.665489999999999817e+29
1.162680000000000000e+14 5.985859999999999704e+32 6.885820000000000046e+37 2.540000000000000036e+00 3.745210000000000257e+29
1.143090000000000000e+14 5.766690000000000027e+32 6.770430000000000183e+37 2.516999999999999904e+00 2.021059999999999885e+29
1.138190000000000000e+14 5.710449999999999670e+32 6.741580000000000378e+37 2.512000000000000011e+00 2.046910000000000111e+29
1.123500000000000000e+14 5.544120000000000289e+32 6.655040000000000321e+37 2.495000000000000107e+00 2.124179999999999841e+29
1.108810000000000000e+14 5.381329999999999959e+32 6.568500000000000263e+37 2.478000000000000203e+00 2.200909999999999859e+29
1.094120000000000000e+14 5.222059999999999853e+32 6.481949999999999902e+37 2.460999999999999854e+00 2.276919999999999908e+29
1.084330000000000000e+14 5.117840000000000046e+32 6.424259999999999650e+37 2.450000000000000178e+00 2.327119999999999867e+29
1.064760000000000000e+14 4.914049999999999912e+32 6.308860000000000428e+37 2.426000000000000156e+00 2.426219999999999968e+29
1.059860000000000000e+14 4.864060000000000250e+32 6.280019999999999982e+37 2.419999999999999929e+00 2.450699999999999964e+29
1.054970000000000000e+14 4.814460000000000038e+32 6.251170000000000176e+37 2.414000000000000146e+00 2.475050000000000049e+29
1.045180000000000000e+14 4.716399999999999723e+32 6.193469999999999621e+37 2.402000000000000135e+00 2.523349999999999924e+29
1.040290000000000000e+14 4.667940000000000341e+32 6.164619999999999816e+37 2.395999999999999908e+00 2.547289999999999856e+29
1.035400000000000000e+14 4.619860000000000275e+32 6.135780000000000314e+37 2.390000000000000124e+00 2.571099999999999876e+29
1.025620000000000000e+14 4.524830000000000118e+32 6.078079999999999758e+37 2.378000000000000114e+00 2.618269999999999981e+29
1.010940000000000000e+14 4.385080000000000142e+32 5.991539999999999701e+37 2.359999999999999876e+00 2.687879999999999877e+29
1.001160000000000000e+14 4.293770000000000001e+32 5.933840000000000090e+37 2.346999999999999975e+00 2.733499999999999848e+29
9.962710000000000000e+13 4.260939999999999902e+32 5.904990000000000284e+37 2.339999999999999858e+00 2.998380000000000077e+29
9.913800000000000000e+13 4.216450000000000275e+32 5.876139999999999534e+37 2.334000000000000075e+00 2.999609999999999833e+29
9.864910000000000000e+13 4.172319999999999697e+32 5.847300000000000032e+37 2.326999999999999957e+00 3.000639999999999969e+29
9.816010000000000000e+13 4.128550000000000329e+32 5.818450000000000227e+37 2.321000000000000174e+00 3.001470000000000134e+29
9.767120000000000000e+13 4.085129999999999876e+32 5.789600000000000421e+37 2.314999999999999947e+00 3.002109999999999833e+29
9.718220000000000000e+13 4.042069999999999912e+32 5.760749999999999671e+37 2.307999999999999829e+00 3.002560000000000121e+29
9.669330000000000000e+13 3.999350000000000171e+32 5.731899999999999866e+37 2.302000000000000046e+00 3.002799999999999876e+29
9.620450000000000000e+13 3.956980000000000065e+32 5.703060000000000364e+37 2.294999999999999929e+00 3.002860000000000079e+29
9.571560000000000000e+13 3.914969999999999729e+32 5.674209999999999614e+37 2.289000000000000146e+00 3.002719999999999958e+29
9.522680000000000000e+13 3.873290000000000201e+32 5.645359999999999809e+37 2.282000000000000028e+00 3.002390000000000075e+29
9.473800000000000000e+13 3.831960000000000309e+32 5.616510000000000003e+37 2.275999999999999801e+00 3.001879999999999935e+29
9.424920000000000000e+13 3.790980000000000053e+32 5.587660000000000198e+37 2.269000000000000128e+00 3.001169999999999824e+29
9.376050000000000000e+13 3.750329999999999884e+32 5.558819999999999751e+37 2.262999999999999901e+00 3.000269999999999951e+29
9.327180000000000000e+13 3.710019999999999939e+32 5.529969999999999946e+37 2.255999999999999783e+00 2.999190000000000174e+29
9.278310000000000000e+13 3.670050000000000215e+32 5.501120000000000140e+37 2.249000000000000110e+00 2.997930000000000140e+29
9.229440000000000000e+13 3.630409999999999860e+32 5.472270000000000335e+37 2.242999999999999883e+00 2.996479999999999993e+29
9.180570000000000000e+13 3.591109999999999726e+32 5.443419999999999585e+37 2.236000000000000210e+00 2.994849999999999941e+29
9.131710000000000000e+13 3.552130000000000268e+32 5.414580000000000083e+37 2.229000000000000092e+00 2.993039999999999985e+29
9.082850000000000000e+13 3.513490000000000312e+32 5.385730000000000277e+37 2.222999999999999865e+00 2.991050000000000125e+29
9.033990000000000000e+13 3.475170000000000311e+32 5.356880000000000472e+37 2.216000000000000192e+00 2.988880000000000009e+29
8.985130000000000000e+13 3.437179999999999678e+32 5.328029999999999722e+37 2.209000000000000075e+00 2.986539999999999846e+29
8.936280000000000000e+13 3.399509999999999720e+32 5.299179999999999916e+37 2.202999999999999847e+00 2.984020000000000131e+29
8.887430000000000000e+13 3.362159999999999717e+32 5.270340000000000414e+37 2.196000000000000174e+00 2.981330000000000018e+29
8.838580000000000000e+13 3.325139999999999803e+32 5.241489999999999664e+37 2.189000000000000057e+00 2.978469999999999858e+29
8.789730000000000000e+13 3.288429999999999710e+32 5.212639999999999859e+37 2.181999999999999940e+00 2.975449999999999862e+29
8.740890000000000000e+13 3.252030000000000158e+32 5.183790000000000054e+37 2.174999999999999822e+00 2.972249999999999961e+29
8.692040000000000000e+13 3.215949999999999841e+32 5.154940000000000248e+37 2.169000000000000039e+00 2.968900000000000082e+29
8.643200000000000000e+13 3.180180000000000066e+32 5.126099999999999802e+37 2.161999999999999922e+00 2.965369999999999946e+29
8.594360000000000000e+13 3.144729999999999885e+32 5.097249999999999996e+37 2.154999999999999805e+00 2.961689999999999832e+29
8.545530000000000000e+13 3.112410000000000119e+32 5.068400000000000191e+37 2.148000000000000131e+00 3.537100000000000187e+29
8.496690000000000000e+13 3.077590000000000075e+32 5.039550000000000385e+37 2.141000000000000014e+00 3.520910000000000218e+29
8.447860000000000000e+13 3.043079999999999851e+32 5.010699999999999635e+37 2.133999999999999897e+00 3.504630000000000120e+29
8.399030000000000000e+13 3.008870000000000036e+32 4.981860000000000133e+37 2.126999999999999780e+00 3.488280000000000315e+29
8.350210000000000000e+13 2.974959999999999909e+32 4.953010000000000328e+37 2.120000000000000107e+00 3.471850000000000239e+29
8.301380000000000000e+13 2.941340000000000055e+32 4.924159999999999578e+37 2.112999999999999989e+00 3.455339999999999893e+29
8.252560000000000000e+13 2.908019999999999889e+32 4.895309999999999772e+37 2.105999999999999872e+00 3.438769999999999696e+29
8.203740000000000000e+13 2.874989999999999998e+32 4.866459999999999967e+37 2.099000000000000199e+00 3.422129999999999790e+29
8.154920000000000000e+13 2.842250000000000021e+32 4.837620000000000465e+37 2.092000000000000082e+00 3.405420000000000176e+29
8.106100000000000000e+13 2.809799999999999957e+32 4.808769999999999715e+37 2.084999999999999964e+00 3.388650000000000007e+29
8.057290000000000000e+13 2.777630000000000035e+32 4.779919999999999909e+37 2.077999999999999847e+00 3.371819999999999988e+29
8.008470000000000000e+13 2.745750000000000026e+32 4.751070000000000104e+37 2.071000000000000174e+00 3.354930000000000117e+29
7.959660000000000000e+13 2.714159999999999932e+32 4.722220000000000299e+37 2.064000000000000057e+00 3.337990000000000254e+29
7.910860000000000000e+13 2.682839999999999844e+32 4.693379999999999852e+37 2.056999999999999940e+00 3.320989999999999836e+29
7.862050000000000000e+13 2.651799999999999897e+32 4.664530000000000047e+37 2.049999999999999822e+00 3.303930000000000271e+29
7.813250000000000000e+13 2.621040000000000091e+32 4.635680000000000241e+37 2.043000000000000149e+00 3.286829999999999868e+29
7.764440000000000000e+13 2.590549999999999932e+32 4.606830000000000436e+37 2.036000000000000032e+00 3.269680000000000175e+29
7.715650000000000000e+13 2.560339999999999913e+32 4.577979999999999686e+37 2.028999999999999915e+00 3.252490000000000347e+29
7.666850000000000000e+13 2.530390000000000128e+32 4.549140000000000184e+37 2.021999999999999797e+00 3.235249999999999822e+29
7.618050000000000000e+13 2.500720000000000123e+32 4.520290000000000378e+37 2.015000000000000124e+00 3.217969999999999866e+29
7.569260000000000000e+13 2.471309999999999991e+32 4.491439999999999628e+37 2.008000000000000007e+00 3.200649999999999775e+29
7.520470000000000000e+13 2.442160000000000093e+32 4.462589999999999823e+37 2.000999999999999890e+00 3.183290000000000252e+29
7.471680000000000000e+13 2.413279999999999842e+32 4.433740000000000017e+37 1.993999999999999995e+00 3.165900000000000101e+29
7.422890000000000000e+13 2.384650000000000050e+32 4.404899999999999571e+37 1.987000000000000099e+00 3.148470000000000166e+29
7.374110000000000000e+13 2.356289999999999906e+32 4.376049999999999765e+37 1.979999999999999982e+00 3.131020000000000163e+29
7.325320000000000000e+13 2.328179999999999861e+32 4.347199999999999960e+37 1.973000000000000087e+00 3.113530000000000026e+29
7.276540000000000000e+13 2.300319999999999916e+32 4.318350000000000154e+37 1.965999999999999970e+00 3.096020000000000172e+29
7.227770000000000000e+13 2.272719999999999845e+32 4.289500000000000349e+37 1.959000000000000075e+00 3.078469999999999832e+29
7.178990000000000000e+13 2.245360000000000099e+32 4.260659999999999902e+37 1.951999999999999957e+00 3.060909999999999986e+29
7.130210000000000000e+13 2.218259999999999867e+32 4.231810000000000097e+37 1.945000000000000062e+00 3.043319999999999863e+29
7.081440000000000000e+13 2.191399999999999962e+32 4.202959999999999819e+37 1.937999999999999945e+00 3.025710000000000023e+29
7.032670000000000000e+13 2.164780000000000022e+32 4.174110000000000014e+37 1.931000000000000050e+00 3.008080000000000117e+29
6.983900000000000000e+13 2.138400000000000049e+32 4.145260000000000208e+37 1.925000000000000044e+00 2.990430000000000142e+29
6.935140000000000000e+13 2.112270000000000175e+32 4.116420000000000234e+37 1.917999999999999927e+00 2.972760000000000101e+29
6.886370000000000000e+13 2.086370000000000134e+32 4.087569999999999956e+37 1.911000000000000032e+00 2.955079999999999849e+29
6.837610000000000000e+13 2.060699999999999925e+32 4.058720000000000151e+37 1.903999999999999915e+00 2.937379999999999882e+29
6.788850000000000000e+13 2.035270000000000043e+32 4.029869999999999873e+37 1.897000000000000020e+00 2.919670000000000057e+29
6.740090000000000000e+13 2.010069999999999994e+32 4.001020000000000068e+37 1.889999999999999902e+00 2.901950000000000022e+29
6.691340000000000000e+13 1.985109999999999910e+32 3.972180000000000093e+37 1.883000000000000007e+00 2.884220000000000129e+29
6.642580000000000000e+13 1.960360000000000112e+32 3.943329999999999816e+37 1.877000000000000002e+00 2.866480000000000027e+29
6.593830000000000000e+13 1.935840000000000147e+32 3.914480000000000010e+37 1.870000000000000107e+00 2.848730000000000067e+29
6.545080000000000000e+13 1.911550000000000014e+32 3.885630000000000205e+37 1.862999999999999989e+00 2.830980000000000107e+29
6.496330000000000000e+13 1.887479999999999940e+32 3.856779999999999927e+37 1.856000000000000094e+00 2.813210000000000079e+29
6.447580000000000000e+13 1.863620000000000151e+32 3.827939999999999953e+37 1.850000000000000089e+00 2.795449999999999909e+29
6.398840000000000000e+13 1.839980000000000062e+32 3.799090000000000147e+37 1.842999999999999972e+00 2.777679999999999881e+29
6.350100000000000000e+13 1.816560000000000031e+32 3.770239999999999870e+37 1.836999999999999966e+00 2.759899999999999996e+29
6.301360000000000000e+13 1.793349999999999926e+32 3.741390000000000064e+37 1.830000000000000071e+00 2.742129999999999968e+29
6.252620000000000000e+13 1.770350000000000107e+32 3.712539999999999787e+37 1.822999999999999954e+00 2.724350000000000083e+29
6.203880000000000000e+13 1.747559999999999852e+32 3.683699999999999812e+37 1.816999999999999948e+00 2.706569999999999845e+29
6.155150000000000000e+13 1.724970000000000110e+32 3.654850000000000007e+37 1.810000000000000053e+00 2.688789999999999960e+29
6.106420000000000000e+13 1.702589999999999933e+32 3.626000000000000201e+37 1.804000000000000048e+00 2.671010000000000074e+29
6.057690000000000000e+13 1.680409999999999908e+32 3.597149999999999924e+37 1.798000000000000043e+00 2.653229999999999837e+29
6.008960000000000000e+13 1.658430000000000035e+32 3.568300000000000118e+37 1.790999999999999925e+00 2.635449999999999951e+29
5.960230000000000000e+13 1.636649999999999953e+32 3.539460000000000144e+37 1.784999999999999920e+00 2.617679999999999923e+29
5.911510000000000000e+13 1.615070000000000024e+32 3.510609999999999866e+37 1.778999999999999915e+00 2.599900000000000038e+29
5.862780000000000000e+13 1.593679999999999932e+32 3.481760000000000061e+37 1.772000000000000020e+00 2.582130000000000010e+29
5.814060000000000000e+13 1.572480000000000039e+32 3.452909999999999783e+37 1.766000000000000014e+00 2.564369999999999840e+29
5.765340000000000000e+13 1.551479999999999938e+32 3.424059999999999978e+37 1.760000000000000009e+00 2.546610000000000022e+29
5.716630000000000000e+13 1.530660000000000081e+32 3.395220000000000003e+37 1.754000000000000004e+00 2.528849999999999852e+29
5.667910000000000000e+13 1.510030000000000062e+32 3.366370000000000198e+37 1.747999999999999998e+00 2.511090000000000034e+29
5.619200000000000000e+13 1.489579999999999928e+32 3.337519999999999920e+37 1.741999999999999993e+00 2.493340000000000074e+29
5.570490000000000000e+13 1.469310000000000039e+32 3.308670000000000115e+37 1.735999999999999988e+00 2.475590000000000114e+29
5.521780000000000000e+13 1.449229999999999988e+32 3.279819999999999837e+37 1.729999999999999982e+00 2.457850000000000011e+29
5.473070000000000000e+13 1.429320000000000048e+32 3.250979999999999863e+37 1.723999999999999977e+00 2.440109999999999909e+29
5.424370000000000000e+13 1.409589999999999993e+32 3.222130000000000057e+37 1.719000000000000083e+00 2.422380000000000017e+29
5.375670000000000000e+13 1.390030000000000049e+32 3.193279999999999780e+37 1.713000000000000078e+00 2.404650000000000124e+29
5.326960000000000000e+13 1.370640000000000036e+32 3.164429999999999974e+37 1.707000000000000073e+00 2.386930000000000089e+29
5.278270000000000000e+13 1.351430000000000087e+32 3.135580000000000169e+37 1.701999999999999957e+00 2.369210000000000054e+29
5.229570000000000000e+13 1.332379999999999936e+32 3.106740000000000194e+37 1.695999999999999952e+00 2.351490000000000020e+29
5.180870000000000000e+13 1.313500000000000076e+32 3.077889999999999917e+37 1.691000000000000059e+00 2.333779999999999843e+29
5.132180000000000000e+13 1.294780000000000013e+32 3.049040000000000111e+37 1.685000000000000053e+00 2.316070000000000018e+29
5.083490000000000000e+13 1.276230000000000062e+32 3.020189999999999833e+37 1.679999999999999938e+00 2.298359999999999841e+29
5.034800000000000000e+13 1.257840000000000088e+32 2.991340000000000028e+37 1.675000000000000044e+00 2.280659999999999873e+29
4.986110000000000000e+13 1.239599999999999957e+32 2.962500000000000054e+37 1.669999999999999929e+00 2.262959999999999906e+29
4.937430000000000000e+13 1.221529999999999938e+32 2.933649999999999776e+37 1.665000000000000036e+00 2.245259999999999939e+29
4.888740000000000000e+13 1.203599999999999989e+32 2.904799999999999971e+37 1.659000000000000030e+00 2.227559999999999972e+29
4.840060000000000000e+13 1.185830000000000018e+32 2.875950000000000165e+37 1.655000000000000027e+00 2.209869999999999862e+29
4.791380000000000000e+13 1.168220000000000024e+32 2.847099999999999887e+37 1.649999999999999911e+00 2.192169999999999895e+29
4.742700000000000000e+13 1.150749999999999920e+32 2.818259999999999913e+37 1.645000000000000018e+00 2.174469999999999928e+29
4.694030000000000000e+13 1.133420000000000067e+32 2.789410000000000108e+37 1.639999999999999902e+00 2.156769999999999961e+29
4.645350000000000000e+13 1.116250000000000011e+32 2.760559999999999830e+37 1.635999999999999899e+00 2.139069999999999994e+29
4.596680000000000000e+13 1.099210000000000071e+32 2.731710000000000025e+37 1.631000000000000005e+00 2.121370000000000026e+29
4.548010000000000000e+13 1.082319999999999976e+32 2.702860000000000219e+37 1.627000000000000002e+00 2.103670000000000059e+29
4.499350000000000000e+13 1.065569999999999951e+32 2.674019999999999773e+37 1.622000000000000108e+00 2.085959999999999882e+29
4.450680000000000000e+13 1.048959999999999996e+32 2.645169999999999967e+37 1.618000000000000105e+00 2.068239999999999847e+29
4.402020000000000000e+13 1.032479999999999978e+32 2.616320000000000162e+37 1.614000000000000101e+00 2.050520000000000164e+29
4.353360000000000000e+13 1.016140000000000030e+32 2.587469999999999884e+37 1.610000000000000098e+00 2.032789999999999920e+29
4.304700000000000000e+13 9.999360000000000627e+31 2.558620000000000078e+37 1.606000000000000094e+00 2.015060000000000027e+29
4.256040000000000000e+13 9.838600000000000776e+31 2.529780000000000104e+37 1.602000000000000091e+00 1.997310000000000067e+29
4.207380000000000000e+13 9.679130000000000518e+31 2.500929999999999826e+37 1.598000000000000087e+00 1.979560000000000107e+29
4.158730000000000000e+13 9.520949999999999853e+31 2.472080000000000021e+37 1.594000000000000083e+00 1.961790000000000079e+29
4.110080000000000000e+13 9.364029999999999460e+31 2.443230000000000216e+37 1.590999999999999970e+00 1.944020000000000052e+29
4.061430000000000000e+13 9.208349999999999794e+31 2.414379999999999938e+37 1.586999999999999966e+00 1.926220000000000098e+29
4.012780000000000000e+13 9.053910000000000853e+31 2.385539999999999964e+37 1.584000000000000075e+00 1.908420000000000145e+29
3.964140000000000000e+13 8.900679999999999715e+31 2.356690000000000158e+37 1.580000000000000071e+00 1.890600000000000125e+29
3.915490000000000000e+13 8.748650000000000210e+31 2.327839999999999880e+37 1.576999999999999957e+00 1.872760000000000036e+29
3.866850000000000000e+13 8.597810000000000761e+31 2.298990000000000075e+37 1.574000000000000066e+00 1.854899999999999881e+29
3.818210000000000000e+13 8.448140000000000022e+31 2.270139999999999797e+37 1.570999999999999952e+00 1.837020000000000009e+29
3.769570000000000000e+13 8.299620000000000247e+31 2.241299999999999823e+37 1.568000000000000060e+00 1.819120000000000070e+29
3.720940000000000000e+13 8.152230000000000087e+31 2.212450000000000018e+37 1.564999999999999947e+00 1.801200000000000064e+29
3.672310000000000000e+13 8.005980000000000217e+31 2.183600000000000212e+37 1.562999999999999945e+00 1.783250000000000132e+29
3.623680000000000000e+13 7.860829999999999741e+31 2.154749999999999934e+37 1.560000000000000053e+00 1.765280000000000132e+29
3.575050000000000000e+13 7.716779999999999560e+31 2.125899999999999893e+37 1.558000000000000052e+00 1.747279999999999855e+29
3.526420000000000000e+13 7.573819999999999902e+31 2.097059999999999918e+37 1.556000000000000050e+00 1.729259999999999863e+29
3.477800000000000000e+13 7.431919999999999643e+31 2.068210000000000113e+37 1.552999999999999936e+00 1.711200000000000087e+29
3.429180000000000000e+13 7.291079999999999686e+31 2.039360000000000071e+37 1.550999999999999934e+00 1.693099999999999825e+29
3.380560000000000000e+13 7.151290000000000256e+31 2.010510000000000030e+37 1.548999999999999932e+00 1.674979999999999846e+29
3.331940000000000000e+13 7.012520000000000232e+31 1.981659999999999988e+37 1.546999999999999931e+00 1.656820000000000085e+29
3.283320000000000000e+13 6.874780000000000287e+31 1.952820000000000014e+37 1.546000000000000041e+00 1.638619999999999836e+29
3.234710000000000000e+13 6.738040000000000202e+31 1.923969999999999972e+37 1.544000000000000039e+00 1.620380000000000156e+29
3.186100000000000000e+13 6.602299999999999976e+31 1.895119999999999931e+37 1.542999999999999927e+00 1.602099999999999989e+29
3.137490000000000000e+13 6.467549999999999835e+31 1.866269999999999889e+37 1.540999999999999925e+00 1.583780000000000039e+29
3.088880000000000000e+13 6.333770000000000233e+31 1.837420000000000084e+37 1.540000000000000036e+00 1.565409999999999920e+29
3.040280000000000000e+13 6.200960000000000269e+31 1.808580000000000110e+37 1.538999999999999924e+00 1.547000000000000018e+29
2.991680000000000000e+13 6.069110000000000170e+31 1.779730000000000068e+37 1.538000000000000034e+00 1.528539999999999946e+29
2.943080000000000000e+13 5.938200000000000389e+31 1.750880000000000026e+37 1.536999999999999922e+00 1.510030000000000058e+29
2.894480000000000000e+13 5.808230000000000025e+31 1.722029999999999985e+37 1.536000000000000032e+00 1.491459999999999967e+29
2.845890000000000000e+13 5.679190000000000205e+31 1.693179999999999943e+37 1.536000000000000032e+00 1.472840000000000059e+29
2.797290000000000000e+13 5.551070000000000255e+31 1.664339999999999969e+37 1.534999999999999920e+00 1.454159999999999949e+29
2.748700000000000000e+13 5.423870000000000176e+31 1.635489999999999927e+37 1.534999999999999920e+00 1.435419999999999988e+29
2.700120000000000000e+13 5.297580000000000193e+31 1.606639999999999886e+37 1.534999999999999920e+00 1.416620000000000000e+29
2.651530000000000000e+13 5.172189999999999634e+31 1.577790000000000080e+37 1.534999999999999920e+00 1.397759999999999985e+29
2.602950000000000000e+13 5.047710000000000071e+31 1.548940000000000039e+37 1.534999999999999920e+00 1.378830000000000085e+29
2.554370000000000000e+13 4.924110000000000385e+31 1.520100000000000064e+37 1.534999999999999920e+00 1.359839999999999983e+29
2.505790000000000000e+13 4.801400000000000348e+31 1.491250000000000023e+37 1.534999999999999920e+00 1.340769999999999963e+29
2.457220000000000000e+13 4.679579999999999961e+31 1.462399999999999981e+37 1.536000000000000032e+00 1.321630000000000058e+29
2.408650000000000000e+13 4.558640000000000350e+31 1.433549999999999940e+37 1.536000000000000032e+00 1.302419999999999917e+29
2.360080000000000000e+13 4.438590000000000388e+31 1.404699999999999898e+37 1.536999999999999922e+00 1.283130000000000033e+29
2.311510000000000000e+13 4.319409999999999629e+31 1.375859999999999924e+37 1.538000000000000034e+00 1.263760000000000055e+29
2.262950000000000000e+13 4.201120000000000320e+31 1.347009999999999882e+37 1.538999999999999924e+00 1.244309999999999983e+29
2.214390000000000000e+13 4.083709999999999986e+31 1.318160000000000077e+37 1.540000000000000036e+00 1.224769999999999958e+29
2.165830000000000000e+13 3.967170000000000205e+31 1.289310000000000035e+37 1.542000000000000037e+00 1.205139999999999982e+29
2.117270000000000000e+13 3.851529999999999847e+31 1.260459999999999994e+37 1.542999999999999927e+00 1.185430000000000087e+29
2.068720000000000000e+13 3.736769999999999815e+31 1.231620000000000019e+37 1.544999999999999929e+00 1.165620000000000030e+29
2.020170000000000000e+13 3.622910000000000106e+31 1.202769999999999978e+37 1.546999999999999931e+00 1.145720000000000021e+29
1.971630000000000000e+13 3.509940000000000047e+31 1.173919999999999936e+37 1.548999999999999932e+00 1.125720000000000026e+29
1.923080000000000000e+13 3.397880000000000085e+31 1.145069999999999895e+37 1.550999999999999934e+00 1.105620000000000046e+29
1.874540000000000000e+13 3.286739999999999993e+31 1.116220000000000089e+37 1.552999999999999936e+00 1.085410000000000045e+29
1.826010000000000000e+13 3.176520000000000222e+31 1.087380000000000115e+37 1.554999999999999938e+00 1.065100000000000059e+29
1.777470000000000000e+13 3.067230000000000094e+31 1.058529999999999955e+37 1.558000000000000052e+00 1.044680000000000053e+29
1.728940000000000000e+13 2.958890000000000058e+31 1.029680000000000032e+37 1.560999999999999943e+00 1.024150000000000028e+29
1.680410000000000000e+13 2.851509999999999886e+31 1.000829999999999990e+37 1.562999999999999945e+00 1.003499999999999949e+29
1.631890000000000000e+13 2.745110000000000026e+31 9.719840000000000463e+36 1.566999999999999948e+00 9.827309999999999778e+28
1.583370000000000000e+13 2.639690000000000029e+31 9.431359999999999946e+36 1.570000000000000062e+00 9.618409999999999678e+28
1.534850000000000000e+13 2.535300000000000111e+31 9.142879999999999429e+36 1.572999999999999954e+00 9.408259999999999754e+28
1.486340000000000000e+13 2.431930000000000049e+31 8.854400000000000092e+36 1.576999999999999957e+00 9.196810000000000717e+28
1.437830000000000000e+13 2.329630000000000062e+31 8.565919999999999574e+36 1.580000000000000071e+00 8.984039999999999333e+28
1.389320000000000000e+13 2.228400000000000149e+31 8.277440000000000238e+36 1.584000000000000075e+00 8.769899999999999831e+28
1.340820000000000000e+13 2.128290000000000078e+31 7.988959999999999720e+36 1.588000000000000078e+00 8.554349999999999261e+28
1.292320000000000000e+13 2.029319999999999846e+31 7.700480000000000384e+36 1.592000000000000082e+00 8.337340000000000093e+28
1.243830000000000000e+13 1.931529999999999899e+31 7.411999999999999866e+36 1.596000000000000085e+00 8.118839999999999236e+28
1.195340000000000000e+13 1.834950000000000006e+31 7.123520000000000530e+36 1.600999999999999979e+00 7.898790000000000180e+28
1.146850000000000000e+13 1.739629999999999935e+31 6.835040000000000012e+36 1.604999999999999982e+00 7.677140000000000118e+28
1.098370000000000000e+13 1.645599999999999907e+31 6.546559999999999495e+36 1.610000000000000098e+00 7.453829999999999904e+28
1.049900000000000000e+13 1.552929999999999913e+31 6.258080000000000158e+36 1.614999999999999991e+00 7.228800000000000389e+28
1.001420000000000000e+13 1.461649999999999948e+31 5.969599999999999641e+36 1.620000000000000107e+00 7.001979999999999930e+28
9.529580000000000000e+12 1.371840000000000001e+31 5.681120000000000304e+36 1.625000000000000000e+00 6.773289999999999665e+28
9.044960000000000000e+12 1.283560000000000064e+31 5.392639999999999787e+36 1.631000000000000005e+00 6.542639999999999993e+28
8.560390000000000000e+12 1.196869999999999902e+31 5.104159999999999860e+36 1.635999999999999899e+00 6.309940000000000434e+28
8.075870000000000000e+12 1.111849999999999955e+31 4.815679999999999933e+36 1.641000000000000014e+00 6.075070000000000055e+28
7.591410000000000000e+12 1.028589999999999986e+31 4.527200000000000006e+36 1.647000000000000020e+00 5.837899999999999824e+28
7.107000000000000000e+12 9.471949999999999781e+30 4.238720000000000079e+36 1.651999999999999913e+00 5.598280000000000115e+28
6.622660000000000000e+12 8.677580000000000322e+30 3.950240000000000152e+36 1.657000000000000028e+00 5.356010000000000251e+28
6.138380000000000000e+12 7.904020000000000181e+30 3.661760000000000225e+36 1.661999999999999922e+00 5.110869999999999842e+28
5.654160000000000000e+12 7.152590000000000298e+30 3.373279999999999707e+36 1.667000000000000037e+00 4.862590000000000088e+28
5.170010000000000000e+12 6.424780000000000461e+30 3.084799999999999780e+36 1.671000000000000041e+00 4.610809999999999946e+28
4.685940000000000000e+12 5.722290000000000433e+30 2.796319999999999853e+36 1.673999999999999932e+00 4.355079999999999659e+28
4.201940000000000000e+12 5.047039999999999941e+30 2.507839999999999926e+36 1.675999999999999934e+00 4.094820000000000432e+28
3.718030000000000000e+12 4.401239999999999800e+30 2.219359999999999999e+36 1.675000000000000044e+00 3.829199999999999991e+28
3.234200000000000000e+12 3.787450000000000213e+30 1.930880000000000072e+36 1.671000000000000041e+00 3.557110000000000039e+28
2.750480000000000000e+12 3.208640000000000196e+30 1.642400000000000145e+36 1.661999999999999922e+00 3.276829999999999958e+28
2.266860000000000000e+12 2.668269999999999827e+30 1.353919999999999923e+36 1.643999999999999906e+00 2.985659999999999865e+28
1.783350000000000000e+12 2.170239999999999961e+30 1.065439999999999996e+36 1.612999999999999989e+00 2.678870000000000144e+28
4.299000000000000000e+11 7.805000000000000069e+29 2.572000000000000181e+35 1.330000000000000071e+00 1.506450000000000062e+28
4.188000000000000000e+11 7.537999999999999717e+29 2.505999999999999897e+35 1.330000000000000071e+00 1.455129999999999927e+28
3.325000000000000000e+11 5.815999999999999745e+29 1.990000000000000163e+35 1.330000000000000071e+00 1.165809999999999924e+28
2.640000000000000000e+11 4.472999999999999815e+29 1.581000000000000083e+35 1.330000000000000071e+00 9.297799999999999813e+27
2.096000000000000000e+11 3.289999999999999843e+29 1.256000000000000028e+35 1.330000000000000071e+00 6.841069999999999801e+27
1.844000000000000000e+11 2.892000000000000018e+29 1.105000000000000000e+35 1.330000000000000071e+00 6.221810000000000396e+27
1.664000000000000000e+11 2.597000000000000095e+29 9.975999999999999784e+34 1.330000000000000071e+00 3.996079999999999920e+27
1.322000000000000000e+11 2.033000000000000102e+29 7.923999999999999875e+34 1.330000000000000071e+00 3.293160000000000158e+27
1.049000000000000000e+11 1.494999999999999961e+29 6.294000000000000085e+34 1.330000000000000071e+00 2.422460000000000012e+27
8.332000000000000000e+10 1.100000000000000064e+29 4.999999999999999843e+34 1.330000000000000071e+00 1.782300000000000002e+27
6.617000000000000000e+10 8.088999999999999432e+28 3.971999999999999897e+34 1.330000000000000071e+00 1.311289999999999924e+27
5.254000000000000000e+10 5.949000000000000344e+28 3.155000000000000010e+34 1.330000000000000071e+00 9.646129999999999985e+26
4.172000000000000000e+10 4.628000000000000126e+28 2.505999999999999897e+34 1.330000000000000071e+00 7.875200000000000595e+26
3.313000000000000000e+10 3.403999999999999866e+28 1.989999999999999932e+34 1.330000000000000071e+00 5.791050000000000196e+26
2.631000000000000000e+10 2.502999999999999803e+28 1.580999999999999991e+34 1.330000000000000071e+00 4.261170000000000143e+26
2.090000000000000000e+10 1.938000000000000082e+28 1.255999999999999936e+34 1.330000000000000071e+00 3.451690000000000088e+26
1.659000000000000000e+10 1.425000000000000067e+28 9.976000000000000246e+33 1.330000000000000071e+00 2.538950000000000110e+26
1.318000000000000000e+10 1.048000000000000007e+28 7.924000000000000337e+33 1.330000000000000071e+00 1.867689999999999969e+26
1.046000000000000000e+10 7.701999999999999683e+27 6.294000000000000085e+33 1.330000000000000071e+00 1.373879999999999975e+26
8.312000000000000000e+09 5.662000000000000348e+27 4.999999999999999728e+33 1.330000000000000071e+00 1.010819999999999921e+26
6.601000000000000000e+09 4.362000000000000029e+27 3.972000000000000127e+33 1.330000000000000071e+00 8.130089999999999436e+25
4.164000000000000000e+09 2.356000000000000079e+27 2.505999999999999955e+33 1.330000000000000071e+00 4.399369999999999874e+25
2.626000000000000000e+09 1.272000000000000034e+27 1.580999999999999991e+33 1.330000000000000071e+00 2.380450000000000180e+25
1.657000000000000000e+09 6.859999999999999767e+26 9.975999999999999957e+32 1.330000000000000071e+00 1.288319999999999913e+25
1.316000000000000000e+09 5.036000000000000296e+26 7.924000000000000337e+32 1.330000000000000071e+00 9.477099999999999527e+24
1.045000000000000000e+09 4.128999999999999924e+26 6.293999999999999941e+32 1.330000000000000071e+00 6.794269999999999770e+24
8.301000000000000000e+08 3.039000000000000162e+26 4.999999999999999728e+32 1.330000000000000071e+00 4.998809999999999830e+24
5.237000000000000000e+08 1.628999999999999891e+26 3.154999999999999923e+32 1.330000000000000071e+00 2.705450000000000161e+24
3.304000000000000000e+08 8.737999999999999925e+25 1.990000000000000076e+32 1.330000000000000071e+00 1.463449999999999964e+24
2.624000000000000000e+08 6.675999999999999817e+25 1.580999999999999919e+32 1.330000000000000071e+00 1.123400000000000065e+24
1.315000000000000000e+08 2.603999999999999941e+25 7.923999999999999616e+31 1.330000000000000071e+00 4.472499999999999827e+23
6.589000000000000000e+07 1.006000000000000014e+25 3.972000000000000199e+31 1.330000000000000071e+00 1.780890000000000165e+23
3.302000000000000000e+07 3.832999999999999839e+24 1.989999999999999986e+31 1.330000000000000071e+00 7.086450000000000092e+22
1.655000000000000000e+07 1.435000000000000086e+24 9.975999999999999642e+30 1.330000000000000071e+00 2.822060000000000131e+22
8.293000000000000000e+06 5.250000000000000315e+23 4.999999999999999818e+30 1.330000000000000071e+00 1.123529999999999934e+22
6.588000000000000000e+06 3.910999999999999759e+23 3.972000000000000087e+30 1.330000000000000071e+00 8.163429999999999541e+21
2.622000000000000000e+06 9.754999999999999214e+22 1.581000000000000009e+30 1.330000000000000071e+00 2.390210000000000197e+21
1.044000000000000000e+06 2.318000000000000105e+22 6.293999999999999902e+29 1.330000000000000071e+00 6.999960000000000000e+20
4.156000000000000000e+05 5.265999999999999476e+21 2.505999999999999907e+29 1.330000000000000071e+00 2.050380000000000000e+20
1.654000000000000000e+05 1.151000000000000000e+21 9.976000000000000768e+28 1.330000000000000071e+00 6.004390000000000000e+19
6.587000000000000000e+04 2.431000000000000000e+20 3.972000000000000263e+28 1.330000000000000071e+00 1.758760000000000000e+19
2.622000000000000000e+04 4.968000000000000000e+19 1.581000000000000061e+28 1.330000000000000071e+00 5.149550000000000000e+18
1.044000000000000000e+04 9.744000000000000000e+18 6.294999999999999717e+27 1.330000000000000071e+00 1.508420000000000000e+18
