6.741790046700000000e+15 4.695083187700000120e+36 1.995439999999999947e+39 1.000000000000000000e+00 0.000000000000000000e+00
6.708046393400000000e+15 4.664713899699999714e+36 1.990440000000000115e+39 1.000000000000000000e+00 0.000000000000000000e+00
6.674387398100000000e+15 4.634420803999999799e+36 1.985439999999999980e+39 1.000000000000000000e+00 0.000000000000000000e+00
6.640813060700000000e+15 4.604203900399999892e+36 1.980440000000000147e+39 1.000000000000000000e+00 0.000000000000000000e+00
6.607323381400000000e+15 4.574063188899999990e+36 1.975440000000000012e+39 1.000000000000000000e+00 0.000000000000000000e+00
6.573918360000000000e+15 4.543998669699999990e+36 1.970439999999999877e+39 1.000000000000000000e+00 0.000000000000000000e+00
6.540597996600000000e+15 4.514010342599999997e+36 1.965440000000000044e+39 1.000000000000000000e+00 0.000000000000000000e+00
6.507362291200000000e+15 4.484098207799999904e+36 1.960439999999999909e+39 1.000000000000000000e+00 0.000000000000000000e+00
6.474211243700000000e+15 4.454262265000000166e+36 1.955440000000000077e+39 1.000000000000000000e+00 0.000000000000000000e+00
6.441144854200000000e+15 4.424502514499999739e+36 1.950439999999999942e+39 1.000000000000000000e+00 0.000000000000000000e+00
6.408163122700000000e+15 4.394818956200000151e+36 1.945440000000000109e+39 1.000000000000000000e+00 0.000000000000000000e+00
6.375266049200000000e+15 4.365211589999999979e+36 1.940439999999999974e+39 1.000000000000000000e+00 0.000000000000000000e+00
6.342453633700000000e+15 4.335680416000000057e+36 1.935440000000000141e+39 1.000000000000000000e+00 0.000000000000000000e+00
6.309725876100000000e+15 4.306225434199999793e+36 1.930440000000000006e+39 1.000000000000000000e+00 0.000000000000000000e+00
6.277082776500000000e+15 4.276846644500000126e+36 1.925439999999999871e+39 1.000000000000000000e+00 0.000000000000000000e+00
6.244524334900000000e+15 4.247544047099999770e+36 1.920440000000000039e+39 1.000000000000000000e+00 0.000000000000000000e+00
6.212050551200000000e+15 4.218317641800000010e+36 1.915439999999999904e+39 1.000000000000000000e+00 0.000000000000000000e+00
6.179661425500000000e+15 4.189167428699999910e+36 1.910440000000000071e+39 1.000000000000000000e+00 0.000000000000000000e+00
6.147356957800000000e+15 4.160093407800000058e+36 1.905439999999999936e+39 1.000000000000000000e+00 0.000000000000000000e+00
6.115137148100000000e+15 4.131095579000000213e+36 1.900440000000000103e+39 1.000000000000000000e+00 0.000000000000000000e+00
6.083001996400000000e+15 4.102173942400000027e+36 1.895439999999999968e+39 1.000000000000000000e+00 0.000000000000000000e+00
6.050951502600000000e+15 4.073328498099999742e+36 1.890440000000000136e+39 1.000000000000000000e+00 0.000000000000000000e+00
6.018985666800000000e+15 4.044559245799999811e+36 1.885440000000000001e+39 1.000000000000000000e+00 0.000000000000000000e+00
5.987104489000000000e+15 4.015866185799999781e+36 1.880439999999999866e+39 1.000000000000000000e+00 0.000000000000000000e+00
5.955307969200000000e+15 3.987249318000000001e+36 1.875440000000000033e+39 1.000000000000000000e+00 0.000000000000000000e+00
5.923596107300000000e+15 3.958708642300000227e+36 1.870439999999999898e+39 1.000000000000000000e+00 0.000000000000000000e+00
5.891968903400000000e+15 3.930244158800000111e+36 1.865440000000000066e+39 1.000000000000000000e+00 0.000000000000000000e+00
5.860426357500000000e+15 3.901855867500000245e+36 1.860439999999999931e+39 1.000000000000000000e+00 0.000000000000000000e+00
5.828968469600000000e+15 3.873543768299999795e+36 1.855440000000000098e+39 1.000000000000000000e+00 0.000000000000000000e+00
5.797595239600000000e+15 3.845307861300000184e+36 1.850439999999999963e+39 1.000000000000000000e+00 0.000000000000000000e+00
5.766306667600000000e+15 3.817148146599999884e+36 1.845440000000000130e+39 1.000000000000000000e+00 0.000000000000000000e+00
5.735102753600000000e+15 3.789064624000000181e+36 1.840439999999999995e+39 1.000000000000000000e+00 0.000000000000000000e+00
5.703983497600000000e+15 3.761057293499999894e+36 1.835439999999999860e+39 1.000000000000000000e+00 0.000000000000000000e+00
5.672948899500000000e+15 3.733126155300000099e+36 1.830440000000000028e+39 1.000000000000000000e+00 0.000000000000000000e+00
5.641998959400000000e+15 3.705271209199999720e+36 1.825439999999999893e+39 1.000000000000000000e+00 0.000000000000000000e+00
5.611133677300000000e+15 3.677492455300000180e+36 1.820440000000000060e+39 1.000000000000000000e+00 0.000000000000000000e+00
5.580353053200000000e+15 3.649789893599999709e+36 1.815439999999999925e+39 1.000000000000000000e+00 0.000000000000000000e+00
5.549657087000000000e+15 3.622163523999999834e+36 1.810440000000000092e+39 1.000000000000000000e+00 0.000000000000000000e+00
5.519045778900000000e+15 3.594613346699999861e+36 1.805439999999999957e+39 1.000000000000000000e+00 0.000000000000000000e+00
5.488519128700000000e+15 3.567139361499999894e+36 1.800440000000000125e+39 1.000000000000000000e+00 0.000000000000000000e+00
5.458077136400000000e+15 3.539741568500000176e+36 1.795439999999999990e+39 1.000000000000000000e+00 0.000000000000000000e+00
5.427719802200000000e+15 3.512419967700000117e+36 1.790439999999999855e+39 1.000000000000000000e+00 0.000000000000000000e+00
5.397447125900000000e+15 3.485174559000000065e+36 1.785440000000000022e+39 1.000000000000000000e+00 0.000000000000000000e+00
5.367259107600000000e+15 3.458005342599999913e+36 1.780439999999999887e+39 1.000000000000000000e+00 0.000000000000000000e+00
5.337155747300000000e+15 3.430912318299999769e+36 1.775440000000000054e+39 1.000000000000000000e+00 0.000000000000000000e+00
5.307137045000000000e+15 3.403895486199999873e+36 1.770439999999999919e+39 1.000000000000000000e+00 0.000000000000000000e+00
5.277203000600000000e+15 3.376954846199999984e+36 1.765440000000000087e+39 1.000000000000000000e+00 0.000000000000000000e+00
5.247353614200000000e+15 3.350090398499999996e+36 1.760439999999999952e+39 1.000000000000000000e+00 0.000000000000000000e+00
5.217588885800000000e+15 3.323302142900000014e+36 1.755440000000000119e+39 1.000000000000000000e+00 0.000000000000000000e+00
5.187908815300000000e+15 3.296590079500000282e+36 1.750439999999999984e+39 1.000000000000000000e+00 0.000000000000000000e+00
5.158313402900000000e+15 3.269954208300000208e+36 1.745439999999999849e+39 1.000000000000000000e+00 0.000000000000000000e+00
5.128802648400000000e+15 3.243394529200000141e+36 1.740440000000000016e+39 1.000000000000000000e+00 0.000000000000000000e+00
5.099376551800000000e+15 3.216911042399999974e+36 1.735439999999999881e+39 1.000000000000000000e+00 0.000000000000000000e+00
5.070035113300000000e+15 3.190503747699999815e+36 1.730440000000000049e+39 1.000000000000000000e+00 0.000000000000000000e+00
5.040778332700000000e+15 3.164172645199999904e+36 1.725439999999999914e+39 1.000000000000000000e+00 0.000000000000000000e+00
5.011606210200000000e+15 3.137917734800000001e+36 1.720440000000000081e+39 1.000000000000000000e+00 0.000000000000000000e+00
4.982518745500000000e+15 3.111739016699999998e+36 1.715439999999999946e+39 1.000000000000000000e+00 0.000000000000000000e+00
4.953515938900000000e+15 3.085636490700000002e+36 1.710440000000000113e+39 1.000000000000000000e+00 0.000000000000000000e+00
4.924597790200000000e+15 3.059610156900000254e+36 1.705439999999999978e+39 1.000000000000000000e+00 0.000000000000000000e+00
4.895764299600000000e+15 3.033660015300000166e+36 1.700440000000000146e+39 1.000000000000000000e+00 0.000000000000000000e+00
4.867015466900000000e+15 3.007786065899999736e+36 1.695440000000000011e+39 1.000000000000000000e+00 0.000000000000000000e+00
4.838351292100000000e+15 2.981988308599999903e+36 1.690439999999999876e+39 1.000000000000000000e+00 0.000000000000000000e+00
4.809771775400000000e+15 2.956266743499999729e+36 1.685440000000000043e+39 1.000000000000000000e+00 0.000000000000000000e+00
4.781276916600000000e+15 2.930621370599999804e+36 1.680439999999999908e+39 1.000000000000000000e+00 0.000000000000000000e+00
4.752866715800000000e+15 2.905052189900000127e+36 1.675440000000000075e+39 1.000000000000000000e+00 0.000000000000000000e+00
4.724541172900000000e+15 2.879559201400000110e+36 1.670439999999999941e+39 1.000000000000000000e+00 0.000000000000000000e+00
4.696300288100000000e+15 2.854142405000000099e+36 1.665440000000000108e+39 1.000000000000000000e+00 0.000000000000000000e+00
4.668144061200000000e+15 2.828801800799999747e+36 1.660439999999999973e+39 1.000000000000000000e+00 0.000000000000000000e+00
4.640072492300000000e+15 2.803537388800000234e+36 1.655440000000000140e+39 1.000000000000000000e+00 0.000000000000000000e+00
4.612085581400000000e+15 2.778349168999999789e+36 1.650440000000000005e+39 1.000000000000000000e+00 0.000000000000000000e+00
4.584183328400000000e+15 2.753237141299999941e+36 1.645439999999999870e+39 1.000000000000000000e+00 0.000000000000000000e+00
4.556365733500000000e+15 2.728201305799999752e+36 1.640440000000000038e+39 1.000000000000000000e+00 0.000000000000000000e+00
4.528632796500000000e+15 2.703241662499999812e+36 1.635439999999999903e+39 1.000000000000000000e+00 0.000000000000000000e+00
4.500984517400000000e+15 2.678358211400000121e+36 1.630440000000000070e+39 1.000000000000000000e+00 0.000000000000000000e+00
4.473420896400000000e+15 2.653550952500000089e+36 1.625439999999999935e+39 1.000000000000000000e+00 0.000000000000000000e+00
4.445941933300000000e+15 2.628819885700000064e+36 1.620440000000000102e+39 1.000000000000000000e+00 0.000000000000000000e+00
4.418547628200000000e+15 2.604165011099999992e+36 1.615439999999999967e+39 1.000000000000000000e+00 0.000000000000000000e+00
4.391237981100000000e+15 2.579586328699999874e+36 1.610440000000000135e+39 1.000000000000000000e+00 0.000000000000000000e+00
4.364012992000000000e+15 2.555083838500000005e+36 1.605440000000000000e+39 1.000000000000000000e+00 0.000000000000000000e+00
4.336872660800000000e+15 2.530657540400000142e+36 1.600439999999999865e+39 1.000000000000000000e+00 0.000000000000000000e+00
4.309816987600000000e+15 2.506307434599999886e+36 1.595440000000000032e+39 1.000000000000000000e+00 0.000000000000000000e+00
4.282845972400000000e+15 2.482033520899999931e+36 1.590439999999999897e+39 1.000000000000000000e+00 0.000000000000000000e+00
4.255959615200000000e+15 2.457835799299999983e+36 1.585440000000000064e+39 1.000000000000000000e+00 0.000000000000000000e+00
4.229157915900000000e+15 2.433714269999999936e+36 1.580439999999999929e+39 1.000000000000000000e+00 0.000000000000000000e+00
4.202440874600000000e+15 2.409668932799999896e+36 1.575440000000000097e+39 1.000000000000000000e+00 0.000000000000000000e+00
4.175808491300000000e+15 2.385699787900000052e+36 1.570439999999999962e+39 1.000000000000000000e+00 0.000000000000000000e+00
4.149260766000000000e+15 2.361806835099999919e+36 1.565440000000000129e+39 1.000000000000000000e+00 0.000000000000000000e+00
4.122797698600000000e+15 2.337990074400000088e+36 1.560439999999999994e+39 1.000000000000000000e+00 0.000000000000000000e+00
4.096419289200000000e+15 2.314249505999999863e+36 1.555439999999999859e+39 1.000000000000000000e+00 0.000000000000000000e+00
4.070125537800000000e+15 2.290585129699999940e+36 1.550440000000000026e+39 1.000000000000000000e+00 0.000000000000000000e+00
4.043916444400000000e+15 2.266996945599999970e+36 1.545439999999999891e+39 1.000000000000000000e+00 0.000000000000000000e+00
4.017792008900000000e+15 2.243484953699999955e+36 1.540440000000000059e+39 1.000000000000000000e+00 0.000000000000000000e+00
3.991752231400000000e+15 2.220049153999999893e+36 1.535439999999999924e+39 1.000000000000000000e+00 0.000000000000000000e+00
3.965797111900000000e+15 2.196689546400000133e+36 1.530440000000000091e+39 1.000000000000000000e+00 0.000000000000000000e+00
3.939926650400000000e+15 2.173406131099999979e+36 1.525439999999999956e+39 1.000000000000000000e+00 0.000000000000000000e+00
3.914140846800000000e+15 2.150198907900000127e+36 1.520440000000000123e+39 1.000000000000000000e+00 0.000000000000000000e+00
3.888439701300000000e+15 2.127067876799999986e+36 1.515439999999999988e+39 1.000000000000000000e+00 0.000000000000000000e+00
3.862823213700000000e+15 2.104013038000000041e+36 1.510439999999999853e+39 1.000000000000000000e+00 0.000000000000000000e+00
3.837291384000000000e+15 2.081034391300000103e+36 1.505440000000000021e+39 1.000000000000000000e+00 0.000000000000000000e+00
3.811844212400000000e+15 2.058131936900000066e+36 1.500439999999999886e+39 1.000000000000000000e+00 0.000000000000000000e+00
3.786481698700000000e+15 2.035305674500000089e+36 1.495440000000000053e+39 1.000000000000000000e+00 0.000000000000000000e+00
3.761203843000000000e+15 2.012555604400000013e+36 1.490439999999999918e+39 1.000000000000000000e+00 0.000000000000000000e+00
3.736010645300000000e+15 1.989881726499999890e+36 1.485440000000000085e+39 1.000000000000000000e+00 0.000000000000000000e+00
3.710902105500000000e+15 1.967284040700000069e+36 1.480439999999999950e+39 1.000000000000000000e+00 0.000000000000000000e+00
3.685878223800000000e+15 1.944762547099999907e+36 1.475440000000000118e+39 1.000000000000000000e+00 0.000000000000000000e+00
3.660939000000000000e+15 1.922317245699999994e+36 1.470439999999999983e+39 1.000000000000000000e+00 0.000000000000000000e+00
3.636084434200000000e+15 1.899948136400000087e+36 1.465440000000000150e+39 1.000000000000000000e+00 0.000000000000000000e+00
3.611314526300000000e+15 1.877655219400000082e+36 1.460440000000000015e+39 1.000000000000000000e+00 0.000000000000000000e+00
3.586629276400000000e+15 1.855438494500000083e+36 1.455439999999999880e+39 1.000000000000000000e+00 0.000000000000000000e+00
3.562028684600000000e+15 1.833297961800000038e+36 1.450440000000000047e+39 1.000000000000000000e+00 0.000000000000000000e+00
3.537512750600000000e+15 1.811233621299999947e+36 1.445439999999999913e+39 1.000000000000000000e+00 0.000000000000000000e+00
3.513081474700000000e+15 1.789245472899999862e+36 1.440440000000000080e+39 1.000000000000000000e+00 0.000000000000000000e+00
3.488734856700000000e+15 1.767333516799999974e+36 1.435439999999999945e+39 1.000000000000000000e+00 0.000000000000000000e+00
3.464472896800000000e+15 1.745497752800000092e+36 1.430440000000000112e+39 1.000000000000000000e+00 0.000000000000000000e+00
3.440295594700000000e+15 1.723738180999999869e+36 1.425439999999999977e+39 1.000000000000000000e+00 0.000000000000000000e+00
3.416202950700000000e+15 1.702054801299999948e+36 1.420440000000000144e+39 1.000000000000000000e+00 0.000000000000000000e+00
3.392194964600000000e+15 1.680447613899999928e+36 1.415440000000000010e+39 2.811594202899999839e+00 0.000000000000000000e+00
3.373649156900000000e+15 1.663810972700000010e+36 1.410439999999999875e+39 2.811594202899999839e+00 0.000000000000000000e+00
3.355168668900000000e+15 1.647280831199999858e+36 1.405440000000000042e+39 2.811594202899999839e+00 0.000000000000000000e+00
3.336753312800000000e+15 1.630856882899999865e+36 1.400439999999999907e+39 2.811594202899999839e+00 0.000000000000000000e+00
3.318402900300000000e+15 1.614538820999999992e+36 1.395440000000000074e+39 2.811594202899999839e+00 0.000000000000000000e+00
3.300117243300000000e+15 1.598326338599999960e+36 1.390439999999999939e+39 2.811594202899999839e+00 0.000000000000000000e+00
3.281896153300000000e+15 1.582219128599999888e+36 1.385440000000000107e+39 2.811594202899999839e+00 0.000000000000000000e+00
3.263739441900000000e+15 1.566216883700000002e+36 1.380439999999999972e+39 2.811594202899999839e+00 0.000000000000000000e+00
3.245646920400000000e+15 1.550319296199999854e+36 1.375440000000000139e+39 2.811594202899999839e+00 0.000000000000000000e+00
3.227618400100000000e+15 1.534526058500000122e+36 1.370440000000000004e+39 2.811594202899999839e+00 0.000000000000000000e+00
3.209653692100000000e+15 1.518836862499999980e+36 1.365439999999999869e+39 2.811594202899999839e+00 0.000000000000000000e+00
3.191752607300000000e+15 1.503251400100000076e+36 1.360440000000000036e+39 2.811594202899999839e+00 0.000000000000000000e+00
3.173914956600000000e+15 1.487769362900000036e+36 1.355440000000000052e+39 2.811594202899999839e+00 0.000000000000000000e+00
3.156140550800000000e+15 1.472390442299999886e+36 1.350440000000000069e+39 2.811594202899999839e+00 0.000000000000000000e+00
3.138429200400000000e+15 1.457114329500000054e+36 1.345439999999999934e+39 2.811594202899999839e+00 0.000000000000000000e+00
3.120780715900000000e+15 1.441940715299999998e+36 1.340439999999999950e+39 2.811594202899999839e+00 0.000000000000000000e+00
3.103194907600000000e+15 1.426869290699999956e+36 1.335439999999999966e+39 2.811594202899999839e+00 0.000000000000000000e+00
3.085671585700000000e+15 1.411899745999999946e+36 1.330439999999999982e+39 2.811594202899999839e+00 0.000000000000000000e+00
3.068210560300000000e+15 1.397031771699999878e+36 1.325439999999999998e+39 2.811594202899999839e+00 0.000000000000000000e+00
3.050811641200000000e+15 1.382265057699999983e+36 1.320440000000000014e+39 2.811594202899999839e+00 0.000000000000000000e+00
3.033474638300000000e+15 1.367599294000000139e+36 1.315440000000000031e+39 2.811594202899999839e+00 0.000000000000000000e+00
3.016199361200000000e+15 1.353034170300000092e+36 1.310440000000000047e+39 2.811594202899999839e+00 0.000000000000000000e+00
2.998985619500000000e+15 1.338569375800000143e+36 1.305440000000000063e+39 2.811594202899999839e+00 0.000000000000000000e+00
2.981833222400000000e+15 1.324204599900000048e+36 1.300439999999999928e+39 2.811594202899999839e+00 0.000000000000000000e+00
2.964741979300000000e+15 1.309939531600000068e+36 1.295439999999999944e+39 2.811594202899999839e+00 0.000000000000000000e+00
2.947711699300000000e+15 1.295773859499999937e+36 1.290439999999999960e+39 2.811594202899999839e+00 0.000000000000000000e+00
2.930742191300000000e+15 1.281707272299999927e+36 1.285439999999999977e+39 2.811594202899999839e+00 0.000000000000000000e+00
2.913833264100000000e+15 1.267739458100000036e+36 1.280439999999999993e+39 2.811594202899999839e+00 0.000000000000000000e+00
2.896984726400000000e+15 1.253870105100000062e+36 1.275440000000000009e+39 2.811594202899999839e+00 0.000000000000000000e+00
2.880196386800000000e+15 1.240098901100000014e+36 1.270440000000000025e+39 2.811594202899999839e+00 0.000000000000000000e+00
2.863468053700000000e+15 1.226425533799999956e+36 1.265440000000000041e+39 2.811594202899999839e+00 0.000000000000000000e+00
2.846799535300000000e+15 1.212849690500000011e+36 1.260440000000000057e+39 2.811594202899999839e+00 0.000000000000000000e+00
2.830190639700000000e+15 1.199371058299999968e+36 1.255440000000000074e+39 2.811594202899999839e+00 0.000000000000000000e+00
2.813641174900000000e+15 1.185989324199999965e+36 1.250439999999999939e+39 2.811594202899999839e+00 0.000000000000000000e+00
2.797150948800000000e+15 1.172704174900000000e+36 1.245439999999999955e+39 2.811594202899999839e+00 0.000000000000000000e+00
2.780719769100000000e+15 1.159515296699999991e+36 1.240439999999999971e+39 2.811594202899999839e+00 0.000000000000000000e+00
2.764347443100000000e+15 1.146422375999999946e+36 1.235439999999999987e+39 2.811594202899999839e+00 0.000000000000000000e+00
2.748033778500000000e+15 1.133425098499999951e+36 1.230440000000000003e+39 2.811594202899999839e+00 0.000000000000000000e+00
2.731778582300000000e+15 1.120523150199999933e+36 1.225440000000000019e+39 2.811594202899999839e+00 0.000000000000000000e+00
2.715581661800000000e+15 1.107716216499999988e+36 1.220440000000000036e+39 2.811594202899999839e+00 0.000000000000000000e+00
2.699442823800000000e+15 1.095003982499999927e+36 1.215440000000000052e+39 2.811594202899999839e+00 0.000000000000000000e+00
2.683361875200000000e+15 1.082386133399999952e+36 1.210440000000000068e+39 2.811594202899999839e+00 0.000000000000000000e+00
2.667338622500000000e+15 1.069862353799999991e+36 1.205439999999999933e+39 2.811594202899999839e+00 0.000000000000000000e+00
2.651372872400000000e+15 1.057432328400000066e+36 1.200439999999999949e+39 2.811594202899999839e+00 0.000000000000000000e+00
2.635464431100000000e+15 1.045095741199999979e+36 1.195439999999999965e+39 2.811594202899999839e+00 0.000000000000000000e+00
2.619613104900000000e+15 1.032852276499999965e+36 1.190439999999999982e+39 2.811594202899999839e+00 0.000000000000000000e+00
2.603818699800000000e+15 1.020701617799999942e+36 1.185439999999999998e+39 2.811594202899999839e+00 0.000000000000000000e+00
2.588081021600000000e+15 1.008643448800000018e+36 1.180440000000000014e+39 2.811594202899999839e+00 0.000000000000000000e+00
2.572399876200000000e+15 9.966774527700000562e+35 1.175440000000000030e+39 2.811594202899999839e+00 0.000000000000000000e+00
2.556775069000000000e+15 9.848033126099999965e+35 1.170440000000000046e+39 2.811594202899999839e+00 0.000000000000000000e+00
2.541206405600000000e+15 9.730207111399999394e+35 1.165440000000000062e+39 2.811594202899999839e+00 0.000000000000000000e+00
2.525693691200000000e+15 9.613293308600000363e+35 1.160439999999999927e+39 2.811594202899999839e+00 0.000000000000000000e+00
2.510236730900000000e+15 9.497288540000000205e+35 1.155439999999999944e+39 2.811594202899999839e+00 0.000000000000000000e+00
2.494835329700000000e+15 9.382189625700000660e+35 1.150439999999999960e+39 2.811594202899999839e+00 0.000000000000000000e+00
2.479489292300000000e+15 9.267993382800000624e+35 1.145439999999999976e+39 2.811594202899999839e+00 0.000000000000000000e+00
2.464198423300000000e+15 9.154696626200000452e+35 1.140439999999999992e+39 2.811594202899999839e+00 0.000000000000000000e+00
2.448962527400000000e+15 9.042296167700000067e+35 1.135440000000000008e+39 2.811594202899999839e+00 0.000000000000000000e+00
2.433781408700000000e+15 8.930788816899999376e+35 1.130440000000000024e+39 2.811594202899999839e+00 0.000000000000000000e+00
2.418654871400000000e+15 8.820171380599999468e+35 1.125440000000000041e+39 2.811594202899999839e+00 0.000000000000000000e+00
2.403582719600000000e+15 8.710440662700000601e+35 1.120440000000000057e+39 2.811594202899999839e+00 0.000000000000000000e+00
2.388564756900000000e+15 8.601593464900000065e+35 1.115440000000000073e+39 2.811594202899999839e+00 0.000000000000000000e+00
2.373600787200000000e+15 8.493626585800000622e+35 1.110439999999999938e+39 2.811594202899999839e+00 0.000000000000000000e+00
2.358690613800000000e+15 8.386536821500000451e+35 1.105439999999999954e+39 2.811594202899999839e+00 0.000000000000000000e+00
2.343834040100000000e+15 8.280320965199999854e+35 1.100439999999999970e+39 2.811594202899999839e+00 0.000000000000000000e+00
2.329030869200000000e+15 8.174975807699999514e+35 1.095439999999999987e+39 2.811594202899999839e+00 0.000000000000000000e+00
2.314280904300000000e+15 8.070498136699999684e+35 1.090440000000000003e+39 2.811594202899999839e+00 0.000000000000000000e+00
2.299583947900000000e+15 7.966884737299999925e+35 1.085440000000000019e+39 2.811594202899999839e+00 0.000000000000000000e+00
2.284939802900000000e+15 7.864132391799999506e+35 1.080440000000000035e+39 2.811594202899999839e+00 0.000000000000000000e+00
2.270348271600000000e+15 7.762237879700000353e+35 1.075440000000000051e+39 2.811594202899999839e+00 0.000000000000000000e+00
2.255809156500000000e+15 7.661197977699999675e+35 1.070440000000000067e+39 2.811594202899999839e+00 0.000000000000000000e+00
2.241322259500000000e+15 7.561009459799999351e+35 1.065439999999999932e+39 2.811594202899999839e+00 0.000000000000000000e+00
2.226887382800000000e+15 7.461669096800000294e+35 1.060439999999999949e+39 2.811594202899999839e+00 0.000000000000000000e+00
2.212504328000000000e+15 7.363173657000000311e+35 1.055439999999999965e+39 2.811594202899999839e+00 0.000000000000000000e+00
2.198172896700000000e+15 7.265519905700000267e+35 1.050439999999999981e+39 2.811594202899999839e+00 0.000000000000000000e+00
2.183892890400000000e+15 7.168704605400000737e+35 1.045439999999999997e+39 2.811594202899999839e+00 0.000000000000000000e+00
2.169664110400000000e+15 7.072724515399999851e+35 1.040440000000000013e+39 2.811594202899999839e+00 0.000000000000000000e+00
2.155486357700000000e+15 6.977576392500000012e+35 1.035440000000000029e+39 2.811594202899999839e+00 0.000000000000000000e+00
2.141359433200000000e+15 6.883256990200000642e+35 1.030440000000000046e+39 2.811594202899999839e+00 0.000000000000000000e+00
2.127283137600000000e+15 6.789763059199999397e+35 1.025440000000000062e+39 2.811594202899999839e+00 0.000000000000000000e+00
2.113257271400000000e+15 6.697091347399999542e+35 1.020439999999999927e+39 2.811594202899999839e+00 0.000000000000000000e+00
2.099281635000000000e+15 6.605238599300000086e+35 1.015439999999999943e+39 2.811594202899999839e+00 0.000000000000000000e+00
2.085356028600000000e+15 6.514201556800000084e+35 1.010439999999999959e+39 2.811594202899999839e+00 0.000000000000000000e+00
2.071480252000000000e+15 6.423976958599999837e+35 1.005439999999999975e+39 2.811594202899999839e+00 0.000000000000000000e+00
2.057654105200000000e+15 6.334561540200000157e+35 1.000439999999999991e+39 2.811594202899999839e+00 0.000000000000000000e+00
2.043877387700000000e+15 6.245952034399999886e+35 9.954400000000000076e+38 2.811594202899999839e+00 0.000000000000000000e+00
2.030149898900000000e+15 6.158145170600000250e+35 9.904400000000000238e+38 2.811594202899999839e+00 0.000000000000000000e+00
2.016471438000000000e+15 6.071137675199999636e+35 9.854400000000000400e+38 2.811594202899999839e+00 0.000000000000000000e+00
2.002841804000000000e+15 5.984926271600000224e+35 9.804400000000000562e+38 2.811594202899999839e+00 0.000000000000000000e+00
1.989260795900000000e+15 5.899507680000000279e+35 9.754400000000000723e+38 2.811594202899999839e+00 0.000000000000000000e+00
1.975728212200000000e+15 5.814878617300000251e+35 9.704399999999999374e+38 2.811594202899999839e+00 0.000000000000000000e+00
1.962243851500000000e+15 5.731035797499999759e+35 9.654399999999999535e+38 2.811594202899999839e+00 0.000000000000000000e+00
1.948807511800000000e+15 5.647975931200000070e+35 9.604399999999999697e+38 2.811594202899999839e+00 0.000000000000000000e+00
1.935418991400000000e+15 5.565695725800000008e+35 9.554399999999999859e+38 2.811594202899999839e+00 0.000000000000000000e+00
1.922078088000000000e+15 5.484191885600000184e+35 9.504400000000000020e+38 2.811594202899999839e+00 0.000000000000000000e+00
1.908784599300000000e+15 5.403461111499999902e+35 9.454400000000000182e+38 2.811594202899999839e+00 0.000000000000000000e+00
1.895538322900000000e+15 5.323500101199999714e+35 9.404400000000000344e+38 2.811594202899999839e+00 0.000000000000000000e+00
1.882339055800000000e+15 5.244305549199999945e+35 9.354400000000000506e+38 2.811594202899999839e+00 0.000000000000000000e+00
1.869186595300000000e+15 5.165874146499999814e+35 9.304400000000000667e+38 2.811594202899999839e+00 0.000000000000000000e+00
1.856080738100000000e+15 5.088202580899999789e+35 9.254399999999999318e+38 2.811594202899999839e+00 0.000000000000000000e+00
1.843021280900000000e+15 5.011287536799999771e+35 9.204399999999999479e+38 2.811594202899999839e+00 0.000000000000000000e+00
1.830008020100000000e+15 4.935125695199999832e+35 9.154399999999999641e+38 2.811594202899999839e+00 0.000000000000000000e+00
1.817040752000000000e+15 4.859713733700000219e+35 9.104399999999999803e+38 2.811594202899999839e+00 0.000000000000000000e+00
1.804119272500000000e+15 4.785048326599999673e+35 9.054399999999999965e+38 2.811594202899999839e+00 0.000000000000000000e+00
1.791243377500000000e+15 4.711126144599999720e+35 9.004400000000000126e+38 2.811594202899999839e+00 0.000000000000000000e+00
1.778412862600000000e+15 4.637943854999999847e+35 8.954400000000000288e+38 2.811594202899999839e+00 0.000000000000000000e+00
1.765627523100000000e+15 4.565498121699999710e+35 8.904400000000000450e+38 2.811594202899999839e+00 0.000000000000000000e+00
1.752887154200000000e+15 4.493785604799999943e+35 8.854400000000000611e+38 2.811594202899999839e+00 0.000000000000000000e+00
1.740191550900000000e+15 4.422802961300000007e+35 8.804399999999999262e+38 2.811594202899999839e+00 0.000000000000000000e+00
1.727540507900000000e+15 4.352546844200000005e+35 8.754399999999999423e+38 2.811594202899999839e+00 0.000000000000000000e+00
1.714933819600000000e+15 4.283013903200000008e+35 8.704399999999999585e+38 2.811594202899999839e+00 0.000000000000000000e+00
1.702371280500000000e+15 4.214200784399999923e+35 8.654399999999999747e+38 2.811594202899999839e+00 0.000000000000000000e+00
1.689852684500000000e+15 4.146104130099999893e+35 8.604399999999999909e+38 2.811594202899999839e+00 0.000000000000000000e+00
1.677377825600000000e+15 4.078720578999999895e+35 8.554400000000000070e+38 2.811594202899999839e+00 0.000000000000000000e+00
1.664946497200000000e+15 4.012046766199999741e+35 8.504400000000000232e+38 2.811594202899999839e+00 0.000000000000000000e+00
1.652558492900000000e+15 3.946079323000000217e+35 8.454400000000000394e+38 2.811594202899999839e+00 0.000000000000000000e+00
1.640213605700000000e+15 3.880814876999999931e+35 8.404400000000000555e+38 2.811594202899999839e+00 0.000000000000000000e+00
1.627911628600000000e+15 3.816250051999999940e+35 8.354400000000000717e+38 2.811594202899999839e+00 0.000000000000000000e+00
1.615652354200000000e+15 3.752381468199999658e+35 8.304399999999999367e+38 2.811594202899999839e+00 0.000000000000000000e+00
1.603435575200000000e+15 3.689205741700000076e+35 8.254399999999999529e+38 2.811594202899999839e+00 0.000000000000000000e+00
1.591261083600000000e+15 3.626719484999999806e+35 8.204399999999999691e+38 2.811594202899999839e+00 0.000000000000000000e+00
1.579128671500000000e+15 3.564919306600000309e+35 8.154399999999999853e+38 2.811594202899999839e+00 0.000000000000000000e+00
1.567038130600000000e+15 3.503801811099999793e+35 8.104400000000000014e+38 2.811594202899999839e+00 0.000000000000000000e+00
1.554989252400000000e+15 3.443363599299999654e+35 8.054400000000000176e+38 2.811594202899999839e+00 0.000000000000000000e+00
1.542981828200000000e+15 3.383601267899999910e+35 8.004400000000000338e+38 2.811594202899999839e+00 0.000000000000000000e+00
1.531015649100000000e+15 3.324511409599999740e+35 7.954400000000000499e+38 2.811594202899999839e+00 0.000000000000000000e+00
1.519090505800000000e+15 3.266090613300000035e+35 7.904400000000000661e+38 2.811594202899999839e+00 0.000000000000000000e+00
1.507206188700000000e+15 3.208335463599999970e+35 7.854399999999999312e+38 2.811594202899999839e+00 0.000000000000000000e+00
1.495362488300000000e+15 3.151242541300000065e+35 7.804399999999999473e+38 2.811594202899999839e+00 0.000000000000000000e+00
1.483559194600000000e+15 3.094808422800000062e+35 7.754399999999999635e+38 2.811594202899999839e+00 0.000000000000000000e+00
1.471796097200000000e+15 3.039029680600000140e+35 7.704399999999999797e+38 2.811594202899999839e+00 0.000000000000000000e+00
1.460072985800000000e+15 2.983902882899999872e+35 7.654399999999999958e+38 2.811594202899999839e+00 0.000000000000000000e+00
1.448389649500000000e+15 2.929424593699999866e+35 7.604400000000000120e+38 2.811594202899999839e+00 0.000000000000000000e+00
1.436745877500000000e+15 2.875591372900000092e+35 7.554400000000000282e+38 2.811594202899999839e+00 0.000000000000000000e+00
1.425141458400000000e+15 2.822399776099999912e+35 7.504400000000000443e+38 2.811594202899999839e+00 0.000000000000000000e+00
1.413576180700000000e+15 2.769846354399999960e+35 7.454400000000000605e+38 2.811594202899999839e+00 0.000000000000000000e+00
1.402049832600000000e+15 2.717927654799999859e+35 7.404399999999999256e+38 2.811594202899999839e+00 0.000000000000000000e+00
1.390562202100000000e+15 2.666640219800000133e+35 7.354399999999999417e+38 2.811594202899999839e+00 0.000000000000000000e+00
1.379113076800000000e+15 2.615980587700000130e+35 7.304399999999999579e+38 2.811594202899999839e+00 0.000000000000000000e+00
1.367702244100000000e+15 2.565945291999999962e+35 7.254399999999999741e+38 2.811594202899999839e+00 0.000000000000000000e+00
1.356329491300000000e+15 2.516530862099999840e+35 7.204399999999999902e+38 2.811594202899999839e+00 0.000000000000000000e+00
1.344994605000000000e+15 2.467733822700000169e+35 7.154400000000000064e+38 2.811594202899999839e+00 0.000000000000000000e+00
1.333697371900000000e+15 2.419550694000000039e+35 7.104400000000000226e+38 2.811594202899999839e+00 0.000000000000000000e+00
1.322437578300000000e+15 2.371977991499999843e+35 7.054400000000000387e+38 2.811594202899999839e+00 0.000000000000000000e+00
1.311215010200000000e+15 2.325012226200000137e+35 7.004400000000000549e+38 2.811594202899999839e+00 0.000000000000000000e+00
1.300029453300000000e+15 2.278649904499999994e+35 6.954400000000000711e+38 2.811594202899999839e+00 0.000000000000000000e+00
1.288880693100000000e+15 2.232887527999999989e+35 6.904399999999999361e+38 2.811594202899999839e+00 0.000000000000000000e+00
1.277768514600000000e+15 2.187721593499999985e+35 6.854399999999999523e+38 2.811594202899999839e+00 0.000000000000000000e+00
1.266692702700000000e+15 2.143148593100000039e+35 6.804399999999999685e+38 2.811594202899999839e+00 0.000000000000000000e+00
1.255653042000000000e+15 2.099165014099999864e+35 6.754399999999999846e+38 2.811594202899999839e+00 0.000000000000000000e+00
1.244649316800000000e+15 2.055767338799999971e+35 6.704400000000000008e+38 2.811594202899999839e+00 0.000000000000000000e+00
1.233681310900000000e+15 2.012952044900000124e+35 6.654400000000000170e+38 2.811594202899999839e+00 0.000000000000000000e+00
1.222748808100000000e+15 1.970715604699999841e+35 6.604400000000000331e+38 2.811594202899999839e+00 0.000000000000000000e+00
1.211851591600000000e+15 1.929054485799999941e+35 6.554399999999999737e+38 2.811594202899999839e+00 0.000000000000000000e+00
1.200989444500000000e+15 1.887965150700000026e+35 6.504399999999999899e+38 2.811594202899999839e+00 0.000000000000000000e+00
1.190162149600000000e+15 1.847444056900000122e+35 6.454400000000000061e+38 2.811594202899999839e+00 0.000000000000000000e+00
1.179369489200000000e+15 1.807487656600000178e+35 6.404400000000000223e+38 2.811594202899999839e+00 0.000000000000000000e+00
1.168611245400000000e+15 1.768092396799999864e+35 6.354399999999999629e+38 2.811594202899999839e+00 0.000000000000000000e+00
1.157887200100000000e+15 1.729254719500000011e+35 6.304399999999999790e+38 2.811594202899999839e+00 0.000000000000000000e+00
1.147197134500000000e+15 1.690971061100000132e+35 6.254399999999999952e+38 2.811594202899999839e+00 0.000000000000000000e+00
1.136540829900000000e+15 1.653237853099999962e+35 6.204400000000000114e+38 2.811594202899999839e+00 0.000000000000000000e+00
1.125918067000000000e+15 1.616051521199999976e+35 6.154400000000000275e+38 2.811594202899999839e+00 0.000000000000000000e+00
1.115328626400000000e+15 1.579408485800000018e+35 6.104399999999999681e+38 2.811594202899999839e+00 0.000000000000000000e+00
1.104772288000000000e+15 1.543305162000000034e+35 6.054399999999999843e+38 2.811594202899999839e+00 0.000000000000000000e+00
1.094248831700000000e+15 1.507737959199999957e+35 6.004400000000000005e+38 2.811594202899999839e+00 0.000000000000000000e+00
1.083758037000000000e+15 1.472703281100000072e+35 5.954400000000000167e+38 2.811594202899999839e+00 0.000000000000000000e+00
1.073299682800000000e+15 1.438197526000000048e+35 5.904400000000000328e+38 2.811594202899999839e+00 0.000000000000000000e+00
1.062873548000000000e+15 1.404217086399999924e+35 5.854399999999999734e+38 2.811594202899999839e+00 0.000000000000000000e+00
1.052479410900000000e+15 1.370758348799999954e+35 5.804399999999999896e+38 2.811594202899999839e+00 0.000000000000000000e+00
1.042117049600000000e+15 1.337817694399999945e+35 5.754400000000000058e+38 2.811594202899999839e+00 0.000000000000000000e+00
1.031786241700000000e+15 1.305391497999999985e+35 5.704400000000000219e+38 2.811594202899999839e+00 0.000000000000000000e+00
1.021486764600000000e+15 1.273476128799999944e+35 5.654399999999999625e+38 2.811594202899999839e+00 0.000000000000000000e+00
1.011218395100000000e+15 1.242067949899999926e+35 5.604399999999999787e+38 2.811594202899999839e+00 0.000000000000000000e+00
1.000980909800000000e+15 1.211163318199999915e+35 5.554399999999999949e+38 2.811594202899999839e+00 0.000000000000000000e+00
9.907740850200000000e+14 1.180758584599999927e+35 5.504400000000000111e+38 2.811594202899999839e+00 0.000000000000000000e+00
9.805976964100000000e+14 1.150850093900000024e+35 5.454400000000000272e+38 2.811594202899999839e+00 0.000000000000000000e+00
9.704515194600000000e+14 1.121434184499999997e+35 5.404399999999999678e+38 2.811594202899999839e+00 0.000000000000000000e+00
9.603353292000000000e+14 1.092507188399999918e+35 5.354399999999999840e+38 2.811594202899999839e+00 0.000000000000000000e+00
9.502489002600000000e+14 1.064065431399999921e+35 5.304400000000000002e+38 2.811594202899999839e+00 0.000000000000000000e+00
9.401920069000000000e+14 1.036105232700000084e+35 5.254400000000000163e+38 2.811594202899999839e+00 0.000000000000000000e+00
9.301644229600000000e+14 1.008622905100000028e+35 5.204400000000000325e+38 2.811594202899999839e+00 0.000000000000000000e+00
9.201659218800000000e+14 9.816147544400000374e+34 5.154399999999999731e+38 2.811594202899999839e+00 0.000000000000000000e+00
9.101962767000000000e+14 9.550770802700000888e+34 5.104399999999999893e+38 2.811594202899999839e+00 0.000000000000000000e+00
9.002552600100000000e+14 9.290061751699999202e+34 5.054400000000000055e+38 2.811594202899999839e+00 0.000000000000000000e+00
8.903426440200000000e+14 9.033983248900000429e+34 5.004400000000000216e+38 2.811594202899999839e+00 0.000000000000000000e+00
8.804582004900000000e+14 8.782498082600000767e+34 4.954399999999999622e+38 2.811594202899999839e+00 0.000000000000000000e+00
8.706017007700000000e+14 8.535568971100000174e+34 4.904399999999999784e+38 2.811594202899999839e+00 0.000000000000000000e+00
8.607729157500000000e+14 8.293158561699999755e+34 4.854399999999999946e+38 2.811594202899999839e+00 0.000000000000000000e+00
8.509716159000000000e+14 8.055229429700000080e+34 4.804400000000000107e+38 2.811594202899999839e+00 0.000000000000000000e+00
8.411975712400000000e+14 7.821744077900000341e+34 4.754400000000000269e+38 2.811594202899999839e+00 0.000000000000000000e+00
8.314505513200000000e+14 7.592664935399999833e+34 4.704399999999999675e+38 2.811594202899999839e+00 0.000000000000000000e+00
8.217303252700000000e+14 7.367954356900000280e+34 4.654399999999999837e+38 2.811594202899999839e+00 0.000000000000000000e+00
8.120366617200000000e+14 7.147574621400000137e+34 4.604399999999999999e+38 2.811594202899999839e+00 0.000000000000000000e+00
8.023693288500000000e+14 6.931487931800000005e+34 4.554400000000000160e+38 2.811594202899999839e+00 0.000000000000000000e+00
7.927280943600000000e+14 6.719656413400000103e+34 4.504400000000000322e+38 2.811594202899999839e+00 0.000000000000000000e+00
7.831127254800000000e+14 6.512042113000000225e+34 4.454399999999999728e+38 2.811594202899999839e+00 0.000000000000000000e+00
7.735229889400000000e+14 6.308606998100000421e+34 4.404399999999999890e+38 2.811594202899999839e+00 0.000000000000000000e+00
7.639586509700000000e+14 6.109312955500000116e+34 4.354400000000000051e+38 2.811594202899999839e+00 0.000000000000000000e+00
7.544059979300000000e+14 5.900713017099999562e+34 4.304400000000000213e+38 3.439024390200000170e+00 0.000000000000000000e+00
7.448963426300000000e+14 5.668313242599999871e+34 4.254400000000000375e+38 3.439024390200000170e+00 0.000000000000000000e+00
7.354166039800000000e+14 5.442480539899999911e+34 4.204399999999999781e+38 3.439024390200000170e+00 0.000000000000000000e+00
7.259662773600000000e+14 5.223104133800000157e+34 4.154399999999999943e+38 3.439024390200000170e+00 0.000000000000000000e+00
7.165448607400000000e+14 5.010073825900000081e+34 4.104400000000000104e+38 3.439024390200000170e+00 0.000000000000000000e+00
7.071518547500000000e+14 4.803279998499999558e+34 4.054400000000000266e+38 3.439024390200000170e+00 0.000000000000000000e+00
6.977867626900000000e+14 4.602613618600000075e+34 4.004399999999999672e+38 3.439024390200000170e+00 0.000000000000000000e+00
6.884490905400000000e+14 4.407966242100000003e+34 3.954399999999999834e+38 3.439024390200000170e+00 0.000000000000000000e+00
6.791383469600000000e+14 4.219230017599999900e+34 3.904399999999999995e+38 3.439024390200000170e+00 0.000000000000000000e+00
6.698540433700000000e+14 4.036297690899999944e+34 3.854400000000000157e+38 3.439024390200000170e+00 0.000000000000000000e+00
6.605956938900000000e+14 3.859062608899999964e+34 3.804400000000000319e+38 3.439024390200000170e+00 0.000000000000000000e+00
6.513628154200000000e+14 3.687418724399999965e+34 3.754399999999999725e+38 3.439024390200000170e+00 0.000000000000000000e+00
6.421549276300000000e+14 3.521260600399999812e+34 3.704399999999999887e+38 3.439024390200000170e+00 0.000000000000000000e+00
6.329715530100000000e+14 3.360483414399999839e+34 3.654400000000000048e+38 3.439024390200000170e+00 0.000000000000000000e+00
6.238122168500000000e+14 3.204982963400000051e+34 3.604400000000000210e+38 3.439024390200000170e+00 0.000000000000000000e+00
6.146764472900000000e+14 3.054655668300000075e+34 3.554400000000000372e+38 3.439024390200000170e+00 0.000000000000000000e+00
6.055637753300000000e+14 2.909398579000000001e+34 3.504399999999999778e+38 3.439024390200000170e+00 0.000000000000000000e+00
5.964737348700000000e+14 2.769109379499999856e+34 3.454399999999999939e+38 3.439024390200000170e+00 0.000000000000000000e+00
5.874058627100000000e+14 2.633686392300000003e+34 3.404400000000000101e+38 3.439024390200000170e+00 0.000000000000000000e+00
5.783596985900000000e+14 2.503028584299999930e+34 3.354399999999999885e+38 3.439024390200000170e+00 0.000000000000000000e+00
5.693347852000000000e+14 2.377035571699999961e+34 3.304400000000000047e+38 3.439024390200000170e+00 0.000000000000000000e+00
5.603306682200000000e+14 2.255607625400000118e+34 3.254399999999999831e+38 3.439024390200000170e+00 0.000000000000000000e+00
5.513468963500000000e+14 2.138645676899999829e+34 3.204399999999999992e+38 3.439024390200000170e+00 0.000000000000000000e+00
5.423830213000000000e+14 2.026051323399999930e+34 3.154400000000000154e+38 3.439024390200000170e+00 0.000000000000000000e+00
5.334385978500000000e+14 1.917726834199999987e+34 3.104399999999999938e+38 3.439024390200000170e+00 0.000000000000000000e+00
5.245131838800000000e+14 1.813575156199999957e+34 3.054400000000000100e+38 3.439024390200000170e+00 0.000000000000000000e+00
5.156063403600000000e+14 1.713499920200000015e+34 3.004399999999999883e+38 3.439024390200000170e+00 0.000000000000000000e+00
5.067176314400000000e+14 1.617405447199999922e+34 2.954400000000000045e+38 3.439024390200000170e+00 0.000000000000000000e+00
4.978466244000000000e+14 1.525196754700000004e+34 2.904399999999999829e+38 3.439024390200000170e+00 0.000000000000000000e+00
4.889928897500000000e+14 1.436779563499999981e+34 2.854399999999999991e+38 3.439024390200000170e+00 0.000000000000000000e+00
4.801560012400000000e+14 1.352060304099999974e+34 2.804400000000000152e+38 3.439024390200000170e+00 0.000000000000000000e+00
4.713355358700000000e+14 1.270946123999999948e+34 2.754399999999999936e+38 3.439024390200000170e+00 0.000000000000000000e+00
4.625310739400000000e+14 1.193344894599999946e+34 2.704400000000000098e+38 3.439024390200000170e+00 0.000000000000000000e+00
4.537421990900000000e+14 1.119165218900000113e+34 2.654399999999999882e+38 3.439024390200000170e+00 0.000000000000000000e+00
4.449684983100000000e+14 1.048316438500000045e+34 2.604400000000000044e+38 3.439024390200000170e+00 0.000000000000000000e+00
4.362095620200000000e+14 9.807086419199999821e+33 2.554399999999999827e+38 3.439024390200000170e+00 0.000000000000000000e+00
4.274649840500000000e+14 9.162526722199999568e+33 2.504399999999999989e+38 3.439024390200000170e+00 0.000000000000000000e+00
4.187343617200000000e+14 8.548601355200000132e+33 2.454400000000000151e+38 3.439024390200000170e+00 0.000000000000000000e+00
4.100100000000000000e+14 7.959639999999999527e+33 2.404399999999999935e+38 3.196000000000000174e+00 0.000000000000000000e+00
4.013040000000000000e+14 7.445809999999999982e+33 2.354400000000000096e+38 3.194999999999999840e+00 0.000000000000000000e+00
3.926090000000000000e+14 6.954910000000000329e+33 2.304399999999999880e+38 3.193000000000000060e+00 0.000000000000000000e+00
3.839250000000000000e+14 6.486470000000000050e+33 2.254400000000000042e+38 3.190999999999999837e+00 0.000000000000000000e+00
3.752510000000000000e+14 6.040019999999999777e+33 2.204399999999999826e+38 3.188000000000000167e+00 0.000000000000000000e+00
3.665890000000000000e+14 5.615080000000000012e+33 2.154399999999999988e+38 3.185000000000000053e+00 0.000000000000000000e+00
3.579360000000000000e+14 5.211159999999999966e+33 2.104400000000000149e+38 3.181000000000000050e+00 0.000000000000000000e+00
3.492930000000000000e+14 4.827790000000000275e+33 2.054399999999999933e+38 3.176000000000000156e+00 0.000000000000000000e+00
3.406600000000000000e+14 4.464470000000000018e+33 2.004400000000000095e+38 3.170999999999999819e+00 0.000000000000000000e+00
3.320360000000000000e+14 4.120720000000000271e+33 1.954399999999999879e+38 3.165000000000000036e+00 0.000000000000000000e+00
3.234220000000000000e+14 3.796040000000000114e+33 1.904400000000000040e+38 3.157000000000000028e+00 0.000000000000000000e+00
3.148160000000000000e+14 3.489920000000000222e+33 1.854399999999999824e+38 3.148000000000000131e+00 0.000000000000000000e+00
3.062190000000000000e+14 3.201869999999999809e+33 1.804399999999999986e+38 3.137999999999999901e+00 0.000000000000000000e+00
2.976300000000000000e+14 2.931349999999999725e+33 1.754400000000000148e+38 3.125999999999999890e+00 0.000000000000000000e+00
2.890500000000000000e+14 2.677850000000000070e+33 1.704399999999999932e+38 3.112000000000000099e+00 0.000000000000000000e+00
2.804770000000000000e+14 2.440829999999999965e+33 1.654400000000000093e+38 3.096000000000000085e+00 0.000000000000000000e+00
2.719130000000000000e+14 2.219740000000000127e+33 1.604400000000000066e+38 3.076999999999999957e+00 0.000000000000000000e+00
2.633560000000000000e+14 2.014010000000000141e+33 1.554400000000000039e+38 3.055000000000000160e+00 0.000000000000000000e+00
2.548070000000000000e+14 1.823080000000000013e+33 1.504400000000000012e+38 3.029999999999999805e+00 0.000000000000000000e+00
2.462660000000000000e+14 1.646330000000000102e+33 1.454399999999999984e+38 3.000999999999999890e+00 0.000000000000000000e+00
1.684970000000000000e+14 6.374380000000000227e+32 9.972560000000000249e+37 2.697999999999999954e+00 1.383560000000000052e+29
1.680070000000000000e+14 6.347819999999999648e+32 9.943710000000000443e+37 2.709000000000000075e+00 2.312620000000000152e+29
1.675180000000000000e+14 6.317130000000000057e+32 9.914860000000000638e+37 2.716000000000000192e+00 2.707039999999999849e+29
1.670280000000000000e+14 6.285940000000000267e+32 9.886020000000000191e+37 2.721999999999999975e+00 2.996650000000000039e+29
1.665390000000000000e+14 6.254589999999999778e+32 9.857170000000000386e+37 2.728000000000000203e+00 3.236220000000000108e+29
1.660490000000000000e+14 6.223219999999999743e+32 9.828320000000000580e+37 2.733999999999999986e+00 3.446489999999999733e+29
1.655600000000000000e+14 6.191869999999999975e+32 9.799470000000000775e+37 2.738999999999999879e+00 3.637719999999999792e+29
1.650710000000000000e+14 6.160570000000000155e+32 9.770619999999999080e+37 2.745000000000000107e+00 3.815720000000000026e+29
1.645810000000000000e+14 6.129349999999999963e+32 9.741780000000000523e+37 2.750999999999999890e+00 3.984110000000000350e+29
1.640920000000000000e+14 6.098199999999999987e+32 9.712930000000000717e+37 2.755999999999999783e+00 4.145279999999999861e+29
1.636030000000000000e+14 6.067139999999999772e+32 9.684080000000000912e+37 2.762000000000000011e+00 4.300890000000000298e+29
1.631130000000000000e+14 6.036159999999999907e+32 9.655229999999999218e+37 2.766999999999999904e+00 4.452140000000000082e+29
1.626240000000000000e+14 6.005279999999999938e+32 9.626379999999999412e+37 2.773000000000000131e+00 4.599910000000000076e+29
1.621340000000000000e+14 5.974499999999999864e+32 9.597540000000000854e+37 2.778999999999999915e+00 4.744879999999999761e+29
1.616450000000000000e+14 5.943819999999999686e+32 9.568689999999999160e+37 2.783999999999999808e+00 4.887570000000000189e+29
1.611560000000000000e+14 5.913229999999999991e+32 9.539839999999999355e+37 2.790000000000000036e+00 5.028389999999999756e+29
1.606670000000000000e+14 5.882750000000000326e+32 9.510989999999999549e+37 2.794999999999999929e+00 5.167670000000000102e+29
1.601770000000000000e+14 5.852369999999999836e+32 9.482139999999999744e+37 2.801000000000000156e+00 5.305670000000000347e+29
1.596880000000000000e+14 5.822089999999999962e+32 9.453299999999999297e+37 2.806000000000000050e+00 5.442620000000000037e+29
1.591990000000000000e+14 5.791920000000000117e+32 9.424449999999999492e+37 2.811999999999999833e+00 5.578690000000000273e+29
1.587090000000000000e+14 5.761850000000000169e+32 9.395599999999999686e+37 2.818000000000000060e+00 5.714030000000000331e+29
1.582200000000000000e+14 5.731890000000000250e+32 9.366749999999999881e+37 1.927999999999999936e+00 5.848769999999999769e+29
1.577310000000000000e+14 5.702039999999999640e+32 9.337900000000000075e+37 1.925000000000000044e+00 5.983019999999999839e+29
1.572420000000000000e+14 5.672289999999999646e+32 9.309059999999999629e+37 1.921000000000000041e+00 6.116860000000000108e+29
1.567530000000000000e+14 5.642640000000000269e+32 9.280209999999999823e+37 1.917999999999999927e+00 6.250370000000000142e+29
1.562630000000000000e+14 5.613110000000000335e+32 9.251360000000000018e+37 1.913999999999999924e+00 6.383620000000000354e+29
1.557740000000000000e+14 5.583680000000000296e+32 9.222510000000000212e+37 1.911000000000000032e+00 6.516659999999999328e+29
1.552850000000000000e+14 5.554360000000000287e+32 9.193660000000000407e+37 1.907000000000000028e+00 6.649530000000000016e+29
1.547960000000000000e+14 5.525140000000000173e+32 9.164819999999999960e+37 1.903999999999999915e+00 6.782279999999999594e+29
1.543070000000000000e+14 5.496040000000000223e+32 9.135970000000000155e+37 1.899999999999999911e+00 6.914950000000000309e+29
1.538170000000000000e+14 5.467040000000000169e+32 9.107120000000000350e+37 1.897000000000000020e+00 7.047560000000000470e+29
1.533280000000000000e+14 5.438150000000000144e+32 9.078270000000000544e+37 1.893000000000000016e+00 7.180140000000000354e+29
1.528390000000000000e+14 5.409370000000000149e+32 9.049420000000000739e+37 1.889999999999999902e+00 7.312709999999999676e+29
1.523500000000000000e+14 5.380690000000000049e+32 9.020580000000000292e+37 1.885999999999999899e+00 7.445300000000000121e+29
1.518610000000000000e+14 5.352130000000000113e+32 8.991730000000000487e+37 1.883000000000000007e+00 7.577910000000000282e+29
1.513720000000000000e+14 5.323670000000000072e+32 8.962880000000000681e+37 1.879000000000000004e+00 7.710549999999999313e+29
1.508830000000000000e+14 5.295320000000000062e+32 8.934030000000000876e+37 1.875999999999999890e+00 7.843250000000000306e+29
1.503940000000000000e+14 5.267069999999999947e+32 8.905179999999999181e+37 1.872000000000000108e+00 7.976010000000000445e+29
1.499050000000000000e+14 5.238939999999999995e+32 8.876340000000000624e+37 1.868999999999999995e+00 8.108840000000000294e+29
1.494150000000000000e+14 5.214229999999999651e+32 8.847490000000000818e+37 1.864999999999999991e+00 5.243689999999999657e+29
1.489260000000000000e+14 5.186360000000000293e+32 8.818639999999999124e+37 1.862000000000000099e+00 5.309990000000000160e+29
1.484370000000000000e+14 5.158590000000000110e+32 8.789789999999999318e+37 1.858999999999999986e+00 5.376409999999999662e+29
1.479480000000000000e+14 5.130929999999999957e+32 8.760939999999999513e+37 1.854999999999999982e+00 5.442939999999999711e+29
1.474590000000000000e+14 5.103369999999999699e+32 8.732099999999999066e+37 1.852000000000000091e+00 5.509590000000000165e+29
1.469700000000000000e+14 5.075930000000000326e+32 8.703249999999999261e+37 1.848000000000000087e+00 5.576339999999999901e+29
1.464810000000000000e+14 5.048579999999999994e+32 8.674399999999999455e+37 1.844999999999999973e+00 5.643179999999999765e+29
1.435470000000000000e+14 4.894170000000000013e+32 8.501309999999999982e+37 1.824999999999999956e+00 3.260630000000000044e+29
1.425700000000000000e+14 4.841229999999999821e+32 8.443619999999999730e+37 1.818000000000000060e+00 3.297569999999999902e+29
1.420810000000000000e+14 4.814900000000000156e+32 8.414769999999999924e+37 1.814999999999999947e+00 3.316210000000000229e+29
1.411030000000000000e+14 4.762570000000000194e+32 8.357070000000000313e+37 1.808000000000000052e+00 3.353799999999999995e+29
1.381700000000000000e+14 4.607959999999999701e+32 8.183979999999999895e+37 1.788999999999999924e+00 3.468709999999999837e+29
1.367030000000000000e+14 4.531990000000000009e+32 8.097439999999999838e+37 1.780000000000000027e+00 3.527119999999999905e+29
1.352370000000000000e+14 4.456899999999999833e+32 8.010899999999999780e+37 1.770999999999999908e+00 3.586029999999999902e+29
1.347480000000000000e+14 4.432059999999999913e+32 7.982049999999999975e+37 1.768000000000000016e+00 3.605749999999999655e+29
1.318160000000000000e+14 4.285050000000000150e+32 7.808959999999999556e+37 1.750000000000000000e+00 3.724849999999999750e+29
1.313270000000000000e+14 4.260869999999999686e+32 7.780109999999999751e+37 1.747000000000000108e+00 3.744789999999999894e+29
1.293720000000000000e+14 4.165109999999999858e+32 7.664719999999999888e+37 1.735000000000000098e+00 3.824730000000000023e+29
1.279060000000000000e+14 4.094239999999999897e+32 7.578179999999999831e+37 1.727000000000000091e+00 3.884789999999999858e+29
1.274180000000000000e+14 4.070799999999999960e+32 7.549330000000000025e+37 1.723999999999999977e+00 3.904820000000000130e+29
1.259520000000000000e+14 4.001020000000000161e+32 7.462779999999999664e+37 1.715000000000000080e+00 3.964899999999999681e+29
1.254630000000000000e+14 3.977929999999999859e+32 7.433940000000000162e+37 1.713000000000000078e+00 3.984920000000000095e+29
1.244860000000000000e+14 3.932019999999999982e+32 7.376239999999999607e+37 1.707000000000000073e+00 4.024929999999999942e+29
1.176470000000000000e+14 3.620150000000000315e+32 6.972370000000000407e+37 1.671999999999999931e+00 4.302909999999999731e+29
1.171590000000000000e+14 3.598489999999999677e+32 6.943519999999999657e+37 1.669000000000000039e+00 4.322559999999999776e+29
1.156940000000000000e+14 3.533979999999999720e+32 6.856979999999999600e+37 1.661999999999999922e+00 4.381279999999999659e+29
1.147170000000000000e+14 3.491359999999999875e+32 6.799279999999999989e+37 1.657000000000000028e+00 4.420229999999999797e+29
1.142290000000000000e+14 3.470169999999999755e+32 6.770430000000000183e+37 1.655000000000000027e+00 4.439639999999999734e+29
1.137400000000000000e+14 3.449049999999999851e+32 6.741580000000000378e+37 1.653000000000000025e+00 4.459010000000000240e+29
1.122750000000000000e+14 3.386159999999999936e+32 6.655040000000000321e+37 1.645999999999999908e+00 4.516830000000000250e+29
1.112990000000000000e+14 3.344599999999999851e+32 6.597339999999999765e+37 1.641999999999999904e+00 4.555140000000000337e+29
1.108110000000000000e+14 3.330830000000000217e+32 6.568500000000000263e+37 1.637999999999999901e+00 5.279690000000000211e+29
1.103220000000000000e+14 3.310360000000000356e+32 6.539650000000000458e+37 1.635999999999999899e+00 5.276199999999999858e+29
1.098340000000000000e+14 3.289959999999999989e+32 6.510799999999999708e+37 1.633999999999999897e+00 5.272629999999999939e+29
1.093460000000000000e+14 3.269639999999999972e+32 6.481949999999999902e+37 1.631999999999999895e+00 5.268969999999999893e+29
1.088570000000000000e+14 3.249390000000000170e+32 6.453100000000000097e+37 1.629999999999999893e+00 5.265230000000000279e+29
1.083690000000000000e+14 3.229200000000000090e+32 6.424259999999999650e+37 1.627999999999999892e+00 5.261389999999999976e+29
1.078810000000000000e+14 3.209089999999999998e+32 6.395409999999999845e+37 1.625999999999999890e+00 5.257460000000000249e+29
1.073930000000000000e+14 3.189039999999999988e+32 6.366560000000000039e+37 1.624000000000000110e+00 5.253439999999999690e+29
1.069050000000000000e+14 3.169069999999999966e+32 6.337710000000000234e+37 1.622000000000000108e+00 5.249329999999999706e+29
1.064160000000000000e+14 3.149160000000000026e+32 6.308860000000000428e+37 1.620000000000000107e+00 5.245119999999999737e+29
1.059280000000000000e+14 3.129319999999999941e+32 6.280019999999999982e+37 1.618000000000000105e+00 5.240820000000000343e+29
1.054400000000000000e+14 3.109539999999999938e+32 6.251170000000000176e+37 1.616000000000000103e+00 5.236420000000000260e+29
1.049520000000000000e+14 3.089839999999999924e+32 6.222320000000000371e+37 1.614000000000000101e+00 5.231930000000000049e+29
1.044640000000000000e+14 3.070189999999999857e+32 6.193469999999999621e+37 1.612000000000000099e+00 5.227339999999999851e+29
1.039760000000000000e+14 3.050620000000000139e+32 6.164619999999999816e+37 1.610000000000000098e+00 5.222649999999999668e+29
1.034870000000000000e+14 3.031110000000000143e+32 6.135780000000000314e+37 1.608000000000000096e+00 5.217860000000000203e+29
1.029990000000000000e+14 3.011659999999999868e+32 6.106929999999999564e+37 1.606000000000000094e+00 5.212970000000000048e+29
1.025110000000000000e+14 2.992280000000000169e+32 6.078079999999999758e+37 1.604999999999999982e+00 5.207989999999999765e+29
1.020230000000000000e+14 2.972969999999999964e+32 6.049229999999999953e+37 1.602999999999999980e+00 5.202900000000000342e+29
1.015350000000000000e+14 2.953710000000000068e+32 6.020380000000000147e+37 1.600999999999999979e+00 5.197699999999999668e+29
1.010470000000000000e+14 2.934520000000000026e+32 5.991539999999999701e+37 1.598999999999999977e+00 5.192410000000000273e+29
1.005590000000000000e+14 2.915390000000000066e+32 5.962689999999999895e+37 1.598000000000000087e+00 5.187010000000000331e+29
1.000710000000000000e+14 2.896319999999999828e+32 5.933840000000000090e+37 1.596000000000000085e+00 5.181509999999999699e+29
9.958280000000000000e+13 2.877320000000000165e+32 5.904990000000000284e+37 1.594000000000000083e+00 5.175899999999999927e+29
9.909470000000000000e+13 2.858370000000000090e+32 5.876139999999999534e+37 1.592999999999999972e+00 5.170190000000000169e+29
9.860670000000000000e+13 2.839489999999999869e+32 5.847300000000000032e+37 1.590999999999999970e+00 5.164369999999999864e+29
9.811870000000000000e+13 2.820659999999999957e+32 5.818450000000000227e+37 1.590000000000000080e+00 5.158439999999999715e+29
9.763070000000000000e+13 2.801899999999999900e+32 5.789600000000000421e+37 1.588000000000000078e+00 5.152399999999999722e+29
9.714270000000000000e+13 2.783190000000000152e+32 5.760749999999999671e+37 1.586999999999999966e+00 5.146259999999999743e+29
9.665470000000000000e+13 2.764540000000000124e+32 5.731899999999999866e+37 1.584999999999999964e+00 5.140009999999999921e+29
9.616670000000000000e+13 2.745950000000000178e+32 5.703060000000000364e+37 1.584000000000000075e+00 5.133639999999999693e+29
9.567870000000000000e+13 2.727419999999999954e+32 5.674209999999999614e+37 1.582000000000000073e+00 5.127170000000000183e+29
9.519080000000000000e+13 2.708950000000000171e+32 5.645359999999999809e+37 1.580999999999999961e+00 5.120590000000000126e+29
9.470280000000000000e+13 2.690529999999999976e+32 5.616510000000000003e+37 1.578999999999999959e+00 5.113889999999999663e+29
9.421490000000000000e+13 2.672169999999999863e+32 5.587660000000000198e+37 1.578000000000000069e+00 5.107080000000000060e+29
9.372700000000000000e+13 2.653860000000000057e+32 5.558819999999999751e+37 1.576999999999999957e+00 5.100159999999999910e+29
9.323900000000000000e+13 2.635609999999999973e+32 5.529969999999999946e+37 1.574999999999999956e+00 5.093120000000000058e+29
9.275110000000000000e+13 2.617419999999999971e+32 5.501120000000000140e+37 1.574000000000000066e+00 5.085969999999999659e+29
9.226320000000000000e+13 2.599279999999999917e+32 5.472270000000000335e+37 1.572999999999999954e+00 5.078700000000000262e+29
9.177540000000000000e+13 2.581190000000000171e+32 5.443419999999999585e+37 1.572000000000000064e+00 5.071320000000000317e+29
9.128750000000000000e+13 2.563160000000000146e+32 5.414580000000000083e+37 1.570000000000000062e+00 5.063819999999999967e+29
9.079960000000000000e+13 2.545180000000000069e+32 5.385730000000000277e+37 1.568999999999999950e+00 5.056209999999999774e+29
9.031180000000000000e+13 2.527249999999999940e+32 5.356880000000000472e+37 1.568000000000000060e+00 5.048470000000000021e+29
8.982390000000000000e+13 2.509370000000000119e+32 5.328029999999999722e+37 1.566999999999999948e+00 5.040619999999999720e+29
8.933610000000000000e+13 2.491550000000000020e+32 5.299179999999999916e+37 1.566000000000000059e+00 5.032649999999999718e+29
8.884830000000000000e+13 2.473779999999999868e+32 5.270340000000000414e+37 1.564999999999999947e+00 5.024560000000000014e+29
8.836050000000000000e+13 2.456060000000000025e+32 5.241489999999999664e+37 1.564000000000000057e+00 5.016349999999999905e+29
8.787270000000000000e+13 2.438390000000000129e+32 5.212639999999999859e+37 1.562000000000000055e+00 5.008020000000000095e+29
8.738490000000000000e+13 2.420769999999999821e+32 5.183790000000000054e+37 1.560999999999999943e+00 4.999560000000000021e+29
8.689710000000000000e+13 2.403199999999999822e+32 5.154940000000000248e+37 1.560000000000000053e+00 4.990990000000000103e+29
8.640930000000000000e+13 2.385680000000000130e+32 5.126099999999999802e+37 1.560000000000000053e+00 4.982289999999999923e+29
8.592160000000000000e+13 2.368210000000000026e+32 5.097249999999999996e+37 1.558999999999999941e+00 4.973470000000000040e+29
8.543380000000000000e+13 2.350789999999999871e+32 5.068400000000000191e+37 1.558000000000000052e+00 4.964519999999999895e+29
8.494610000000000000e+13 2.333420000000000023e+32 5.039550000000000385e+37 1.556999999999999940e+00 4.955450000000000048e+29
8.445840000000000000e+13 2.316089999999999989e+32 5.010699999999999635e+37 1.556000000000000050e+00 4.946249999999999938e+29
8.397070000000000000e+13 2.298809999999999904e+32 4.981860000000000133e+37 1.554999999999999938e+00 4.936930000000000126e+29
8.348300000000000000e+13 2.281580000000000127e+32 4.953010000000000328e+37 1.554000000000000048e+00 4.927480000000000051e+29
8.299530000000000000e+13 2.265840000000000094e+32 4.924159999999999578e+37 1.552000000000000046e+00 6.006139999999999817e+29
8.250760000000000000e+13 2.248719999999999986e+32 4.895309999999999772e+37 1.552000000000000046e+00 5.981560000000000186e+29
8.201990000000000000e+13 2.231659999999999959e+32 4.866459999999999967e+37 1.550999999999999934e+00 5.956870000000000008e+29
8.153230000000000000e+13 2.214640000000000107e+32 4.837620000000000465e+37 1.550000000000000044e+00 5.932079999999999844e+29
8.104460000000000000e+13 2.197660000000000070e+32 4.808769999999999715e+37 1.548999999999999932e+00 5.907179999999999837e+29
8.055700000000000000e+13 2.180729999999999980e+32 4.779919999999999909e+37 1.548999999999999932e+00 5.882179999999999843e+29
8.006940000000000000e+13 2.163840000000000064e+32 4.751070000000000104e+37 1.548000000000000043e+00 5.857079999999999864e+29
7.958170000000000000e+13 2.147000000000000097e+32 4.722220000000000299e+37 1.546999999999999931e+00 5.831870000000000041e+29
7.909410000000000000e+13 2.130199999999999944e+32 4.693379999999999852e+37 1.546999999999999931e+00 5.806549999999999670e+29
7.860650000000000000e+13 2.113450000000000099e+32 4.664530000000000047e+37 1.546000000000000041e+00 5.781130000000000018e+29
7.811900000000000000e+13 2.096729999999999934e+32 4.635680000000000241e+37 1.546000000000000041e+00 5.755599999999999817e+29
7.763140000000000000e+13 2.080060000000000078e+32 4.606830000000000436e+37 1.544999999999999929e+00 5.729970000000000335e+29
7.714380000000000000e+13 2.063440000000000170e+32 4.577979999999999686e+37 1.544999999999999929e+00 5.704219999999999744e+29
7.665630000000000000e+13 2.046849999999999942e+32 4.549140000000000184e+37 1.544000000000000039e+00 5.678369999999999870e+29
7.616880000000000000e+13 2.030310000000000022e+32 4.520290000000000378e+37 1.544000000000000039e+00 5.652410000000000153e+29
7.568120000000000000e+13 2.013809999999999917e+32 4.491439999999999628e+37 1.542999999999999927e+00 5.626339999999999888e+29
7.519370000000000000e+13 1.997349999999999986e+32 4.462589999999999823e+37 1.542999999999999927e+00 5.600159999999999779e+29
7.470620000000000000e+13 1.980929999999999869e+32 4.433740000000000017e+37 1.542999999999999927e+00 5.573869999999999827e+29
7.421880000000000000e+13 1.964549999999999927e+32 4.404899999999999571e+37 1.542000000000000037e+00 5.547470000000000031e+29
7.373130000000000000e+13 1.948210000000000159e+32 4.376049999999999765e+37 1.542000000000000037e+00 5.520949999999999829e+29
7.324380000000000000e+13 1.931909999999999845e+32 4.347199999999999960e+37 1.542000000000000037e+00 5.494330000000000346e+29
7.275640000000000000e+13 1.915650000000000066e+32 4.318350000000000154e+37 1.540999999999999925e+00 5.467589999999999753e+29
7.226890000000000000e+13 1.899430000000000101e+32 4.289500000000000349e+37 1.540999999999999925e+00 5.440749999999999879e+29
7.178150000000000000e+13 1.883240000000000177e+32 4.260659999999999902e+37 1.540999999999999925e+00 5.413779999999999741e+29
7.129410000000000000e+13 1.867099999999999841e+32 4.231810000000000097e+37 1.540999999999999925e+00 5.386710000000000321e+29
7.080670000000000000e+13 1.851000000000000039e+32 4.202959999999999819e+37 1.540999999999999925e+00 5.359519999999999791e+29
7.031930000000000000e+13 1.834929999999999918e+32 4.174110000000000014e+37 1.540999999999999925e+00 5.332220000000000122e+29
6.983190000000000000e+13 1.818899999999999972e+32 4.145260000000000208e+37 1.540999999999999925e+00 5.304800000000000048e+29
6.934460000000000000e+13 1.802909999999999839e+32 4.116420000000000234e+37 1.540000000000000036e+00 5.277270000000000130e+29
6.885720000000000000e+13 1.786959999999999882e+32 4.087569999999999956e+37 1.540000000000000036e+00 5.249629999999999664e+29
6.836990000000000000e+13 1.771039999999999965e+32 4.058720000000000151e+37 1.540000000000000036e+00 5.221860000000000343e+29
6.788250000000000000e+13 1.755159999999999862e+32 4.029869999999999873e+37 1.540000000000000036e+00 5.193979999999999770e+29
6.739520000000000000e+13 1.739319999999999933e+32 4.001020000000000068e+37 1.540000000000000036e+00 5.165990000000000057e+29
6.690790000000000000e+13 1.723520000000000180e+32 3.972180000000000093e+37 1.540999999999999925e+00 5.137879999999999940e+29
6.642060000000000000e+13 1.707750000000000106e+32 3.943329999999999816e+37 1.540999999999999925e+00 5.109650000000000120e+29
6.593340000000000000e+13 1.692010000000000074e+32 3.914480000000000010e+37 1.540999999999999925e+00 5.081299999999999895e+29
6.544610000000000000e+13 1.676319999999999989e+32 3.885630000000000205e+37 1.540999999999999925e+00 5.052829999999999969e+29
6.495880000000000000e+13 1.660650000000000172e+32 3.856779999999999927e+37 1.540999999999999925e+00 5.024250000000000199e+29
6.447160000000000000e+13 1.645029999999999943e+32 3.827939999999999953e+37 1.540999999999999925e+00 4.995550000000000023e+29
6.398440000000000000e+13 1.629440000000000114e+32 3.799090000000000147e+37 1.542000000000000037e+00 4.966730000000000146e+29
6.349720000000000000e+13 1.613879999999999966e+32 3.770239999999999870e+37 1.542000000000000037e+00 4.937789999999999864e+29
6.301000000000000000e+13 1.598359999999999993e+32 3.741390000000000064e+37 1.542000000000000037e+00 4.908720000000000022e+29
6.252280000000000000e+13 1.582870000000000060e+32 3.712539999999999787e+37 1.542000000000000037e+00 4.879540000000000336e+29
6.203560000000000000e+13 1.567419999999999942e+32 3.683699999999999812e+37 1.542999999999999927e+00 4.850240000000000246e+29
6.154840000000000000e+13 1.552009999999999998e+32 3.654850000000000007e+37 1.542999999999999927e+00 4.820819999999999749e+29
6.106130000000000000e+13 1.536619999999999961e+32 3.626000000000000201e+37 1.542999999999999927e+00 4.791269999999999694e+29
6.057420000000000000e+13 1.521280000000000052e+32 3.597149999999999924e+37 1.544000000000000039e+00 4.761609999999999794e+29
6.008710000000000000e+13 1.505960000000000051e+32 3.568300000000000118e+37 1.544000000000000039e+00 4.731820000000000336e+29
5.959990000000000000e+13 1.490680000000000044e+32 3.539460000000000144e+37 1.544999999999999929e+00 4.701909999999999768e+29
5.911290000000000000e+13 1.475430000000000077e+32 3.510609999999999866e+37 1.544999999999999929e+00 4.671880000000000202e+29
5.862580000000000000e+13 1.460219999999999925e+32 3.481760000000000061e+37 1.546000000000000041e+00 4.641730000000000231e+29
5.813870000000000000e+13 1.445039999999999994e+32 3.452909999999999783e+37 1.546000000000000041e+00 4.611449999999999997e+29
5.765170000000000000e+13 1.429900000000000057e+32 3.424059999999999978e+37 1.546999999999999931e+00 4.581050000000000061e+29
5.716460000000000000e+13 1.414780000000000027e+32 3.395220000000000003e+37 1.546999999999999931e+00 4.550519999999999862e+29
5.667760000000000000e+13 1.399709999999999945e+32 3.366370000000000198e+37 1.548000000000000043e+00 4.519869999999999962e+29
5.619060000000000000e+13 1.384659999999999950e+32 3.337519999999999920e+37 1.548999999999999932e+00 4.489099999999999656e+29
5.570360000000000000e+13 1.369649999999999950e+32 3.308670000000000115e+37 1.548999999999999932e+00 4.458209999999999649e+29
5.521660000000000000e+13 1.354669999999999990e+32 3.279819999999999837e+37 1.550000000000000044e+00 4.427180000000000224e+29
5.472970000000000000e+13 1.339720000000000072e+32 3.250979999999999863e+37 1.550999999999999934e+00 4.396040000000000252e+29
5.424270000000000000e+13 1.324809999999999967e+32 3.222130000000000057e+37 1.552000000000000046e+00 4.364770000000000016e+29
5.375580000000000000e+13 1.309930000000000084e+32 3.193279999999999780e+37 1.552000000000000046e+00 4.333370000000000222e+29
5.326890000000000000e+13 1.295080000000000061e+32 3.164429999999999974e+37 1.552999999999999936e+00 4.301850000000000022e+29
5.278200000000000000e+13 1.280270000000000032e+32 3.135580000000000169e+37 1.554000000000000048e+00 4.270210000000000120e+29
5.229510000000000000e+13 1.265490000000000045e+32 3.106740000000000194e+37 1.554999999999999938e+00 4.238439999999999955e+29
5.180820000000000000e+13 1.250739999999999918e+32 3.077889999999999917e+37 1.556000000000000050e+00 4.206540000000000231e+29
5.132130000000000000e+13 1.236020000000000012e+32 3.049040000000000111e+37 1.556999999999999940e+00 4.174520000000000101e+29
5.083450000000000000e+13 1.221339999999999920e+32 3.020189999999999833e+37 1.558000000000000052e+00 4.142369999999999709e+29
5.034770000000000000e+13 1.206690000000000049e+32 2.991340000000000028e+37 1.558999999999999941e+00 4.110089999999999757e+29
4.986080000000000000e+13 1.192079999999999992e+32 2.962500000000000054e+37 1.560000000000000053e+00 4.077690000000000103e+29
4.937400000000000000e+13 1.177490000000000023e+32 2.933649999999999776e+37 1.560999999999999943e+00 4.045160000000000186e+29
4.888730000000000000e+13 1.162950000000000001e+32 2.904799999999999971e+37 1.562000000000000055e+00 4.012509999999999864e+29
4.840050000000000000e+13 1.148430000000000067e+32 2.875950000000000165e+37 1.562999999999999945e+00 3.979729999999999982e+29
4.791380000000000000e+13 1.133949999999999947e+32 2.847099999999999887e+37 1.564000000000000057e+00 3.946819999999999837e+29
4.742700000000000000e+13 1.119500000000000048e+32 2.818259999999999913e+37 1.564999999999999947e+00 3.913789999999999991e+29
4.694030000000000000e+13 1.105080000000000009e+32 2.789410000000000108e+37 1.566000000000000059e+00 3.880629999999999881e+29
4.645360000000000000e+13 1.090699999999999965e+32 2.760559999999999830e+37 1.566999999999999948e+00 3.847350000000000070e+29
4.596690000000000000e+13 1.076359999999999915e+32 2.731710000000000025e+37 1.568000000000000060e+00 3.813939999999999996e+29
4.548020000000000000e+13 1.062039999999999953e+32 2.702860000000000219e+37 1.570000000000000062e+00 3.780399999999999658e+29
4.499360000000000000e+13 1.047769999999999938e+32 2.674019999999999773e+37 1.570999999999999952e+00 3.746740000000000323e+29
4.450700000000000000e+13 1.033520000000000011e+32 2.645169999999999967e+37 1.572000000000000064e+00 3.712950000000000021e+29
4.402030000000000000e+13 1.019310000000000078e+32 2.616320000000000162e+37 1.572999999999999954e+00 3.679040000000000017e+29
4.353370000000000000e+13 1.005139999999999959e+32 2.587469999999999884e+37 1.574999999999999956e+00 3.644999999999999750e+29
4.304720000000000000e+13 9.909990000000000843e+31 2.558620000000000078e+37 1.576000000000000068e+00 3.610829999999999924e+29
4.256060000000000000e+13 9.768960000000000687e+31 2.529780000000000104e+37 1.578000000000000069e+00 3.576539999999999692e+29
4.207410000000000000e+13 9.628279999999999806e+31 2.500929999999999826e+37 1.578999999999999959e+00 3.542129999999999759e+29
4.158750000000000000e+13 9.487959999999999775e+31 2.472080000000000021e+37 1.580000000000000071e+00 3.507590000000000266e+29
4.110100000000000000e+13 9.348010000000000368e+31 2.443230000000000216e+37 1.582000000000000073e+00 3.472919999999999806e+29
4.061450000000000000e+13 9.208420000000000009e+31 2.414379999999999938e+37 1.582999999999999963e+00 3.438130000000000349e+29
4.012800000000000000e+13 9.069200000000000273e+31 2.385539999999999964e+37 1.584999999999999964e+00 3.403219999999999782e+29
3.964160000000000000e+13 8.930359999999999133e+31 2.356690000000000158e+37 1.586000000000000076e+00 3.368179999999999657e+29
3.915520000000000000e+13 8.791890000000000418e+31 2.327839999999999880e+37 1.588000000000000078e+00 3.333029999999999687e+29
3.866870000000000000e+13 8.653800000000000298e+31 2.298990000000000075e+37 1.590000000000000080e+00 3.297740000000000300e+29
3.818230000000000000e+13 8.516100000000000348e+31 2.270139999999999797e+37 1.590999999999999970e+00 3.262339999999999662e+29
3.769600000000000000e+13 8.378780000000000795e+31 2.241299999999999823e+37 1.592999999999999972e+00 3.226820000000000026e+29
3.720960000000000000e+13 8.241859999999999384e+31 2.212450000000000018e+37 1.594000000000000083e+00 3.191170000000000126e+29
3.672330000000000000e+13 8.105329999999999944e+31 2.183600000000000212e+37 1.596000000000000085e+00 3.155400000000000174e+29
3.623690000000000000e+13 7.969210000000000222e+31 2.154749999999999934e+37 1.598000000000000087e+00 3.119520000000000026e+29
3.575060000000000000e+13 7.833500000000000217e+31 2.125899999999999893e+37 1.600000000000000089e+00 3.083509999999999966e+29
3.526440000000000000e+13 7.698190000000000155e+31 2.097059999999999918e+37 1.600999999999999979e+00 3.047379999999999853e+29
3.477810000000000000e+13 7.563310000000000258e+31 2.068210000000000113e+37 1.602999999999999980e+00 3.011139999999999896e+29
3.429190000000000000e+13 7.428849999999999851e+31 2.039360000000000071e+37 1.604999999999999982e+00 2.974779999999999886e+29
3.380560000000000000e+13 7.294830000000000283e+31 2.010510000000000030e+37 1.606999999999999984e+00 2.938300000000000174e+29
3.331940000000000000e+13 7.161239999999999979e+31 1.981659999999999988e+37 1.608999999999999986e+00 2.901709999999999915e+29
3.283330000000000000e+13 7.028089999999999613e+31 1.952820000000000014e+37 1.610999999999999988e+00 2.864999999999999954e+29
3.234710000000000000e+13 6.895399999999999632e+31 1.923969999999999972e+37 1.612999999999999989e+00 2.828180000000000150e+29
3.186100000000000000e+13 6.763160000000000263e+31 1.895119999999999931e+37 1.614999999999999991e+00 2.791250000000000149e+29
3.137490000000000000e+13 6.631390000000000153e+31 1.866269999999999889e+37 1.616999999999999993e+00 2.754200000000000096e+29
3.088880000000000000e+13 6.500090000000000201e+31 1.837420000000000084e+37 1.618999999999999995e+00 2.717039999999999847e+29
3.040270000000000000e+13 6.369270000000000182e+31 1.808580000000000110e+37 1.620999999999999996e+00 2.679770000000000105e+29
2.991670000000000000e+13 6.238949999999999642e+31 1.779730000000000068e+37 1.622999999999999998e+00 2.642390000000000169e+29
2.943070000000000000e+13 6.109119999999999708e+31 1.750880000000000026e+37 1.625000000000000000e+00 2.604909999999999894e+29
2.894470000000000000e+13 5.979799999999999928e+31 1.722029999999999985e+37 1.627000000000000002e+00 2.567320000000000128e+29
2.845870000000000000e+13 5.851000000000000074e+31 1.693179999999999943e+37 1.629000000000000004e+00 2.529620000000000166e+29
2.797270000000000000e+13 5.722729999999999920e+31 1.664339999999999969e+37 1.631999999999999895e+00 2.491819999999999866e+29
2.748680000000000000e+13 5.594990000000000367e+31 1.635489999999999927e+37 1.633999999999999897e+00 2.453919999999999932e+29
2.700090000000000000e+13 5.467809999999999835e+31 1.606639999999999886e+37 1.635999999999999899e+00 2.415910000000000155e+29
2.651500000000000000e+13 5.341180000000000351e+31 1.577790000000000080e+37 1.637999999999999901e+00 2.377809999999999897e+29
2.602920000000000000e+13 5.215130000000000334e+31 1.548940000000000039e+37 1.641000000000000014e+00 2.339600000000000148e+29
2.554340000000000000e+13 5.089669999999999559e+31 1.520100000000000064e+37 1.643000000000000016e+00 2.301299999999999919e+29
2.505760000000000000e+13 4.964799999999999827e+31 1.491250000000000023e+37 1.645000000000000018e+00 2.262909999999999913e+29
2.457180000000000000e+13 4.840549999999999557e+31 1.462399999999999981e+37 1.647999999999999909e+00 2.224419999999999922e+29
2.408610000000000000e+13 4.716919999999999650e+31 1.433549999999999940e+37 1.649999999999999911e+00 2.185840000000000154e+29
2.360030000000000000e+13 4.593929999999999653e+31 1.404699999999999898e+37 1.653000000000000025e+00 2.147180000000000117e+29
2.311470000000000000e+13 4.471600000000000012e+31 1.375859999999999924e+37 1.655000000000000027e+00 2.108420000000000093e+29
2.262900000000000000e+13 4.349939999999999602e+31 1.347009999999999882e+37 1.657999999999999918e+00 2.069580000000000151e+29
2.214340000000000000e+13 4.228969999999999771e+31 1.318160000000000077e+37 1.661000000000000032e+00 2.030650000000000081e+29
2.165780000000000000e+13 4.108700000000000290e+31 1.289310000000000035e+37 1.663000000000000034e+00 1.991649999999999950e+29
2.117220000000000000e+13 3.989160000000000032e+31 1.260459999999999994e+37 1.665999999999999925e+00 1.952560000000000044e+29
2.068670000000000000e+13 3.870360000000000119e+31 1.231620000000000019e+37 1.667999999999999927e+00 1.913400000000000076e+29
2.020110000000000000e+13 3.752320000000000099e+31 1.202769999999999978e+37 1.671000000000000041e+00 1.874159999999999839e+29
1.971570000000000000e+13 3.635070000000000193e+31 1.173919999999999936e+37 1.673999999999999932e+00 1.834849999999999893e+29
1.923020000000000000e+13 3.518629999999999948e+31 1.145069999999999895e+37 1.677000000000000046e+00 1.795469999999999886e+29
1.874480000000000000e+13 3.403010000000000037e+31 1.116220000000000089e+37 1.679000000000000048e+00 1.756020000000000171e+29
1.825940000000000000e+13 3.288239999999999782e+31 1.087380000000000115e+37 1.681999999999999940e+00 1.716500000000000044e+29
1.777410000000000000e+13 3.174360000000000076e+31 1.058529999999999955e+37 1.685000000000000053e+00 1.676929999999999923e+29
1.728870000000000000e+13 3.061379999999999793e+31 1.029680000000000032e+37 1.687999999999999945e+00 1.637290000000000094e+29
1.680350000000000000e+13 2.949330000000000055e+31 1.000829999999999990e+37 1.691000000000000059e+00 1.597599999999999920e+29
1.631820000000000000e+13 2.838240000000000181e+31 9.719840000000000463e+36 1.693999999999999950e+00 1.557850000000000071e+29
1.583300000000000000e+13 2.728139999999999942e+31 9.431359999999999946e+36 1.697000000000000064e+00 1.518050000000000053e+29
1.534780000000000000e+13 2.619069999999999784e+31 9.142879999999999429e+36 1.699999999999999956e+00 1.478200000000000043e+29
1.486270000000000000e+13 2.511059999999999926e+31 8.854400000000000092e+36 1.703000000000000069e+00 1.438310000000000073e+29
1.437760000000000000e+13 2.404140000000000140e+31 8.565919999999999574e+36 1.705999999999999961e+00 1.398369999999999934e+29
1.389250000000000000e+13 2.298360000000000193e+31 8.277440000000000238e+36 1.709000000000000075e+00 1.358390000000000012e+29
1.340750000000000000e+13 2.193749999999999855e+31 7.988959999999999720e+36 1.711999999999999966e+00 1.318369999999999955e+29
1.292250000000000000e+13 2.090350000000000023e+31 7.700480000000000384e+36 1.715999999999999970e+00 1.278319999999999972e+29
1.243760000000000000e+13 1.988220000000000012e+31 7.411999999999999866e+36 1.719000000000000083e+00 1.238230000000000031e+29
1.195270000000000000e+13 1.887400000000000041e+31 7.123520000000000530e+36 1.721999999999999975e+00 1.198109999999999988e+29
1.146790000000000000e+13 1.787940000000000104e+31 6.835040000000000012e+36 1.725000000000000089e+00 1.157970000000000053e+29
1.098310000000000000e+13 1.689889999999999967e+31 6.546559999999999495e+36 1.727999999999999980e+00 1.117789999999999983e+29
1.049830000000000000e+13 1.593330000000000072e+31 6.258080000000000158e+36 1.731000000000000094e+00 1.077600000000000056e+29
1.001360000000000000e+13 1.498299999999999960e+31 5.969599999999999641e+36 1.733999999999999986e+00 1.037369999999999993e+29
9.528940000000000000e+12 1.404880000000000072e+31 5.681120000000000304e+36 1.737000000000000099e+00 9.971210000000000247e+28
9.044330000000000000e+12 1.313129999999999948e+31 5.392639999999999787e+36 1.739999999999999991e+00 9.568460000000000740e+28
8.559780000000000000e+12 1.223150000000000025e+31 5.104159999999999860e+36 1.743000000000000105e+00 9.165420000000000077e+28
8.075290000000000000e+12 1.135010000000000068e+31 4.815679999999999933e+36 1.745999999999999996e+00 8.762070000000000302e+28
7.590850000000000000e+12 1.048810000000000062e+31 4.527200000000000006e+36 1.747999999999999998e+00 8.358360000000000367e+28
7.106470000000000000e+12 9.646479999999999942e+30 4.238720000000000079e+36 1.750000000000000000e+00 7.954209999999999649e+28
6.622150000000000000e+12 8.826349999999999612e+30 3.950240000000000152e+36 1.752000000000000002e+00 7.549499999999999855e+28
6.137900000000000000e+12 8.028939999999999456e+30 3.661760000000000225e+36 1.752999999999999892e+00 7.144079999999999598e+28
5.653710000000000000e+12 7.255600000000000410e+30 3.373279999999999707e+36 1.752999999999999892e+00 6.737740000000000104e+28
5.169590000000000000e+12 6.507860000000000006e+30 3.084799999999999780e+36 1.752000000000000002e+00 6.330169999999999622e+28
4.685550000000000000e+12 5.787380000000000262e+30 2.796319999999999853e+36 1.749000000000000110e+00 5.920959999999999583e+28
4.201590000000000000e+12 5.096079999999999782e+30 2.507839999999999926e+36 1.745000000000000107e+00 5.509509999999999718e+28
3.717720000000000000e+12 4.436109999999999950e+30 2.219359999999999999e+36 1.737000000000000099e+00 5.094979999999999655e+28
3.233930000000000000e+12 3.809919999999999859e+30 1.930880000000000072e+36 1.725000000000000089e+00 4.676060000000000422e+28
2.750240000000000000e+12 3.220310000000000240e+30 1.642400000000000145e+36 1.707000000000000073e+00 4.250770000000000257e+28
2.266660000000000000e+12 2.670440000000000084e+30 1.353919999999999923e+36 1.677999999999999936e+00 3.815760000000000162e+28
1.783210000000000000e+12 2.163620000000000050e+30 1.065439999999999996e+36 1.633999999999999897e+00 3.364880000000000034e+28
4.299000000000000000e+11 7.805000000000000069e+29 2.572000000000000181e+35 1.330000000000000071e+00 1.506450000000000062e+28
4.188000000000000000e+11 7.537999999999999717e+29 2.505999999999999897e+35 1.330000000000000071e+00 1.455129999999999927e+28
3.325000000000000000e+11 5.815999999999999745e+29 1.990000000000000163e+35 1.330000000000000071e+00 1.165809999999999924e+28
2.640000000000000000e+11 4.472999999999999815e+29 1.581000000000000083e+35 1.330000000000000071e+00 9.297799999999999813e+27
2.096000000000000000e+11 3.289999999999999843e+29 1.256000000000000028e+35 1.330000000000000071e+00 6.841069999999999801e+27
1.844000000000000000e+11 2.892000000000000018e+29 1.105000000000000000e+35 1.330000000000000071e+00 6.221810000000000396e+27
1.664000000000000000e+11 2.597000000000000095e+29 9.975999999999999784e+34 1.330000000000000071e+00 3.996079999999999920e+27
1.322000000000000000e+11 2.033000000000000102e+29 7.923999999999999875e+34 1.330000000000000071e+00 3.293160000000000158e+27
1.049000000000000000e+11 1.494999999999999961e+29 6.294000000000000085e+34 1.330000000000000071e+00 2.422460000000000012e+27
8.332000000000000000e+10 1.100000000000000064e+29 4.999999999999999843e+34 1.330000000000000071e+00 1.782300000000000002e+27
6.617000000000000000e+10 8.088999999999999432e+28 3.971999999999999897e+34 1.330000000000000071e+00 1.311289999999999924e+27
5.254000000000000000e+10 5.949000000000000344e+28 3.155000000000000010e+34 1.330000000000000071e+00 9.646129999999999985e+26
4.172000000000000000e+10 4.628000000000000126e+28 2.505999999999999897e+34 1.330000000000000071e+00 7.875200000000000595e+26
3.313000000000000000e+10 3.403999999999999866e+28 1.989999999999999932e+34 1.330000000000000071e+00 5.791050000000000196e+26
2.631000000000000000e+10 2.502999999999999803e+28 1.580999999999999991e+34 1.330000000000000071e+00 4.261170000000000143e+26
2.090000000000000000e+10 1.938000000000000082e+28 1.255999999999999936e+34 1.330000000000000071e+00 3.451690000000000088e+26
1.659000000000000000e+10 1.425000000000000067e+28 9.976000000000000246e+33 1.330000000000000071e+00 2.538950000000000110e+26
1.318000000000000000e+10 1.048000000000000007e+28 7.924000000000000337e+33 1.330000000000000071e+00 1.867689999999999969e+26
1.046000000000000000e+10 7.701999999999999683e+27 6.294000000000000085e+33 1.330000000000000071e+00 1.373879999999999975e+26
8.312000000000000000e+09 5.662000000000000348e+27 4.999999999999999728e+33 1.330000000000000071e+00 1.010819999999999921e+26
6.601000000000000000e+09 4.362000000000000029e+27 3.972000000000000127e+33 1.330000000000000071e+00 8.130089999999999436e+25
4.164000000000000000e+09 2.356000000000000079e+27 2.505999999999999955e+33 1.330000000000000071e+00 4.399369999999999874e+25
2.626000000000000000e+09 1.272000000000000034e+27 1.580999999999999991e+33 1.330000000000000071e+00 2.380450000000000180e+25
1.657000000000000000e+09 6.859999999999999767e+26 9.975999999999999957e+32 1.330000000000000071e+00 1.288319999999999913e+25
1.316000000000000000e+09 5.036000000000000296e+26 7.924000000000000337e+32 1.330000000000000071e+00 9.477099999999999527e+24
1.045000000000000000e+09 4.128999999999999924e+26 6.293999999999999941e+32 1.330000000000000071e+00 6.794269999999999770e+24
8.301000000000000000e+08 3.039000000000000162e+26 4.999999999999999728e+32 1.330000000000000071e+00 4.998809999999999830e+24
5.237000000000000000e+08 1.628999999999999891e+26 3.154999999999999923e+32 1.330000000000000071e+00 2.705450000000000161e+24
3.304000000000000000e+08 8.737999999999999925e+25 1.990000000000000076e+32 1.330000000000000071e+00 1.463449999999999964e+24
2.624000000000000000e+08 6.675999999999999817e+25 1.580999999999999919e+32 1.330000000000000071e+00 1.123400000000000065e+24
1.315000000000000000e+08 2.603999999999999941e+25 7.923999999999999616e+31 1.330000000000000071e+00 4.472499999999999827e+23
6.589000000000000000e+07 1.006000000000000014e+25 3.972000000000000199e+31 1.330000000000000071e+00 1.780890000000000165e+23
3.302000000000000000e+07 3.832999999999999839e+24 1.989999999999999986e+31 1.330000000000000071e+00 7.086450000000000092e+22
1.655000000000000000e+07 1.435000000000000086e+24 9.975999999999999642e+30 1.330000000000000071e+00 2.822060000000000131e+22
8.293000000000000000e+06 5.250000000000000315e+23 4.999999999999999818e+30 1.330000000000000071e+00 1.123529999999999934e+22
6.588000000000000000e+06 3.910999999999999759e+23 3.972000000000000087e+30 1.330000000000000071e+00 8.163429999999999541e+21
2.622000000000000000e+06 9.754999999999999214e+22 1.581000000000000009e+30 1.330000000000000071e+00 2.390210000000000197e+21
1.044000000000000000e+06 2.318000000000000105e+22 6.293999999999999902e+29 1.330000000000000071e+00 6.999960000000000000e+20
4.156000000000000000e+05 5.265999999999999476e+21 2.505999999999999907e+29 1.330000000000000071e+00 2.050380000000000000e+20
1.654000000000000000e+05 1.151000000000000000e+21 9.976000000000000768e+28 1.330000000000000071e+00 6.004390000000000000e+19
6.587000000000000000e+04 2.431000000000000000e+20 3.972000000000000263e+28 1.330000000000000071e+00 1.758760000000000000e+19
2.622000000000000000e+04 4.968000000000000000e+19 1.581000000000000061e+28 1.330000000000000071e+00 5.149550000000000000e+18
1.044000000000000000e+04 9.744000000000000000e+18 6.294999999999999717e+27 1.330000000000000071e+00 1.508420000000000000e+18
