9.953883910300000000e+15 8.043785033100000228e+36 1.995439999999999947e+39 1.000000000000000000e+00 0.000000000000000000e+00
9.904063253600000000e+15 7.998946441999999567e+36 1.990440000000000115e+39 1.000000000000000000e+00 0.000000000000000000e+00
9.854367589700000000e+15 7.954220344599999449e+36 1.985439999999999980e+39 1.000000000000000000e+00 0.000000000000000000e+00
9.804796918700000000e+15 7.909606740700000568e+36 1.980440000000000147e+39 1.000000000000000000e+00 0.000000000000000000e+00
9.755351240600000000e+15 7.865105630400000216e+36 1.975440000000000012e+39 1.000000000000000000e+00 0.000000000000000000e+00
9.706030555400000000e+15 7.820717013699999572e+36 1.970439999999999877e+39 1.000000000000000000e+00 0.000000000000000000e+00
9.656834863000000000e+15 7.776440890599999819e+36 1.965440000000000044e+39 1.000000000000000000e+00 0.000000000000000000e+00
9.607764163500000000e+15 7.732277261000000122e+36 1.960439999999999909e+39 1.000000000000000000e+00 0.000000000000000000e+00
9.558818456900000000e+15 7.688226125000000135e+36 1.955440000000000077e+39 1.000000000000000000e+00 0.000000000000000000e+00
9.509997743100000000e+15 7.644287482599999857e+36 1.950439999999999942e+39 1.000000000000000000e+00 0.000000000000000000e+00
9.461302022200000000e+15 7.600461333800000469e+36 1.945440000000000109e+39 1.000000000000000000e+00 0.000000000000000000e+00
9.412731294100000000e+15 7.556747678599999609e+36 1.940439999999999974e+39 1.000000000000000000e+00 0.000000000000000000e+00
9.364285559000000000e+15 7.513146516899999987e+36 1.935440000000000141e+39 1.000000000000000000e+00 0.000000000000000000e+00
9.315964816700000000e+15 7.469657848800000074e+36 1.930440000000000006e+39 1.000000000000000000e+00 0.000000000000000000e+00
9.267769067200000000e+15 7.426281674299999870e+36 1.925439999999999871e+39 1.000000000000000000e+00 0.000000000000000000e+00
9.219698310600000000e+15 7.383017993400000556e+36 1.920440000000000039e+39 1.000000000000000000e+00 0.000000000000000000e+00
9.171752546900000000e+15 7.339866806099999771e+36 1.915439999999999904e+39 1.000000000000000000e+00 0.000000000000000000e+00
9.123931776100000000e+15 7.296828112300000223e+36 1.910440000000000071e+39 1.000000000000000000e+00 0.000000000000000000e+00
9.076235998100000000e+15 7.253901912100000384e+36 1.905439999999999936e+39 1.000000000000000000e+00 0.000000000000000000e+00
9.028665213000000000e+15 7.211088205599999907e+36 1.900440000000000103e+39 1.000000000000000000e+00 0.000000000000000000e+00
8.981219420800000000e+15 7.168386992499999834e+36 1.895439999999999968e+39 1.000000000000000000e+00 0.000000000000000000e+00
8.933898621400000000e+15 7.125798273100000304e+36 1.890440000000000136e+39 1.000000000000000000e+00 0.000000000000000000e+00
8.886702814900000000e+15 7.083322047199999650e+36 1.885440000000000001e+39 1.000000000000000000e+00 0.000000000000000000e+00
8.839632001200000000e+15 7.040958314999999537e+36 1.880439999999999866e+39 1.000000000000000000e+00 0.000000000000000000e+00
8.792686180500000000e+15 6.998707076299999482e+36 1.875440000000000033e+39 1.000000000000000000e+00 0.000000000000000000e+00
8.745865352600000000e+15 6.956568331099999484e+36 1.870439999999999898e+39 1.000000000000000000e+00 0.000000000000000000e+00
8.699169517500000000e+15 6.914542079600000028e+36 1.865440000000000066e+39 1.000000000000000000e+00 0.000000000000000000e+00
8.652598675300000000e+15 6.872628321599999448e+36 1.860439999999999931e+39 1.000000000000000000e+00 0.000000000000000000e+00
8.606152826000000000e+15 6.830827057299999410e+36 1.855440000000000098e+39 1.000000000000000000e+00 0.000000000000000000e+00
8.559831969600000000e+15 6.789138286499999429e+36 1.850439999999999963e+39 1.000000000000000000e+00 0.000000000000000000e+00
8.513636106000000000e+15 6.747562009300000338e+36 1.845440000000000130e+39 1.000000000000000000e+00 0.000000000000000000e+00
8.467565235300000000e+15 6.706098225600000123e+36 1.840439999999999995e+39 1.000000000000000000e+00 0.000000000000000000e+00
8.421619357500000000e+15 6.664746935600000450e+36 1.835439999999999860e+39 1.000000000000000000e+00 0.000000000000000000e+00
8.375798472500000000e+15 6.623508139099999654e+36 1.830440000000000028e+39 1.000000000000000000e+00 0.000000000000000000e+00
8.330102580400000000e+15 6.582381836199999747e+36 1.825439999999999893e+39 1.000000000000000000e+00 0.000000000000000000e+00
8.284531681100000000e+15 6.541368026899999550e+36 1.820440000000000060e+39 1.000000000000000000e+00 0.000000000000000000e+00
8.239085774800000000e+15 6.500466711100000590e+36 1.815439999999999925e+39 1.000000000000000000e+00 0.000000000000000000e+00
8.193764861200000000e+15 6.459677888999999811e+36 1.810440000000000092e+39 1.000000000000000000e+00 0.000000000000000000e+00
8.148568940600000000e+15 6.419001560400000269e+36 1.805439999999999957e+39 1.000000000000000000e+00 0.000000000000000000e+00
8.103498012800000000e+15 6.378437725400000437e+36 1.800440000000000125e+39 1.000000000000000000e+00 0.000000000000000000e+00
8.058552077900000000e+15 6.337986384000000313e+36 1.795439999999999990e+39 1.000000000000000000e+00 0.000000000000000000e+00
8.013731135900000000e+15 6.297647536100000247e+36 1.790439999999999855e+39 1.000000000000000000e+00 0.000000000000000000e+00
7.969035186700000000e+15 6.257421181899999542e+36 1.785440000000000022e+39 1.000000000000000000e+00 0.000000000000000000e+00
7.924464230400000000e+15 6.217307321200000075e+36 1.780439999999999887e+39 1.000000000000000000e+00 0.000000000000000000e+00
7.880018266900000000e+15 6.177305954100000317e+36 1.775440000000000054e+39 1.000000000000000000e+00 0.000000000000000000e+00
7.835697296400000000e+15 6.137417080600000268e+36 1.770439999999999919e+39 1.000000000000000000e+00 0.000000000000000000e+00
7.791501318600000000e+15 6.097640700600000276e+36 1.765440000000000087e+39 1.000000000000000000e+00 0.000000000000000000e+00
7.747430333800000000e+15 6.057976814299999646e+36 1.760439999999999952e+39 1.000000000000000000e+00 0.000000000000000000e+00
7.703484341800000000e+15 6.018425421500000253e+36 1.755440000000000119e+39 1.000000000000000000e+00 0.000000000000000000e+00
7.659663342700000000e+15 5.978986522300000569e+36 1.750439999999999984e+39 1.000000000000000000e+00 0.000000000000000000e+00
7.615967336500000000e+15 5.939660116699999414e+36 1.745439999999999849e+39 1.000000000000000000e+00 0.000000000000000000e+00
7.572396323100000000e+15 5.900446204599999496e+36 1.740440000000000016e+39 1.000000000000000000e+00 0.000000000000000000e+00
7.528950302600000000e+15 5.861344786200000121e+36 1.735439999999999881e+39 1.000000000000000000e+00 0.000000000000000000e+00
7.485629274900000000e+15 5.822355861299999621e+36 1.730440000000000049e+39 1.000000000000000000e+00 0.000000000000000000e+00
7.442433240200000000e+15 5.783479430000000012e+36 1.725439999999999914e+39 1.000000000000000000e+00 0.000000000000000000e+00
7.399362198200000000e+15 5.744715492300000111e+36 1.720440000000000081e+39 1.000000000000000000e+00 0.000000000000000000e+00
7.356416149200000000e+15 5.706064048100000268e+36 1.715439999999999946e+39 1.000000000000000000e+00 0.000000000000000000e+00
7.313595093000000000e+15 5.667525097599999786e+36 1.710440000000000113e+39 1.000000000000000000e+00 0.000000000000000000e+00
7.270899029700000000e+15 5.629098640600000542e+36 1.705439999999999978e+39 1.000000000000000000e+00 0.000000000000000000e+00
7.228327959300000000e+15 5.590784677199999826e+36 1.700440000000000146e+39 1.000000000000000000e+00 0.000000000000000000e+00
7.185881881700000000e+15 5.552583207400000000e+36 1.695440000000000011e+39 1.000000000000000000e+00 0.000000000000000000e+00
7.143560797000000000e+15 5.514494231100000231e+36 1.690439999999999876e+39 1.000000000000000000e+00 0.000000000000000000e+00
7.101364705100000000e+15 5.476517748499999823e+36 1.685440000000000043e+39 1.000000000000000000e+00 0.000000000000000000e+00
7.059293606200000000e+15 5.438653759399999472e+36 1.680439999999999908e+39 1.000000000000000000e+00 0.000000000000000000e+00
7.017347500000000000e+15 5.400902263900000011e+36 1.675440000000000075e+39 1.000000000000000000e+00 0.000000000000000000e+00
6.975526386800000000e+15 5.363263262000000260e+36 1.670439999999999941e+39 1.000000000000000000e+00 0.000000000000000000e+00
6.933830266400000000e+15 5.325736753600000565e+36 1.665440000000000108e+39 1.000000000000000000e+00 0.000000000000000000e+00
6.892259138900000000e+15 5.288322738900000232e+36 1.660439999999999973e+39 1.000000000000000000e+00 0.000000000000000000e+00
6.850813004300000000e+15 5.251021217699999955e+36 1.655440000000000140e+39 1.000000000000000000e+00 0.000000000000000000e+00
6.809491862500000000e+15 5.213832190099999978e+36 1.650440000000000005e+39 1.000000000000000000e+00 0.000000000000000000e+00
6.768295713600000000e+15 5.176755656099999710e+36 1.645439999999999870e+39 1.000000000000000000e+00 0.000000000000000000e+00
6.727224557500000000e+15 5.139791615600000090e+36 1.640440000000000038e+39 1.000000000000000000e+00 0.000000000000000000e+00
6.686278394300000000e+15 5.102940068700000179e+36 1.635439999999999903e+39 1.000000000000000000e+00 0.000000000000000000e+00
6.645457224000000000e+15 5.066201015500000219e+36 1.630440000000000070e+39 1.000000000000000000e+00 0.000000000000000000e+00
6.604761046600000000e+15 5.029574455799999726e+36 1.625439999999999935e+39 1.000000000000000000e+00 0.000000000000000000e+00
6.564189862000000000e+15 4.993060389599999880e+36 1.620440000000000102e+39 1.000000000000000000e+00 0.000000000000000000e+00
6.523743670300000000e+15 4.956658817099999986e+36 1.615439999999999967e+39 1.000000000000000000e+00 0.000000000000000000e+00
6.483422471400000000e+15 4.920369738100000149e+36 1.610440000000000135e+39 1.000000000000000000e+00 0.000000000000000000e+00
6.443226265500000000e+15 4.884193152800000264e+36 1.605440000000000000e+39 1.000000000000000000e+00 0.000000000000000000e+00
6.403155052300000000e+15 4.848129060999999845e+36 1.600439999999999865e+39 1.000000000000000000e+00 0.000000000000000000e+00
6.363208832100000000e+15 4.812177462700000074e+36 1.595440000000000032e+39 1.000000000000000000e+00 0.000000000000000000e+00
6.323387604700000000e+15 4.776338358100000254e+36 1.590439999999999897e+39 1.000000000000000000e+00 0.000000000000000000e+00
6.283691370200000000e+15 4.740611746999999901e+36 1.585440000000000064e+39 1.000000000000000000e+00 0.000000000000000000e+00
6.244120128600000000e+15 4.704997629499999848e+36 1.580439999999999929e+39 1.000000000000000000e+00 0.000000000000000000e+00
6.204673879800000000e+15 4.669496005600000094e+36 1.575440000000000097e+39 1.000000000000000000e+00 0.000000000000000000e+00
6.165352623900000000e+15 4.634106875300000049e+36 1.570439999999999962e+39 1.000000000000000000e+00 0.000000000000000000e+00
6.126156360800000000e+15 4.598830238599999713e+36 1.565440000000000129e+39 1.000000000000000000e+00 0.000000000000000000e+00
6.087085090600000000e+15 4.563666095400000024e+36 1.560439999999999994e+39 1.000000000000000000e+00 0.000000000000000000e+00
6.048138813300000000e+15 4.528614445800000045e+36 1.555439999999999859e+39 1.000000000000000000e+00 0.000000000000000000e+00
6.009317528900000000e+15 4.493675289799999775e+36 1.550440000000000026e+39 1.000000000000000000e+00 0.000000000000000000e+00
5.970621237300000000e+15 4.458848627399999804e+36 1.545439999999999891e+39 1.000000000000000000e+00 0.000000000000000000e+00
5.932049938600000000e+15 4.424134458600000133e+36 1.540440000000000059e+39 1.000000000000000000e+00 0.000000000000000000e+00
5.893603632700000000e+15 4.389532783299999929e+36 1.535439999999999924e+39 1.000000000000000000e+00 0.000000000000000000e+00
5.855282319800000000e+15 4.355043601600000024e+36 1.530440000000000091e+39 1.000000000000000000e+00 0.000000000000000000e+00
5.817085999600000000e+15 4.320666913499999828e+36 1.525439999999999956e+39 1.000000000000000000e+00 0.000000000000000000e+00
5.779014672400000000e+15 4.286402718999999932e+36 1.520440000000000123e+39 1.000000000000000000e+00 0.000000000000000000e+00
5.741068338000000000e+15 4.252251018000000092e+36 1.515439999999999988e+39 1.000000000000000000e+00 0.000000000000000000e+00
5.703246996500000000e+15 4.218211810700000205e+36 1.510439999999999853e+39 1.000000000000000000e+00 0.000000000000000000e+00
5.665550647800000000e+15 4.184285096899999784e+36 1.505440000000000021e+39 1.000000000000000000e+00 0.000000000000000000e+00
5.627979292100000000e+15 4.150470876700000252e+36 1.500439999999999886e+39 1.000000000000000000e+00 0.000000000000000000e+00
5.590532929100000000e+15 4.116769150099999840e+36 1.495440000000000053e+39 1.000000000000000000e+00 0.000000000000000000e+00
5.553211559100000000e+15 4.083179917000000075e+36 1.490439999999999918e+39 1.000000000000000000e+00 0.000000000000000000e+00
5.516015181900000000e+15 4.049703177600000262e+36 1.485440000000000085e+39 1.000000000000000000e+00 0.000000000000000000e+00
5.478943797600000000e+15 4.016338931699999915e+36 1.480439999999999950e+39 1.000000000000000000e+00 0.000000000000000000e+00
5.441997406200000000e+15 3.983087179399999868e+36 1.475440000000000118e+39 1.000000000000000000e+00 0.000000000000000000e+00
5.405176007600000000e+15 3.949947920700000120e+36 1.470439999999999983e+39 1.000000000000000000e+00 0.000000000000000000e+00
5.368479601900000000e+15 3.916921155499999839e+36 1.465440000000000150e+39 1.000000000000000000e+00 0.000000000000000000e+00
5.331908189000000000e+15 3.884006883899999857e+36 1.460440000000000015e+39 1.000000000000000000e+00 0.000000000000000000e+00
5.295461769000000000e+15 3.851205105999999827e+36 1.455439999999999880e+39 1.000000000000000000e+00 0.000000000000000000e+00
5.259140341900000000e+15 3.818515821599999854e+36 1.450440000000000047e+39 1.000000000000000000e+00 0.000000000000000000e+00
5.222943907700000000e+15 3.785939030699999938e+36 1.445439999999999913e+39 1.000000000000000000e+00 0.000000000000000000e+00
5.186872466300000000e+15 3.753474733499999974e+36 1.440440000000000080e+39 1.000000000000000000e+00 0.000000000000000000e+00
5.150926017800000000e+15 3.721122929800000067e+36 1.435439999999999945e+39 1.000000000000000000e+00 0.000000000000000000e+00
5.115104562100000000e+15 3.688883619699999869e+36 1.430440000000000112e+39 1.000000000000000000e+00 0.000000000000000000e+00
5.079408099300000000e+15 3.656756803199999970e+36 1.425439999999999977e+39 1.000000000000000000e+00 0.000000000000000000e+00
5.043836629400000000e+15 3.624742480299999781e+36 1.420440000000000144e+39 1.000000000000000000e+00 0.000000000000000000e+00
5.008390152400000000e+15 3.592840650999999890e+36 1.415440000000000010e+39 1.000000000000000000e+00 0.000000000000000000e+00
4.973068668200000000e+15 3.561051315200000058e+36 1.410439999999999875e+39 1.000000000000000000e+00 0.000000000000000000e+00
4.937872176900000000e+15 3.529374472999999934e+36 1.405440000000000042e+39 1.000000000000000000e+00 0.000000000000000000e+00
4.902800678400000000e+15 3.497810124400000109e+36 1.400439999999999907e+39 1.000000000000000000e+00 0.000000000000000000e+00
4.867854172800000000e+15 3.466358269399999994e+36 1.395440000000000074e+39 1.000000000000000000e+00 0.000000000000000000e+00
4.833032660100000000e+15 3.435018907899999936e+36 1.390439999999999939e+39 1.000000000000000000e+00 0.000000000000000000e+00
4.798336140300000000e+15 3.403792040099999829e+36 1.385440000000000107e+39 1.000000000000000000e+00 0.000000000000000000e+00
4.763764613300000000e+15 3.372677665799999780e+36 1.380439999999999972e+39 1.000000000000000000e+00 0.000000000000000000e+00
4.729318079200000000e+15 3.341675785100000030e+36 1.375440000000000139e+39 1.000000000000000000e+00 0.000000000000000000e+00
4.694996537900000000e+15 3.310786397999999989e+36 1.370440000000000004e+39 1.000000000000000000e+00 0.000000000000000000e+00
4.660799989500000000e+15 3.280009504400000005e+36 1.365439999999999869e+39 1.000000000000000000e+00 0.000000000000000000e+00
4.626728434000000000e+15 3.249345104499999972e+36 1.360440000000000036e+39 1.000000000000000000e+00 0.000000000000000000e+00
4.592781871400000000e+15 3.218793198099999997e+36 1.355440000000000052e+39 1.000000000000000000e+00 0.000000000000000000e+00
4.558960301600000000e+15 3.188353785299999731e+36 1.350440000000000069e+39 1.000000000000000000e+00 0.000000000000000000e+00
4.525263724700000000e+15 3.158026866000000112e+36 1.345439999999999934e+39 1.000000000000000000e+00 0.000000000000000000e+00
4.491692140600000000e+15 3.127812440399999855e+36 1.340439999999999950e+39 1.000000000000000000e+00 0.000000000000000000e+00
4.458245549400000000e+15 3.097710508300000245e+36 1.335439999999999966e+39 1.000000000000000000e+00 0.000000000000000000e+00
4.424923951100000000e+15 3.067721069799999753e+36 1.330439999999999982e+39 1.000000000000000000e+00 0.000000000000000000e+00
4.391727345700000000e+15 3.037844124900000152e+36 1.325439999999999998e+39 1.000000000000000000e+00 0.000000000000000000e+00
4.358655733100000000e+15 3.008079673600000260e+36 1.320440000000000014e+39 1.000000000000000000e+00 0.000000000000000000e+00
4.325709113400000000e+15 2.978427715900000076e+36 1.315440000000000031e+39 1.000000000000000000e+00 0.000000000000000000e+00
4.292887486500000000e+15 2.948888251699999950e+36 1.310440000000000047e+39 1.000000000000000000e+00 0.000000000000000000e+00
4.260190852500000000e+15 2.919461281100000124e+36 1.305440000000000063e+39 1.000000000000000000e+00 0.000000000000000000e+00
4.227619211400000000e+15 2.890146804100000006e+36 1.300439999999999928e+39 1.000000000000000000e+00 0.000000000000000000e+00
4.195172563100000000e+15 2.860944820700000188e+36 1.295439999999999944e+39 1.000000000000000000e+00 0.000000000000000000e+00
4.162850907800000000e+15 2.831855330799999837e+36 1.290439999999999960e+39 1.000000000000000000e+00 0.000000000000000000e+00
4.130654245200000000e+15 2.802878334600000027e+36 1.285439999999999977e+39 1.000000000000000000e+00 0.000000000000000000e+00
4.098582575600000000e+15 2.774013831900000275e+36 1.280439999999999993e+39 1.000000000000000000e+00 0.000000000000000000e+00
4.066635898800000000e+15 2.745261822800000231e+36 1.275440000000000009e+39 1.000000000000000000e+00 0.000000000000000000e+00
4.034814214900000000e+15 2.716622307200000245e+36 1.270440000000000025e+39 1.000000000000000000e+00 0.000000000000000000e+00
4.003117523800000000e+15 2.688095285300000211e+36 1.265440000000000041e+39 1.000000000000000000e+00 0.000000000000000000e+00
3.971545825700000000e+15 2.659680756900000233e+36 1.260440000000000057e+39 1.000000000000000000e+00 0.000000000000000000e+00
3.940099120300000000e+15 2.631378722099999965e+36 1.255440000000000074e+39 1.000000000000000000e+00 0.000000000000000000e+00
3.908777407900000000e+15 2.603189180899999996e+36 1.250439999999999939e+39 1.000000000000000000e+00 0.000000000000000000e+00
3.877580688300000000e+15 2.575112133300000031e+36 1.245439999999999955e+39 1.000000000000000000e+00 0.000000000000000000e+00
3.846508961600000000e+15 2.547147579300000071e+36 1.240439999999999971e+39 1.000000000000000000e+00 0.000000000000000000e+00
3.815562227700000000e+15 2.519295518799999872e+36 1.235439999999999987e+39 1.000000000000000000e+00 0.000000000000000000e+00
3.784740486700000000e+15 2.491555951899999973e+36 1.230440000000000003e+39 1.000000000000000000e+00 0.000000000000000000e+00
3.754043738600000000e+15 2.463928878600000079e+36 1.225440000000000019e+39 1.000000000000000000e+00 0.000000000000000000e+00
3.723471983400000000e+15 2.436414298899999893e+36 1.220440000000000036e+39 1.000000000000000000e+00 0.000000000000000000e+00
3.693025221000000000e+15 2.409012212700000060e+36 1.215440000000000052e+39 1.000000000000000000e+00 0.000000000000000000e+00
3.662703451500000000e+15 2.381722620199999883e+36 1.210440000000000068e+39 1.000000000000000000e+00 0.000000000000000000e+00
3.632506674800000000e+15 2.354545521200000058e+36 1.205439999999999933e+39 1.000000000000000000e+00 0.000000000000000000e+00
3.602434891000000000e+15 2.327480915799999943e+36 1.200439999999999949e+39 1.000000000000000000e+00 0.000000000000000000e+00
3.572488100100000000e+15 2.300528803899999884e+36 1.195439999999999965e+39 1.000000000000000000e+00 0.000000000000000000e+00
3.542666302000000000e+15 2.273689185700000072e+36 1.190439999999999982e+39 1.000000000000000000e+00 0.000000000000000000e+00
3.512969496900000000e+15 2.246962061000000022e+36 1.185439999999999998e+39 1.000000000000000000e+00 0.000000000000000000e+00
3.483397684500000000e+15 2.220347429899999977e+36 1.180440000000000014e+39 1.000000000000000000e+00 0.000000000000000000e+00
3.453950865100000000e+15 2.193845292399999936e+36 1.175440000000000030e+39 1.000000000000000000e+00 0.000000000000000000e+00
3.424629038500000000e+15 2.167455648499999899e+36 1.170440000000000046e+39 1.000000000000000000e+00 0.000000000000000000e+00
3.395432204800000000e+15 2.141178498099999919e+36 1.165440000000000062e+39 1.000000000000000000e+00 0.000000000000000000e+00
3.366360363900000000e+15 2.115013841399999890e+36 1.160439999999999927e+39 1.000000000000000000e+00 0.000000000000000000e+00
3.337413515900000000e+15 2.088961678199999919e+36 1.155439999999999944e+39 1.000000000000000000e+00 0.000000000000000000e+00
3.308591660800000000e+15 2.063022008599999952e+36 1.150439999999999960e+39 1.000000000000000000e+00 0.000000000000000000e+00
3.279894798600000000e+15 2.037194832500000042e+36 1.145439999999999976e+39 1.000000000000000000e+00 0.000000000000000000e+00
3.251322929200000000e+15 2.011480150100000084e+36 1.140439999999999992e+39 1.000000000000000000e+00 0.000000000000000000e+00
3.222876052700000000e+15 1.985877961199999888e+36 1.135440000000000008e+39 1.000000000000000000e+00 0.000000000000000000e+00
3.194554169000000000e+15 1.960388265899999991e+36 1.130440000000000024e+39 1.000000000000000000e+00 0.000000000000000000e+00
3.166357278200000000e+15 1.935011064200000098e+36 1.125440000000000041e+39 1.000000000000000000e+00 0.000000000000000000e+00
3.138285380300000000e+15 1.909746356099999914e+36 1.120440000000000057e+39 1.000000000000000000e+00 0.000000000000000000e+00
3.110338475200000000e+15 1.884594141600000030e+36 1.115440000000000073e+39 1.000000000000000000e+00 0.000000000000000000e+00
3.082516563100000000e+15 1.859554420599999908e+36 1.110439999999999938e+39 1.000000000000000000e+00 0.000000000000000000e+00
3.054819643700000000e+15 1.834627193200000085e+36 1.105439999999999954e+39 1.000000000000000000e+00 0.000000000000000000e+00
3.027247717300000000e+15 1.809812459399999972e+36 1.100439999999999970e+39 1.000000000000000000e+00 0.000000000000000000e+00
2.999800783700000000e+15 1.785110219199999863e+36 1.095439999999999987e+39 1.000000000000000000e+00 0.000000000000000000e+00
2.972478843000000000e+15 1.760520472500000106e+36 1.090440000000000003e+39 1.000000000000000000e+00 0.000000000000000000e+00
2.945281895100000000e+15 1.736043219400000058e+36 1.085440000000000019e+39 1.000000000000000000e+00 0.000000000000000000e+00
2.918209940100000000e+15 1.711678459999999961e+36 1.080440000000000035e+39 1.000000000000000000e+00 0.000000000000000000e+00
2.891262978000000000e+15 1.687426193999999975e+36 1.075440000000000051e+39 1.000000000000000000e+00 0.000000000000000000e+00
2.864441008700000000e+15 1.663286421699999940e+36 1.070440000000000067e+39 1.000000000000000000e+00 0.000000000000000000e+00
2.837744032400000000e+15 1.639259142999999909e+36 1.065439999999999932e+39 1.000000000000000000e+00 0.000000000000000000e+00
2.811172048800000000e+15 1.615344357799999936e+36 1.060439999999999949e+39 1.000000000000000000e+00 0.000000000000000000e+00
2.784725058200000000e+15 1.591542066199999966e+36 1.055439999999999965e+39 1.000000000000000000e+00 0.000000000000000000e+00
2.758403060400000000e+15 1.567852268200000001e+36 1.050439999999999981e+39 1.000000000000000000e+00 0.000000000000000000e+00
2.732206055500000000e+15 1.544274963800000041e+36 1.045439999999999997e+39 1.000000000000000000e+00 0.000000000000000000e+00
2.706134043400000000e+15 1.520810152900000137e+36 1.040440000000000013e+39 1.000000000000000000e+00 0.000000000000000000e+00
2.680187024200000000e+15 1.497457835599999943e+36 1.035440000000000029e+39 1.000000000000000000e+00 0.000000000000000000e+00
2.654364997900000000e+15 1.474218011999999995e+36 1.030440000000000046e+39 1.000000000000000000e+00 0.000000000000000000e+00
2.628667964400000000e+15 1.451090681799999862e+36 1.025440000000000062e+39 1.000000000000000000e+00 0.000000000000000000e+00
2.603095923900000000e+15 1.428075845299999975e+36 1.020439999999999927e+39 1.000000000000000000e+00 0.000000000000000000e+00
2.577648876100000000e+15 1.405173502400000093e+36 1.015439999999999943e+39 1.000000000000000000e+00 0.000000000000000000e+00
2.552326821300000000e+15 1.382383652999999973e+36 1.010439999999999959e+39 1.000000000000000000e+00 0.000000000000000000e+00
2.527129759300000000e+15 1.359706297199999857e+36 1.005439999999999975e+39 1.000000000000000000e+00 0.000000000000000000e+00
2.502057690200000000e+15 1.337141435000000041e+36 1.000439999999999991e+39 1.000000000000000000e+00 0.000000000000000000e+00
2.477110613900000000e+15 1.314689066399999934e+36 9.954400000000000076e+38 1.000000000000000000e+00 0.000000000000000000e+00
2.452288530500000000e+15 1.292349191300000031e+36 9.904400000000000238e+38 1.000000000000000000e+00 0.000000000000000000e+00
2.427591440000000000e+15 1.270121809799999985e+36 9.854400000000000400e+38 1.000000000000000000e+00 0.000000000000000000e+00
2.403019342300000000e+15 1.248006921899999944e+36 9.804400000000000562e+38 1.000000000000000000e+00 0.000000000000000000e+00
2.378572237500000000e+15 1.226004527600000054e+36 9.754400000000000723e+38 1.000000000000000000e+00 0.000000000000000000e+00
2.354250125600000000e+15 1.204114626900000021e+36 9.704399999999999374e+38 1.000000000000000000e+00 0.000000000000000000e+00
2.330053006600000000e+15 1.182337219799999992e+36 9.654399999999999535e+38 1.000000000000000000e+00 0.000000000000000000e+00
2.305980880400000000e+15 1.160672306200000021e+36 9.604399999999999697e+38 1.000000000000000000e+00 0.000000000000000000e+00
2.282033747100000000e+15 1.139119886200000053e+36 9.554399999999999859e+38 1.000000000000000000e+00 0.000000000000000000e+00
2.258211606600000000e+15 1.117679959799999943e+36 9.504400000000000020e+38 1.000000000000000000e+00 0.000000000000000000e+00
2.234514459000000000e+15 1.096352526900000037e+36 9.454400000000000182e+38 1.000000000000000000e+00 0.000000000000000000e+00
2.210942304300000000e+15 1.075137587699999935e+36 9.404400000000000344e+38 1.000000000000000000e+00 0.000000000000000000e+00
2.187495142400000000e+15 1.054035142000000038e+36 9.354400000000000506e+38 1.000000000000000000e+00 0.000000000000000000e+00
2.164172973400000000e+15 1.033045189899999997e+36 9.304400000000000667e+38 1.000000000000000000e+00 0.000000000000000000e+00
2.140975797300000000e+15 1.012167731399999961e+36 9.254399999999999318e+38 1.000000000000000000e+00 0.000000000000000000e+00
2.117903614100000000e+15 9.914027664900000228e+35 9.204399999999999479e+38 1.000000000000000000e+00 0.000000000000000000e+00
2.094956423700000000e+15 9.707502951400000215e+35 9.154399999999999641e+38 1.000000000000000000e+00 0.000000000000000000e+00
2.072134226100000000e+15 9.502103173600000108e+35 9.104399999999999803e+38 1.000000000000000000e+00 0.000000000000000000e+00
2.049437021500000000e+15 9.297828331699999507e+35 9.054399999999999965e+38 1.000000000000000000e+00 0.000000000000000000e+00
2.026864809700000000e+15 9.094678425599999350e+35 9.004400000000000126e+38 1.000000000000000000e+00 0.000000000000000000e+00
2.004417590800000000e+15 8.892653455299999636e+35 8.954400000000000288e+38 1.000000000000000000e+00 0.000000000000000000e+00
1.982095364700000000e+15 8.691753420800000366e+35 8.904400000000000450e+38 1.000000000000000000e+00 0.000000000000000000e+00
1.959898131500000000e+15 8.491978321999999527e+35 8.854400000000000611e+38 1.000000000000000000e+00 0.000000000000000000e+00
1.937825891200000000e+15 8.293328159099999669e+35 8.804399999999999262e+38 1.000000000000000000e+00 0.000000000000000000e+00
1.915878643700000000e+15 8.095802932000000254e+35 8.754399999999999423e+38 1.000000000000000000e+00 0.000000000000000000e+00
1.894056389100000000e+15 7.899402640699999808e+35 8.704399999999999585e+38 1.000000000000000000e+00 0.000000000000000000e+00
1.872359127400000000e+15 7.704127285099999267e+35 8.654399999999999747e+38 1.000000000000000000e+00 0.000000000000000000e+00
1.850786858600000000e+15 7.509976865399999708e+35 8.604399999999999909e+38 1.000000000000000000e+00 0.000000000000000000e+00
1.829339582600000000e+15 7.316951381500000593e+35 8.554400000000000070e+38 1.000000000000000000e+00 0.000000000000000000e+00
1.808017299400000000e+15 7.125050833400000446e+35 8.504400000000000232e+38 1.000000000000000000e+00 0.000000000000000000e+00
1.786820009200000000e+15 6.934275221000000204e+35 8.454400000000000394e+38 1.000000000000000000e+00 0.000000000000000000e+00
1.765747711800000000e+15 6.744624544499999469e+35 8.404400000000000555e+38 1.000000000000000000e+00 0.000000000000000000e+00
1.744800407300000000e+15 6.556098803799999915e+35 8.354400000000000717e+38 3.369668246399999845e+00 0.000000000000000000e+00
1.730042133200000000e+15 6.424816781499999951e+35 8.304399999999999367e+38 3.369668246399999845e+00 0.000000000000000000e+00
1.715371061700000000e+15 6.295394530800000317e+35 8.254399999999999529e+38 3.369668246399999845e+00 0.000000000000000000e+00
1.700786474600000000e+15 6.167816731899999946e+35 8.204399999999999691e+38 3.369668246399999845e+00 0.000000000000000000e+00
1.686287655000000000e+15 6.042068099299999878e+35 8.154399999999999853e+38 3.369668246399999845e+00 0.000000000000000000e+00
1.671873887900000000e+15 5.918133381900000106e+35 8.104400000000000014e+38 3.369668246399999845e+00 0.000000000000000000e+00
1.657544459700000000e+15 5.795997363199999917e+35 8.054400000000000176e+38 3.369668246399999845e+00 0.000000000000000000e+00
1.643298658700000000e+15 5.675644861200000302e+35 8.004400000000000338e+38 3.369668246399999845e+00 0.000000000000000000e+00
1.629135774600000000e+15 5.557060728999999804e+35 7.954400000000000499e+38 3.369668246399999845e+00 0.000000000000000000e+00
1.615055098700000000e+15 5.440229854299999948e+35 7.904400000000000661e+38 3.369668246399999845e+00 0.000000000000000000e+00
1.601055924300000000e+15 5.325137160100000147e+35 7.854399999999999312e+38 3.369668246399999845e+00 0.000000000000000000e+00
1.587137545800000000e+15 5.211767604500000318e+35 7.804399999999999473e+38 3.369668246399999845e+00 0.000000000000000000e+00
1.573299259800000000e+15 5.100106181000000280e+35 7.754399999999999635e+38 3.369668246399999845e+00 0.000000000000000000e+00
1.559540364300000000e+15 4.990137918600000291e+35 7.704399999999999797e+38 3.369668246399999845e+00 0.000000000000000000e+00
1.545860158900000000e+15 4.881847881900000111e+35 7.654399999999999958e+38 3.369668246399999845e+00 0.000000000000000000e+00
1.532257945000000000e+15 4.775221171499999677e+35 7.604400000000000120e+38 3.369668246399999845e+00 0.000000000000000000e+00
1.518733025600000000e+15 4.670242923500000102e+35 7.554400000000000282e+38 3.369668246399999845e+00 0.000000000000000000e+00
1.505284705600000000e+15 4.566898310599999998e+35 7.504400000000000443e+38 3.369668246399999845e+00 0.000000000000000000e+00
1.491912291400000000e+15 4.465172541300000027e+35 7.454400000000000605e+38 3.369668246399999845e+00 0.000000000000000000e+00
1.478615091100000000e+15 4.365050860699999827e+35 7.404399999999999256e+38 3.369668246399999845e+00 0.000000000000000000e+00
1.465392414600000000e+15 4.266518550399999684e+35 7.354399999999999417e+38 3.369668246399999845e+00 0.000000000000000000e+00
1.452243573600000000e+15 4.169560928799999933e+35 7.304399999999999579e+38 3.369668246399999845e+00 0.000000000000000000e+00
1.439167881200000000e+15 4.074163350999999683e+35 7.254399999999999741e+38 3.369668246399999845e+00 0.000000000000000000e+00
1.426164652600000000e+15 3.980311209199999702e+35 7.204399999999999902e+38 3.369668246399999845e+00 0.000000000000000000e+00
1.413233204600000000e+15 3.887989932599999669e+35 7.154400000000000064e+38 3.369668246399999845e+00 0.000000000000000000e+00
1.400372855800000000e+15 3.797184988099999722e+35 7.104400000000000226e+38 3.369668246399999845e+00 0.000000000000000000e+00
1.387582926300000000e+15 3.707881879599999645e+35 7.054400000000000387e+38 3.369668246399999845e+00 0.000000000000000000e+00
1.374862738400000000e+15 3.620066149200000158e+35 7.004400000000000549e+38 3.369668246399999845e+00 0.000000000000000000e+00
1.362211615800000000e+15 3.533723376499999884e+35 6.954400000000000711e+38 3.369668246399999845e+00 0.000000000000000000e+00
1.349628884100000000e+15 3.448839179100000259e+35 6.904399999999999361e+38 3.369668246399999845e+00 0.000000000000000000e+00
1.337113870900000000e+15 3.365399212799999962e+35 6.854399999999999523e+38 3.369668246399999845e+00 0.000000000000000000e+00
1.324665905300000000e+15 3.283389172000000013e+35 6.804399999999999685e+38 3.369668246399999845e+00 0.000000000000000000e+00
1.312284318300000000e+15 3.202794789300000156e+35 6.754399999999999846e+38 3.369668246399999845e+00 0.000000000000000000e+00
1.299968442800000000e+15 3.123601836099999861e+35 6.704400000000000008e+38 3.369668246399999845e+00 0.000000000000000000e+00
1.287717613400000000e+15 3.045796122800000144e+35 6.654400000000000170e+38 3.369668246399999845e+00 0.000000000000000000e+00
1.275531166700000000e+15 2.969363498700000073e+35 6.604400000000000331e+38 3.369668246399999845e+00 0.000000000000000000e+00
1.263408440900000000e+15 2.894289852499999828e+35 6.554399999999999737e+38 3.369668246399999845e+00 0.000000000000000000e+00
1.251348776200000000e+15 2.820561112099999993e+35 6.504399999999999899e+38 3.369668246399999845e+00 0.000000000000000000e+00
1.239351514800000000e+15 2.748163245500000123e+35 6.454400000000000061e+38 3.369668246399999845e+00 0.000000000000000000e+00
1.227416000400000000e+15 2.677082259900000175e+35 6.404400000000000223e+38 3.369668246399999845e+00 0.000000000000000000e+00
1.215541579000000000e+15 2.607304203000000122e+35 6.354399999999999629e+38 3.369668246399999845e+00 0.000000000000000000e+00
1.203727598000000000e+15 2.538815162499999845e+35 6.304399999999999790e+38 3.369668246399999845e+00 0.000000000000000000e+00
1.191973407200000000e+15 2.471601266599999973e+35 6.254399999999999952e+38 3.369668246399999845e+00 0.000000000000000000e+00
1.180278358000000000e+15 2.405648684000000045e+35 6.204400000000000114e+38 3.369668246399999845e+00 0.000000000000000000e+00
1.168641803700000000e+15 2.340943624200000118e+35 6.154400000000000275e+38 3.369668246399999845e+00 0.000000000000000000e+00
1.157063099700000000e+15 2.277472338000000134e+35 6.104399999999999681e+38 3.369668246399999845e+00 0.000000000000000000e+00
1.145541603100000000e+15 2.215221116999999817e+35 6.054399999999999843e+38 3.369668246399999845e+00 0.000000000000000000e+00
1.134076673300000000e+15 2.154176294599999987e+35 6.004400000000000005e+38 3.369668246399999845e+00 0.000000000000000000e+00
1.122667671300000000e+15 2.094324245699999845e+35 5.954400000000000167e+38 3.369668246399999845e+00 0.000000000000000000e+00
1.111313960300000000e+15 2.035651387099999856e+35 5.904400000000000328e+38 3.369668246399999845e+00 0.000000000000000000e+00
1.100014905200000000e+15 1.978144177800000045e+35 5.854399999999999734e+38 3.369668246399999845e+00 0.000000000000000000e+00
1.088769873200000000e+15 1.921789118899999825e+35 5.804399999999999896e+38 3.369668246399999845e+00 0.000000000000000000e+00
1.077578233200000000e+15 1.866572754200000119e+35 5.754400000000000058e+38 3.369668246399999845e+00 0.000000000000000000e+00
1.066439356500000000e+15 1.812481670400000003e+35 5.704400000000000219e+38 3.369668246399999845e+00 0.000000000000000000e+00
1.055352616000000000e+15 1.759502496999999864e+35 5.654399999999999625e+38 3.369668246399999845e+00 0.000000000000000000e+00
1.044317386800000000e+15 1.707621906800000021e+35 5.604399999999999787e+38 3.369668246399999845e+00 0.000000000000000000e+00
1.033333046200000000e+15 1.656826616099999965e+35 5.554399999999999949e+38 3.369668246399999845e+00 0.000000000000000000e+00
1.022398973200000000e+15 1.607103385099999948e+35 5.504400000000000111e+38 3.369668246399999845e+00 0.000000000000000000e+00
1.011514549200000000e+15 1.558439017800000079e+35 5.454400000000000272e+38 3.369668246399999845e+00 0.000000000000000000e+00
1.000679157400000000e+15 1.510820362500000060e+35 5.404399999999999678e+38 3.369668246399999845e+00 0.000000000000000000e+00
9.898921833300000000e+14 1.464234312000000078e+35 5.354399999999999840e+38 3.369668246399999845e+00 0.000000000000000000e+00
9.791530144700000000e+14 1.418667803800000034e+35 5.304400000000000002e+38 3.369668246399999845e+00 0.000000000000000000e+00
9.684610404300000000e+14 1.374107820500000032e+35 5.254400000000000163e+38 3.369668246399999845e+00 0.000000000000000000e+00
9.578156529800000000e+14 1.330541389899999993e+35 5.204400000000000325e+38 3.369668246399999845e+00 0.000000000000000000e+00
9.472162460000000000e+14 1.287955585299999982e+35 5.154399999999999731e+38 3.369668246399999845e+00 0.000000000000000000e+00
9.366622155200000000e+14 1.246337526099999922e+35 5.104399999999999893e+38 3.369668246399999845e+00 0.000000000000000000e+00
9.261529597400000000e+14 1.205674377500000013e+35 5.054400000000000055e+38 3.369668246399999845e+00 0.000000000000000000e+00
9.156878790300000000e+14 1.165953351300000050e+35 5.004400000000000216e+38 3.369668246399999845e+00 0.000000000000000000e+00
9.052663759500000000e+14 1.127161705899999981e+35 4.954399999999999622e+38 3.369668246399999845e+00 0.000000000000000000e+00
8.948878552600000000e+14 1.089286746600000036e+35 4.904399999999999784e+38 3.369668246399999845e+00 0.000000000000000000e+00
8.845517239500000000e+14 1.052315825999999934e+35 4.854399999999999946e+38 3.369668246399999845e+00 0.000000000000000000e+00
8.742573912300000000e+14 1.016236344500000087e+35 4.804400000000000107e+38 3.369668246399999845e+00 0.000000000000000000e+00
8.640042685400000000e+14 9.810357500299999339e+34 4.754400000000000269e+38 3.369668246399999845e+00 0.000000000000000000e+00
8.537917696100000000e+14 9.467015390100000696e+34 4.704399999999999675e+38 3.369668246399999845e+00 0.000000000000000000e+00
8.436193104200000000e+14 9.132212562199999272e+34 4.654399999999999837e+38 3.369668246399999845e+00 0.000000000000000000e+00
8.334863092600000000e+14 8.805824953300000344e+34 4.604399999999999999e+38 3.369668246399999845e+00 0.000000000000000000e+00
8.233921867200000000e+14 8.487728991699999970e+34 4.554400000000000160e+38 3.369668246399999845e+00 0.000000000000000000e+00
8.133363656900000000e+14 8.177801600899999915e+34 4.504400000000000322e+38 3.369668246399999845e+00 0.000000000000000000e+00
8.033182714300000000e+14 7.875920202800000312e+34 4.454399999999999728e+38 3.369668246399999845e+00 0.000000000000000000e+00
7.933373315400000000e+14 7.581962721100000232e+34 4.404399999999999890e+38 3.369668246399999845e+00 0.000000000000000000e+00
7.833929759800000000e+14 7.295807585399999612e+34 4.354400000000000051e+38 3.369668246399999845e+00 0.000000000000000000e+00
7.734866650100000000e+14 7.042276253400000248e+34 4.304400000000000213e+38 2.388888888899999952e+00 0.000000000000000000e+00
7.636054950900000000e+14 6.848431435400000446e+34 4.254400000000000375e+38 2.388888888899999952e+00 0.000000000000000000e+00
7.537494328500000000e+14 6.657725078500000417e+34 4.204399999999999781e+38 2.388888888899999952e+00 0.000000000000000000e+00
7.439183631300000000e+14 6.470142786499999733e+34 4.154399999999999943e+38 2.388888888899999952e+00 0.000000000000000000e+00
7.341121699300000000e+14 6.285670058299999713e+34 4.104400000000000104e+38 2.388888888899999952e+00 0.000000000000000000e+00
7.243307363600000000e+14 6.104292285499999929e+34 4.054400000000000266e+38 2.388888888899999952e+00 0.000000000000000000e+00
7.145739447000000000e+14 5.925994750900000293e+34 4.004399999999999672e+38 2.388888888899999952e+00 0.000000000000000000e+00
7.048416763200000000e+14 5.750762625600000409e+34 3.954399999999999834e+38 2.388888888899999952e+00 0.000000000000000000e+00
6.951338116700000000e+14 5.578580967400000011e+34 3.904399999999999995e+38 2.388888888899999952e+00 0.000000000000000000e+00
6.854502303000000000e+14 5.409434717900000166e+34 3.854400000000000157e+38 2.388888888899999952e+00 0.000000000000000000e+00
6.757908107800000000e+14 5.243308700599999699e+34 3.804400000000000319e+38 2.388888888899999952e+00 0.000000000000000000e+00
6.661554307400000000e+14 5.080187618099999883e+34 3.754399999999999725e+38 2.388888888899999952e+00 0.000000000000000000e+00
6.565439668100000000e+14 4.920056049799999822e+34 3.704399999999999887e+38 2.388888888899999952e+00 0.000000000000000000e+00
6.469562946200000000e+14 4.762898448799999899e+34 3.654400000000000048e+38 2.388888888899999952e+00 0.000000000000000000e+00
6.373922887600000000e+14 4.608699139599999928e+34 3.604400000000000210e+38 2.388888888899999952e+00 0.000000000000000000e+00
6.278518227900000000e+14 4.457442314999999826e+34 3.554400000000000372e+38 2.388888888899999952e+00 0.000000000000000000e+00
6.183347691500000000e+14 4.309112033299999699e+34 3.504399999999999778e+38 2.388888888899999952e+00 0.000000000000000000e+00
6.088409992200000000e+14 4.163692215099999788e+34 3.454399999999999939e+38 2.388888888899999952e+00 0.000000000000000000e+00
5.993703832400000000e+14 4.021166640099999972e+34 3.404400000000000101e+38 2.388888888899999952e+00 0.000000000000000000e+00
5.899227902900000000e+14 3.881518944099999776e+34 3.354399999999999885e+38 2.388888888899999952e+00 0.000000000000000000e+00
5.804980882800000000e+14 3.744732614999999937e+34 3.304400000000000047e+38 2.388888888899999952e+00 0.000000000000000000e+00
5.710961439000000000e+14 3.610790989899999909e+34 3.254399999999999831e+38 2.388888888899999952e+00 0.000000000000000000e+00
5.617168226100000000e+14 3.479677250899999826e+34 3.204399999999999992e+38 2.388888888899999952e+00 0.000000000000000000e+00
5.523599885900000000e+14 3.351374421600000132e+34 3.154400000000000154e+38 2.388888888899999952e+00 0.000000000000000000e+00
5.430255047400000000e+14 3.225865362800000056e+34 3.104399999999999938e+38 2.388888888899999952e+00 0.000000000000000000e+00
5.337132326000000000e+14 3.103132768399999831e+34 3.054400000000000100e+38 2.388888888899999952e+00 0.000000000000000000e+00
5.244230323600000000e+14 2.983159161300000144e+34 3.004399999999999883e+38 2.388888888899999952e+00 0.000000000000000000e+00
5.151547628000000000e+14 2.865926888499999969e+34 2.954400000000000045e+38 2.388888888899999952e+00 0.000000000000000000e+00
5.059082812400000000e+14 2.751418116499999785e+34 2.904399999999999829e+38 2.388888888899999952e+00 0.000000000000000000e+00
4.966834435400000000e+14 2.639614826599999928e+34 2.854399999999999991e+38 2.388888888899999952e+00 0.000000000000000000e+00
4.874801040200000000e+14 2.530498809200000024e+34 2.804400000000000152e+38 2.388888888899999952e+00 0.000000000000000000e+00
4.782981154400000000e+14 2.424051658900000037e+34 2.754399999999999936e+38 2.388888888899999952e+00 0.000000000000000000e+00
4.691373289300000000e+14 2.320254768600000113e+34 2.704400000000000098e+38 2.388888888899999952e+00 0.000000000000000000e+00
4.599975939900000000e+14 2.219089323599999940e+34 2.654399999999999882e+38 2.388888888899999952e+00 0.000000000000000000e+00
4.508787583900000000e+14 2.120536295299999847e+34 2.604400000000000044e+38 2.388888888899999952e+00 0.000000000000000000e+00
4.417806681200000000e+14 2.024576434800000026e+34 2.554399999999999827e+38 2.388888888899999952e+00 0.000000000000000000e+00
4.327031673900000000e+14 1.931190266199999886e+34 2.504399999999999989e+38 2.388888888899999952e+00 0.000000000000000000e+00
4.236460985100000000e+14 1.840358078800000082e+34 2.454400000000000151e+38 2.388888888899999952e+00 0.000000000000000000e+00
4.146120000000000000e+14 1.754540000000000046e+34 2.404399999999999935e+38 3.331999999999999851e+00 0.000000000000000000e+00
4.055540000000000000e+14 1.639429999999999968e+34 2.354400000000000096e+38 3.338999999999999968e+00 0.000000000000000000e+00
3.965250000000000000e+14 1.529359999999999944e+34 2.304399999999999880e+38 3.345000000000000195e+00 0.000000000000000000e+00
3.875240000000000000e+14 1.424239999999999922e+34 2.254400000000000042e+38 3.351999999999999869e+00 0.000000000000000000e+00
3.785500000000000000e+14 1.323969999999999949e+34 2.204399999999999826e+38 3.358999999999999986e+00 0.000000000000000000e+00
3.696030000000000000e+14 1.228480000000000012e+34 2.154399999999999988e+38 3.365000000000000213e+00 0.000000000000000000e+00
3.606820000000000000e+14 1.137649999999999890e+34 2.104400000000000149e+38 3.371999999999999886e+00 0.000000000000000000e+00
3.517860000000000000e+14 1.051410000000000030e+34 2.054399999999999933e+38 3.378000000000000114e+00 0.000000000000000000e+00
3.429150000000000000e+14 9.696450000000000490e+33 2.004400000000000095e+38 3.384999999999999787e+00 0.000000000000000000e+00
3.340680000000000000e+14 8.922570000000000187e+33 1.954399999999999879e+38 3.391000000000000014e+00 0.000000000000000000e+00
3.252450000000000000e+14 8.191420000000000479e+33 1.904400000000000040e+38 3.396999999999999797e+00 0.000000000000000000e+00
3.164430000000000000e+14 7.501909999999999476e+33 1.854399999999999824e+38 3.403000000000000025e+00 0.000000000000000000e+00
3.076640000000000000e+14 6.852949999999999898e+33 1.804399999999999986e+38 3.407999999999999918e+00 0.000000000000000000e+00
2.989060000000000000e+14 6.243419999999999453e+33 1.754400000000000148e+38 3.412999999999999812e+00 0.000000000000000000e+00
2.901690000000000000e+14 5.672159999999999926e+33 1.704399999999999932e+38 3.418000000000000149e+00 0.000000000000000000e+00
2.814520000000000000e+14 5.138000000000000086e+33 1.654400000000000093e+38 3.420999999999999819e+00 0.000000000000000000e+00
2.727550000000000000e+14 4.639729999999999896e+33 1.604400000000000066e+38 3.423999999999999932e+00 0.000000000000000000e+00
2.640760000000000000e+14 4.176139999999999897e+33 1.554400000000000039e+38 3.426000000000000156e+00 0.000000000000000000e+00
2.554160000000000000e+14 3.745950000000000268e+33 1.504400000000000012e+38 3.427000000000000046e+00 0.000000000000000000e+00
2.467730000000000000e+14 3.347899999999999728e+33 1.454399999999999984e+38 3.426000000000000156e+00 0.000000000000000000e+00
1.396040000000000000e+14 5.828749999999999653e+32 8.270530000000000256e+37 3.201000000000000068e+00 1.450790000000000002e+29
1.391150000000000000e+14 5.782550000000000223e+32 8.241680000000000450e+37 3.212000000000000188e+00 1.730219999999999939e+29
1.386260000000000000e+14 5.736030000000000117e+32 8.212829999999999700e+37 3.221999999999999975e+00 1.941559999999999836e+29
1.381370000000000000e+14 5.689530000000000278e+32 8.183979999999999895e+37 3.232000000000000206e+00 2.124330000000000172e+29
1.376480000000000000e+14 5.643180000000000283e+32 8.155140000000000393e+37 3.241999999999999993e+00 2.291640000000000014e+29
1.371590000000000000e+14 5.597019999999999946e+32 8.126289999999999643e+37 3.250999999999999890e+00 2.449489999999999924e+29
1.366700000000000000e+14 5.551079999999999668e+32 8.097439999999999838e+37 3.261000000000000121e+00 2.601119999999999936e+29
1.361810000000000000e+14 5.505370000000000304e+32 8.068590000000000032e+37 3.270000000000000018e+00 2.748460000000000061e+29
1.356910000000000000e+14 5.459899999999999824e+32 8.039740000000000227e+37 3.279999999999999805e+00 2.892749999999999912e+29
1.352020000000000000e+14 5.414679999999999805e+32 8.010899999999999780e+37 2.532000000000000028e+00 3.034810000000000148e+29
1.347130000000000000e+14 5.369719999999999659e+32 7.982049999999999975e+37 2.524999999999999911e+00 3.175230000000000122e+29
1.342240000000000000e+14 5.325020000000000107e+32 7.953200000000000169e+37 2.517999999999999794e+00 3.314420000000000341e+29
1.337350000000000000e+14 5.280589999999999842e+32 7.924350000000000364e+37 2.511000000000000121e+00 3.452690000000000266e+29
1.332460000000000000e+14 5.236430000000000304e+32 7.895499999999999614e+37 2.504000000000000004e+00 3.590260000000000291e+29
1.327570000000000000e+14 5.192550000000000186e+32 7.866660000000000112e+37 2.498000000000000220e+00 3.727300000000000109e+29
1.322680000000000000e+14 5.148940000000000075e+32 7.837810000000000306e+37 2.491000000000000103e+00 3.863949999999999841e+29
1.317800000000000000e+14 5.105620000000000238e+32 7.808959999999999556e+37 2.483999999999999986e+00 4.000300000000000319e+29
1.312910000000000000e+14 5.062569999999999688e+32 7.780109999999999751e+37 2.476999999999999869e+00 4.136440000000000263e+29
1.308020000000000000e+14 5.019810000000000132e+32 7.751259999999999945e+37 2.470000000000000195e+00 4.272419999999999668e+29
1.303130000000000000e+14 4.977329999999999997e+32 7.722420000000000443e+37 2.462000000000000188e+00 4.408280000000000074e+29
1.298240000000000000e+14 4.935140000000000136e+32 7.693569999999999693e+37 2.455000000000000071e+00 4.544070000000000068e+29
1.293350000000000000e+14 4.893239999999999829e+32 7.664719999999999888e+37 2.447999999999999954e+00 4.679800000000000211e+29
1.288460000000000000e+14 4.851629999999999796e+32 7.635870000000000083e+37 2.440999999999999837e+00 4.815479999999999658e+29
1.283580000000000000e+14 4.810299999999999904e+32 7.607020000000000277e+37 2.434000000000000163e+00 4.951149999999999950e+29
1.278690000000000000e+14 4.769260000000000286e+32 7.578179999999999831e+37 2.427000000000000046e+00 5.086789999999999966e+29
1.273800000000000000e+14 4.728510000000000223e+32 7.549330000000000025e+37 2.419999999999999929e+00 5.222410000000000265e+29
1.268910000000000000e+14 4.691619999999999885e+32 7.520480000000000220e+37 2.411999999999999922e+00 3.326420000000000056e+29
1.264030000000000000e+14 4.651500000000000317e+32 7.491630000000000414e+37 2.404999999999999805e+00 3.396570000000000016e+29
1.259140000000000000e+14 4.611670000000000304e+32 7.462779999999999664e+37 2.398000000000000131e+00 3.466739999999999693e+29
1.249360000000000000e+14 4.540539999999999750e+32 7.405090000000000357e+37 2.383000000000000007e+00 1.902440000000000003e+29
1.239590000000000000e+14 4.463109999999999994e+32 7.347389999999999801e+37 2.367999999999999883e+00 1.947190000000000027e+29
1.234710000000000000e+14 4.424810000000000260e+32 7.318539999999999996e+37 2.361000000000000210e+00 1.969660000000000096e+29
1.215160000000000000e+14 4.274440000000000250e+32 7.203150000000000133e+37 2.330999999999999961e+00 2.059939999999999962e+29
1.210280000000000000e+14 4.237549999999999912e+32 7.174300000000000328e+37 2.322999999999999954e+00 2.082569999999999868e+29
1.205390000000000000e+14 4.200930000000000301e+32 7.145459999999999881e+37 2.315999999999999837e+00 2.105209999999999983e+29
1.185850000000000000e+14 4.057230000000000117e+32 7.030059999999999715e+37 2.285000000000000142e+00 2.195720000000000098e+29
1.171200000000000000e+14 3.952339999999999999e+32 6.943519999999999657e+37 2.262000000000000011e+00 2.263390000000000127e+29
1.137010000000000000e+14 3.716980000000000038e+32 6.741580000000000378e+37 2.208000000000000185e+00 2.419780000000000031e+29
1.127250000000000000e+14 3.652110000000000313e+32 6.683890000000000126e+37 2.192000000000000171e+00 2.463939999999999997e+29
1.097950000000000000e+14 3.463680000000000175e+32 6.510799999999999708e+37 2.145000000000000018e+00 2.594580000000000014e+29
1.073550000000000000e+14 3.313549999999999771e+32 6.366560000000000039e+37 2.105999999999999872e+00 2.701069999999999917e+29
1.068670000000000000e+14 3.284250000000000029e+32 6.337710000000000234e+37 2.097999999999999865e+00 2.722079999999999980e+29
1.049140000000000000e+14 3.169480000000000043e+32 6.222320000000000371e+37 2.065999999999999837e+00 2.805099999999999956e+29
1.044260000000000000e+14 3.149229999999999881e+32 6.193469999999999621e+37 2.059000000000000163e+00 3.213840000000000167e+29
1.039380000000000000e+14 3.121520000000000140e+32 6.164619999999999816e+37 2.051000000000000156e+00 3.216379999999999950e+29
1.034500000000000000e+14 3.094030000000000098e+32 6.135780000000000314e+37 2.043000000000000149e+00 3.218800000000000031e+29
1.029620000000000000e+14 3.066760000000000115e+32 6.106929999999999564e+37 2.035000000000000142e+00 3.221079999999999991e+29
1.024740000000000000e+14 3.039730000000000099e+32 6.078079999999999758e+37 2.027000000000000135e+00 3.223229999999999687e+29
1.019860000000000000e+14 3.012910000000000007e+32 6.049229999999999953e+37 2.019000000000000128e+00 3.225249999999999825e+29
1.014980000000000000e+14 2.986309999999999975e+32 6.020380000000000147e+37 2.011000000000000121e+00 3.227139999999999699e+29
1.010110000000000000e+14 2.959940000000000135e+32 5.991539999999999701e+37 2.004000000000000004e+00 3.228900000000000014e+29
1.005230000000000000e+14 2.933779999999999860e+32 5.962689999999999895e+37 1.995999999999999996e+00 3.230530000000000065e+29
1.000350000000000000e+14 2.907840000000000005e+32 5.933840000000000090e+37 1.987999999999999989e+00 3.232029999999999854e+29
9.954680000000000000e+13 2.882110000000000075e+32 5.904990000000000284e+37 1.979999999999999982e+00 3.233409999999999941e+29
9.905890000000000000e+13 2.856599999999999844e+32 5.876139999999999534e+37 1.971999999999999975e+00 3.234649999999999907e+29
9.857110000000000000e+13 2.831290000000000125e+32 5.847300000000000032e+37 1.963999999999999968e+00 3.235760000000000313e+29
9.808320000000000000e+13 2.806189999999999971e+32 5.818450000000000227e+37 1.957000000000000073e+00 3.236750000000000314e+29
9.759540000000000000e+13 2.781309999999999876e+32 5.789600000000000421e+37 1.949000000000000066e+00 3.237600000000000195e+29
9.710760000000000000e+13 2.756620000000000160e+32 5.760749999999999671e+37 1.941000000000000059e+00 3.238329999999999669e+29
9.661980000000000000e+13 2.732140000000000009e+32 5.731899999999999866e+37 1.933000000000000052e+00 3.238940000000000146e+29
9.613200000000000000e+13 2.707870000000000143e+32 5.703060000000000364e+37 1.925999999999999934e+00 3.239419999999999656e+29
9.564420000000000000e+13 2.683789999999999935e+32 5.674209999999999614e+37 1.917999999999999927e+00 3.239770000000000311e+29
9.515650000000000000e+13 2.659909999999999880e+32 5.645359999999999809e+37 1.909999999999999920e+00 3.239999999999999856e+29
9.466870000000000000e+13 2.636229999999999976e+32 5.616510000000000003e+37 1.903000000000000025e+00 3.240109999999999700e+29
9.418100000000000000e+13 2.612749999999999864e+32 5.587660000000000198e+37 1.895000000000000018e+00 3.240089999999999984e+29
9.369330000000000000e+13 2.589449999999999997e+32 5.558819999999999751e+37 1.887999999999999901e+00 3.239949999999999863e+29
9.320560000000000000e+13 2.566349999999999921e+32 5.529969999999999946e+37 1.879999999999999893e+00 3.239690000000000041e+29
9.271790000000000000e+13 2.543439999999999864e+32 5.501120000000000140e+37 1.872000000000000108e+00 3.239309999999999813e+29
9.223020000000000000e+13 2.520719999999999825e+32 5.472270000000000335e+37 1.864999999999999991e+00 3.238809999999999883e+29
9.174250000000000000e+13 2.498180000000000030e+32 5.443419999999999585e+37 1.858000000000000096e+00 3.238190000000000252e+29
9.125490000000000000e+13 2.475820000000000121e+32 5.414580000000000083e+37 1.850000000000000089e+00 3.237450000000000216e+29
9.076720000000000000e+13 2.453649999999999869e+32 5.385730000000000277e+37 1.842999999999999972e+00 3.236589999999999774e+29
9.027960000000000000e+13 2.431659999999999862e+32 5.356880000000000472e+37 1.834999999999999964e+00 3.235620000000000192e+29
8.979200000000000000e+13 2.409850000000000100e+32 5.328029999999999722e+37 1.828000000000000069e+00 3.234530000000000205e+29
8.930440000000000000e+13 2.388219999999999862e+32 5.299179999999999916e+37 1.820999999999999952e+00 3.233319999999999813e+29
8.881680000000000000e+13 2.366760000000000096e+32 5.270340000000000414e+37 1.812999999999999945e+00 3.232000000000000280e+29
8.832920000000000000e+13 2.345479999999999854e+32 5.241489999999999664e+37 1.806000000000000050e+00 3.230570000000000201e+29
8.784170000000000000e+13 2.324370000000000083e+32 5.212639999999999859e+37 1.798999999999999932e+00 3.229019999999999715e+29
8.735410000000000000e+13 2.303430000000000063e+32 5.183790000000000054e+37 1.792000000000000037e+00 3.227360000000000090e+29
8.686660000000000000e+13 2.282650000000000021e+32 5.154940000000000248e+37 1.784999999999999920e+00 3.225589999999999918e+29
8.637910000000000000e+13 2.262049999999999863e+32 5.126099999999999802e+37 1.778000000000000025e+00 3.223709999999999901e+29
8.589150000000000000e+13 2.241610000000000043e+32 5.097249999999999996e+37 1.770999999999999908e+00 3.221720000000000041e+29
8.540400000000000000e+13 2.221329999999999840e+32 5.068400000000000191e+37 1.764000000000000012e+00 3.219620000000000337e+29
8.491660000000000000e+13 2.201209999999999974e+32 5.039550000000000385e+37 1.756999999999999895e+00 3.217410000000000086e+29
8.442910000000000000e+13 2.181250000000000087e+32 5.010699999999999635e+37 1.750000000000000000e+00 3.215089999999999991e+29
8.394160000000000000e+13 2.162969999999999962e+32 4.981860000000000133e+37 1.743000000000000105e+00 3.905700000000000287e+29
8.345420000000000000e+13 2.143340000000000163e+32 4.953010000000000328e+37 1.735999999999999988e+00 3.893149999999999946e+29
8.296670000000000000e+13 2.123869999999999981e+32 4.924159999999999578e+37 1.729999999999999982e+00 3.880529999999999895e+29
8.247930000000000000e+13 2.104550000000000003e+32 4.895309999999999772e+37 1.723000000000000087e+00 3.867840000000000137e+29
8.199190000000000000e+13 2.085379999999999868e+32 4.866459999999999967e+37 1.715999999999999970e+00 3.855089999999999823e+29
8.150450000000000000e+13 2.066359999999999938e+32 4.837620000000000465e+37 1.709999999999999964e+00 3.842279999999999659e+29
8.101710000000000000e+13 2.047480000000000078e+32 4.808769999999999715e+37 1.703000000000000069e+00 3.829399999999999786e+29
8.052980000000000000e+13 2.028750000000000062e+32 4.779919999999999909e+37 1.697000000000000064e+00 3.816450000000000205e+29
8.004240000000000000e+13 2.010160000000000116e+32 4.751070000000000104e+37 1.691000000000000059e+00 3.803449999999999927e+29
7.955500000000000000e+13 1.991720000000000014e+32 4.722220000000000299e+37 1.683999999999999941e+00 3.790379999999999940e+29
7.906770000000000000e+13 1.973409999999999848e+32 4.693379999999999852e+37 1.677999999999999936e+00 3.777240000000000245e+29
7.858040000000000000e+13 1.955249999999999887e+32 4.664530000000000047e+37 1.671999999999999931e+00 3.764049999999999853e+29
7.809310000000000000e+13 1.937219999999999862e+32 4.635680000000000241e+37 1.665999999999999925e+00 3.750789999999999752e+29
7.760580000000000000e+13 1.919320000000000134e+32 4.606830000000000436e+37 1.659999999999999920e+00 3.737469999999999801e+29
7.711850000000000000e+13 1.901560000000000116e+32 4.577979999999999686e+37 1.653999999999999915e+00 3.724089999999999998e+29
7.663120000000000000e+13 1.883930000000000035e+32 4.549140000000000184e+37 1.647999999999999909e+00 3.710650000000000345e+29
7.614400000000000000e+13 1.866429999999999890e+32 4.520290000000000378e+37 1.641999999999999904e+00 3.697140000000000280e+29
7.565670000000000000e+13 1.849060000000000043e+32 4.491439999999999628e+37 1.635999999999999899e+00 3.683580000000000221e+29
7.516950000000000000e+13 1.831809999999999998e+32 4.462589999999999823e+37 1.629999999999999893e+00 3.669949999999999751e+29
7.468230000000000000e+13 1.814689999999999890e+32 4.433740000000000017e+37 1.625000000000000000e+00 3.656260000000000133e+29
7.419500000000000000e+13 1.797689999999999945e+32 4.404899999999999571e+37 1.618999999999999995e+00 3.642519999999999818e+29
7.370780000000000000e+13 1.780810000000000163e+32 4.376049999999999765e+37 1.614000000000000101e+00 3.628709999999999795e+29
7.322070000000000000e+13 1.764049999999999824e+32 4.347199999999999960e+37 1.608000000000000096e+00 3.614839999999999921e+29
7.273350000000000000e+13 1.747410000000000009e+32 4.318350000000000154e+37 1.602999999999999980e+00 3.600910000000000197e+29
7.224630000000000000e+13 1.730889999999999996e+32 4.289500000000000349e+37 1.598000000000000087e+00 3.586910000000000060e+29
7.175920000000000000e+13 1.714480000000000013e+32 4.260659999999999902e+37 1.592000000000000082e+00 3.572859999999999930e+29
7.127200000000000000e+13 1.698180000000000060e+32 4.231810000000000097e+37 1.586999999999999966e+00 3.558749999999999949e+29
7.078490000000000000e+13 1.681990000000000136e+32 4.202959999999999819e+37 1.582000000000000073e+00 3.544570000000000259e+29
7.029780000000000000e+13 1.665920000000000015e+32 4.174110000000000014e+37 1.576999999999999957e+00 3.530330000000000015e+29
6.981070000000000000e+13 1.649950000000000150e+32 4.145260000000000208e+37 1.572000000000000064e+00 3.516029999999999920e+29
6.932360000000000000e+13 1.634089999999999954e+32 4.116420000000000234e+37 1.568000000000000060e+00 3.501669999999999975e+29
6.883650000000000000e+13 1.618330000000000014e+32 4.087569999999999956e+37 1.562999999999999945e+00 3.487240000000000321e+29
6.834950000000000000e+13 1.602679999999999924e+32 4.058720000000000151e+37 1.558000000000000052e+00 3.472750000000000112e+29
6.786240000000000000e+13 1.587130000000000090e+32 4.029869999999999873e+37 1.554000000000000048e+00 3.458200000000000052e+29
6.737540000000000000e+13 1.571670000000000018e+32 4.001020000000000068e+37 1.548999999999999932e+00 3.443580000000000284e+29
6.688840000000000000e+13 1.556319999999999976e+32 3.972180000000000093e+37 1.544999999999999929e+00 3.428899999999999962e+29
6.640130000000000000e+13 1.541060000000000056e+32 3.943329999999999816e+37 1.540999999999999925e+00 3.414159999999999788e+29
6.591430000000000000e+13 1.525900000000000031e+32 3.914480000000000010e+37 1.536000000000000032e+00 3.399340000000000048e+29
6.542740000000000000e+13 1.510829999999999950e+32 3.885630000000000205e+37 1.532000000000000028e+00 3.384470000000000315e+29
6.494040000000000000e+13 1.495859999999999944e+32 3.856779999999999927e+37 1.528000000000000025e+00 3.369520000000000312e+29
6.445340000000000000e+13 1.480969999999999926e+32 3.827939999999999953e+37 1.524000000000000021e+00 3.354509999999999754e+29
6.396650000000000000e+13 1.466179999999999985e+32 3.799090000000000147e+37 1.520999999999999908e+00 3.339430000000000192e+29
6.347950000000000000e+13 1.451470000000000033e+32 3.770239999999999870e+37 1.516999999999999904e+00 3.324280000000000217e+29
6.299260000000000000e+13 1.436850000000000022e+32 3.741390000000000064e+37 1.512999999999999901e+00 3.309059999999999830e+29
6.250570000000000000e+13 1.422310000000000001e+32 3.712539999999999787e+37 1.510000000000000009e+00 3.293769999999999734e+29
6.201880000000000000e+13 1.407859999999999922e+32 3.683699999999999812e+37 1.506000000000000005e+00 3.278409999999999929e+29
6.153190000000000000e+13 1.393480000000000058e+32 3.654850000000000007e+37 1.502999999999999892e+00 3.262969999999999854e+29
6.104500000000000000e+13 1.379189999999999956e+32 3.626000000000000201e+37 1.500000000000000000e+00 3.247469999999999929e+29
6.055810000000000000e+13 1.364980000000000023e+32 3.597149999999999924e+37 1.495999999999999996e+00 3.231889999999999733e+29
6.007130000000000000e+13 1.350839999999999945e+32 3.568300000000000118e+37 1.493000000000000105e+00 3.216229999999999971e+29
5.958450000000000000e+13 1.336780000000000036e+32 3.539460000000000144e+37 1.489999999999999991e+00 3.200499999999999796e+29
5.909760000000000000e+13 1.322799999999999935e+32 3.510609999999999866e+37 1.487000000000000099e+00 3.184690000000000055e+29
5.861080000000000000e+13 1.308879999999999917e+32 3.481760000000000061e+37 1.485000000000000098e+00 3.168800000000000044e+29
5.812400000000000000e+13 1.295040000000000067e+32 3.452909999999999783e+37 1.481999999999999984e+00 3.152830000000000114e+29
5.763720000000000000e+13 1.281270000000000072e+32 3.424059999999999978e+37 1.479000000000000092e+00 3.136779999999999914e+29
5.715040000000000000e+13 1.267569999999999932e+32 3.395220000000000003e+37 1.477000000000000091e+00 3.120650000000000148e+29
5.666370000000000000e+13 1.253940000000000007e+32 3.366370000000000198e+37 1.473999999999999977e+00 3.104440000000000111e+29
5.617690000000000000e+13 1.240369999999999984e+32 3.337519999999999920e+37 1.471999999999999975e+00 3.088139999999999947e+29
5.569020000000000000e+13 1.226869999999999996e+32 3.308670000000000115e+37 1.469999999999999973e+00 3.071759999999999864e+29
5.520350000000000000e+13 1.213430000000000089e+32 3.279819999999999837e+37 1.467999999999999972e+00 3.055290000000000004e+29
5.471680000000000000e+13 1.200060000000000038e+32 3.250979999999999863e+37 1.465999999999999970e+00 3.038730000000000017e+29
5.423010000000000000e+13 1.186739999999999934e+32 3.222130000000000057e+37 1.463999999999999968e+00 3.022090000000000112e+29
5.374340000000000000e+13 1.173490000000000046e+32 3.193279999999999780e+37 1.461999999999999966e+00 3.005349999999999868e+29
5.325670000000000000e+13 1.160289999999999926e+32 3.164429999999999974e+37 1.459999999999999964e+00 2.988519999999999849e+29
5.277000000000000000e+13 1.147150000000000067e+32 3.135580000000000169e+37 1.459000000000000075e+00 2.971600000000000053e+29
5.228340000000000000e+13 1.134069999999999930e+32 3.106740000000000194e+37 1.457000000000000073e+00 2.954579999999999920e+29
5.179680000000000000e+13 1.121039999999999921e+32 3.077889999999999917e+37 1.455999999999999961e+00 2.937460000000000152e+29
5.131010000000000000e+13 1.108069999999999993e+32 3.049040000000000111e+37 1.455000000000000071e+00 2.920249999999999905e+29
5.082350000000000000e+13 1.095150000000000013e+32 3.020189999999999833e+37 1.453000000000000069e+00 2.902930000000000165e+29
5.033690000000000000e+13 1.082279999999999981e+32 2.991340000000000028e+37 1.451999999999999957e+00 2.885519999999999946e+29
4.985040000000000000e+13 1.069470000000000031e+32 2.962500000000000054e+37 1.451000000000000068e+00 2.867999999999999883e+29
4.936380000000000000e+13 1.056700000000000075e+32 2.933649999999999776e+37 1.449999999999999956e+00 2.850379999999999834e+29
4.887730000000000000e+13 1.043980000000000067e+32 2.904799999999999971e+37 1.449999999999999956e+00 2.832649999999999942e+29
4.839070000000000000e+13 1.031310000000000007e+32 2.875950000000000165e+37 1.449000000000000066e+00 2.814809999999999853e+29
4.790420000000000000e+13 1.018690000000000076e+32 2.847099999999999887e+37 1.447999999999999954e+00 2.796859999999999921e+29
4.741770000000000000e+13 1.006109999999999958e+32 2.818259999999999913e+37 1.447999999999999954e+00 2.778800000000000146e+29
4.693120000000000000e+13 9.935719999999999692e+31 2.789410000000000108e+37 1.447000000000000064e+00 2.760630000000000174e+29
4.644470000000000000e+13 9.810809999999999965e+31 2.760559999999999830e+37 1.447000000000000064e+00 2.742340000000000150e+29
4.595830000000000000e+13 9.686329999999999503e+31 2.731710000000000025e+37 1.447000000000000064e+00 2.723939999999999929e+29
4.547180000000000000e+13 9.562260000000000558e+31 2.702860000000000219e+37 1.447000000000000064e+00 2.705410000000000149e+29
4.498540000000000000e+13 9.438609999999999303e+31 2.674019999999999773e+37 1.447000000000000064e+00 2.686770000000000174e+29
4.449890000000000000e+13 9.315350000000000019e+31 2.645169999999999967e+37 1.447000000000000064e+00 2.667999999999999935e+29
4.401250000000000000e+13 9.192490000000000679e+31 2.616320000000000162e+37 1.447000000000000064e+00 2.649109999999999995e+29
4.352610000000000000e+13 9.070009999999999934e+31 2.587469999999999884e+37 1.447000000000000064e+00 2.630100000000000002e+29
4.303980000000000000e+13 8.947909999999999586e+31 2.558620000000000078e+37 1.447999999999999954e+00 2.610949999999999887e+29
4.255340000000000000e+13 8.826170000000000088e+31 2.529780000000000104e+37 1.447999999999999954e+00 2.591680000000000071e+29
4.206710000000000000e+13 8.704799999999999412e+31 2.500929999999999826e+37 1.449000000000000066e+00 2.572270000000000134e+29
4.158070000000000000e+13 8.583779999999999812e+31 2.472080000000000021e+37 1.449000000000000066e+00 2.552729999999999933e+29
4.109440000000000000e+13 8.463109999999999488e+31 2.443230000000000216e+37 1.449999999999999956e+00 2.533060000000000173e+29
4.060810000000000000e+13 8.342780000000000466e+31 2.414379999999999938e+37 1.451000000000000068e+00 2.513240000000000083e+29
4.012180000000000000e+13 8.222789999999999145e+31 2.385539999999999964e+37 1.451999999999999957e+00 2.493290000000000081e+29
3.963560000000000000e+13 8.103119999999999580e+31 2.356690000000000158e+37 1.453000000000000069e+00 2.473190000000000100e+29
3.914930000000000000e+13 7.983779999999999744e+31 2.327839999999999880e+37 1.453999999999999959e+00 2.452949999999999999e+29
3.866310000000000000e+13 7.864759999999999862e+31 2.298990000000000075e+37 1.455000000000000071e+00 2.432570000000000128e+29
3.817690000000000000e+13 7.746050000000000162e+31 2.270139999999999797e+37 1.457000000000000073e+00 2.412039999999999926e+29
3.769070000000000000e+13 7.627660000000000417e+31 2.241299999999999823e+37 1.457999999999999963e+00 2.391360000000000098e+29
3.720450000000000000e+13 7.509560000000000406e+31 2.212450000000000018e+37 1.459999999999999964e+00 2.370520000000000081e+29
3.671830000000000000e+13 7.391769999999999675e+31 2.183600000000000212e+37 1.461000000000000076e+00 2.349539999999999943e+29
3.623210000000000000e+13 7.274269999999999579e+31 2.154749999999999934e+37 1.463000000000000078e+00 2.328390000000000110e+29
3.574600000000000000e+13 7.157069999999999891e+31 2.125899999999999893e+37 1.465000000000000080e+00 2.307089999999999947e+29
3.525990000000000000e+13 7.040159999999999937e+31 2.097059999999999918e+37 1.465999999999999970e+00 2.285629999999999947e+29
3.477380000000000000e+13 6.923539999999999717e+31 2.068210000000000113e+37 1.467999999999999972e+00 2.264010000000000110e+29
3.428770000000000000e+13 6.807210000000000132e+31 2.039360000000000071e+37 1.471000000000000085e+00 2.242230000000000085e+29
3.380170000000000000e+13 6.691159999999999606e+31 2.010510000000000030e+37 1.473000000000000087e+00 2.220280000000000013e+29
3.331560000000000000e+13 6.575389999999999942e+31 1.981659999999999988e+37 1.475000000000000089e+00 2.198159999999999895e+29
3.282960000000000000e+13 6.459910000000000012e+31 1.952820000000000014e+37 1.477000000000000091e+00 2.175870000000000082e+29
3.234360000000000000e+13 6.344710000000000042e+31 1.923969999999999972e+37 1.479999999999999982e+00 2.153409999999999872e+29
3.185760000000000000e+13 6.229790000000000032e+31 1.895119999999999931e+37 1.481999999999999984e+00 2.130779999999999966e+29
3.137160000000000000e+13 6.115149999999999984e+31 1.866269999999999889e+37 1.485000000000000098e+00 2.107970000000000156e+29
3.088570000000000000e+13 6.000799999999999669e+31 1.837420000000000084e+37 1.487000000000000099e+00 2.084989999999999949e+29
3.039970000000000000e+13 5.886730000000000215e+31 1.808580000000000110e+37 1.489999999999999991e+00 2.061829999999999836e+29
2.991380000000000000e+13 5.772949999999999595e+31 1.779730000000000068e+37 1.493000000000000105e+00 2.038479999999999962e+29
2.942790000000000000e+13 5.659459999999999609e+31 1.750880000000000026e+37 1.495999999999999996e+00 2.014960000000000041e+29
2.894210000000000000e+13 5.546260000000000258e+31 1.722029999999999985e+37 1.499000000000000110e+00 1.991250000000000007e+29
2.845620000000000000e+13 5.433360000000000414e+31 1.693179999999999943e+37 1.502000000000000002e+00 1.967349999999999858e+29
2.797040000000000000e+13 5.320750000000000304e+31 1.664339999999999969e+37 1.504999999999999893e+00 1.943270000000000157e+29
2.748460000000000000e+13 5.208450000000000376e+31 1.635489999999999927e+37 1.508000000000000007e+00 1.918990000000000133e+29
2.699880000000000000e+13 5.096459999999999728e+31 1.606639999999999886e+37 1.512000000000000011e+00 1.894529999999999852e+29
2.651300000000000000e+13 4.984780000000000163e+31 1.577790000000000080e+37 1.514999999999999902e+00 1.869869999999999951e+29
2.602730000000000000e+13 4.873419999999999651e+31 1.548940000000000039e+37 1.518999999999999906e+00 1.845019999999999937e+29
2.554160000000000000e+13 4.762389999999999769e+31 1.520100000000000064e+37 1.522000000000000020e+00 1.819969999999999950e+29
2.505590000000000000e+13 4.651689999999999615e+31 1.491250000000000023e+37 1.526000000000000023e+00 1.794719999999999992e+29
2.457020000000000000e+13 4.541339999999999637e+31 1.462399999999999981e+37 1.530000000000000027e+00 1.769279999999999920e+29
2.408460000000000000e+13 4.431339999999999834e+31 1.433549999999999940e+37 1.534000000000000030e+00 1.743630000000000018e+29
2.359890000000000000e+13 4.321709999999999755e+31 1.404699999999999898e+37 1.536999999999999922e+00 1.717780000000000145e+29
2.311330000000000000e+13 4.212439999999999624e+31 1.375859999999999924e+37 1.540999999999999925e+00 1.691729999999999947e+29
2.262780000000000000e+13 4.103570000000000338e+31 1.347009999999999882e+37 1.544999999999999929e+00 1.665480000000000130e+29
2.214220000000000000e+13 3.995089999999999871e+31 1.318160000000000077e+37 1.550000000000000044e+00 1.639020000000000131e+29
2.165670000000000000e+13 3.887020000000000022e+31 1.289310000000000035e+37 1.554000000000000048e+00 1.612349999999999951e+29
2.117120000000000000e+13 3.779370000000000113e+31 1.260459999999999994e+37 1.558000000000000052e+00 1.585469999999999941e+29
2.068570000000000000e+13 3.672169999999999916e+31 1.231620000000000019e+37 1.562999999999999945e+00 1.558389999999999960e+29
2.020030000000000000e+13 3.565419999999999881e+31 1.202769999999999978e+37 1.566999999999999948e+00 1.531089999999999939e+29
1.971490000000000000e+13 3.459140000000000004e+31 1.173919999999999936e+37 1.570999999999999952e+00 1.503589999999999946e+29
1.922950000000000000e+13 3.353360000000000057e+31 1.145069999999999895e+37 1.576000000000000068e+00 1.475869999999999914e+29
1.874420000000000000e+13 3.248089999999999813e+31 1.116220000000000089e+37 1.580999999999999961e+00 1.447940000000000052e+29
1.825880000000000000e+13 3.143350000000000170e+31 1.087380000000000115e+37 1.586000000000000076e+00 1.419800000000000009e+29
1.777350000000000000e+13 3.039169999999999997e+31 1.058529999999999955e+37 1.590000000000000080e+00 1.391439999999999926e+29
1.728830000000000000e+13 2.935570000000000193e+31 1.029680000000000032e+37 1.594999999999999973e+00 1.362859999999999980e+29
1.680300000000000000e+13 2.832569999999999854e+31 1.000829999999999990e+37 1.600000000000000089e+00 1.334070000000000028e+29
1.631780000000000000e+13 2.730209999999999875e+31 9.719840000000000463e+36 1.604999999999999982e+00 1.305070000000000071e+29
1.583270000000000000e+13 2.628500000000000030e+31 9.431359999999999946e+36 1.610000000000000098e+00 1.275840000000000041e+29
1.534750000000000000e+13 2.527490000000000086e+31 9.142879999999999429e+36 1.616000000000000103e+00 1.246400000000000005e+29
1.486240000000000000e+13 2.427209999999999814e+31 8.854400000000000092e+36 1.620999999999999996e+00 1.216739999999999929e+29
1.437740000000000000e+13 2.327680000000000112e+31 8.565919999999999574e+36 1.625999999999999890e+00 1.186859999999999991e+29
1.389240000000000000e+13 2.228960000000000070e+31 8.277440000000000238e+36 1.631000000000000005e+00 1.156760000000000013e+29
1.340740000000000000e+13 2.131070000000000136e+31 7.988959999999999720e+36 1.637000000000000011e+00 1.126450000000000029e+29
1.292240000000000000e+13 2.034060000000000079e+31 7.700480000000000384e+36 1.641999999999999904e+00 1.095909999999999972e+29
1.243750000000000000e+13 1.937969999999999891e+31 7.411999999999999866e+36 1.647999999999999909e+00 1.065150000000000052e+29
1.195270000000000000e+13 1.842860000000000016e+31 7.123520000000000530e+36 1.653000000000000025e+00 1.034160000000000059e+29
1.146780000000000000e+13 1.748779999999999996e+31 6.835040000000000012e+36 1.659000000000000030e+00 1.002960000000000060e+29
1.098300000000000000e+13 1.655780000000000048e+31 6.546559999999999495e+36 1.665000000000000036e+00 9.715230000000000874e+28
1.049830000000000000e+13 1.563929999999999939e+31 6.258080000000000158e+36 1.669999999999999929e+00 9.398629999999999423e+28
1.001360000000000000e+13 1.473280000000000110e+31 5.969599999999999641e+36 1.675999999999999934e+00 9.079730000000000759e+28
9.528970000000000000e+12 1.383910000000000101e+31 5.681120000000000304e+36 1.681000000000000050e+00 8.758519999999999747e+28
9.044370000000000000e+12 1.295899999999999900e+31 5.392639999999999787e+36 1.687000000000000055e+00 8.434940000000000757e+28
8.559830000000000000e+12 1.209319999999999948e+31 5.104159999999999860e+36 1.691999999999999948e+00 8.108950000000000841e+28
8.075340000000000000e+12 1.124270000000000006e+31 4.815679999999999933e+36 1.697999999999999954e+00 7.780489999999999972e+28
7.590900000000000000e+12 1.040850000000000058e+31 4.527200000000000006e+36 1.703000000000000069e+00 7.449480000000000165e+28
7.106520000000000000e+12 9.591559999999999805e+30 4.238720000000000079e+36 1.707999999999999963e+00 7.115810000000000347e+28
6.622200000000000000e+12 8.793119999999999794e+30 3.950240000000000152e+36 1.711999999999999966e+00 6.779359999999999583e+28
6.137950000000000000e+12 8.014480000000000369e+30 3.661760000000000225e+36 1.715999999999999970e+00 6.439950000000000433e+28
5.653760000000000000e+12 7.257050000000000206e+30 3.373279999999999707e+36 1.719000000000000083e+00 6.097350000000000009e+28
5.169640000000000000e+12 6.522470000000000198e+30 3.084799999999999780e+36 1.721000000000000085e+00 5.751250000000000079e+28
4.685590000000000000e+12 5.812510000000000097e+30 2.796319999999999853e+36 1.721999999999999975e+00 5.401219999999999717e+28
4.201630000000000000e+12 5.129209999999999614e+30 2.507839999999999926e+36 1.719999999999999973e+00 5.046670000000000274e+28
3.717740000000000000e+12 4.474870000000000114e+30 2.219359999999999999e+36 1.715999999999999970e+00 4.686780000000000212e+28
3.233950000000000000e+12 3.852130000000000100e+30 1.930880000000000072e+36 1.707000000000000073e+00 4.320309999999999565e+28
2.750250000000000000e+12 3.263980000000000275e+30 1.642400000000000145e+36 1.691999999999999948e+00 3.945340000000000116e+28
2.266660000000000000e+12 2.713840000000000157e+30 1.353919999999999923e+36 1.667000000000000037e+00 3.558720000000000023e+28
1.783190000000000000e+12 2.205330000000000080e+30 1.065439999999999996e+36 1.625999999999999890e+00 3.154670000000000083e+28
1.299870000000000000e+12 1.741189999999999940e+30 7.769600000000000691e+35 1.558999999999999941e+00 2.720510000000000219e+28
8.167140000000000000e+11 1.314019999999999935e+30 4.884799999999999945e+35 1.439999999999999947e+00 2.214509999999999877e+28
4.299000000000000000e+11 7.805000000000000069e+29 2.572000000000000181e+35 1.330000000000000071e+00 1.506450000000000062e+28
4.188000000000000000e+11 7.537999999999999717e+29 2.505999999999999897e+35 1.330000000000000071e+00 1.455129999999999927e+28
3.325000000000000000e+11 5.815999999999999745e+29 1.990000000000000163e+35 1.330000000000000071e+00 1.165809999999999924e+28
2.640000000000000000e+11 4.472999999999999815e+29 1.581000000000000083e+35 1.330000000000000071e+00 9.297799999999999813e+27
2.096000000000000000e+11 3.289999999999999843e+29 1.256000000000000028e+35 1.330000000000000071e+00 6.841069999999999801e+27
1.844000000000000000e+11 2.892000000000000018e+29 1.105000000000000000e+35 1.330000000000000071e+00 6.221810000000000396e+27
1.664000000000000000e+11 2.597000000000000095e+29 9.975999999999999784e+34 1.330000000000000071e+00 3.996079999999999920e+27
1.322000000000000000e+11 2.033000000000000102e+29 7.923999999999999875e+34 1.330000000000000071e+00 3.293160000000000158e+27
1.049000000000000000e+11 1.494999999999999961e+29 6.294000000000000085e+34 1.330000000000000071e+00 2.422460000000000012e+27
8.332000000000000000e+10 1.100000000000000064e+29 4.999999999999999843e+34 1.330000000000000071e+00 1.782300000000000002e+27
6.617000000000000000e+10 8.088999999999999432e+28 3.971999999999999897e+34 1.330000000000000071e+00 1.311289999999999924e+27
5.254000000000000000e+10 5.949000000000000344e+28 3.155000000000000010e+34 1.330000000000000071e+00 9.646129999999999985e+26
4.172000000000000000e+10 4.628000000000000126e+28 2.505999999999999897e+34 1.330000000000000071e+00 7.875200000000000595e+26
3.313000000000000000e+10 3.403999999999999866e+28 1.989999999999999932e+34 1.330000000000000071e+00 5.791050000000000196e+26
2.631000000000000000e+10 2.502999999999999803e+28 1.580999999999999991e+34 1.330000000000000071e+00 4.261170000000000143e+26
2.090000000000000000e+10 1.938000000000000082e+28 1.255999999999999936e+34 1.330000000000000071e+00 3.451690000000000088e+26
1.659000000000000000e+10 1.425000000000000067e+28 9.976000000000000246e+33 1.330000000000000071e+00 2.538950000000000110e+26
1.318000000000000000e+10 1.048000000000000007e+28 7.924000000000000337e+33 1.330000000000000071e+00 1.867689999999999969e+26
1.046000000000000000e+10 7.701999999999999683e+27 6.294000000000000085e+33 1.330000000000000071e+00 1.373879999999999975e+26
8.312000000000000000e+09 5.662000000000000348e+27 4.999999999999999728e+33 1.330000000000000071e+00 1.010819999999999921e+26
6.601000000000000000e+09 4.362000000000000029e+27 3.972000000000000127e+33 1.330000000000000071e+00 8.130089999999999436e+25
4.164000000000000000e+09 2.356000000000000079e+27 2.505999999999999955e+33 1.330000000000000071e+00 4.399369999999999874e+25
2.626000000000000000e+09 1.272000000000000034e+27 1.580999999999999991e+33 1.330000000000000071e+00 2.380450000000000180e+25
1.657000000000000000e+09 6.859999999999999767e+26 9.975999999999999957e+32 1.330000000000000071e+00 1.288319999999999913e+25
1.316000000000000000e+09 5.036000000000000296e+26 7.924000000000000337e+32 1.330000000000000071e+00 9.477099999999999527e+24
1.045000000000000000e+09 4.128999999999999924e+26 6.293999999999999941e+32 1.330000000000000071e+00 6.794269999999999770e+24
8.301000000000000000e+08 3.039000000000000162e+26 4.999999999999999728e+32 1.330000000000000071e+00 4.998809999999999830e+24
5.237000000000000000e+08 1.628999999999999891e+26 3.154999999999999923e+32 1.330000000000000071e+00 2.705450000000000161e+24
3.304000000000000000e+08 8.737999999999999925e+25 1.990000000000000076e+32 1.330000000000000071e+00 1.463449999999999964e+24
2.624000000000000000e+08 6.675999999999999817e+25 1.580999999999999919e+32 1.330000000000000071e+00 1.123400000000000065e+24
1.315000000000000000e+08 2.603999999999999941e+25 7.923999999999999616e+31 1.330000000000000071e+00 4.472499999999999827e+23
6.589000000000000000e+07 1.006000000000000014e+25 3.972000000000000199e+31 1.330000000000000071e+00 1.780890000000000165e+23
3.302000000000000000e+07 3.832999999999999839e+24 1.989999999999999986e+31 1.330000000000000071e+00 7.086450000000000092e+22
1.655000000000000000e+07 1.435000000000000086e+24 9.975999999999999642e+30 1.330000000000000071e+00 2.822060000000000131e+22
8.293000000000000000e+06 5.250000000000000315e+23 4.999999999999999818e+30 1.330000000000000071e+00 1.123529999999999934e+22
6.588000000000000000e+06 3.910999999999999759e+23 3.972000000000000087e+30 1.330000000000000071e+00 8.163429999999999541e+21
2.622000000000000000e+06 9.754999999999999214e+22 1.581000000000000009e+30 1.330000000000000071e+00 2.390210000000000197e+21
1.044000000000000000e+06 2.318000000000000105e+22 6.293999999999999902e+29 1.330000000000000071e+00 6.999960000000000000e+20
4.156000000000000000e+05 5.265999999999999476e+21 2.505999999999999907e+29 1.330000000000000071e+00 2.050380000000000000e+20
1.654000000000000000e+05 1.151000000000000000e+21 9.976000000000000768e+28 1.330000000000000071e+00 6.004390000000000000e+19
6.587000000000000000e+04 2.431000000000000000e+20 3.972000000000000263e+28 1.330000000000000071e+00 1.758760000000000000e+19
2.622000000000000000e+04 4.968000000000000000e+19 1.581000000000000061e+28 1.330000000000000071e+00 5.149550000000000000e+18
1.044000000000000000e+04 9.744000000000000000e+18 6.294999999999999717e+27 1.330000000000000071e+00 1.508420000000000000e+18
