9.866176188800000000e+15 7.955964574200000406e+36 1.997359999999999871e+39 1.000000000000000000e+00 0.000000000000000000e+00
9.816841931700000000e+15 7.911563742900000391e+36 1.992360000000000038e+39 1.000000000000000000e+00 0.000000000000000000e+00
9.767631328100000000e+15 7.867274199600000333e+36 1.987359999999999903e+39 1.000000000000000000e+00 0.000000000000000000e+00
9.718544377900000000e+15 7.823095944399999884e+36 1.982360000000000071e+39 1.000000000000000000e+00 0.000000000000000000e+00
9.669581081200000000e+15 7.779028977300000225e+36 1.977359999999999936e+39 1.000000000000000000e+00 0.000000000000000000e+00
9.620741437800000000e+15 7.735073298300000174e+36 1.972360000000000103e+39 1.000000000000000000e+00 0.000000000000000000e+00
9.572025447900000000e+15 7.691228907399999732e+36 1.967359999999999968e+39 1.000000000000000000e+00 0.000000000000000000e+00
9.523433111500000000e+15 7.647495804600000080e+36 1.962360000000000135e+39 1.000000000000000000e+00 0.000000000000000000e+00
9.474964428400000000e+15 7.603873989900000036e+36 1.957360000000000000e+39 1.000000000000000000e+00 0.000000000000000000e+00
9.426619398800000000e+15 7.560363463199999950e+36 1.952359999999999865e+39 1.000000000000000000e+00 0.000000000000000000e+00
9.378398022600000000e+15 7.516964224700000305e+36 1.947360000000000033e+39 1.000000000000000000e+00 0.000000000000000000e+00
9.330300299900000000e+15 7.473676274199999436e+36 1.942359999999999898e+39 1.000000000000000000e+00 0.000000000000000000e+00
9.282326230600000000e+15 7.430499611800000537e+36 1.937360000000000065e+39 1.000000000000000000e+00 0.000000000000000000e+00
9.234475814700000000e+15 7.387434237599999718e+36 1.932359999999999930e+39 1.000000000000000000e+00 0.000000000000000000e+00
9.186749052300000000e+15 7.344480151400000037e+36 1.927360000000000097e+39 1.000000000000000000e+00 0.000000000000000000e+00
9.139145943300000000e+15 7.301637353200000313e+36 1.922359999999999962e+39 1.000000000000000000e+00 0.000000000000000000e+00
9.091666487700000000e+15 7.258905843199999849e+36 1.917360000000000130e+39 1.000000000000000000e+00 0.000000000000000000e+00
9.044310685500000000e+15 7.216285621300000175e+36 1.912359999999999995e+39 1.000000000000000000e+00 0.000000000000000000e+00
8.997078536800000000e+15 7.173776687500000110e+36 1.907359999999999860e+39 1.000000000000000000e+00 0.000000000000000000e+00
8.949970041500000000e+15 7.131379041700000002e+36 1.902360000000000027e+39 1.000000000000000000e+00 0.000000000000000000e+00
8.902985199700000000e+15 7.089092683999999503e+36 1.897359999999999892e+39 1.000000000000000000e+00 0.000000000000000000e+00
8.856124011300000000e+15 7.046917614499999445e+36 1.892360000000000059e+39 1.000000000000000000e+00 0.000000000000000000e+00
8.809386476300000000e+15 7.004853833000000524e+36 1.887359999999999925e+39 1.000000000000000000e+00 0.000000000000000000e+00
8.762772594700000000e+15 6.962901339600000032e+36 1.882360000000000092e+39 1.000000000000000000e+00 0.000000000000000000e+00
8.716282366600000000e+15 6.921060134300000329e+36 1.877359999999999957e+39 1.000000000000000000e+00 0.000000000000000000e+00
8.669915791900000000e+15 6.879330217000000584e+36 1.872360000000000124e+39 1.000000000000000000e+00 0.000000000000000000e+00
8.623672870700000000e+15 6.837711587900000099e+36 1.867359999999999989e+39 1.000000000000000000e+00 0.000000000000000000e+00
8.577553602800000000e+15 6.796204246900000403e+36 1.862359999999999854e+39 1.000000000000000000e+00 0.000000000000000000e+00
8.531557988400000000e+15 6.754808193899999484e+36 1.857360000000000022e+39 1.000000000000000000e+00 0.000000000000000000e+00
8.485686027500000000e+15 6.713523429000000534e+36 1.852359999999999887e+39 1.000000000000000000e+00 0.000000000000000000e+00
8.439937719900000000e+15 6.672349952299999665e+36 1.847360000000000054e+39 1.000000000000000000e+00 0.000000000000000000e+00
8.394313065800000000e+15 6.631287763599999934e+36 1.842359999999999919e+39 1.000000000000000000e+00 0.000000000000000000e+00
8.348812065200000000e+15 6.590336862999999811e+36 1.837360000000000086e+39 1.000000000000000000e+00 0.000000000000000000e+00
8.303434717900000000e+15 6.549497250399999645e+36 1.832359999999999951e+39 1.000000000000000000e+00 0.000000000000000000e+00
8.258181024100000000e+15 6.508768925999999921e+36 1.827360000000000119e+39 1.000000000000000000e+00 0.000000000000000000e+00
8.213050983800000000e+15 6.468151889699999806e+36 1.822359999999999984e+39 1.000000000000000000e+00 0.000000000000000000e+00
8.168044596800000000e+15 6.427646141399999647e+36 1.817360000000000151e+39 1.000000000000000000e+00 0.000000000000000000e+00
8.123161863300000000e+15 6.387251681299999930e+36 1.812360000000000016e+39 1.000000000000000000e+00 0.000000000000000000e+00
8.078402783200000000e+15 6.346968509200000170e+36 1.807359999999999881e+39 1.000000000000000000e+00 0.000000000000000000e+00
8.033767356600000000e+15 6.306796625200000018e+36 1.802360000000000048e+39 1.000000000000000000e+00 0.000000000000000000e+00
7.989255583400000000e+15 6.266736029299999476e+36 1.797359999999999913e+39 1.000000000000000000e+00 0.000000000000000000e+00
7.944867463600000000e+15 6.226786721499999722e+36 1.792360000000000081e+39 1.000000000000000000e+00 0.000000000000000000e+00
7.900602997300000000e+15 6.186948701799999578e+36 1.787359999999999946e+39 1.000000000000000000e+00 0.000000000000000000e+00
7.856462184300000000e+15 6.147221970200000223e+36 1.782360000000000113e+39 1.000000000000000000e+00 0.000000000000000000e+00
7.812445024900000000e+15 6.107606526700000478e+36 1.777359999999999978e+39 1.000000000000000000e+00 0.000000000000000000e+00
7.768551518800000000e+15 6.068102371199999508e+36 1.772360000000000145e+39 1.000000000000000000e+00 0.000000000000000000e+00
7.724781666200000000e+15 6.028709503900000160e+36 1.767360000000000010e+39 1.000000000000000000e+00 0.000000000000000000e+00
7.681135467000000000e+15 5.989427924599999589e+36 1.762359999999999875e+39 1.000000000000000000e+00 0.000000000000000000e+00
7.637612921200000000e+15 5.950257633399999807e+36 1.757360000000000043e+39 1.000000000000000000e+00 0.000000000000000000e+00
7.594214028900000000e+15 5.911198630299999634e+36 1.752359999999999908e+39 1.000000000000000000e+00 0.000000000000000000e+00
7.550938790000000000e+15 5.872250915300000250e+36 1.747360000000000075e+39 1.000000000000000000e+00 0.000000000000000000e+00
7.507787204600000000e+15 5.833414488400000476e+36 1.742359999999999940e+39 1.000000000000000000e+00 0.000000000000000000e+00
7.464759272500000000e+15 5.794689349600000310e+36 1.737360000000000107e+39 1.000000000000000000e+00 0.000000000000000000e+00
7.421854993900000000e+15 5.756075498800000101e+36 1.732359999999999972e+39 1.000000000000000000e+00 0.000000000000000000e+00
7.379074368800000000e+15 5.717572936200000333e+36 1.727360000000000140e+39 1.000000000000000000e+00 0.000000000000000000e+00
7.336417397000000000e+15 5.679181661600000523e+36 1.722360000000000005e+39 1.000000000000000000e+00 0.000000000000000000e+00
7.293884078700000000e+15 5.640901675199999973e+36 1.717359999999999870e+39 1.000000000000000000e+00 0.000000000000000000e+00
7.251474413900000000e+15 5.602732976800000560e+36 1.712360000000000037e+39 1.000000000000000000e+00 0.000000000000000000e+00
7.209188402400000000e+15 5.564675566499999576e+36 1.707359999999999902e+39 1.000000000000000000e+00 0.000000000000000000e+00
7.167026044400000000e+15 5.526729444300000562e+36 1.702360000000000069e+39 1.000000000000000000e+00 0.000000000000000000e+00
7.124987339900000000e+15 5.488894610199999977e+36 1.697359999999999934e+39 1.000000000000000000e+00 0.000000000000000000e+00
7.083072288700000000e+15 5.451171064200000180e+36 1.692360000000000102e+39 1.000000000000000000e+00 0.000000000000000000e+00
7.041280891000000000e+15 5.413558806200000341e+36 1.687359999999999967e+39 1.000000000000000000e+00 0.000000000000000000e+00
6.999613146700000000e+15 5.376057836399999762e+36 1.682360000000000134e+39 1.000000000000000000e+00 0.000000000000000000e+00
6.958069055900000000e+15 5.338668154600000321e+36 1.677359999999999999e+39 1.000000000000000000e+00 0.000000000000000000e+00
6.916648618500000000e+15 5.301389760899999898e+36 1.672359999999999864e+39 1.000000000000000000e+00 0.000000000000000000e+00
6.875351834500000000e+15 5.264222655399999917e+36 1.667360000000000031e+39 1.000000000000000000e+00 0.000000000000000000e+00
6.834178703900000000e+15 5.227166837899999893e+36 1.662359999999999897e+39 1.000000000000000000e+00 0.000000000000000000e+00
6.793129226800000000e+15 5.190222308500000068e+36 1.657360000000000064e+39 1.000000000000000000e+00 0.000000000000000000e+00
6.752203403100000000e+15 5.153389067100000200e+36 1.652359999999999929e+39 1.000000000000000000e+00 0.000000000000000000e+00
6.711401232900000000e+15 5.116667113900000183e+36 1.647360000000000096e+39 1.000000000000000000e+00 0.000000000000000000e+00
6.670722716100000000e+15 5.080056448799999774e+36 1.642359999999999961e+39 1.000000000000000000e+00 0.000000000000000000e+00
6.630167852700000000e+15 5.043557071699999913e+36 1.637360000000000128e+39 1.000000000000000000e+00 0.000000000000000000e+00
6.589736642700000000e+15 5.007168982799999904e+36 1.632359999999999994e+39 1.000000000000000000e+00 0.000000000000000000e+00
6.549429086200000000e+15 4.970892181899999851e+36 1.627359999999999859e+39 1.000000000000000000e+00 0.000000000000000000e+00
6.509245183100000000e+15 4.934726669099999997e+36 1.622360000000000026e+39 1.000000000000000000e+00 0.000000000000000000e+00
6.469184933400000000e+15 4.898672444399999752e+36 1.617359999999999891e+39 1.000000000000000000e+00 0.000000000000000000e+00
6.429248337200000000e+15 4.862729507799999706e+36 1.612360000000000058e+39 1.000000000000000000e+00 0.000000000000000000e+00
6.389435394400000000e+15 4.826897859299999859e+36 1.607359999999999923e+39 1.000000000000000000e+00 0.000000000000000000e+00
6.349746105100000000e+15 4.791177498900000212e+36 1.602360000000000091e+39 1.000000000000000000e+00 0.000000000000000000e+00
6.310180469100000000e+15 4.755568426499999931e+36 1.597359999999999956e+39 1.000000000000000000e+00 0.000000000000000000e+00
6.270738486600000000e+15 4.720070642300000091e+36 1.592360000000000123e+39 1.000000000000000000e+00 0.000000000000000000e+00
6.231420157600000000e+15 4.684684146100000208e+36 1.587359999999999988e+39 1.000000000000000000e+00 0.000000000000000000e+00
6.192225481900000000e+15 4.649408937999999935e+36 1.582359999999999853e+39 1.000000000000000000e+00 0.000000000000000000e+00
6.153154459700000000e+15 4.614245017999999860e+36 1.577360000000000020e+39 1.000000000000000000e+00 0.000000000000000000e+00
6.114207090900000000e+15 4.579192386099999984e+36 1.572359999999999885e+39 1.000000000000000000e+00 0.000000000000000000e+00
6.075383375600000000e+15 4.544251042299999718e+36 1.567360000000000053e+39 1.000000000000000000e+00 0.000000000000000000e+00
6.036683313700000000e+15 4.509420986600000241e+36 1.562359999999999918e+39 1.000000000000000000e+00 0.000000000000000000e+00
5.998106905200000000e+15 4.474702218999999782e+36 1.557360000000000085e+39 1.000000000000000000e+00 0.000000000000000000e+00
5.959654150200000000e+15 4.440094739399999871e+36 1.552359999999999950e+39 1.000000000000000000e+00 0.000000000000000000e+00
5.921325048500000000e+15 4.405598547999999810e+36 1.547360000000000117e+39 1.000000000000000000e+00 0.000000000000000000e+00
5.883119600400000000e+15 4.371213644599999707e+36 1.542359999999999982e+39 1.000000000000000000e+00 0.000000000000000000e+00
5.845037805600000000e+15 4.336940029400000045e+36 1.537360000000000150e+39 1.000000000000000000e+00 0.000000000000000000e+00
5.807079664300000000e+15 4.302777702199999750e+36 1.532360000000000015e+39 1.000000000000000000e+00 0.000000000000000000e+00
5.769245176400000000e+15 4.268726663100000244e+36 1.527359999999999880e+39 1.000000000000000000e+00 0.000000000000000000e+00
5.731534342000000000e+15 4.234786912099999756e+36 1.522360000000000047e+39 1.000000000000000000e+00 0.000000000000000000e+00
5.693947160900000000e+15 4.200958449099999816e+36 1.517359999999999912e+39 1.000000000000000000e+00 0.000000000000000000e+00
5.656483633300000000e+15 4.167241274299999727e+36 1.512360000000000079e+39 1.000000000000000000e+00 0.000000000000000000e+00
5.619143759200000000e+15 4.133635387599999837e+36 1.507359999999999944e+39 1.000000000000000000e+00 0.000000000000000000e+00
5.581927538500000000e+15 4.100140788899999904e+36 1.502360000000000112e+39 1.000000000000000000e+00 0.000000000000000000e+00
5.544834971200000000e+15 4.066757478399999822e+36 1.497359999999999977e+39 1.000000000000000000e+00 0.000000000000000000e+00
5.507866057300000000e+15 4.033485455900000288e+36 1.492360000000000144e+39 1.000000000000000000e+00 0.000000000000000000e+00
5.471020796900000000e+15 4.000324721499999771e+36 1.487360000000000009e+39 1.000000000000000000e+00 0.000000000000000000e+00
5.434299189900000000e+15 3.967275275200000045e+36 1.482359999999999874e+39 1.000000000000000000e+00 0.000000000000000000e+00
5.397701236300000000e+15 3.934337116999999927e+36 1.477360000000000041e+39 1.000000000000000000e+00 0.000000000000000000e+00
5.361226936200000000e+15 3.901510246900000008e+36 1.472359999999999906e+39 1.000000000000000000e+00 0.000000000000000000e+00
5.324876289500000000e+15 3.868794664800000046e+36 1.467360000000000074e+39 1.000000000000000000e+00 0.000000000000000000e+00
5.288649296200000000e+15 3.836190370899999936e+36 1.462359999999999939e+39 1.000000000000000000e+00 0.000000000000000000e+00
5.252545956400000000e+15 3.803697364999999782e+36 1.457360000000000106e+39 1.000000000000000000e+00 0.000000000000000000e+00
5.216566270000000000e+15 3.771315647300000070e+36 1.452359999999999971e+39 1.000000000000000000e+00 0.000000000000000000e+00
5.180710237000000000e+15 3.739045217599999724e+36 1.447360000000000138e+39 1.000000000000000000e+00 0.000000000000000000e+00
5.144977857400000000e+15 3.706886076000000168e+36 1.442360000000000003e+39 1.000000000000000000e+00 0.000000000000000000e+00
5.109369131300000000e+15 3.674838222500000220e+36 1.437359999999999869e+39 1.000000000000000000e+00 0.000000000000000000e+00
5.073884058700000000e+15 3.642901657099999882e+36 1.432360000000000036e+39 1.000000000000000000e+00 0.000000000000000000e+00
5.038522639400000000e+15 3.611076379799999742e+36 1.427359999999999901e+39 1.000000000000000000e+00 0.000000000000000000e+00
5.003284873600000000e+15 3.579362390500000150e+36 1.422360000000000068e+39 1.000000000000000000e+00 0.000000000000000000e+00
4.968170761200000000e+15 3.547759689399999818e+36 1.417359999999999933e+39 1.000000000000000000e+00 0.000000000000000000e+00
4.933180302300000000e+15 3.516268276300000034e+36 1.412360000000000100e+39 1.000000000000000000e+00 0.000000000000000000e+00
4.898313496700000000e+15 3.484888151400000101e+36 1.407359999999999966e+39 1.000000000000000000e+00 0.000000000000000000e+00
4.863570344700000000e+15 3.453619314500000125e+36 1.402360000000000133e+39 1.000000000000000000e+00 0.000000000000000000e+00
4.828950846000000000e+15 3.422461765699999758e+36 1.397359999999999998e+39 1.000000000000000000e+00 0.000000000000000000e+00
4.794455000800000000e+15 3.391415505000000180e+36 1.392359999999999863e+39 1.000000000000000000e+00 0.000000000000000000e+00
4.760082809000000000e+15 3.360480532400000211e+36 1.387360000000000030e+39 1.000000000000000000e+00 0.000000000000000000e+00
4.725834270600000000e+15 3.329656847899999850e+36 1.382359999999999895e+39 1.000000000000000000e+00 0.000000000000000000e+00
4.691709385700000000e+15 3.298944451400000037e+36 1.377360000000000063e+39 1.000000000000000000e+00 0.000000000000000000e+00
4.657708154200000000e+15 3.268343343100000076e+36 1.372359999999999928e+39 1.000000000000000000e+00 0.000000000000000000e+00
4.623830576200000000e+15 3.237853522800000070e+36 1.367360000000000095e+39 1.000000000000000000e+00 0.000000000000000000e+00
4.590076651500000000e+15 3.207474990699999917e+36 1.362359999999999960e+39 1.000000000000000000e+00 0.000000000000000000e+00
4.556446380300000000e+15 3.177207746599999720e+36 1.357359999999999976e+39 1.000000000000000000e+00 0.000000000000000000e+00
4.522939762600000000e+15 3.147051790599999722e+36 1.352359999999999992e+39 1.000000000000000000e+00 0.000000000000000000e+00
4.489556798200000000e+15 3.117007122699999923e+36 1.347360000000000008e+39 1.000000000000000000e+00 0.000000000000000000e+00
4.456297487300000000e+15 3.087073742899999733e+36 1.342360000000000025e+39 1.000000000000000000e+00 0.000000000000000000e+00
4.423161829800000000e+15 3.057251651199999743e+36 1.337360000000000041e+39 1.000000000000000000e+00 0.000000000000000000e+00
4.390149825800000000e+15 3.027540847499999709e+36 1.332360000000000057e+39 1.000000000000000000e+00 0.000000000000000000e+00
4.357261475200000000e+15 2.997941332000000117e+36 1.327360000000000073e+39 1.000000000000000000e+00 0.000000000000000000e+00
4.324496778000000000e+15 2.968453104499999891e+36 1.322359999999999938e+39 1.000000000000000000e+00 0.000000000000000000e+00
4.291855734300000000e+15 2.939076165200000107e+36 1.317359999999999954e+39 1.000000000000000000e+00 0.000000000000000000e+00
4.259338344000000000e+15 2.909810513900000279e+36 1.312359999999999971e+39 1.000000000000000000e+00 0.000000000000000000e+00
4.226944607100000000e+15 2.880656150700000060e+36 1.307359999999999987e+39 1.000000000000000000e+00 0.000000000000000000e+00
4.194674523600000000e+15 2.851613075600000041e+36 1.302360000000000003e+39 1.000000000000000000e+00 0.000000000000000000e+00
4.162528093600000000e+15 2.822681288600000221e+36 1.297360000000000019e+39 1.000000000000000000e+00 0.000000000000000000e+00
4.130505317000000000e+15 2.793860789599999767e+36 1.292360000000000035e+39 1.000000000000000000e+00 0.000000000000000000e+00
4.098606193900000000e+15 2.765151578799999755e+36 1.287360000000000051e+39 1.000000000000000000e+00 0.000000000000000000e+00
4.066830724200000000e+15 2.736553656099999942e+36 1.282360000000000068e+39 1.000000000000000000e+00 0.000000000000000000e+00
4.035178907900000000e+15 2.708067021400000086e+36 1.277359999999999933e+39 1.000000000000000000e+00 0.000000000000000000e+00
4.003650745000000000e+15 2.679691674799999838e+36 1.272359999999999949e+39 1.000000000000000000e+00 0.000000000000000000e+00
3.972246235600000000e+15 2.651427616400000032e+36 1.267359999999999965e+39 1.000000000000000000e+00 0.000000000000000000e+00
3.940965379600000000e+15 2.623274845999999888e+36 1.262359999999999981e+39 1.000000000000000000e+00 0.000000000000000000e+00
3.909808177100000000e+15 2.595233363699999943e+36 1.257359999999999997e+39 1.000000000000000000e+00 0.000000000000000000e+00
3.878774627900000000e+15 2.567303169399999955e+36 1.252360000000000013e+39 1.000000000000000000e+00 0.000000000000000000e+00
3.847864732200000000e+15 2.539484263300000113e+36 1.247360000000000030e+39 1.000000000000000000e+00 0.000000000000000000e+00
3.817078490000000000e+15 2.511776645299999880e+36 1.242360000000000046e+39 1.000000000000000000e+00 0.000000000000000000e+00
3.786415901100000000e+15 2.484180315299999899e+36 1.237360000000000062e+39 1.000000000000000000e+00 0.000000000000000000e+00
3.755876965700000000e+15 2.456695273500000064e+36 1.232359999999999927e+39 1.000000000000000000e+00 0.000000000000000000e+00
3.725461683800000000e+15 2.429321519699999891e+36 1.227359999999999943e+39 1.000000000000000000e+00 0.000000000000000000e+00
3.695170055200000000e+15 2.402059053999999917e+36 1.222359999999999959e+39 1.000000000000000000e+00 0.000000000000000000e+00
3.665002080100000000e+15 2.374907876400000143e+36 1.217359999999999975e+39 1.000000000000000000e+00 0.000000000000000000e+00
3.634957758500000000e+15 2.347867986899999977e+36 1.212359999999999992e+39 1.000000000000000000e+00 0.000000000000000000e+00
3.605037090200000000e+15 2.320939385500000010e+36 1.207360000000000008e+39 1.000000000000000000e+00 0.000000000000000000e+00
3.575240075400000000e+15 2.294122072199999948e+36 1.202360000000000024e+39 1.000000000000000000e+00 0.000000000000000000e+00
3.545566714000000000e+15 2.267416046900000137e+36 1.197360000000000040e+39 1.000000000000000000e+00 0.000000000000000000e+00
3.516017006100000000e+15 2.240821309799999883e+36 1.192360000000000056e+39 1.000000000000000000e+00 0.000000000000000000e+00
3.486590951600000000e+15 2.214337860699999880e+36 1.187360000000000072e+39 1.000000000000000000e+00 0.000000000000000000e+00
3.457288550500000000e+15 2.187965699800000024e+36 1.182359999999999938e+39 1.000000000000000000e+00 0.000000000000000000e+00
3.428109802900000000e+15 2.161704826900000124e+36 1.177359999999999954e+39 1.000000000000000000e+00 0.000000000000000000e+00
3.399054708600000000e+15 2.135555242100000129e+36 1.172359999999999970e+39 1.000000000000000000e+00 0.000000000000000000e+00
3.370123267900000000e+15 2.109516945400000037e+36 1.167359999999999986e+39 1.000000000000000000e+00 0.000000000000000000e+00
3.341315480500000000e+15 2.083589936800000145e+36 1.162360000000000002e+39 1.000000000000000000e+00 0.000000000000000000e+00
3.312631346600000000e+15 2.057774216199999915e+36 1.157360000000000018e+39 1.000000000000000000e+00 0.000000000000000000e+00
3.284070866100000000e+15 2.032069783800000126e+36 1.152360000000000035e+39 1.000000000000000000e+00 0.000000000000000000e+00
3.255634039000000000e+15 2.006476639399999998e+36 1.147360000000000051e+39 1.000000000000000000e+00 0.000000000000000000e+00
3.227320865400000000e+15 1.980994783200000017e+36 1.142360000000000067e+39 1.000000000000000000e+00 0.000000000000000000e+00
3.199131345200000000e+15 1.955624214999999993e+36 1.137359999999999932e+39 1.000000000000000000e+00 0.000000000000000000e+00
3.171065478500000000e+15 1.930364934899999873e+36 1.132359999999999948e+39 1.000000000000000000e+00 0.000000000000000000e+00
3.143123265100000000e+15 1.905216942899999952e+36 1.127359999999999964e+39 1.000000000000000000e+00 0.000000000000000000e+00
3.115304705200000000e+15 1.880180238999999935e+36 1.122359999999999980e+39 1.000000000000000000e+00 0.000000000000000000e+00
3.087609798800000000e+15 1.855254823200000117e+36 1.117359999999999997e+39 1.000000000000000000e+00 0.000000000000000000e+00
3.060038545700000000e+15 1.830440695499999908e+36 1.112360000000000013e+39 1.000000000000000000e+00 0.000000000000000000e+00
3.032590946100000000e+15 1.805737855799999951e+36 1.107360000000000029e+39 1.000000000000000000e+00 0.000000000000000000e+00
3.005267000000000000e+15 1.781146304300000140e+36 1.102360000000000045e+39 1.000000000000000000e+00 0.000000000000000000e+00
2.978066707200000000e+15 1.756666040799999991e+36 1.097360000000000061e+39 1.000000000000000000e+00 0.000000000000000000e+00
2.950990067900000000e+15 1.732297065400000041e+36 1.092359999999999926e+39 1.000000000000000000e+00 0.000000000000000000e+00
2.924037082100000000e+15 1.708039378199999943e+36 1.087359999999999943e+39 1.000000000000000000e+00 0.000000000000000000e+00
2.897207749600000000e+15 1.683892979000000096e+36 1.082359999999999959e+39 1.000000000000000000e+00 0.000000000000000000e+00
2.870502070600000000e+15 1.659857867799999911e+36 1.077359999999999975e+39 1.000000000000000000e+00 0.000000000000000000e+00
2.843920045000000000e+15 1.635934044799999873e+36 1.072359999999999991e+39 1.000000000000000000e+00 0.000000000000000000e+00
2.817461672900000000e+15 1.612121509900000033e+36 1.067360000000000007e+39 1.000000000000000000e+00 0.000000000000000000e+00
2.791126954200000000e+15 1.588420263100000098e+36 1.062360000000000023e+39 1.000000000000000000e+00 0.000000000000000000e+00
2.764915888900000000e+15 1.564830304300000119e+36 1.057360000000000040e+39 1.000000000000000000e+00 0.000000000000000000e+00
2.738828477000000000e+15 1.541351633600000045e+36 1.052360000000000056e+39 1.000000000000000000e+00 0.000000000000000000e+00
2.712864718600000000e+15 1.517984251100000116e+36 1.047360000000000072e+39 1.000000000000000000e+00 0.000000000000000000e+00
2.687024613600000000e+15 1.494728156600000145e+36 1.042359999999999937e+39 1.000000000000000000e+00 0.000000000000000000e+00
2.661308162100000000e+15 1.471583350200000078e+36 1.037359999999999953e+39 1.000000000000000000e+00 0.000000000000000000e+00
2.635715364000000000e+15 1.448549831899999914e+36 1.032359999999999969e+39 1.000000000000000000e+00 0.000000000000000000e+00
2.610246219300000000e+15 1.425627601699999950e+36 1.027359999999999985e+39 1.000000000000000000e+00 0.000000000000000000e+00
2.584900728000000000e+15 1.402816659499999943e+36 1.022360000000000002e+39 1.000000000000000000e+00 0.000000000000000000e+00
2.559678890200000000e+15 1.380117005500000082e+36 1.017360000000000018e+39 1.000000000000000000e+00 0.000000000000000000e+00
2.534580705800000000e+15 1.357528639499999882e+36 1.012360000000000034e+39 1.000000000000000000e+00 0.000000000000000000e+00
2.509606174800000000e+15 1.335051561700000124e+36 1.007360000000000050e+39 1.000000000000000000e+00 0.000000000000000000e+00
2.484755297300000000e+15 1.312685771900000028e+36 1.002360000000000066e+39 1.000000000000000000e+00 0.000000000000000000e+00
2.460028073200000000e+15 1.290431270199999984e+36 9.973599999999999313e+38 1.000000000000000000e+00 0.000000000000000000e+00
2.435424502500000000e+15 1.268288056599999991e+36 9.923599999999999475e+38 1.000000000000000000e+00 0.000000000000000000e+00
2.410944585300000000e+15 1.246256131100000049e+36 9.873599999999999637e+38 1.000000000000000000e+00 0.000000000000000000e+00
2.386588321500000000e+15 1.224335493700000012e+36 9.823599999999999798e+38 1.000000000000000000e+00 0.000000000000000000e+00
2.362355711100000000e+15 1.202526144299999931e+36 9.773599999999999960e+38 1.000000000000000000e+00 0.000000000000000000e+00
2.338246754200000000e+15 1.180828083099999997e+36 9.723600000000000122e+38 1.000000000000000000e+00 0.000000000000000000e+00
2.314261450700000000e+15 1.159241309900000020e+36 9.673600000000000283e+38 1.000000000000000000e+00 0.000000000000000000e+00
2.290399800600000000e+15 1.137765824900000041e+36 9.623600000000000445e+38 1.000000000000000000e+00 0.000000000000000000e+00
2.266661804000000000e+15 1.116401627900000019e+36 9.573600000000000607e+38 1.000000000000000000e+00 0.000000000000000000e+00
2.243047460800000000e+15 1.095148719000000049e+36 9.523599999999999257e+38 1.000000000000000000e+00 0.000000000000000000e+00
2.219556771000000000e+15 1.074007098199999983e+36 9.473599999999999419e+38 1.000000000000000000e+00 0.000000000000000000e+00
2.196189734700000000e+15 1.052976765499999968e+36 9.423599999999999581e+38 1.000000000000000000e+00 0.000000000000000000e+00
2.172946351700000000e+15 1.032057720900000005e+36 9.373599999999999742e+38 1.000000000000000000e+00 0.000000000000000000e+00
2.149826622300000000e+15 1.011249964299999999e+36 9.323599999999999904e+38 1.000000000000000000e+00 0.000000000000000000e+00
2.126830546200000000e+15 9.905534958899999378e+35 9.273600000000000066e+38 1.000000000000000000e+00 0.000000000000000000e+00
2.103958123600000000e+15 9.699683155400000084e+35 9.223600000000000227e+38 1.000000000000000000e+00 0.000000000000000000e+00
2.081209354400000000e+15 9.494944232700000231e+35 9.173600000000000389e+38 1.000000000000000000e+00 0.000000000000000000e+00
2.058584238700000000e+15 9.291318190900000356e+35 9.123600000000000551e+38 1.000000000000000000e+00 0.000000000000000000e+00
2.036082776300000000e+15 9.088805030000000459e+35 9.073600000000000712e+38 1.000000000000000000e+00 0.000000000000000000e+00
2.013704967400000000e+15 8.887404750000000541e+35 9.023599999999999363e+38 1.000000000000000000e+00 0.000000000000000000e+00
1.991450812000000000e+15 8.687117350900000602e+35 8.973599999999999525e+38 1.000000000000000000e+00 0.000000000000000000e+00
1.969320310000000000e+15 8.487942832700000641e+35 8.923599999999999686e+38 1.000000000000000000e+00 0.000000000000000000e+00
1.947313461400000000e+15 8.289881195300000121e+35 8.873599999999999848e+38 1.000000000000000000e+00 0.000000000000000000e+00
1.925430266200000000e+15 8.092932438900000116e+35 8.823600000000000010e+38 1.000000000000000000e+00 0.000000000000000000e+00
1.903670724500000000e+15 7.897096563299999553e+35 8.773600000000000171e+38 1.000000000000000000e+00 0.000000000000000000e+00
1.882034836200000000e+15 7.702373568600000444e+35 8.723600000000000333e+38 1.000000000000000000e+00 0.000000000000000000e+00
1.860522601300000000e+15 7.508763454799999837e+35 8.673600000000000495e+38 1.000000000000000000e+00 0.000000000000000000e+00
1.839134019900000000e+15 7.316266221900000684e+35 8.623600000000000656e+38 1.000000000000000000e+00 0.000000000000000000e+00
1.817869091900000000e+15 7.124881869900000035e+35 8.573599999999999307e+38 3.272727272700000078e+00 0.000000000000000000e+00
1.802694681300000000e+15 6.989794813000000175e+35 8.523599999999999469e+38 3.272727272700000078e+00 0.000000000000000000e+00
1.787607734000000000e+15 6.856496779000000391e+35 8.473599999999999630e+38 3.272727272700000078e+00 0.000000000000000000e+00
1.772607597600000000e+15 6.724974421899999569e+35 8.423599999999999792e+38 3.272727272700000078e+00 0.000000000000000000e+00
1.757693620600000000e+15 6.595214417199999999e+35 8.373599999999999954e+38 3.272727272700000078e+00 0.000000000000000000e+00
1.742865152700000000e+15 6.467203461999999797e+35 8.323600000000000115e+38 3.272727272700000078e+00 0.000000000000000000e+00
1.728121544600000000e+15 6.340928274899999745e+35 8.273600000000000277e+38 3.272727272700000078e+00 0.000000000000000000e+00
1.713462148100000000e+15 6.216375596500000080e+35 8.223600000000000439e+38 3.272727272700000078e+00 0.000000000000000000e+00
1.698886315900000000e+15 6.093532188900000012e+35 8.173600000000000600e+38 3.272727272700000078e+00 0.000000000000000000e+00
1.684393401900000000e+15 5.972384836600000355e+35 8.123599999999999251e+38 3.272727272700000078e+00 0.000000000000000000e+00
1.669982761200000000e+15 5.852920345600000163e+35 8.073599999999999413e+38 3.272727272700000078e+00 0.000000000000000000e+00
1.655653749700000000e+15 5.735125544300000091e+35 8.023599999999999574e+38 3.272727272700000078e+00 0.000000000000000000e+00
1.641405724700000000e+15 5.618987283500000182e+35 7.973599999999999736e+38 3.272727272700000078e+00 0.000000000000000000e+00
1.627238044300000000e+15 5.504492435999999929e+35 7.923599999999999898e+38 3.272727272700000078e+00 0.000000000000000000e+00
1.613150067900000000e+15 5.391627897100000229e+35 7.873600000000000059e+38 3.272727272700000078e+00 0.000000000000000000e+00
1.599141155900000000e+15 5.280380584800000025e+35 7.823600000000000221e+38 3.272727272700000078e+00 0.000000000000000000e+00
1.585210669800000000e+15 5.170737439700000201e+35 7.773600000000000383e+38 3.272727272700000078e+00 0.000000000000000000e+00
1.571357972400000000e+15 5.062685424900000088e+35 7.723600000000000544e+38 3.272727272700000078e+00 0.000000000000000000e+00
1.557582427300000000e+15 4.956211526699999756e+35 7.673600000000000706e+38 3.272727272700000078e+00 0.000000000000000000e+00
1.543883399400000000e+15 4.851302754100000274e+35 7.623599999999999357e+38 3.272727272700000078e+00 0.000000000000000000e+00
1.530260254900000000e+15 4.747946139299999758e+35 7.573599999999999518e+38 3.272727272700000078e+00 0.000000000000000000e+00
1.516712360700000000e+15 4.646128737499999674e+35 7.523599999999999680e+38 3.272727272700000078e+00 0.000000000000000000e+00
1.503239085300000000e+15 4.545837627499999950e+35 7.473599999999999842e+38 3.272727272700000078e+00 0.000000000000000000e+00
1.489839798000000000e+15 4.447059911199999971e+35 7.423600000000000003e+38 3.272727272700000078e+00 0.000000000000000000e+00
1.476513869400000000e+15 4.349782714200000335e+35 7.373600000000000165e+38 3.272727272700000078e+00 0.000000000000000000e+00
1.463260671300000000e+15 4.253993185499999760e+35 7.323600000000000327e+38 3.272727272700000078e+00 0.000000000000000000e+00
1.450079576500000000e+15 4.159678498200000327e+35 7.273600000000000488e+38 3.272727272700000078e+00 0.000000000000000000e+00
1.436969959100000000e+15 4.066825848899999822e+35 7.223600000000000650e+38 3.272727272700000078e+00 0.000000000000000000e+00
1.423931194400000000e+15 3.975422458499999730e+35 7.173599999999999301e+38 3.272727272700000078e+00 0.000000000000000000e+00
1.410962658800000000e+15 3.885455571599999794e+35 7.123599999999999462e+38 3.272727272700000078e+00 0.000000000000000000e+00
1.398063729800000000e+15 3.796912457499999701e+35 7.073599999999999624e+38 3.272727272700000078e+00 0.000000000000000000e+00
1.385233786300000000e+15 3.709780409499999749e+35 7.023599999999999786e+38 3.272727272700000078e+00 0.000000000000000000e+00
1.372472208200000000e+15 3.624046745499999640e+35 6.973599999999999947e+38 3.272727272700000078e+00 0.000000000000000000e+00
1.359778376700000000e+15 3.539698807999999961e+35 6.923600000000000109e+38 3.272727272700000078e+00 0.000000000000000000e+00
1.347151674300000000e+15 3.456723964199999766e+35 6.873600000000000271e+38 3.272727272700000078e+00 0.000000000000000000e+00
1.334591484500000000e+15 3.375109606100000066e+35 6.823600000000000432e+38 3.272727272700000078e+00 0.000000000000000000e+00
1.322097192200000000e+15 3.294843150900000079e+35 6.773599999999999839e+38 3.272727272700000078e+00 0.000000000000000000e+00
1.309668183400000000e+15 3.215912040700000041e+35 6.723600000000000000e+38 3.272727272700000078e+00 0.000000000000000000e+00
1.297303845500000000e+15 3.138303742900000036e+35 6.673600000000000162e+38 3.272727272700000078e+00 0.000000000000000000e+00
1.285003566900000000e+15 3.062005750300000166e+35 6.623600000000000324e+38 3.272727272700000078e+00 0.000000000000000000e+00
1.272766737400000000e+15 2.987005581399999949e+35 6.573599999999999730e+38 3.272727272700000078e+00 0.000000000000000000e+00
1.260592748200000000e+15 2.913290780100000029e+35 6.523599999999999891e+38 3.272727272700000078e+00 0.000000000000000000e+00
1.248480991500000000e+15 2.840848916299999863e+35 6.473600000000000053e+38 3.272727272700000078e+00 0.000000000000000000e+00
1.236430860800000000e+15 2.769667585699999969e+35 6.423600000000000215e+38 3.272727272700000078e+00 0.000000000000000000e+00
1.224441751100000000e+15 2.699734410299999817e+35 6.373600000000000377e+38 3.272727272700000078e+00 0.000000000000000000e+00
1.212513058400000000e+15 2.631037038200000075e+35 6.323599999999999783e+38 3.272727272700000078e+00 0.000000000000000000e+00
1.200644180100000000e+15 2.563563143999999962e+35 6.273599999999999944e+38 3.272727272700000078e+00 0.000000000000000000e+00
1.188834515100000000e+15 2.497300428799999830e+35 6.223600000000000106e+38 3.272727272700000078e+00 0.000000000000000000e+00
1.177083463300000000e+15 2.432236620200000057e+35 6.173600000000000268e+38 3.272727272700000078e+00 0.000000000000000000e+00
1.165390426000000000e+15 2.368359473099999817e+35 6.123599999999999674e+38 3.272727272700000078e+00 0.000000000000000000e+00
1.153754806000000000e+15 2.305656769100000120e+35 6.073599999999999835e+38 3.272727272700000078e+00 0.000000000000000000e+00
1.142176007200000000e+15 2.244116317100000034e+35 6.023599999999999997e+38 3.272727272700000078e+00 0.000000000000000000e+00
1.130653434900000000e+15 2.183725953100000031e+35 5.973600000000000159e+38 3.272727272700000078e+00 0.000000000000000000e+00
1.119186495800000000e+15 2.124473541099999822e+35 5.923600000000000321e+38 3.272727272700000078e+00 0.000000000000000000e+00
1.107774597900000000e+15 2.066346972200000152e+35 5.873599999999999727e+38 3.272727272700000078e+00 0.000000000000000000e+00
1.096417150600000000e+15 2.009334165899999832e+35 5.823599999999999888e+38 3.272727272700000078e+00 0.000000000000000000e+00
1.085113564700000000e+15 1.953423069200000125e+35 5.773600000000000050e+38 3.272727272700000078e+00 0.000000000000000000e+00
1.073863252300000000e+15 1.898601657600000156e+35 5.723600000000000212e+38 3.272727272700000078e+00 0.000000000000000000e+00
1.062665626900000000e+15 1.844857934899999898e+35 5.673600000000000373e+38 3.272727272700000078e+00 0.000000000000000000e+00
1.051520103500000000e+15 1.792179933499999939e+35 5.623599999999999779e+38 3.272727272700000078e+00 0.000000000000000000e+00
1.040426098200000000e+15 1.740555714299999837e+35 5.573599999999999941e+38 3.272727272700000078e+00 0.000000000000000000e+00
1.029383029000000000e+15 1.689973367499999840e+35 5.523600000000000103e+38 3.272727272700000078e+00 0.000000000000000000e+00
1.018390314900000000e+15 1.640421012100000040e+35 5.473600000000000265e+38 3.272727272700000078e+00 0.000000000000000000e+00
1.007447376500000000e+15 1.591886796499999911e+35 5.423599999999999671e+38 3.272727272700000078e+00 0.000000000000000000e+00
9.965536358700000000e+14 1.544358898499999968e+35 5.373599999999999832e+38 3.272727272700000078e+00 0.000000000000000000e+00
9.857085164700000000e+14 1.497825525700000042e+35 5.323599999999999994e+38 3.272727272700000078e+00 0.000000000000000000e+00
9.749114432500000000e+14 1.452274915600000005e+35 5.273600000000000156e+38 3.272727272700000078e+00 0.000000000000000000e+00
9.641618426100000000e+14 1.407695335699999938e+35 5.223600000000000317e+38 3.272727272700000078e+00 0.000000000000000000e+00
9.534591424600000000e+14 1.364075083900000062e+35 5.173599999999999724e+38 3.272727272700000078e+00 0.000000000000000000e+00
9.428027721800000000e+14 1.321402488500000010e+35 5.123599999999999885e+38 3.272727272700000078e+00 0.000000000000000000e+00
9.321921626500000000e+14 1.279665908500000060e+35 5.073600000000000047e+38 3.272727272700000078e+00 0.000000000000000000e+00
9.216267462800000000e+14 1.238853733999999973e+35 5.023600000000000209e+38 3.272727272700000078e+00 0.000000000000000000e+00
9.111059569900000000e+14 1.198954386300000079e+35 4.973600000000000370e+38 3.272727272700000078e+00 0.000000000000000000e+00
9.006292302400000000e+14 1.159956317700000019e+35 4.923599999999999776e+38 3.272727272700000078e+00 0.000000000000000000e+00
8.901960030400000000e+14 1.121848012600000045e+35 4.873599999999999938e+38 3.272727272700000078e+00 0.000000000000000000e+00
8.798057139400000000e+14 1.084617986999999995e+35 4.823600000000000100e+38 3.272727272700000078e+00 0.000000000000000000e+00
8.694578030900000000e+14 1.048254788899999964e+35 4.773600000000000261e+38 3.272727272700000078e+00 0.000000000000000000e+00
8.591517121800000000e+14 1.012746998900000028e+35 4.723599999999999668e+38 3.272727272700000078e+00 0.000000000000000000e+00
8.488868845200000000e+14 9.780832299799999432e+34 4.673599999999999829e+38 3.272727272700000078e+00 0.000000000000000000e+00
8.386627650300000000e+14 9.442521279900000099e+34 4.623599999999999991e+38 3.272727272700000078e+00 0.000000000000000000e+00
8.284788002200000000e+14 9.112423718700000797e+34 4.573600000000000153e+38 3.272727272700000078e+00 0.000000000000000000e+00
8.183344382600000000e+14 8.790426738999999754e+34 4.523600000000000314e+38 3.272727272700000078e+00 0.000000000000000000e+00
8.082291289300000000e+14 8.476417799700000577e+34 4.473599999999999720e+38 3.272727272700000078e+00 0.000000000000000000e+00
7.981623237100000000e+14 8.170284698299999856e+34 4.423599999999999882e+38 3.272727272700000078e+00 0.000000000000000000e+00
7.881334757000000000e+14 7.871915574000000329e+34 4.373600000000000044e+38 3.272727272700000078e+00 0.000000000000000000e+00
7.781420397300000000e+14 7.581198910200000332e+34 4.323600000000000205e+38 3.272727272700000078e+00 0.000000000000000000e+00
7.681848863400000000e+14 7.333934409999999820e+34 4.273600000000000367e+38 2.818181818199999800e+00 0.000000000000000000e+00
7.582596017800000000e+14 7.094683764699999673e+34 4.223599999999999773e+38 2.818181818199999800e+00 0.000000000000000000e+00
7.483654511000000000e+14 6.860527754200000215e+34 4.173599999999999935e+38 2.818181818199999800e+00 0.000000000000000000e+00
7.385021324100000000e+14 6.631416979000000244e+34 4.123600000000000097e+38 2.818181818199999800e+00 0.000000000000000000e+00
7.286693431700000000e+14 6.407301932099999982e+34 4.073600000000000258e+38 2.818181818199999800e+00 0.000000000000000000e+00
7.188667801800000000e+14 6.188132997200000068e+34 4.023599999999999664e+38 2.818181818199999800e+00 0.000000000000000000e+00
7.090941395300000000e+14 5.973860447100000151e+34 3.973599999999999826e+38 2.818181818199999800e+00 0.000000000000000000e+00
6.993511166600000000e+14 5.764434442000000456e+34 3.923599999999999988e+38 2.818181818199999800e+00 0.000000000000000000e+00
6.896374062900000000e+14 5.559805028099999976e+34 3.873600000000000149e+38 2.818181818199999800e+00 0.000000000000000000e+00
6.799527024400000000e+14 5.359922135700000274e+34 3.823600000000000311e+38 2.818181818199999800e+00 0.000000000000000000e+00
6.702966984100000000e+14 5.164735577300000075e+34 3.773599999999999717e+38 2.818181818199999800e+00 0.000000000000000000e+00
6.606690867700000000e+14 4.974195046100000111e+34 3.723599999999999879e+38 2.818181818199999800e+00 0.000000000000000000e+00
6.510695593400000000e+14 4.788250113899999952e+34 3.673600000000000041e+38 2.818181818199999800e+00 0.000000000000000000e+00
6.414978072100000000e+14 4.606850229199999967e+34 3.623600000000000202e+38 2.818181818199999800e+00 0.000000000000000000e+00
6.319535206700000000e+14 4.429944715199999801e+34 3.573600000000000364e+38 2.818181818199999800e+00 0.000000000000000000e+00
6.224363892700000000e+14 4.257482767900000332e+34 3.523599999999999770e+38 2.818181818199999800e+00 0.000000000000000000e+00
6.129461017300000000e+14 4.089413453799999983e+34 3.473599999999999932e+38 2.818181818199999800e+00 0.000000000000000000e+00
6.034823460000000000e+14 3.925685707900000114e+34 3.423600000000000093e+38 2.818181818199999800e+00 0.000000000000000000e+00
5.940448091900000000e+14 3.766248331199999879e+34 3.373599999999999877e+38 2.818181818199999800e+00 0.000000000000000000e+00
5.846331775900000000e+14 3.611049988699999781e+34 3.323600000000000039e+38 2.818181818199999800e+00 0.000000000000000000e+00
5.752471366400000000e+14 3.460039206799999957e+34 3.273599999999999823e+38 2.818181818199999800e+00 0.000000000000000000e+00
5.658863709100000000e+14 3.313164371099999980e+34 3.223599999999999985e+38 2.818181818199999800e+00 0.000000000000000000e+00
5.565505641100000000e+14 3.170373723299999993e+34 3.173600000000000146e+38 2.818181818199999800e+00 0.000000000000000000e+00
5.472393990500000000e+14 3.031615359099999849e+34 3.123599999999999930e+38 2.818181818199999800e+00 0.000000000000000000e+00
5.379525576100000000e+14 2.896837225400000105e+34 3.073600000000000092e+38 2.818181818199999800e+00 0.000000000000000000e+00
5.286897207800000000e+14 2.765987117199999937e+34 3.023599999999999876e+38 2.818181818199999800e+00 0.000000000000000000e+00
5.194505685700000000e+14 2.639012675000000041e+34 2.973600000000000037e+38 2.818181818199999800e+00 0.000000000000000000e+00
5.102347800500000000e+14 2.515861381400000224e+34 2.923599999999999821e+38 2.818181818199999800e+00 0.000000000000000000e+00
5.010420332900000000e+14 2.396480558400000201e+34 2.873599999999999983e+38 2.818181818199999800e+00 0.000000000000000000e+00
4.918720053700000000e+14 2.280817363799999892e+34 2.823600000000000145e+38 2.818181818199999800e+00 0.000000000000000000e+00
4.827243723500000000e+14 2.168818787999999839e+34 2.773599999999999929e+38 2.818181818199999800e+00 0.000000000000000000e+00
4.735988092200000000e+14 2.060431650399999888e+34 2.723600000000000090e+38 2.818181818199999800e+00 0.000000000000000000e+00
4.644949899400000000e+14 1.955602595799999946e+34 2.673599999999999874e+38 2.818181818199999800e+00 0.000000000000000000e+00
4.554125873400000000e+14 1.854278090499999953e+34 2.623600000000000036e+38 2.818181818199999800e+00 0.000000000000000000e+00
4.463512731800000000e+14 1.756404418699999954e+34 2.573599999999999820e+38 2.818181818199999800e+00 0.000000000000000000e+00
4.373107180300000000e+14 1.661927677900000087e+34 2.523599999999999981e+38 2.818181818199999800e+00 0.000000000000000000e+00
4.282905913400000000e+14 1.570793774800000039e+34 2.473600000000000143e+38 2.818181818199999800e+00 0.000000000000000000e+00
4.192930000000000000e+14 1.480999999999999938e+34 2.423599999999999927e+38 2.705000000000000071e+00 0.000000000000000000e+00
4.102860000000000000e+14 1.399670000000000008e+34 2.373600000000000089e+38 2.705999999999999961e+00 0.000000000000000000e+00
4.012960000000000000e+14 1.321299999999999992e+34 2.323599999999999873e+38 2.705999999999999961e+00 0.000000000000000000e+00
3.923250000000000000e+14 1.245850000000000047e+34 2.273600000000000034e+38 2.706999999999999851e+00 0.000000000000000000e+00
3.833720000000000000e+14 1.173269999999999966e+34 2.223599999999999818e+38 2.706999999999999851e+00 0.000000000000000000e+00
3.744370000000000000e+14 1.103530000000000039e+34 2.173599999999999980e+38 2.706999999999999851e+00 0.000000000000000000e+00
3.655190000000000000e+14 1.036570000000000040e+34 2.123600000000000142e+38 2.708000000000000185e+00 0.000000000000000000e+00
3.566190000000000000e+14 9.723559999999999775e+33 2.073599999999999926e+38 2.706999999999999851e+00 0.000000000000000000e+00
3.477360000000000000e+14 9.108340000000000501e+33 2.023600000000000087e+38 2.706999999999999851e+00 0.000000000000000000e+00
3.388700000000000000e+14 8.519579999999999893e+33 1.973599999999999871e+38 2.705999999999999961e+00 0.000000000000000000e+00
3.300200000000000000e+14 7.956760000000000221e+33 1.923600000000000033e+38 2.705999999999999961e+00 0.000000000000000000e+00
3.211860000000000000e+14 7.419389999999999546e+33 1.873599999999999817e+38 2.704000000000000181e+00 0.000000000000000000e+00
3.123690000000000000e+14 6.906940000000000004e+33 1.823599999999999978e+38 2.702999999999999847e+00 0.000000000000000000e+00
3.035670000000000000e+14 6.418890000000000409e+33 1.773600000000000140e+38 2.701000000000000068e+00 0.000000000000000000e+00
2.947820000000000000e+14 5.954680000000000191e+33 1.723599999999999924e+38 2.698999999999999844e+00 0.000000000000000000e+00
2.860110000000000000e+14 5.513749999999999933e+33 1.673600000000000086e+38 2.696000000000000174e+00 0.000000000000000000e+00
2.772560000000000000e+14 5.095530000000000084e+33 1.623600000000000058e+38 2.693000000000000060e+00 0.000000000000000000e+00
2.685160000000000000e+14 4.699439999999999809e+33 1.573600000000000031e+38 2.689999999999999947e+00 0.000000000000000000e+00
2.597910000000000000e+14 4.324860000000000040e+33 1.523600000000000004e+38 2.685000000000000053e+00 0.000000000000000000e+00
2.510800000000000000e+14 3.971180000000000117e+33 1.473599999999999977e+38 2.681000000000000050e+00 0.000000000000000000e+00
2.423850000000000000e+14 3.637749999999999996e+33 1.423599999999999950e+38 2.674999999999999822e+00 0.000000000000000000e+00
2.337040000000000000e+14 3.323910000000000075e+33 1.373599999999999922e+38 2.669000000000000039e+00 0.000000000000000000e+00
2.250370000000000000e+14 3.028950000000000087e+33 1.323600000000000084e+38 2.661000000000000032e+00 0.000000000000000000e+00
2.163860000000000000e+14 2.752150000000000205e+33 1.273600000000000057e+38 2.653000000000000025e+00 0.000000000000000000e+00
2.077500000000000000e+14 2.492710000000000108e+33 1.223600000000000030e+38 2.644000000000000128e+00 0.000000000000000000e+00
1.991300000000000000e+14 2.249709999999999891e+33 1.173600000000000002e+38 2.633000000000000007e+00 0.000000000000000000e+00
1.905270000000000000e+14 2.021920000000000115e+33 1.123599999999999975e+38 2.620999999999999996e+00 0.000000000000000000e+00
1.819490000000000000e+14 1.807560000000000039e+33 1.073599999999999948e+38 2.607000000000000206e+00 0.000000000000000000e+00
1.733840000000000000e+14 1.608699999999999958e+33 1.023599999999999921e+38 2.589999999999999858e+00 0.000000000000000000e+00
1.648300000000000000e+14 1.425140000000000079e+33 9.735970000000000859e+37 2.571000000000000174e+00 0.000000000000000000e+00
1.562860000000000000e+14 1.256250000000000051e+33 9.235970000000000587e+37 2.548999999999999932e+00 0.000000000000000000e+00
1.466980000000000000e+14 1.114539999999999954e+33 8.674399999999999455e+37 2.552999999999999936e+00 1.992689999999999945e+29
1.462060000000000000e+14 1.106929999999999956e+33 8.645549999999999650e+37 2.555000000000000160e+00 2.539060000000000031e+29
1.457140000000000000e+14 1.099159999999999979e+33 8.616699999999999845e+37 2.556000000000000050e+00 2.875169999999999998e+29
1.452220000000000000e+14 1.091370000000000024e+33 8.587859999999999398e+37 2.556999999999999940e+00 3.147699999999999852e+29
1.447300000000000000e+14 1.083580000000000068e+33 8.559009999999999593e+37 2.559000000000000163e+00 3.388219999999999786e+29
1.442380000000000000e+14 1.075799999999999958e+33 8.530159999999999787e+37 2.560000000000000053e+00 3.609489999999999972e+29
1.437470000000000000e+14 1.068039999999999972e+33 8.501309999999999982e+37 2.560999999999999943e+00 3.818009999999999844e+29
1.432550000000000000e+14 1.060299999999999964e+33 8.472460000000000176e+37 2.561999999999999833e+00 4.017540000000000140e+29
1.427630000000000000e+14 1.052579999999999936e+33 8.443619999999999730e+37 2.479000000000000092e+00 4.210439999999999681e+29
1.422710000000000000e+14 1.044880000000000031e+33 8.414769999999999924e+37 2.478000000000000203e+00 4.398280000000000077e+29
1.417800000000000000e+14 1.037199999999999961e+33 8.385920000000000119e+37 2.475999999999999979e+00 4.582170000000000326e+29
1.412880000000000000e+14 1.029550000000000003e+33 8.357070000000000313e+37 2.474000000000000199e+00 4.762899999999999753e+29
1.407960000000000000e+14 1.021930000000000015e+33 8.328219999999999563e+37 2.472999999999999865e+00 4.941059999999999825e+29
1.403050000000000000e+14 1.014330000000000006e+33 8.299380000000000061e+37 2.471000000000000085e+00 5.117099999999999773e+29
1.398130000000000000e+14 1.006749999999999976e+33 8.270530000000000256e+37 2.468999999999999861e+00 5.291370000000000253e+29
1.393210000000000000e+14 9.992070000000000078e+32 8.241680000000000450e+37 2.467999999999999972e+00 5.464129999999999678e+29
1.388300000000000000e+14 9.916870000000000594e+32 8.212829999999999700e+37 2.466000000000000192e+00 5.635599999999999849e+29
1.383380000000000000e+14 9.841940000000000395e+32 8.183979999999999895e+37 2.463999999999999968e+00 5.805960000000000316e+29
1.378470000000000000e+14 9.767289999999999617e+32 8.155140000000000393e+37 2.463000000000000078e+00 5.975339999999999937e+29
1.373550000000000000e+14 9.692929999999999833e+32 8.126289999999999643e+37 2.460999999999999854e+00 6.143849999999999962e+29
1.368640000000000000e+14 9.618839999999999336e+32 8.097439999999999838e+37 2.459000000000000075e+00 6.311589999999999673e+29
1.363730000000000000e+14 9.545039999999999834e+32 8.068590000000000032e+37 2.458000000000000185e+00 6.478630000000000187e+29
1.358810000000000000e+14 9.471529999999999885e+32 8.039740000000000227e+37 2.455999999999999961e+00 6.645020000000000088e+29
1.353900000000000000e+14 9.398309999999999491e+32 8.010899999999999780e+37 2.454000000000000181e+00 6.810829999999999790e+29
1.348990000000000000e+14 9.325380000000000091e+32 7.982049999999999975e+37 2.452999999999999847e+00 6.976080000000000416e+29
1.344070000000000000e+14 9.252750000000000379e+32 7.953200000000000169e+37 2.451000000000000068e+00 7.140820000000000550e+29
1.339160000000000000e+14 9.180410000000000220e+32 7.924350000000000364e+37 2.448999999999999844e+00 7.305059999999999347e+29
1.334250000000000000e+14 9.108369999999999750e+32 7.895499999999999614e+37 2.447000000000000064e+00 7.468829999999999900e+29
1.329340000000000000e+14 9.036630000000000407e+32 7.866660000000000112e+37 2.446000000000000174e+00 7.632150000000000516e+29
1.324420000000000000e+14 8.965189999999999311e+32 7.837810000000000306e+37 2.443999999999999950e+00 7.795010000000000634e+29
1.319510000000000000e+14 8.894049999999999344e+32 7.808959999999999556e+37 2.442000000000000171e+00 7.957449999999999685e+29
1.314600000000000000e+14 8.823220000000000639e+32 7.780109999999999751e+37 2.440999999999999837e+00 8.119449999999999361e+29
1.309690000000000000e+14 8.752690000000000180e+32 7.751259999999999945e+37 2.439000000000000057e+00 8.281020000000000223e+29
1.304780000000000000e+14 8.688040000000000514e+32 7.722420000000000443e+37 2.435999999999999943e+00 5.177779999999999943e+29
1.299870000000000000e+14 8.618180000000000366e+32 7.693569999999999693e+37 2.435000000000000053e+00 5.259450000000000109e+29
1.294960000000000000e+14 8.548630000000000039e+32 7.664719999999999888e+37 2.432999999999999829e+00 5.340940000000000019e+29
1.290050000000000000e+14 8.491440000000000672e+32 7.635870000000000083e+37 2.430000000000000160e+00 2.789609999999999888e+29
1.285140000000000000e+14 8.422620000000000018e+32 7.607020000000000277e+37 2.427999999999999936e+00 2.813600000000000165e+29
1.280230000000000000e+14 8.354110000000000625e+32 7.578179999999999831e+37 2.426000000000000156e+00 2.837599999999999947e+29
1.270420000000000000e+14 8.217989999999999462e+32 7.520480000000000220e+37 2.423000000000000043e+00 2.885590000000000007e+29
1.265510000000000000e+14 8.150390000000000707e+32 7.491630000000000414e+37 2.420999999999999819e+00 2.909570000000000073e+29
1.255690000000000000e+14 8.016109999999999644e+32 7.433940000000000162e+37 2.416999999999999815e+00 2.957460000000000147e+29
1.250790000000000000e+14 7.949430000000000219e+32 7.405090000000000357e+37 2.415000000000000036e+00 2.981350000000000086e+29
1.231160000000000000e+14 7.685829999999999556e+32 7.289699999999999549e+37 2.407999999999999918e+00 3.076409999999999912e+29
1.211540000000000000e+14 7.427200000000000489e+32 7.174300000000000328e+37 2.399999999999999911e+00 3.170409999999999676e+29
1.206630000000000000e+14 7.363329999999999722e+32 7.145459999999999881e+37 2.398000000000000131e+00 3.193700000000000051e+29
1.196820000000000000e+14 7.236520000000000533e+32 7.087760000000000270e+37 2.394000000000000128e+00 3.239999999999999856e+29
1.187020000000000000e+14 7.110959999999999322e+32 7.030059999999999715e+37 2.390000000000000124e+00 3.285899999999999717e+29
1.182110000000000000e+14 7.048659999999999369e+32 7.001220000000000213e+37 2.387999999999999901e+00 3.308680000000000305e+29
1.162500000000000000e+14 6.802579999999999479e+32 6.885820000000000046e+37 2.379999999999999893e+00 3.398650000000000005e+29
1.113500000000000000e+14 6.209439999999999974e+32 6.597339999999999765e+37 2.358999999999999986e+00 3.614109999999999743e+29
1.108600000000000000e+14 6.151859999999999716e+32 6.568500000000000263e+37 2.357000000000000206e+00 3.634830000000000058e+29
1.103700000000000000e+14 6.094590000000000000e+32 6.539650000000000458e+37 2.354000000000000092e+00 3.655379999999999975e+29
1.098800000000000000e+14 6.053490000000000301e+32 6.510799999999999708e+37 2.350000000000000089e+00 4.038839999999999951e+29
1.093900000000000000e+14 5.997160000000000182e+32 6.481949999999999902e+37 2.347999999999999865e+00 4.032809999999999816e+29
1.089000000000000000e+14 5.941150000000000018e+32 6.453100000000000097e+37 2.346000000000000085e+00 4.026619999999999845e+29
1.084110000000000000e+14 5.885440000000000262e+32 6.424259999999999650e+37 2.342999999999999972e+00 4.020270000000000036e+29
1.079210000000000000e+14 5.830040000000000327e+32 6.395409999999999845e+37 2.341000000000000192e+00 4.013759999999999688e+29
1.074310000000000000e+14 5.774960000000000347e+32 6.366560000000000039e+37 2.338999999999999968e+00 4.007080000000000348e+29
1.069420000000000000e+14 5.720180000000000055e+32 6.337710000000000234e+37 2.335999999999999854e+00 4.000229999999999906e+29
1.064520000000000000e+14 5.665710000000000304e+32 6.308860000000000428e+37 2.334000000000000075e+00 3.993220000000000332e+29
1.059620000000000000e+14 5.611540000000000241e+32 6.280019999999999982e+37 2.331999999999999851e+00 3.986039999999999655e+29
1.054730000000000000e+14 5.557690000000000132e+32 6.251170000000000176e+37 2.329000000000000181e+00 3.978689999999999988e+29
1.049830000000000000e+14 5.504139999999999711e+32 6.222320000000000371e+37 2.326999999999999957e+00 3.971179999999999780e+29
1.044940000000000000e+14 5.450899999999999832e+32 6.193469999999999621e+37 2.323999999999999844e+00 3.963509999999999736e+29
1.040040000000000000e+14 5.397969999999999774e+32 6.164619999999999816e+37 2.322000000000000064e+00 3.955660000000000139e+29
1.035150000000000000e+14 5.345350000000000258e+32 6.135780000000000314e+37 2.319999999999999840e+00 3.947659999999999860e+29
1.030250000000000000e+14 5.293029999999999709e+32 6.106929999999999564e+37 2.317000000000000171e+00 3.939480000000000028e+29
1.025360000000000000e+14 5.241010000000000288e+32 6.078079999999999758e+37 2.314999999999999947e+00 3.931150000000000217e+29
1.020460000000000000e+14 5.189299999999999968e+32 6.049229999999999953e+37 2.311999999999999833e+00 3.922650000000000008e+29
1.015570000000000000e+14 5.137900000000000190e+32 6.020380000000000147e+37 2.310000000000000053e+00 3.913980000000000105e+29
1.010670000000000000e+14 5.086800000000000099e+32 5.991539999999999701e+37 2.306999999999999940e+00 3.905149999999999661e+29
1.005780000000000000e+14 5.036009999999999830e+32 5.962689999999999895e+37 2.305000000000000160e+00 3.896169999999999942e+29
1.000890000000000000e+14 4.985519999999999968e+32 5.933840000000000090e+37 2.302000000000000046e+00 3.887009999999999967e+29
9.959960000000000000e+13 4.935329999999999794e+32 5.904990000000000284e+37 2.298999999999999932e+00 3.877700000000000013e+29
9.911030000000000000e+13 4.885450000000000162e+32 5.876139999999999534e+37 2.297000000000000153e+00 3.868230000000000222e+29
9.862110000000000000e+13 4.835860000000000083e+32 5.847300000000000032e+37 2.294000000000000039e+00 3.858599999999999891e+29
9.813190000000000000e+13 4.786589999999999960e+32 5.818450000000000227e+37 2.291999999999999815e+00 3.848809999999999724e+29
9.764270000000000000e+13 4.737610000000000110e+32 5.789600000000000421e+37 2.289000000000000146e+00 3.838870000000000281e+29
9.715360000000000000e+13 4.688929999999999949e+32 5.760749999999999671e+37 2.286000000000000032e+00 3.828759999999999736e+29
9.666450000000000000e+13 4.640560000000000329e+32 5.731899999999999866e+37 2.283999999999999808e+00 3.818509999999999774e+29
9.617540000000000000e+13 4.592480000000000262e+32 5.703060000000000364e+37 2.281000000000000139e+00 3.808090000000000117e+29
9.568640000000000000e+13 4.544710000000000017e+32 5.674209999999999614e+37 2.278000000000000025e+00 3.797530000000000339e+29
9.519730000000000000e+13 4.497230000000000047e+32 5.645359999999999809e+37 2.275999999999999801e+00 3.786819999999999879e+29
9.470830000000000000e+13 4.454159999999999949e+32 5.616510000000000003e+37 2.271999999999999797e+00 4.524829999999999825e+29
9.421930000000000000e+13 4.407319999999999889e+32 5.587660000000000198e+37 2.269000000000000128e+00 4.497159999999999786e+29
9.373040000000000000e+13 4.360789999999999649e+32 5.558819999999999751e+37 2.266999999999999904e+00 4.469460000000000173e+29
9.324150000000000000e+13 4.314549999999999683e+32 5.529969999999999946e+37 2.263999999999999790e+00 4.441719999999999722e+29
9.275260000000000000e+13 4.268599999999999992e+32 5.501120000000000140e+37 2.261000000000000121e+00 4.413949999999999697e+29
9.226370000000000000e+13 4.222949999999999989e+32 5.472270000000000335e+37 2.258000000000000007e+00 4.386159999999999956e+29
9.177490000000000000e+13 4.177599999999999673e+32 5.443419999999999585e+37 2.254999999999999893e+00 4.358330000000000080e+29
9.128600000000000000e+13 4.132530000000000218e+32 5.414580000000000083e+37 2.251999999999999780e+00 4.330490000000000346e+29
9.079720000000000000e+13 4.087759999999999730e+32 5.385730000000000277e+37 2.249000000000000110e+00 4.302620000000000335e+29
9.030850000000000000e+13 4.043289999999999650e+32 5.356880000000000472e+37 2.246999999999999886e+00 4.274729999999999905e+29
8.981970000000000000e+13 3.999099999999999711e+32 5.328029999999999722e+37 2.244000000000000217e+00 4.246819999999999759e+29
8.933100000000000000e+13 3.955210000000000180e+32 5.299179999999999916e+37 2.241000000000000103e+00 4.218899999999999755e+29
8.884240000000000000e+13 3.911610000000000203e+32 5.270340000000000414e+37 2.237999999999999989e+00 4.190969999999999893e+29
8.835370000000000000e+13 3.868289999999999645e+32 5.241489999999999664e+37 2.234999999999999876e+00 4.163030000000000173e+29
8.786510000000000000e+13 3.825270000000000217e+32 5.212639999999999859e+37 2.232000000000000206e+00 4.135070000000000034e+29
8.737650000000000000e+13 3.782540000000000342e+32 5.183790000000000054e+37 2.229000000000000092e+00 4.107109999999999895e+29
8.688790000000000000e+13 3.740089999999999887e+32 5.154940000000000248e+37 2.225999999999999979e+00 4.079149999999999756e+29
8.639930000000000000e+13 3.697929999999999707e+32 5.126099999999999802e+37 2.221999999999999975e+00 4.051190000000000321e+29
8.591080000000000000e+13 3.656059999999999801e+32 5.097249999999999996e+37 2.218999999999999861e+00 4.023220000000000324e+29
8.542230000000000000e+13 3.614480000000000169e+32 5.068400000000000191e+37 2.216000000000000192e+00 3.995270000000000043e+29
8.493380000000000000e+13 3.573179999999999958e+32 5.039550000000000385e+37 2.213000000000000078e+00 3.967309999999999904e+29
8.444540000000000000e+13 3.532170000000000020e+32 5.010699999999999635e+37 2.209999999999999964e+00 3.939370000000000184e+29
8.395700000000000000e+13 3.491440000000000224e+32 4.981860000000000133e+37 2.206999999999999851e+00 3.911429999999999761e+29
8.346860000000000000e+13 3.450999999999999981e+32 4.953010000000000328e+37 2.204000000000000181e+00 3.883509999999999757e+29
8.298020000000000000e+13 3.410839999999999879e+32 4.924159999999999578e+37 2.200000000000000178e+00 3.855600000000000314e+29
8.249190000000000000e+13 3.370970000000000051e+32 4.895309999999999772e+37 2.197000000000000064e+00 3.827709999999999884e+29
8.200350000000000000e+13 3.331370000000000231e+32 4.866459999999999967e+37 2.193999999999999950e+00 3.799839999999999873e+29
8.151520000000000000e+13 3.292059999999999964e+32 4.837620000000000465e+37 2.190999999999999837e+00 3.771990000000000281e+29
8.102700000000000000e+13 3.253029999999999837e+32 4.808769999999999715e+37 2.186999999999999833e+00 3.744159999999999702e+29
8.053870000000000000e+13 3.214279999999999852e+32 4.779919999999999909e+37 2.184000000000000163e+00 3.716360000000000103e+29
8.005050000000000000e+13 3.175810000000000007e+32 4.751070000000000104e+37 2.181000000000000050e+00 3.688590000000000078e+29
7.956230000000000000e+13 3.137619999999999942e+32 4.722220000000000299e+37 2.177000000000000046e+00 3.660860000000000188e+29
7.907420000000000000e+13 3.099699999999999884e+32 4.693379999999999852e+37 2.173999999999999932e+00 3.633150000000000014e+29
7.858610000000000000e+13 3.062070000000000101e+32 4.664530000000000047e+37 2.169999999999999929e+00 3.605479999999999974e+29
7.809790000000000000e+13 3.024709999999999965e+32 4.635680000000000241e+37 2.166999999999999815e+00 3.577850000000000070e+29
7.760990000000000000e+13 2.987629999999999969e+32 4.606830000000000436e+37 2.164000000000000146e+00 3.550260000000000301e+29
7.712180000000000000e+13 2.950819999999999980e+32 4.577979999999999686e+37 2.160000000000000142e+00 3.522709999999999964e+29
7.663380000000000000e+13 2.914290000000000131e+32 4.549140000000000184e+37 2.157000000000000028e+00 3.495199999999999761e+29
7.614580000000000000e+13 2.878029999999999930e+32 4.520290000000000378e+37 2.153000000000000025e+00 3.467740000000000255e+29
7.565780000000000000e+13 2.842049999999999869e+32 4.491439999999999628e+37 2.149000000000000021e+00 3.440330000000000039e+29
7.516980000000000000e+13 2.806330000000000041e+32 4.462589999999999823e+37 2.145999999999999908e+00 3.412969999999999815e+29
7.468190000000000000e+13 2.770900000000000128e+32 4.433740000000000017e+37 2.141999999999999904e+00 3.385670000000000146e+29
7.419400000000000000e+13 2.735730000000000088e+32 4.404899999999999571e+37 2.138999999999999790e+00 3.358409999999999908e+29
7.370610000000000000e+13 2.700830000000000055e+32 4.376049999999999765e+37 2.134999999999999787e+00 3.331220000000000083e+29
7.321830000000000000e+13 2.666200000000000029e+32 4.347199999999999960e+37 2.130999999999999783e+00 3.304080000000000250e+29
7.273050000000000000e+13 2.631850000000000143e+32 4.318350000000000154e+37 2.128000000000000114e+00 3.277010000000000127e+29
7.224260000000000000e+13 2.597760000000000131e+32 4.289500000000000349e+37 2.124000000000000110e+00 3.249989999999999996e+29
7.175490000000000000e+13 2.563940000000000126e+32 4.260659999999999902e+37 2.120000000000000107e+00 3.223050000000000135e+29
7.126710000000000000e+13 2.530379999999999994e+32 4.231810000000000097e+37 2.116000000000000103e+00 3.196170000000000125e+29
7.077940000000000000e+13 2.497089999999999869e+32 4.202959999999999819e+37 2.112999999999999989e+00 3.169349999999999966e+29
7.029170000000000000e+13 2.464070000000000111e+32 4.174110000000000014e+37 2.108999999999999986e+00 3.142610000000000077e+29
6.980400000000000000e+13 2.431309999999999866e+32 4.145260000000000208e+37 2.104999999999999982e+00 3.115939999999999897e+29
6.931640000000000000e+13 2.398819999999999989e+32 4.116420000000000234e+37 2.100999999999999979e+00 3.089349999999999987e+29
6.882880000000000000e+13 2.366589999999999985e+32 4.087569999999999956e+37 2.096999999999999975e+00 3.062830000000000138e+29
6.834120000000000000e+13 2.334619999999999854e+32 4.058720000000000151e+37 2.092999999999999972e+00 3.036379999999999997e+29
6.785360000000000000e+13 2.302909999999999956e+32 4.029869999999999873e+37 2.088999999999999968e+00 3.010019999999999984e+29
6.736600000000000000e+13 2.271470000000000066e+32 4.001020000000000068e+37 2.084999999999999964e+00 2.983739999999999889e+29
6.687850000000000000e+13 2.240279999999999915e+32 3.972180000000000093e+37 2.080999999999999961e+00 2.957540000000000065e+29
6.639100000000000000e+13 2.209360000000000131e+32 3.943329999999999816e+37 2.076999999999999957e+00 2.931420000000000159e+29
6.590350000000000000e+13 2.178690000000000087e+32 3.914480000000000010e+37 2.072999999999999954e+00 2.905390000000000030e+29
6.541610000000000000e+13 2.148279999999999917e+32 3.885630000000000205e+37 2.068999999999999950e+00 2.879450000000000028e+29
6.492870000000000000e+13 2.118129999999999979e+32 3.856779999999999927e+37 2.064999999999999947e+00 2.853589999999999945e+29
6.444130000000000000e+13 2.088230000000000142e+32 3.827939999999999953e+37 2.060999999999999943e+00 2.827829999999999847e+29
6.395390000000000000e+13 2.058590000000000178e+32 3.799090000000000147e+37 2.056999999999999940e+00 2.802159999999999878e+29
6.346660000000000000e+13 2.029199999999999953e+32 3.770239999999999870e+37 2.052999999999999936e+00 2.776580000000000036e+29
6.297920000000000000e+13 2.000059999999999829e+32 3.741390000000000064e+37 2.048999999999999932e+00 2.751089999999999971e+29
6.249190000000000000e+13 1.971179999999999938e+32 3.712539999999999787e+37 2.044999999999999929e+00 2.725699999999999892e+29
6.200470000000000000e+13 1.942550000000000146e+32 3.683699999999999812e+37 2.040000000000000036e+00 2.700410000000000151e+29
6.151740000000000000e+13 1.914170000000000095e+32 3.654850000000000007e+37 2.036000000000000032e+00 2.675209999999999834e+29
6.103020000000000000e+13 1.886049999999999916e+32 3.626000000000000201e+37 2.032000000000000028e+00 2.650120000000000064e+29
6.054300000000000000e+13 1.858170000000000064e+32 3.597149999999999924e+37 2.027000000000000135e+00 2.625120000000000070e+29
6.005580000000000000e+13 1.830539999999999952e+32 3.568300000000000118e+37 2.023000000000000131e+00 2.600229999999999921e+29
5.956870000000000000e+13 1.803150000000000166e+32 3.539460000000000144e+37 2.019000000000000128e+00 2.575440000000000109e+29
5.908150000000000000e+13 1.776010000000000119e+32 3.510609999999999866e+37 2.013999999999999790e+00 2.550749999999999931e+29
5.859440000000000000e+13 1.749120000000000173e+32 3.481760000000000061e+37 2.009999999999999787e+00 2.526169999999999949e+29
5.810740000000000000e+13 1.722479999999999966e+32 3.452909999999999783e+37 2.005999999999999783e+00 2.501700000000000162e+29
5.762030000000000000e+13 1.696069999999999952e+32 3.424059999999999978e+37 2.000999999999999890e+00 2.477330000000000009e+29
5.713330000000000000e+13 1.669910000000000037e+32 3.395220000000000003e+37 1.997000000000000108e+00 2.453070000000000052e+29
5.664630000000000000e+13 1.643999999999999863e+32 3.366370000000000198e+37 1.991999999999999993e+00 2.428919999999999939e+29
5.615930000000000000e+13 1.618320000000000061e+32 3.337519999999999920e+37 1.987999999999999989e+00 2.404870000000000163e+29
5.567240000000000000e+13 1.592889999999999998e+32 3.308670000000000115e+37 1.983000000000000096e+00 2.380940000000000089e+29
5.518540000000000000e+13 1.567689999999999949e+32 3.279819999999999837e+37 1.977999999999999980e+00 2.357119999999999859e+29
5.469850000000000000e+13 1.542730000000000045e+32 3.250979999999999863e+37 1.973999999999999977e+00 2.333409999999999824e+29
5.421170000000000000e+13 1.518009999999999928e+32 3.222130000000000057e+37 1.969000000000000083e+00 2.309809999999999985e+29
5.372480000000000000e+13 1.493520000000000003e+32 3.193279999999999780e+37 1.965000000000000080e+00 2.286329999999999848e+29
5.323800000000000000e+13 1.469279999999999998e+32 3.164429999999999974e+37 1.959999999999999964e+00 2.262959999999999906e+29
5.275120000000000000e+13 1.445260000000000053e+32 3.135580000000000169e+37 1.955000000000000071e+00 2.239700000000000160e+29
5.226440000000000000e+13 1.421480000000000073e+32 3.106740000000000194e+37 1.949999999999999956e+00 2.216560000000000115e+29
5.177760000000000000e+13 1.397929999999999926e+32 3.077889999999999917e+37 1.945999999999999952e+00 2.193540000000000124e+29
5.129090000000000000e+13 1.374609999999999971e+32 3.049040000000000111e+37 1.941000000000000059e+00 2.170620000000000119e+29
5.080420000000000000e+13 1.351529999999999983e+32 3.020189999999999833e+37 1.935999999999999943e+00 2.147830000000000025e+29
5.031750000000000000e+13 1.328670000000000054e+32 2.991340000000000028e+37 1.931000000000000050e+00 2.125150000000000127e+29
4.983090000000000000e+13 1.306039999999999957e+32 2.962500000000000054e+37 1.927000000000000046e+00 2.102589999999999930e+29
4.934420000000000000e+13 1.283640000000000053e+32 2.933649999999999776e+37 1.921999999999999931e+00 2.080150000000000138e+29
4.885760000000000000e+13 1.261469999999999981e+32 2.904799999999999971e+37 1.917000000000000037e+00 2.057819999999999839e+29
4.837100000000000000e+13 1.239519999999999968e+32 2.875950000000000165e+37 1.911999999999999922e+00 2.035609999999999945e+29
4.788450000000000000e+13 1.217799999999999969e+32 2.847099999999999887e+37 1.907000000000000028e+00 2.013520000000000104e+29
4.739790000000000000e+13 1.196290000000000074e+32 2.818259999999999913e+37 1.901999999999999913e+00 1.991549999999999965e+29
4.691140000000000000e+13 1.175019999999999966e+32 2.789410000000000108e+37 1.897000000000000020e+00 1.969690000000000021e+29
4.642490000000000000e+13 1.153959999999999963e+32 2.760559999999999830e+37 1.891999999999999904e+00 1.947959999999999989e+29
4.593850000000000000e+13 1.133120000000000019e+32 2.731710000000000025e+37 1.887000000000000011e+00 1.926340000000000152e+29
4.545200000000000000e+13 1.112499999999999954e+32 2.702860000000000219e+37 1.881999999999999895e+00 1.904840000000000017e+29
4.496560000000000000e+13 1.092099999999999948e+32 2.674019999999999773e+37 1.877000000000000002e+00 1.883450000000000077e+29
4.447920000000000000e+13 1.071920000000000001e+32 2.645169999999999967e+37 1.872000000000000108e+00 1.862190000000000049e+29
4.399290000000000000e+13 1.051949999999999980e+32 2.616320000000000162e+37 1.866999999999999993e+00 1.841039999999999865e+29
4.350650000000000000e+13 1.032200000000000017e+32 2.587469999999999884e+37 1.862000000000000099e+00 1.820010000000000085e+29
4.302020000000000000e+13 1.012659999999999980e+32 2.558620000000000078e+37 1.856999999999999984e+00 1.799090000000000150e+29
4.253390000000000000e+13 9.933390000000000246e+31 2.529780000000000104e+37 1.852000000000000091e+00 1.778300000000000126e+29
4.204760000000000000e+13 9.742250000000000625e+31 2.500929999999999826e+37 1.846999999999999975e+00 1.757619999999999946e+29
4.156140000000000000e+13 9.553210000000000258e+31 2.472080000000000021e+37 1.842000000000000082e+00 1.737049999999999961e+29
4.107520000000000000e+13 9.366269999999999144e+31 2.443230000000000216e+37 1.836999999999999966e+00 1.716609999999999887e+29
4.058900000000000000e+13 9.181399999999999766e+31 2.414379999999999938e+37 1.830999999999999961e+00 1.696270000000000152e+29
4.010280000000000000e+13 8.998610000000000093e+31 2.385539999999999964e+37 1.826000000000000068e+00 1.676059999999999975e+29
3.961670000000000000e+13 8.817870000000000808e+31 2.356690000000000158e+37 1.820999999999999952e+00 1.655950000000000137e+29
3.913050000000000000e+13 8.639180000000000107e+31 2.327839999999999880e+37 1.816000000000000059e+00 1.635969999999999858e+29
3.864440000000000000e+13 8.462520000000000246e+31 2.298990000000000075e+37 1.810999999999999943e+00 1.616089999999999916e+29
3.815840000000000000e+13 8.287889999999999424e+31 2.270139999999999797e+37 1.806000000000000050e+00 1.596330000000000029e+29
3.767230000000000000e+13 8.115269999999999894e+31 2.241299999999999823e+37 1.800999999999999934e+00 1.576669999999999951e+29
3.718630000000000000e+13 7.944650000000000082e+31 2.212450000000000018e+37 1.794999999999999929e+00 1.557129999999999926e+29
3.670030000000000000e+13 7.776010000000000441e+31 2.183600000000000212e+37 1.790000000000000036e+00 1.537699999999999921e+29
3.621430000000000000e+13 7.609359999999999845e+31 2.154749999999999934e+37 1.784999999999999920e+00 1.518379999999999936e+29
3.572840000000000000e+13 7.444660000000000099e+31 2.125899999999999893e+37 1.780000000000000027e+00 1.499169999999999971e+29
3.524240000000000000e+13 7.281920000000000077e+31 2.097059999999999918e+37 1.774999999999999911e+00 1.480059999999999991e+29
3.475650000000000000e+13 7.121120000000000231e+31 2.068210000000000113e+37 1.770000000000000018e+00 1.461070000000000065e+29
3.427070000000000000e+13 6.962249999999999889e+31 2.039360000000000071e+37 1.764999999999999902e+00 1.442169999999999915e+29
3.378480000000000000e+13 6.805290000000000403e+31 2.010510000000000030e+37 1.758999999999999897e+00 1.423389999999999995e+29
3.329900000000000000e+13 6.650239999999999972e+31 1.981659999999999988e+37 1.754000000000000004e+00 1.404700000000000027e+29
3.281320000000000000e+13 6.497079999999999950e+31 1.952820000000000014e+37 1.749000000000000110e+00 1.386120000000000078e+29
3.232740000000000000e+13 6.345789999999999890e+31 1.923969999999999972e+37 1.743999999999999995e+00 1.367639999999999939e+29
3.184170000000000000e+13 6.196379999999999564e+31 1.895119999999999931e+37 1.739000000000000101e+00 1.349249999999999929e+29
3.135590000000000000e+13 6.048819999999999653e+31 1.866269999999999889e+37 1.733999999999999986e+00 1.330969999999999938e+29
3.087020000000000000e+13 5.903110000000000157e+31 1.837420000000000084e+37 1.729000000000000092e+00 1.312780000000000075e+29
3.038460000000000000e+13 5.759219999999999954e+31 1.808580000000000110e+37 1.723999999999999977e+00 1.294690000000000022e+29
2.989890000000000000e+13 5.617149999999999945e+31 1.779730000000000068e+37 1.719000000000000083e+00 1.276689999999999921e+29
2.941330000000000000e+13 5.476890000000000356e+31 1.750880000000000026e+37 1.713999999999999968e+00 1.258789999999999982e+29
2.892770000000000000e+13 5.338429999999999613e+31 1.722029999999999985e+37 1.709000000000000075e+00 1.240969999999999961e+29
2.844210000000000000e+13 5.201740000000000196e+31 1.693179999999999943e+37 1.703999999999999959e+00 1.223249999999999926e+29
2.795660000000000000e+13 5.066830000000000078e+31 1.664339999999999969e+37 1.699999999999999956e+00 1.205609999999999986e+29
2.747100000000000000e+13 4.933669999999999938e+31 1.635489999999999927e+37 1.695000000000000062e+00 1.188059999999999997e+29
2.698550000000000000e+13 4.802259999999999777e+31 1.606639999999999886e+37 1.689999999999999947e+00 1.170589999999999927e+29
2.650010000000000000e+13 4.672589999999999821e+31 1.577790000000000080e+37 1.685000000000000053e+00 1.153199999999999952e+29
2.601460000000000000e+13 4.544629999999999848e+31 1.548940000000000039e+37 1.681000000000000050e+00 1.135890000000000070e+29
2.552920000000000000e+13 4.418389999999999634e+31 1.520100000000000064e+37 1.675999999999999934e+00 1.118659999999999931e+29
2.504380000000000000e+13 4.293839999999999856e+31 1.491250000000000023e+37 1.671999999999999931e+00 1.101500000000000029e+29
2.455840000000000000e+13 4.170979999999999615e+31 1.462399999999999981e+37 1.667000000000000037e+00 1.084420000000000044e+29
2.407310000000000000e+13 4.049789999999999815e+31 1.433549999999999940e+37 1.663000000000000034e+00 1.067400000000000087e+29
2.358780000000000000e+13 3.930270000000000003e+31 1.404699999999999898e+37 1.659000000000000030e+00 1.050450000000000014e+29
2.310250000000000000e+13 3.812400000000000185e+31 1.375859999999999924e+37 1.653999999999999915e+00 1.033570000000000001e+29
2.261720000000000000e+13 3.696170000000000135e+31 1.347009999999999882e+37 1.649999999999999911e+00 1.016750000000000016e+29
2.213200000000000000e+13 3.581570000000000081e+31 1.318160000000000077e+37 1.645999999999999908e+00 9.999930000000000138e+28
2.164680000000000000e+13 3.468589999999999798e+31 1.289310000000000035e+37 1.641999999999999904e+00 9.832889999999999625e+28
2.116160000000000000e+13 3.357219999999999963e+31 1.260459999999999994e+37 1.637999999999999901e+00 9.666390000000000231e+28
2.067650000000000000e+13 3.247449999999999903e+31 1.231620000000000019e+37 1.635000000000000009e+00 9.500379999999999150e+28
2.019140000000000000e+13 3.139260000000000071e+31 1.202769999999999978e+37 1.631000000000000005e+00 9.334850000000000042e+28
1.970630000000000000e+13 3.032659999999999789e+31 1.173919999999999936e+37 1.627999999999999892e+00 9.169740000000000242e+28
1.922120000000000000e+13 2.927620000000000188e+31 1.145069999999999895e+37 1.624000000000000110e+00 9.005030000000000033e+28
1.873620000000000000e+13 2.824139999999999917e+31 1.116220000000000089e+37 1.620999999999999996e+00 8.840679999999999984e+28
1.825120000000000000e+13 2.722219999999999876e+31 1.087380000000000115e+37 1.618000000000000105e+00 8.676640000000000807e+28
1.776620000000000000e+13 2.621840000000000069e+31 1.058529999999999955e+37 1.614999999999999991e+00 8.512869999999999551e+28
1.728130000000000000e+13 2.523000000000000044e+31 1.029680000000000032e+37 1.612000000000000099e+00 8.349330000000000303e+28
1.679640000000000000e+13 2.425679999999999805e+31 1.000829999999999990e+37 1.608999999999999986e+00 8.185960000000000398e+28
1.631150000000000000e+13 2.329890000000000025e+31 9.719840000000000463e+36 1.606999999999999984e+00 8.022730000000000261e+28
1.582660000000000000e+13 2.235620000000000032e+31 9.431359999999999946e+36 1.604000000000000092e+00 7.859570000000000010e+28
1.534180000000000000e+13 2.142860000000000050e+31 9.142879999999999429e+36 1.602000000000000091e+00 7.696430000000000354e+28
1.485700000000000000e+13 2.051610000000000081e+31 8.854400000000000092e+36 1.600000000000000089e+00 7.533250000000000387e+28
1.437230000000000000e+13 1.961859999999999901e+31 8.565919999999999574e+36 1.598000000000000087e+00 7.369970000000000082e+28
1.388750000000000000e+13 1.873619999999999957e+31 8.277440000000000238e+36 1.596999999999999975e+00 7.206509999999999697e+28
1.340280000000000000e+13 1.786880000000000028e+31 7.988959999999999720e+36 1.594999999999999973e+00 7.042810000000000084e+28
1.291820000000000000e+13 1.701640000000000112e+31 7.700480000000000384e+36 1.594000000000000083e+00 6.878789999999999743e+28
1.243360000000000000e+13 1.617909999999999984e+31 7.411999999999999866e+36 1.592999999999999972e+00 6.714359999999999952e+28
1.194900000000000000e+13 1.535690000000000092e+31 7.123520000000000530e+36 1.592000000000000082e+00 6.549430000000000232e+28
1.146440000000000000e+13 1.454979999999999988e+31 6.835040000000000012e+36 1.592000000000000082e+00 6.383910000000000102e+28
1.097990000000000000e+13 1.375789999999999895e+31 6.546559999999999495e+36 1.592000000000000082e+00 6.217690000000000247e+28
1.049550000000000000e+13 1.298130000000000036e+31 6.258080000000000158e+36 1.592000000000000082e+00 6.050639999999999875e+28
1.001100000000000000e+13 1.222019999999999959e+31 5.969599999999999641e+36 1.592000000000000082e+00 5.882649999999999671e+28
9.526630000000000000e+12 1.147459999999999888e+31 5.681120000000000304e+36 1.592999999999999972e+00 5.713579999999999866e+28
9.042270000000000000e+12 1.074480000000000045e+31 5.392639999999999787e+36 1.594000000000000083e+00 5.543250000000000380e+28
8.557970000000000000e+12 1.003099999999999977e+31 5.104159999999999860e+36 1.594999999999999973e+00 5.371499999999999967e+28
8.073700000000000000e+12 9.333500000000000162e+30 4.815679999999999933e+36 1.596999999999999975e+00 5.198119999999999855e+28
7.589480000000000000e+12 8.652540000000000475e+30 4.527200000000000006e+36 1.598999999999999977e+00 5.022900000000000389e+28
7.105310000000000000e+12 7.988529999999999525e+30 4.238720000000000079e+36 1.600999999999999979e+00 4.845570000000000130e+28
6.621180000000000000e+12 7.341919999999999498e+30 3.950240000000000152e+36 1.602999999999999980e+00 4.665819999999999966e+28
6.137110000000000000e+12 6.713240000000000321e+30 3.661760000000000225e+36 1.606000000000000094e+00 4.483299999999999594e+28
5.653090000000000000e+12 6.103089999999999657e+30 3.373279999999999707e+36 1.608000000000000096e+00 4.297589999999999708e+28
5.169120000000000000e+12 5.512229999999999652e+30 3.084799999999999780e+36 1.610999999999999988e+00 4.108169999999999781e+28
4.685220000000000000e+12 4.941520000000000182e+30 2.796319999999999853e+36 1.612999999999999989e+00 3.914389999999999818e+28
4.201380000000000000e+12 4.391989999999999978e+30 2.507839999999999926e+36 1.614999999999999991e+00 3.715450000000000196e+28
3.717600000000000000e+12 3.864899999999999988e+30 2.219359999999999999e+36 1.614999999999999991e+00 3.510279999999999852e+28
3.233900000000000000e+12 3.361740000000000002e+30 1.930880000000000072e+36 1.612999999999999989e+00 3.297409999999999889e+28
2.750280000000000000e+12 2.884279999999999769e+30 1.642400000000000145e+36 1.608000000000000096e+00 3.074789999999999982e+28
2.266750000000000000e+12 2.434650000000000116e+30 1.353919999999999923e+36 1.596000000000000085e+00 2.839189999999999864e+28
4.299000000000000000e+11 7.805000000000000069e+29 2.572000000000000181e+35 1.330000000000000071e+00 1.506450000000000062e+28
4.188000000000000000e+11 7.537999999999999717e+29 2.505999999999999897e+35 1.330000000000000071e+00 1.455129999999999927e+28
3.325000000000000000e+11 5.815999999999999745e+29 1.990000000000000163e+35 1.330000000000000071e+00 1.165809999999999924e+28
2.640000000000000000e+11 4.472999999999999815e+29 1.581000000000000083e+35 1.330000000000000071e+00 9.297799999999999813e+27
2.096000000000000000e+11 3.289999999999999843e+29 1.256000000000000028e+35 1.330000000000000071e+00 6.841069999999999801e+27
1.844000000000000000e+11 2.892000000000000018e+29 1.105000000000000000e+35 1.330000000000000071e+00 6.221810000000000396e+27
1.664000000000000000e+11 2.597000000000000095e+29 9.975999999999999784e+34 1.330000000000000071e+00 3.996079999999999920e+27
1.322000000000000000e+11 2.033000000000000102e+29 7.923999999999999875e+34 1.330000000000000071e+00 3.293160000000000158e+27
1.049000000000000000e+11 1.494999999999999961e+29 6.294000000000000085e+34 1.330000000000000071e+00 2.422460000000000012e+27
8.332000000000000000e+10 1.100000000000000064e+29 4.999999999999999843e+34 1.330000000000000071e+00 1.782300000000000002e+27
6.617000000000000000e+10 8.088999999999999432e+28 3.971999999999999897e+34 1.330000000000000071e+00 1.311289999999999924e+27
5.254000000000000000e+10 5.949000000000000344e+28 3.155000000000000010e+34 1.330000000000000071e+00 9.646129999999999985e+26
4.172000000000000000e+10 4.628000000000000126e+28 2.505999999999999897e+34 1.330000000000000071e+00 7.875200000000000595e+26
3.313000000000000000e+10 3.403999999999999866e+28 1.989999999999999932e+34 1.330000000000000071e+00 5.791050000000000196e+26
2.631000000000000000e+10 2.502999999999999803e+28 1.580999999999999991e+34 1.330000000000000071e+00 4.261170000000000143e+26
2.090000000000000000e+10 1.938000000000000082e+28 1.255999999999999936e+34 1.330000000000000071e+00 3.451690000000000088e+26
1.659000000000000000e+10 1.425000000000000067e+28 9.976000000000000246e+33 1.330000000000000071e+00 2.538950000000000110e+26
1.318000000000000000e+10 1.048000000000000007e+28 7.924000000000000337e+33 1.330000000000000071e+00 1.867689999999999969e+26
1.046000000000000000e+10 7.701999999999999683e+27 6.294000000000000085e+33 1.330000000000000071e+00 1.373879999999999975e+26
8.312000000000000000e+09 5.662000000000000348e+27 4.999999999999999728e+33 1.330000000000000071e+00 1.010819999999999921e+26
6.601000000000000000e+09 4.362000000000000029e+27 3.972000000000000127e+33 1.330000000000000071e+00 8.130089999999999436e+25
4.164000000000000000e+09 2.356000000000000079e+27 2.505999999999999955e+33 1.330000000000000071e+00 4.399369999999999874e+25
2.626000000000000000e+09 1.272000000000000034e+27 1.580999999999999991e+33 1.330000000000000071e+00 2.380450000000000180e+25
1.657000000000000000e+09 6.859999999999999767e+26 9.975999999999999957e+32 1.330000000000000071e+00 1.288319999999999913e+25
1.316000000000000000e+09 5.036000000000000296e+26 7.924000000000000337e+32 1.330000000000000071e+00 9.477099999999999527e+24
1.045000000000000000e+09 4.128999999999999924e+26 6.293999999999999941e+32 1.330000000000000071e+00 6.794269999999999770e+24
8.301000000000000000e+08 3.039000000000000162e+26 4.999999999999999728e+32 1.330000000000000071e+00 4.998809999999999830e+24
5.237000000000000000e+08 1.628999999999999891e+26 3.154999999999999923e+32 1.330000000000000071e+00 2.705450000000000161e+24
3.304000000000000000e+08 8.737999999999999925e+25 1.990000000000000076e+32 1.330000000000000071e+00 1.463449999999999964e+24
2.624000000000000000e+08 6.675999999999999817e+25 1.580999999999999919e+32 1.330000000000000071e+00 1.123400000000000065e+24
1.315000000000000000e+08 2.603999999999999941e+25 7.923999999999999616e+31 1.330000000000000071e+00 4.472499999999999827e+23
6.589000000000000000e+07 1.006000000000000014e+25 3.972000000000000199e+31 1.330000000000000071e+00 1.780890000000000165e+23
3.302000000000000000e+07 3.832999999999999839e+24 1.989999999999999986e+31 1.330000000000000071e+00 7.086450000000000092e+22
1.655000000000000000e+07 1.435000000000000086e+24 9.975999999999999642e+30 1.330000000000000071e+00 2.822060000000000131e+22
8.293000000000000000e+06 5.250000000000000315e+23 4.999999999999999818e+30 1.330000000000000071e+00 1.123529999999999934e+22
6.588000000000000000e+06 3.910999999999999759e+23 3.972000000000000087e+30 1.330000000000000071e+00 8.163429999999999541e+21
2.622000000000000000e+06 9.754999999999999214e+22 1.581000000000000009e+30 1.330000000000000071e+00 2.390210000000000197e+21
1.044000000000000000e+06 2.318000000000000105e+22 6.293999999999999902e+29 1.330000000000000071e+00 6.999960000000000000e+20
4.156000000000000000e+05 5.265999999999999476e+21 2.505999999999999907e+29 1.330000000000000071e+00 2.050380000000000000e+20
1.654000000000000000e+05 1.151000000000000000e+21 9.976000000000000768e+28 1.330000000000000071e+00 6.004390000000000000e+19
6.587000000000000000e+04 2.431000000000000000e+20 3.972000000000000263e+28 1.330000000000000071e+00 1.758760000000000000e+19
2.622000000000000000e+04 4.968000000000000000e+19 1.581000000000000061e+28 1.330000000000000071e+00 5.149550000000000000e+18
1.044000000000000000e+04 9.744000000000000000e+18 6.294999999999999717e+27 1.330000000000000071e+00 1.508420000000000000e+18
