9.127503920600000000e+15 7.204723226800000072e+36 1.997460000000000109e+39 1.000000000000000000e+00 0.000000000000000000e+00
9.081865559700000000e+15 7.163648701999999896e+36 1.992459999999999975e+39 1.000000000000000000e+00 0.000000000000000000e+00
9.036341583000000000e+15 7.122677123000000368e+36 1.987460000000000142e+39 1.000000000000000000e+00 0.000000000000000000e+00
8.990931990400000000e+15 7.081808489699999473e+36 1.982460000000000007e+39 1.000000000000000000e+00 0.000000000000000000e+00
8.945636782000000000e+15 7.041042802099999574e+36 1.977459999999999872e+39 1.000000000000000000e+00 0.000000000000000000e+00
8.900455957700000000e+15 7.000380060199999490e+36 1.972460000000000039e+39 1.000000000000000000e+00 0.000000000000000000e+00
8.855389517600000000e+15 6.959820264100000052e+36 1.967459999999999904e+39 1.000000000000000000e+00 0.000000000000000000e+00
8.810437461600000000e+15 6.919363413700000430e+36 1.962460000000000072e+39 1.000000000000000000e+00 0.000000000000000000e+00
8.765599789800000000e+15 6.879009509100000274e+36 1.957459999999999937e+39 1.000000000000000000e+00 0.000000000000000000e+00
8.720876502100000000e+15 6.838758550199999932e+36 1.952460000000000104e+39 1.000000000000000000e+00 0.000000000000000000e+00
8.676267598600000000e+15 6.798610537000000586e+36 1.947459999999999969e+39 1.000000000000000000e+00 0.000000000000000000e+00
8.631773079200000000e+15 6.758565469599999526e+36 1.942460000000000136e+39 1.000000000000000000e+00 0.000000000000000000e+00
8.587392944000000000e+15 6.718623347899999461e+36 1.937460000000000001e+39 1.000000000000000000e+00 0.000000000000000000e+00
8.543127192900000000e+15 6.678784171900000391e+36 1.932459999999999866e+39 1.000000000000000000e+00 0.000000000000000000e+00
8.498975826000000000e+15 6.639047941699999607e+36 1.927460000000000034e+39 1.000000000000000000e+00 0.000000000000000000e+00
8.454938843200000000e+15 6.599414657199999819e+36 1.922459999999999899e+39 1.000000000000000000e+00 0.000000000000000000e+00
8.411016244600000000e+15 6.559884318399999845e+36 1.917460000000000066e+39 1.000000000000000000e+00 0.000000000000000000e+00
8.367208030100000000e+15 6.520456925400000519e+36 1.912459999999999931e+39 1.000000000000000000e+00 0.000000000000000000e+00
8.323514199800000000e+15 6.481132478099999826e+36 1.907460000000000098e+39 1.000000000000000000e+00 0.000000000000000000e+00
8.279934753600000000e+15 6.441910976500000129e+36 1.902459999999999963e+39 1.000000000000000000e+00 0.000000000000000000e+00
8.236469691600000000e+15 6.402792420699999898e+36 1.897460000000000131e+39 1.000000000000000000e+00 0.000000000000000000e+00
8.193119013700000000e+15 6.363776810599999482e+36 1.892459999999999996e+39 1.000000000000000000e+00 0.000000000000000000e+00
8.149882720000000000e+15 6.324864146299999713e+36 1.887459999999999861e+39 1.000000000000000000e+00 0.000000000000000000e+00
8.106760810400000000e+15 6.286054427600000107e+36 1.882460000000000028e+39 1.000000000000000000e+00 0.000000000000000000e+00
8.063753285000000000e+15 6.247347654799999619e+36 1.877459999999999893e+39 1.000000000000000000e+00 0.000000000000000000e+00
8.020860143700000000e+15 6.208743827600000475e+36 1.872460000000000060e+39 1.000000000000000000e+00 0.000000000000000000e+00
7.978081386600000000e+15 6.170242946199999617e+36 1.867459999999999925e+39 1.000000000000000000e+00 0.000000000000000000e+00
7.935417013600000000e+15 6.131845010499999754e+36 1.862460000000000093e+39 1.000000000000000000e+00 0.000000000000000000e+00
7.892867024800000000e+15 6.093550020600000538e+36 1.857459999999999958e+39 1.000000000000000000e+00 0.000000000000000000e+00
7.850431420100000000e+15 6.055357976399999956e+36 1.852460000000000125e+39 1.000000000000000000e+00 0.000000000000000000e+00
7.808110199600000000e+15 6.017268877900000369e+36 1.847459999999999990e+39 1.000000000000000000e+00 0.000000000000000000e+00
7.765903363200000000e+15 5.979282725200000249e+36 1.842459999999999855e+39 1.000000000000000000e+00 0.000000000000000000e+00
7.723810911000000000e+15 5.941399518199999944e+36 1.837460000000000022e+39 1.000000000000000000e+00 0.000000000000000000e+00
7.681832842900000000e+15 5.903619256899999453e+36 1.832459999999999887e+39 1.000000000000000000e+00 0.000000000000000000e+00
7.639969159000000000e+15 5.865941941399999610e+36 1.827460000000000055e+39 1.000000000000000000e+00 0.000000000000000000e+00
7.598219859200000000e+15 5.828367571599999581e+36 1.822459999999999920e+39 1.000000000000000000e+00 0.000000000000000000e+00
7.556584943600000000e+15 5.790896147500000547e+36 1.817460000000000087e+39 1.000000000000000000e+00 0.000000000000000000e+00
7.515064412100000000e+15 5.753527669199999800e+36 1.812459999999999952e+39 1.000000000000000000e+00 0.000000000000000000e+00
7.473658264800000000e+15 5.716262136600000048e+36 1.807460000000000119e+39 1.000000000000000000e+00 0.000000000000000000e+00
7.432366501600000000e+15 5.679099549799999762e+36 1.802459999999999984e+39 1.000000000000000000e+00 0.000000000000000000e+00
7.391189122600000000e+15 5.642039908599999639e+36 1.797459999999999850e+39 1.000000000000000000e+00 0.000000000000000000e+00
7.350126127800000000e+15 5.605083213299999815e+36 1.792460000000000017e+39 1.000000000000000000e+00 0.000000000000000000e+00
7.309177517000000000e+15 5.568229463600000154e+36 1.787459999999999882e+39 1.000000000000000000e+00 0.000000000000000000e+00
7.268343290500000000e+15 5.531478659699999959e+36 1.782460000000000049e+39 1.000000000000000000e+00 0.000000000000000000e+00
7.227623448000000000e+15 5.494830801499999579e+36 1.777459999999999914e+39 1.000000000000000000e+00 0.000000000000000000e+00
7.187017989800000000e+15 5.458285889099999846e+36 1.772460000000000081e+39 1.000000000000000000e+00 0.000000000000000000e+00
7.146526915700000000e+15 5.421843922399999928e+36 1.767459999999999947e+39 1.000000000000000000e+00 0.000000000000000000e+00
7.106150225700000000e+15 5.385504901399999825e+36 1.762460000000000114e+39 1.000000000000000000e+00 0.000000000000000000e+00
7.065887919900000000e+15 5.349268826200000369e+36 1.757459999999999979e+39 1.000000000000000000e+00 0.000000000000000000e+00
7.025739998200000000e+15 5.313135696700000137e+36 1.752460000000000146e+39 1.000000000000000000e+00 0.000000000000000000e+00
6.985706460700000000e+15 5.277105512899999720e+36 1.747460000000000011e+39 1.000000000000000000e+00 0.000000000000000000e+00
6.945787307300000000e+15 5.241178274899999950e+36 1.742459999999999876e+39 1.000000000000000000e+00 0.000000000000000000e+00
6.905982538100000000e+15 5.205353982599999994e+36 1.737460000000000044e+39 1.000000000000000000e+00 0.000000000000000000e+00
6.866292153000000000e+15 5.169632635999999853e+36 1.732459999999999909e+39 1.000000000000000000e+00 0.000000000000000000e+00
6.826716152100000000e+15 5.134014235199999770e+36 1.727460000000000076e+39 1.000000000000000000e+00 0.000000000000000000e+00
6.787254535400000000e+15 5.098498780100000091e+36 1.722459999999999941e+39 1.000000000000000000e+00 0.000000000000000000e+00
6.747907302700000000e+15 5.063086270700000226e+36 1.717460000000000108e+39 1.000000000000000000e+00 0.000000000000000000e+00
6.708674454300000000e+15 5.027776707099999829e+36 1.712459999999999973e+39 1.000000000000000000e+00 0.000000000000000000e+00
6.669555990000000000e+15 4.992570089199999836e+36 1.707460000000000141e+39 1.000000000000000000e+00 0.000000000000000000e+00
6.630551909800000000e+15 4.957466417099999900e+36 1.702460000000000006e+39 1.000000000000000000e+00 0.000000000000000000e+00
6.591662213800000000e+15 4.922465690699999779e+36 1.697459999999999871e+39 1.000000000000000000e+00 0.000000000000000000e+00
6.552886901900000000e+15 4.887567910000000063e+36 1.692460000000000038e+39 1.000000000000000000e+00 0.000000000000000000e+00
6.514225974200000000e+15 4.852773075000000161e+36 1.687459999999999903e+39 1.000000000000000000e+00 0.000000000000000000e+00
6.475679430600000000e+15 4.818081185799999726e+36 1.682460000000000070e+39 1.000000000000000000e+00 0.000000000000000000e+00
6.437247271200000000e+15 4.783492242399999939e+36 1.677459999999999935e+39 1.000000000000000000e+00 0.000000000000000000e+00
6.398929496000000000e+15 4.749006244599999723e+36 1.672460000000000103e+39 1.000000000000000000e+00 0.000000000000000000e+00
6.360726104800000000e+15 4.714623192600000155e+36 1.667459999999999968e+39 1.000000000000000000e+00 0.000000000000000000e+00
6.322637097900000000e+15 4.680343086400000054e+36 1.662460000000000135e+39 1.000000000000000000e+00 0.000000000000000000e+00
6.284662475100000000e+15 4.646165925800000115e+36 1.657460000000000000e+39 1.000000000000000000e+00 0.000000000000000000e+00
6.246802236400000000e+15 4.612091711000000233e+36 1.652459999999999865e+39 1.000000000000000000e+00 0.000000000000000000e+00
6.209056381900000000e+15 4.578120441999999817e+36 1.647460000000000032e+39 1.000000000000000000e+00 0.000000000000000000e+00
6.171424911500000000e+15 4.544252118600000155e+36 1.642459999999999897e+39 1.000000000000000000e+00 0.000000000000000000e+00
6.133907825300000000e+15 4.510486741100000201e+36 1.637460000000000065e+39 1.000000000000000000e+00 0.000000000000000000e+00
6.096505123300000000e+15 4.476824309199999820e+36 1.632459999999999930e+39 1.000000000000000000e+00 0.000000000000000000e+00
6.059216805300000000e+15 4.443264823100000086e+36 1.627460000000000097e+39 1.000000000000000000e+00 0.000000000000000000e+00
6.022042871600000000e+15 4.409808282700000167e+36 1.622459999999999962e+39 1.000000000000000000e+00 0.000000000000000000e+00
5.984983322000000000e+15 4.376454688000000062e+36 1.617460000000000129e+39 1.000000000000000000e+00 0.000000000000000000e+00
5.948038156500000000e+15 4.343204039100000015e+36 1.612459999999999994e+39 1.000000000000000000e+00 0.000000000000000000e+00
5.911207375200000000e+15 4.310056336000000024e+36 1.607459999999999859e+39 1.000000000000000000e+00 0.000000000000000000e+00
5.874490978000000000e+15 4.277011578500000196e+36 1.602460000000000027e+39 1.000000000000000000e+00 0.000000000000000000e+00
5.837888965000000000e+15 4.244069766799999834e+36 1.597459999999999892e+39 1.000000000000000000e+00 0.000000000000000000e+00
5.801401336200000000e+15 4.211230900799999878e+36 1.592460000000000059e+39 1.000000000000000000e+00 0.000000000000000000e+00
5.765028091500000000e+15 4.178494980599999978e+36 1.587459999999999924e+39 1.000000000000000000e+00 0.000000000000000000e+00
5.728769230900000000e+15 4.145862006099999893e+36 1.582460000000000091e+39 1.000000000000000000e+00 0.000000000000000000e+00
5.692624754500000000e+15 4.113331977300000213e+36 1.577459999999999956e+39 1.000000000000000000e+00 0.000000000000000000e+00
5.656594662200000000e+15 4.080904894299999999e+36 1.572460000000000124e+39 1.000000000000000000e+00 0.000000000000000000e+00
5.620678954100000000e+15 4.048580757000000191e+36 1.567459999999999989e+39 1.000000000000000000e+00 0.000000000000000000e+00
5.584877630200000000e+15 4.016359565400000197e+36 1.562459999999999854e+39 1.000000000000000000e+00 0.000000000000000000e+00
5.549190690400000000e+15 3.984241319600000260e+36 1.557460000000000021e+39 1.000000000000000000e+00 0.000000000000000000e+00
5.513618134700000000e+15 3.952226019500000138e+36 1.552459999999999886e+39 1.000000000000000000e+00 0.000000000000000000e+00
5.478159963200000000e+15 3.920313665099999830e+36 1.547460000000000053e+39 1.000000000000000000e+00 0.000000000000000000e+00
5.442816175800000000e+15 3.888504256500000170e+36 1.542459999999999919e+39 1.000000000000000000e+00 0.000000000000000000e+00
5.407586772600000000e+15 3.856797793599999733e+36 1.537460000000000086e+39 1.000000000000000000e+00 0.000000000000000000e+00
5.372471753600000000e+15 3.825194276499999944e+36 1.532459999999999951e+39 1.000000000000000000e+00 0.000000000000000000e+00
5.337471118700000000e+15 3.793693705099999970e+36 1.527460000000000118e+39 1.000000000000000000e+00 0.000000000000000000e+00
5.302584867900000000e+15 3.762296079399999811e+36 1.522459999999999983e+39 1.000000000000000000e+00 0.000000000000000000e+00
5.267813001300000000e+15 3.731001399499999708e+36 1.517460000000000150e+39 1.000000000000000000e+00 0.000000000000000000e+00
5.233155518900000000e+15 3.699809665199999768e+36 1.512460000000000016e+39 1.000000000000000000e+00 0.000000000000000000e+00
5.198612420500000000e+15 3.668720876800000127e+36 1.507459999999999881e+39 1.000000000000000000e+00 0.000000000000000000e+00
5.164183706400000000e+15 3.637735034000000058e+36 1.502460000000000048e+39 1.000000000000000000e+00 0.000000000000000000e+00
5.129869376400000000e+15 3.606852137000000047e+36 1.497459999999999913e+39 1.000000000000000000e+00 0.000000000000000000e+00
5.095669430500000000e+15 3.576072185800000092e+36 1.492460000000000080e+39 1.000000000000000000e+00 0.000000000000000000e+00
5.061583868800000000e+15 3.545395180199999710e+36 1.487459999999999945e+39 1.000000000000000000e+00 0.000000000000000000e+00
5.027612691300000000e+15 3.514821120399999975e+36 1.482460000000000113e+39 1.000000000000000000e+00 0.000000000000000000e+00
4.993755897900000000e+15 3.484350006399999706e+36 1.477459999999999978e+39 1.000000000000000000e+00 0.000000000000000000e+00
4.960013488600000000e+15 3.453981838000000191e+36 1.472460000000000145e+39 1.000000000000000000e+00 0.000000000000000000e+00
4.926385463500000000e+15 3.423716615400000142e+36 1.467460000000000010e+39 1.000000000000000000e+00 0.000000000000000000e+00
4.892871822600000000e+15 3.393554338600000150e+36 1.462459999999999875e+39 1.000000000000000000e+00 0.000000000000000000e+00
4.859472565800000000e+15 3.363495007499999972e+36 1.457460000000000042e+39 1.000000000000000000e+00 0.000000000000000000e+00
4.826187693100000000e+15 3.333538622100000200e+36 1.452459999999999907e+39 1.000000000000000000e+00 0.000000000000000000e+00
4.793017204600000000e+15 3.303685182400000242e+36 1.447460000000000075e+39 1.000000000000000000e+00 0.000000000000000000e+00
4.759961100300000000e+15 3.273934688499999751e+36 1.442459999999999940e+39 1.000000000000000000e+00 0.000000000000000000e+00
4.727019380100000000e+15 3.244287140300000255e+36 1.437460000000000107e+39 1.000000000000000000e+00 0.000000000000000000e+00
4.694192044000000000e+15 3.214742537900000226e+36 1.432459999999999972e+39 1.000000000000000000e+00 0.000000000000000000e+00
4.661479092100000000e+15 3.185300881200000011e+36 1.427460000000000139e+39 1.000000000000000000e+00 0.000000000000000000e+00
4.628880524300000000e+15 3.155962170200000201e+36 1.422460000000000004e+39 1.000000000000000000e+00 0.000000000000000000e+00
4.596396340700000000e+15 3.126726404900000206e+36 1.417459999999999869e+39 1.000000000000000000e+00 0.000000000000000000e+00
4.564026541300000000e+15 3.097593585400000268e+36 1.412460000000000037e+39 1.000000000000000000e+00 0.000000000000000000e+00
4.531771126000000000e+15 3.068563711699999797e+36 1.407459999999999902e+39 1.000000000000000000e+00 0.000000000000000000e+00
4.499630094800000000e+15 3.039636783600000078e+36 1.402460000000000069e+39 1.000000000000000000e+00 0.000000000000000000e+00
4.467603447800000000e+15 3.010812801299999826e+36 1.397459999999999934e+39 1.000000000000000000e+00 0.000000000000000000e+00
4.435691185000000000e+15 2.982091764800000221e+36 1.392460000000000101e+39 1.000000000000000000e+00 0.000000000000000000e+00
4.403893306300000000e+15 2.953473673900000189e+36 1.387459999999999966e+39 1.000000000000000000e+00 0.000000000000000000e+00
4.372209811800000000e+15 2.924958528899999865e+36 1.382460000000000134e+39 1.000000000000000000e+00 0.000000000000000000e+00
4.340640701400000000e+15 2.896546329500000295e+36 1.377459999999999999e+39 1.000000000000000000e+00 0.000000000000000000e+00
4.309185975100000000e+15 2.868237075900000191e+36 1.372459999999999864e+39 1.000000000000000000e+00 0.000000000000000000e+00
4.277845633000000000e+15 2.840030767999999902e+36 1.367460000000000031e+39 1.000000000000000000e+00 0.000000000000000000e+00
4.246619675100000000e+15 2.811927405800000017e+36 1.362459999999999896e+39 1.000000000000000000e+00 0.000000000000000000e+00
4.215508101300000000e+15 2.783926989400000190e+36 1.357460000000000063e+39 1.000000000000000000e+00 0.000000000000000000e+00
4.184510911600000000e+15 2.756029518700000177e+36 1.352459999999999928e+39 1.000000000000000000e+00 0.000000000000000000e+00
4.153628106100000000e+15 2.728234993800000221e+36 1.347459999999999945e+39 1.000000000000000000e+00 0.000000000000000000e+00
4.122859684800000000e+15 2.700543414600000080e+36 1.342459999999999961e+39 1.000000000000000000e+00 0.000000000000000000e+00
4.092205647600000000e+15 2.672954781099999753e+36 1.337459999999999977e+39 1.000000000000000000e+00 0.000000000000000000e+00
4.061665994500000000e+15 2.645469093400000074e+36 1.332459999999999993e+39 1.000000000000000000e+00 0.000000000000000000e+00
4.031240725600000000e+15 2.618086351299999967e+36 1.327460000000000009e+39 1.000000000000000000e+00 0.000000000000000000e+00
4.000929840900000000e+15 2.590806555099999864e+36 1.322460000000000025e+39 1.000000000000000000e+00 0.000000000000000000e+00
3.970733340300000000e+15 2.563629704499999924e+36 1.317460000000000042e+39 1.000000000000000000e+00 0.000000000000000000e+00
3.940651223800000000e+15 2.536555799700000040e+36 1.312460000000000058e+39 1.000000000000000000e+00 0.000000000000000000e+00
3.910683491600000000e+15 2.509584840699999919e+36 1.307460000000000074e+39 1.000000000000000000e+00 0.000000000000000000e+00
3.880830143400000000e+15 2.482716827299999960e+36 1.302459999999999939e+39 1.000000000000000000e+00 0.000000000000000000e+00
3.851091179400000000e+15 2.455951759700000058e+36 1.297459999999999955e+39 1.000000000000000000e+00 0.000000000000000000e+00
3.821466599600000000e+15 2.429289637899999917e+36 1.292459999999999971e+39 1.000000000000000000e+00 0.000000000000000000e+00
3.791956403900000000e+15 2.402730461799999887e+36 1.287459999999999988e+39 1.000000000000000000e+00 0.000000000000000000e+00
3.762560592300000000e+15 2.376274231399999966e+36 1.282460000000000004e+39 1.000000000000000000e+00 0.000000000000000000e+00
3.733279164900000000e+15 2.349920946699999860e+36 1.277460000000000020e+39 1.000000000000000000e+00 0.000000000000000000e+00
3.704112121700000000e+15 2.323670607800000106e+36 1.272460000000000036e+39 1.000000000000000000e+00 0.000000000000000000e+00
3.675059462600000000e+15 2.297523214599999872e+36 1.267460000000000052e+39 1.000000000000000000e+00 0.000000000000000000e+00
3.646121187700000000e+15 2.271478767199999989e+36 1.262460000000000068e+39 1.000000000000000000e+00 0.000000000000000000e+00
3.617297296900000000e+15 2.245537265499999921e+36 1.257459999999999933e+39 1.000000000000000000e+00 0.000000000000000000e+00
3.588587790200000000e+15 2.219698709499999963e+36 1.252459999999999950e+39 1.000000000000000000e+00 0.000000000000000000e+00
3.559992667700000000e+15 2.193963099200000115e+36 1.247459999999999966e+39 1.000000000000000000e+00 0.000000000000000000e+00
3.531511929400000000e+15 2.168330434700000029e+36 1.242459999999999982e+39 1.000000000000000000e+00 0.000000000000000000e+00
3.503145575200000000e+15 2.142800715999999999e+36 1.237459999999999998e+39 1.000000000000000000e+00 0.000000000000000000e+00
3.474893605200000000e+15 2.117373942900000132e+36 1.232460000000000014e+39 1.000000000000000000e+00 0.000000000000000000e+00
3.446756019300000000e+15 2.092050115600000027e+36 1.227460000000000030e+39 1.000000000000000000e+00 0.000000000000000000e+00
3.418732817500000000e+15 2.066829234099999979e+36 1.222460000000000047e+39 1.000000000000000000e+00 0.000000000000000000e+00
3.390823999900000000e+15 2.041711298200000093e+36 1.217460000000000063e+39 1.000000000000000000e+00 0.000000000000000000e+00
3.363029566500000000e+15 2.016696308099999970e+36 1.212459999999999928e+39 1.000000000000000000e+00 0.000000000000000000e+00
3.335349517200000000e+15 1.991784263799999903e+36 1.207459999999999944e+39 1.000000000000000000e+00 0.000000000000000000e+00
3.307783852100000000e+15 1.966975165099999999e+36 1.202459999999999960e+39 1.000000000000000000e+00 0.000000000000000000e+00
3.280332571100000000e+15 1.942269012300000099e+36 1.197459999999999976e+39 1.000000000000000000e+00 0.000000000000000000e+00
3.252995674200000000e+15 1.917665805100000066e+36 1.192459999999999993e+39 1.000000000000000000e+00 0.000000000000000000e+00
3.225773161600000000e+15 1.893165543700000090e+36 1.187460000000000009e+39 1.000000000000000000e+00 0.000000000000000000e+00
3.198665033000000000e+15 1.868768227999999929e+36 1.182460000000000025e+39 1.000000000000000000e+00 0.000000000000000000e+00
3.171671288600000000e+15 1.844473857999999878e+36 1.177460000000000041e+39 1.000000000000000000e+00 0.000000000000000000e+00
3.144791928400000000e+15 1.820282433799999883e+36 1.172460000000000057e+39 1.000000000000000000e+00 0.000000000000000000e+00
3.118026952300000000e+15 1.796193955299999999e+36 1.167460000000000073e+39 1.000000000000000000e+00 0.000000000000000000e+00
3.091376360400000000e+15 1.772208422599999876e+36 1.162459999999999938e+39 1.000000000000000000e+00 0.000000000000000000e+00
3.064840152600000000e+15 1.748325835599999863e+36 1.157459999999999955e+39 1.000000000000000000e+00 0.000000000000000000e+00
3.038418328900000000e+15 1.724546194299999960e+36 1.152459999999999971e+39 1.000000000000000000e+00 0.000000000000000000e+00
3.012110889500000000e+15 1.700869498800000114e+36 1.147459999999999987e+39 1.000000000000000000e+00 0.000000000000000000e+00
2.985917834100000000e+15 1.677295749000000082e+36 1.142460000000000003e+39 1.000000000000000000e+00 0.000000000000000000e+00
2.959839162900000000e+15 1.653824944899999865e+36 1.137460000000000019e+39 1.000000000000000000e+00 0.000000000000000000e+00
2.933874875900000000e+15 1.630457086600000000e+36 1.132460000000000035e+39 1.000000000000000000e+00 0.000000000000000000e+00
2.908024973000000000e+15 1.607192173999999949e+36 1.127460000000000052e+39 1.000000000000000000e+00 0.000000000000000000e+00
2.882289454300000000e+15 1.584030207100000009e+36 1.122460000000000068e+39 1.000000000000000000e+00 0.000000000000000000e+00
2.856668319700000000e+15 1.560971186000000125e+36 1.117459999999999933e+39 1.000000000000000000e+00 0.000000000000000000e+00
2.831161569300000000e+15 1.538015110600000056e+36 1.112459999999999949e+39 1.000000000000000000e+00 0.000000000000000000e+00
2.805769203000000000e+15 1.515161981000000044e+36 1.107459999999999965e+39 1.000000000000000000e+00 0.000000000000000000e+00
2.780491220800000000e+15 1.492411796999999900e+36 1.102459999999999981e+39 1.000000000000000000e+00 0.000000000000000000e+00
2.755327622900000000e+15 1.469764558800000107e+36 1.097459999999999998e+39 1.000000000000000000e+00 0.000000000000000000e+00
2.730278409000000000e+15 1.447220266400000076e+36 1.092460000000000014e+39 1.000000000000000000e+00 0.000000000000000000e+00
2.705343579300000000e+15 1.424778919699999860e+36 1.087460000000000030e+39 1.000000000000000000e+00 0.000000000000000000e+00
2.680523133800000000e+15 1.402440518700000049e+36 1.082460000000000046e+39 1.000000000000000000e+00 0.000000000000000000e+00
2.655817072400000000e+15 1.380205063500000000e+36 1.077460000000000062e+39 1.000000000000000000e+00 0.000000000000000000e+00
2.631225395200000000e+15 1.358072553900000113e+36 1.072459999999999927e+39 1.000000000000000000e+00 0.000000000000000000e+00
2.606748102100000000e+15 1.336042990199999935e+36 1.067459999999999943e+39 1.000000000000000000e+00 0.000000000000000000e+00
2.582385193200000000e+15 1.314116372100000068e+36 1.062459999999999960e+39 1.000000000000000000e+00 0.000000000000000000e+00
2.558136668400000000e+15 1.292292699799999962e+36 1.057459999999999976e+39 1.000000000000000000e+00 0.000000000000000000e+00
2.534002527800000000e+15 1.270571973300000061e+36 1.052459999999999992e+39 1.000000000000000000e+00 0.000000000000000000e+00
2.509982771300000000e+15 1.248954192400000027e+36 1.047460000000000008e+39 1.000000000000000000e+00 0.000000000000000000e+00
2.486077399000000000e+15 1.227439357300000050e+36 1.042460000000000024e+39 1.000000000000000000e+00 0.000000000000000000e+00
2.462286410800000000e+15 1.206027467999999982e+36 1.037460000000000040e+39 1.000000000000000000e+00 0.000000000000000000e+00
2.438609806700000000e+15 1.184718524299999930e+36 1.032460000000000057e+39 1.000000000000000000e+00 0.000000000000000000e+00
2.415047586900000000e+15 1.163512526500000029e+36 1.027460000000000073e+39 1.000000000000000000e+00 0.000000000000000000e+00
2.391599751100000000e+15 1.142409474299999996e+36 1.022459999999999938e+39 1.000000000000000000e+00 0.000000000000000000e+00
2.368266299600000000e+15 1.121409367900000019e+36 1.017459999999999954e+39 1.000000000000000000e+00 0.000000000000000000e+00
2.345047232100000000e+15 1.100512207200000005e+36 1.012459999999999970e+39 1.000000000000000000e+00 0.000000000000000000e+00
2.321942548800000000e+15 1.079717992199999953e+36 1.007459999999999986e+39 1.000000000000000000e+00 0.000000000000000000e+00
2.298952249700000000e+15 1.059026722999999958e+36 1.002460000000000002e+39 1.000000000000000000e+00 0.000000000000000000e+00
2.276058079800000000e+15 1.038421970100000066e+36 9.974559999999999728e+38 1.000000000000000000e+00 0.000000000000000000e+00
2.253296640500000000e+15 1.017936674700000021e+36 9.924559999999999890e+38 1.000000000000000000e+00 0.000000000000000000e+00
2.230649585300000000e+15 9.975543250500000585e+35 9.874560000000000052e+38 1.000000000000000000e+00 0.000000000000000000e+00
2.208116914300000000e+15 9.772749211300000721e+35 9.824560000000000213e+38 1.000000000000000000e+00 0.000000000000000000e+00
2.185698627400000000e+15 9.570984629400000616e+35 9.774560000000000375e+38 1.000000000000000000e+00 0.000000000000000000e+00
2.163394724700000000e+15 9.370249504999999869e+35 9.724560000000000537e+38 1.000000000000000000e+00 0.000000000000000000e+00
2.141205206100000000e+15 9.170543837799999818e+35 9.674560000000000699e+38 1.000000000000000000e+00 0.000000000000000000e+00
2.119130071700000000e+15 8.971867628100000601e+35 9.624559999999999349e+38 1.000000000000000000e+00 0.000000000000000000e+00
2.097169321400000000e+15 8.774220875600000606e+35 9.574559999999999511e+38 1.000000000000000000e+00 0.000000000000000000e+00
2.075322955300000000e+15 8.577603580599999968e+35 9.524559999999999672e+38 3.159827213799999868e+00 0.000000000000000000e+00
2.059466572300000000e+15 8.436125112399999741e+35 9.474559999999999834e+38 3.159827213799999868e+00 0.000000000000000000e+00
2.043692676400000000e+15 8.296250064900000042e+35 9.424559999999999996e+38 3.159827213799999868e+00 0.000000000000000000e+00
2.028000762900000000e+15 8.157968627899999871e+35 9.374560000000000157e+38 3.159827213799999868e+00 0.000000000000000000e+00
2.012390327600000000e+15 8.021270999800000182e+35 9.324560000000000319e+38 3.159827213799999868e+00 0.000000000000000000e+00
1.996860866600000000e+15 7.886147387399999856e+35 9.274560000000000481e+38 3.159827213799999868e+00 0.000000000000000000e+00
1.981411876600000000e+15 7.752588005700000524e+35 9.224560000000000643e+38 3.159827213799999868e+00 0.000000000000000000e+00
1.966042854700000000e+15 7.620583078199999332e+35 9.174559999999999293e+38 3.159827213799999868e+00 0.000000000000000000e+00
1.950753298300000000e+15 7.490122836899999266e+35 9.124559999999999455e+38 3.159827213799999868e+00 0.000000000000000000e+00
1.935542705300000000e+15 7.361197522300000302e+35 9.074559999999999616e+38 3.159827213799999868e+00 0.000000000000000000e+00
1.920410574100000000e+15 7.233797383300000340e+35 9.024559999999999778e+38 3.159827213799999868e+00 0.000000000000000000e+00
1.905356403600000000e+15 7.107912677699999367e+35 8.974559999999999940e+38 3.159827213799999868e+00 0.000000000000000000e+00
1.890379692900000000e+15 6.983533671600000666e+35 8.924560000000000101e+38 3.159827213799999868e+00 0.000000000000000000e+00
1.875479941800000000e+15 6.860650639900000213e+35 8.874560000000000263e+38 3.159827213799999868e+00 0.000000000000000000e+00
1.860656650400000000e+15 6.739253866199999428e+35 8.824560000000000425e+38 3.159827213799999868e+00 0.000000000000000000e+00
1.845909319400000000e+15 6.619333642899999804e+35 8.774560000000000587e+38 3.159827213799999868e+00 0.000000000000000000e+00
1.831237449700000000e+15 6.500880271000000361e+35 8.724560000000000748e+38 3.159827213799999868e+00 0.000000000000000000e+00
1.816640542800000000e+15 6.383884060700000131e+35 8.674559999999999399e+38 3.159827213799999868e+00 0.000000000000000000e+00
1.802118100800000000e+15 6.268335330599999760e+35 8.624559999999999560e+38 3.159827213799999868e+00 0.000000000000000000e+00
1.787669626000000000e+15 6.154224408499999908e+35 8.574559999999999722e+38 3.159827213799999868e+00 0.000000000000000000e+00
1.773294621400000000e+15 6.041541631099999632e+35 8.524559999999999884e+38 3.159827213799999868e+00 0.000000000000000000e+00
1.758992590200000000e+15 5.930277344199999679e+35 8.474560000000000046e+38 3.159827213799999868e+00 0.000000000000000000e+00
1.744763036200000000e+15 5.820421902499999934e+35 8.424560000000000207e+38 3.159827213799999868e+00 0.000000000000000000e+00
1.730605463800000000e+15 5.711965669799999755e+35 8.374560000000000369e+38 3.159827213799999868e+00 0.000000000000000000e+00
1.716519377600000000e+15 5.604899019199999789e+35 8.324560000000000531e+38 3.159827213799999868e+00 0.000000000000000000e+00
1.702504282900000000e+15 5.499212332699999820e+35 8.274560000000000692e+38 3.159827213799999868e+00 0.000000000000000000e+00
1.688559685400000000e+15 5.394896001699999979e+35 8.224559999999999343e+38 3.159827213799999868e+00 0.000000000000000000e+00
1.674685091300000000e+15 5.291940427000000013e+35 8.174559999999999504e+38 3.159827213799999868e+00 0.000000000000000000e+00
1.660880007200000000e+15 5.190336018599999677e+35 8.124559999999999666e+38 3.159827213799999868e+00 0.000000000000000000e+00
1.647143940200000000e+15 5.090073195599999678e+35 8.074559999999999828e+38 3.159827213799999868e+00 0.000000000000000000e+00
1.633476397900000000e+15 4.991142387099999870e+35 8.024559999999999990e+38 3.159827213799999868e+00 0.000000000000000000e+00
1.619876888400000000e+15 4.893534031099999982e+35 7.974560000000000151e+38 3.159827213799999868e+00 0.000000000000000000e+00
1.606344920400000000e+15 4.797238575600000366e+35 7.924560000000000313e+38 3.159827213799999868e+00 0.000000000000000000e+00
1.592880002900000000e+15 4.702246477700000111e+35 7.874560000000000475e+38 3.159827213799999868e+00 0.000000000000000000e+00
1.579481645500000000e+15 4.608548204399999867e+35 7.824560000000000636e+38 3.159827213799999868e+00 0.000000000000000000e+00
1.566149358300000000e+15 4.516134232499999830e+35 7.774559999999999287e+38 3.159827213799999868e+00 0.000000000000000000e+00
1.552882651800000000e+15 4.424995048100000010e+35 7.724559999999999448e+38 3.159827213799999868e+00 0.000000000000000000e+00
1.539681037100000000e+15 4.335121147499999899e+35 7.674559999999999610e+38 3.159827213799999868e+00 0.000000000000000000e+00
1.526544025800000000e+15 4.246503036499999879e+35 7.624559999999999772e+38 3.159827213799999868e+00 0.000000000000000000e+00
1.513471130000000000e+15 4.159131231000000013e+35 7.574559999999999934e+38 3.159827213799999868e+00 0.000000000000000000e+00
1.500461862300000000e+15 4.072996256799999712e+35 7.524560000000000095e+38 3.159827213799999868e+00 0.000000000000000000e+00
1.487515735900000000e+15 3.988088649500000151e+35 7.474560000000000257e+38 3.159827213799999868e+00 0.000000000000000000e+00
1.474632264200000000e+15 3.904398955100000109e+35 7.424560000000000419e+38 3.159827213799999868e+00 0.000000000000000000e+00
1.461810961600000000e+15 3.821917729300000329e+35 7.374560000000000580e+38 3.159827213799999868e+00 0.000000000000000000e+00
1.449051342700000000e+15 3.740635538299999698e+35 7.324560000000000742e+38 3.159827213799999868e+00 0.000000000000000000e+00
1.436352922600000000e+15 3.660542958299999940e+35 7.274559999999999392e+38 3.159827213799999868e+00 0.000000000000000000e+00
1.423715217100000000e+15 3.581630575899999649e+35 7.224559999999999554e+38 3.159827213799999868e+00 0.000000000000000000e+00
1.411137742500000000e+15 3.503888987899999854e+35 7.174559999999999716e+38 3.159827213799999868e+00 0.000000000000000000e+00
1.398620015600000000e+15 3.427308801700000265e+35 7.124559999999999878e+38 3.159827213799999868e+00 0.000000000000000000e+00
1.386161553700000000e+15 3.351880634900000080e+35 7.074560000000000039e+38 3.159827213799999868e+00 0.000000000000000000e+00
1.373761874600000000e+15 3.277595115900000096e+35 7.024560000000000201e+38 3.159827213799999868e+00 0.000000000000000000e+00
1.361420496900000000e+15 3.204442883499999824e+35 6.974560000000000363e+38 3.159827213799999868e+00 0.000000000000000000e+00
1.349136939400000000e+15 3.132414587100000044e+35 6.924560000000000524e+38 3.159827213799999868e+00 0.000000000000000000e+00
1.336910721700000000e+15 3.061500886999999982e+35 6.874560000000000686e+38 3.159827213799999868e+00 0.000000000000000000e+00
1.324741363800000000e+15 2.991692454100000132e+35 6.824559999999999337e+38 3.159827213799999868e+00 0.000000000000000000e+00
1.312628386500000000e+15 2.922979970100000006e+35 6.774560000000000254e+38 3.159827213799999868e+00 0.000000000000000000e+00
1.300571310800000000e+15 2.855354127899999918e+35 6.724559999999999660e+38 3.159827213799999868e+00 0.000000000000000000e+00
1.288569658500000000e+15 2.788805631100000140e+35 6.674559999999999822e+38 3.159827213799999868e+00 0.000000000000000000e+00
1.276622952100000000e+15 2.723325194400000098e+35 6.624559999999999983e+38 3.159827213799999868e+00 0.000000000000000000e+00
1.264730714200000000e+15 2.658903543599999853e+35 6.574560000000000145e+38 3.159827213799999868e+00 0.000000000000000000e+00
1.252892468500000000e+15 2.595531415699999897e+35 6.524560000000000307e+38 3.159827213799999868e+00 0.000000000000000000e+00
1.241107739000000000e+15 2.533199559100000015e+35 6.474559999999999713e+38 3.159827213799999868e+00 0.000000000000000000e+00
1.229376050300000000e+15 2.471898733200000087e+35 6.424559999999999874e+38 3.159827213799999868e+00 0.000000000000000000e+00
1.217696927600000000e+15 2.411619709199999959e+35 6.374560000000000036e+38 3.159827213799999868e+00 0.000000000000000000e+00
1.206069896700000000e+15 2.352353269299999943e+35 6.324560000000000198e+38 3.159827213799999868e+00 0.000000000000000000e+00
1.194494484100000000e+15 2.294090207699999915e+35 6.274560000000000359e+38 3.159827213799999868e+00 0.000000000000000000e+00
1.182970216700000000e+15 2.236821330000000153e+35 6.224559999999999766e+38 3.159827213799999868e+00 0.000000000000000000e+00
1.171496622100000000e+15 2.180537453600000165e+35 6.174559999999999927e+38 3.159827213799999868e+00 0.000000000000000000e+00
1.160073228600000000e+15 2.125229407400000025e+35 6.124560000000000089e+38 3.159827213799999868e+00 0.000000000000000000e+00
1.148699565000000000e+15 2.070888032599999881e+35 6.074560000000000251e+38 3.159827213799999868e+00 0.000000000000000000e+00
1.137375160700000000e+15 2.017504181900000080e+35 6.024559999999999657e+38 3.159827213799999868e+00 0.000000000000000000e+00
1.126099545700000000e+15 1.965068720499999905e+35 5.974559999999999818e+38 3.159827213799999868e+00 0.000000000000000000e+00
1.114872250800000000e+15 1.913572525299999910e+35 5.924559999999999980e+38 3.159827213799999868e+00 0.000000000000000000e+00
1.103692807100000000e+15 1.863006485600000154e+35 5.874560000000000142e+38 3.159827213799999868e+00 0.000000000000000000e+00
1.092560746800000000e+15 1.813361502899999863e+35 5.824560000000000304e+38 3.159827213799999868e+00 0.000000000000000000e+00
1.081475602300000000e+15 1.764628491200000145e+35 5.774559999999999710e+38 3.159827213799999868e+00 0.000000000000000000e+00
1.070436906800000000e+15 1.716798376700000169e+35 5.724559999999999871e+38 3.159827213799999868e+00 0.000000000000000000e+00
1.059444194300000000e+15 1.669862098400000021e+35 5.674560000000000033e+38 3.159827213799999868e+00 0.000000000000000000e+00
1.048496999100000000e+15 1.623810607899999992e+35 5.624560000000000195e+38 3.159827213799999868e+00 0.000000000000000000e+00
1.037594856600000000e+15 1.578634869300000048e+35 5.574560000000000356e+38 3.159827213799999868e+00 0.000000000000000000e+00
1.026737302400000000e+15 1.534325859900000082e+35 5.524559999999999762e+38 3.159827213799999868e+00 0.000000000000000000e+00
1.015923873100000000e+15 1.490874569699999998e+35 5.474559999999999924e+38 3.159827213799999868e+00 0.000000000000000000e+00
1.005154105900000000e+15 1.448272001700000027e+35 5.424560000000000086e+38 3.159827213799999868e+00 0.000000000000000000e+00
9.944275385200000000e+14 1.406509172199999947e+35 5.374560000000000248e+38 3.159827213799999868e+00 0.000000000000000000e+00
9.837437095500000000e+14 1.365577110400000064e+35 5.324559999999999654e+38 3.159827213799999868e+00 0.000000000000000000e+00
9.731021581700000000e+14 1.325466859299999966e+35 5.274559999999999815e+38 3.159827213799999868e+00 0.000000000000000000e+00
9.625024242700000000e+14 1.286169474899999939e+35 5.224559999999999977e+38 3.159827213799999868e+00 0.000000000000000000e+00
9.519440484300000000e+14 1.247676026899999935e+35 5.174560000000000139e+38 3.159827213799999868e+00 0.000000000000000000e+00
9.414265719400000000e+14 1.209977598799999924e+35 5.124560000000000300e+38 3.159827213799999868e+00 0.000000000000000000e+00
9.309495368000000000e+14 1.173065287599999939e+35 5.074559999999999706e+38 3.159827213799999868e+00 0.000000000000000000e+00
9.205124857300000000e+14 1.136930204300000005e+35 5.024559999999999868e+38 3.159827213799999868e+00 0.000000000000000000e+00
9.101149621400000000e+14 1.101563473999999927e+35 4.974560000000000030e+38 3.159827213799999868e+00 0.000000000000000000e+00
8.997565101900000000e+14 1.066956235600000086e+35 4.924560000000000192e+38 3.159827213799999868e+00 0.000000000000000000e+00
8.894366747800000000e+14 1.033099642600000014e+35 4.874560000000000353e+38 3.159827213799999868e+00 0.000000000000000000e+00
8.791550015300000000e+14 9.999848625999999521e+34 4.824559999999999759e+38 3.159827213799999868e+00 0.000000000000000000e+00
8.689110368000000000e+14 9.676030776900000671e+34 4.774559999999999921e+38 3.159827213799999868e+00 0.000000000000000000e+00
8.587043277200000000e+14 9.359454845999999687e+34 4.724560000000000083e+38 3.159827213799999868e+00 0.000000000000000000e+00
8.485344221600000000e+14 9.050032947800000235e+34 4.674560000000000244e+38 3.159827213799999868e+00 0.000000000000000000e+00
8.384008687600000000e+14 8.747677345299999880e+34 4.624559999999999650e+38 3.159827213799999868e+00 0.000000000000000000e+00
8.283032169500000000e+14 8.452300451200000597e+34 4.574559999999999812e+38 3.159827213799999868e+00 0.000000000000000000e+00
8.182410169000000000e+14 8.163814829599999825e+34 4.524559999999999974e+38 3.159827213799999868e+00 0.000000000000000000e+00
8.082138196000000000e+14 7.882133197200000060e+34 4.474560000000000136e+38 3.159827213799999868e+00 0.000000000000000000e+00
7.982211768100000000e+14 7.607168424699999586e+34 4.424560000000000297e+38 3.159827213799999868e+00 0.000000000000000000e+00
7.882626411000000000e+14 7.338833538199999821e+34 4.374559999999999703e+38 3.159827213799999868e+00 0.000000000000000000e+00
7.783377658400000000e+14 7.077041720900000065e+34 4.324559999999999865e+38 3.159827213799999868e+00 0.000000000000000000e+00
7.684317893200000000e+14 6.876122209199999812e+34 4.274560000000000027e+38 2.408450704199999848e+00 0.000000000000000000e+00
7.585622509600000000e+14 6.684001838500000229e+34 4.224560000000000188e+38 2.408450704199999848e+00 0.000000000000000000e+00
7.487177683600000000e+14 6.495057550500000068e+34 4.174560000000000350e+38 2.408450704199999848e+00 0.000000000000000000e+00
7.388982199700000000e+14 6.309273936799999814e+34 4.124559999999999756e+38 2.408450704199999848e+00 0.000000000000000000e+00
7.291034833800000000e+14 6.126635479599999648e+34 4.074559999999999918e+38 2.408450704199999848e+00 0.000000000000000000e+00
7.193334352700000000e+14 5.947126549500000163e+34 4.024560000000000080e+38 2.408450704199999848e+00 0.000000000000000000e+00
7.095879514600000000e+14 5.770731403199999600e+34 3.974560000000000241e+38 2.408450704199999848e+00 0.000000000000000000e+00
6.998669068200000000e+14 5.597434180899999974e+34 3.924559999999999647e+38 2.408450704199999848e+00 0.000000000000000000e+00
6.901701753200000000e+14 5.427218904899999737e+34 3.874559999999999809e+38 2.408450704199999848e+00 0.000000000000000000e+00
6.804976299500000000e+14 5.260069476199999668e+34 3.824559999999999971e+38 2.408450704199999848e+00 0.000000000000000000e+00
6.708491427300000000e+14 5.095969672600000222e+34 3.774560000000000132e+38 2.408450704199999848e+00 0.000000000000000000e+00
6.612245846900000000e+14 4.934903145799999967e+34 3.724560000000000294e+38 2.408450704199999848e+00 0.000000000000000000e+00
6.516238258600000000e+14 4.776853419199999983e+34 3.674559999999999700e+38 2.408450704199999848e+00 0.000000000000000000e+00
6.420467352000000000e+14 4.621803884399999819e+34 3.624559999999999862e+38 2.408450704199999848e+00 0.000000000000000000e+00
6.324931806500000000e+14 4.469737799000000048e+34 3.574560000000000024e+38 2.408450704199999848e+00 0.000000000000000000e+00
6.229630290400000000e+14 4.320638283500000179e+34 3.524560000000000185e+38 2.408450704199999848e+00 0.000000000000000000e+00
6.134561461000000000e+14 4.174488317899999938e+34 3.474560000000000347e+38 2.408450704199999848e+00 0.000000000000000000e+00
6.039723964300000000e+14 4.031270739000000068e+34 3.424559999999999753e+38 2.408450704199999848e+00 0.000000000000000000e+00
5.945116434700000000e+14 3.890968236599999791e+34 3.374559999999999915e+38 2.408450704199999848e+00 0.000000000000000000e+00
5.850737494900000000e+14 3.753563350500000059e+34 3.324560000000000076e+38 2.408450704199999848e+00 0.000000000000000000e+00
5.756585755300000000e+14 3.619038466799999897e+34 3.274559999999999860e+38 2.408450704199999848e+00 0.000000000000000000e+00
5.662659813900000000e+14 3.487375814099999865e+34 3.224560000000000022e+38 2.408450704199999848e+00 0.000000000000000000e+00
5.568958256000000000e+14 3.358557459699999994e+34 3.174560000000000184e+38 2.408450704199999848e+00 0.000000000000000000e+00
5.475479653900000000e+14 3.232565305700000213e+34 3.124559999999999968e+38 2.408450704199999848e+00 0.000000000000000000e+00
5.382222566600000000e+14 3.109381084700000210e+34 3.074560000000000129e+38 2.408450704199999848e+00 0.000000000000000000e+00
5.289185539200000000e+14 2.988986355800000068e+34 3.024559999999999913e+38 2.408450704199999848e+00 0.000000000000000000e+00
5.196367102800000000e+14 2.871362499400000072e+34 2.974560000000000075e+38 2.408450704199999848e+00 0.000000000000000000e+00
5.103765774200000000e+14 2.756490713199999969e+34 2.924559999999999859e+38 2.408450704199999848e+00 0.000000000000000000e+00
5.011380055300000000e+14 2.644352007000000158e+34 2.874560000000000020e+38 2.408450704199999848e+00 0.000000000000000000e+00
4.919208432600000000e+14 2.534927197199999804e+34 2.824560000000000182e+38 2.408450704199999848e+00 0.000000000000000000e+00
4.827249377200000000e+14 2.428196902200000054e+34 2.774559999999999966e+38 2.408450704199999848e+00 0.000000000000000000e+00
4.735501343900000000e+14 2.324141536100000064e+34 2.724560000000000128e+38 2.408450704199999848e+00 0.000000000000000000e+00
4.643962771200000000e+14 2.222741303099999916e+34 2.674559999999999912e+38 2.408450704199999848e+00 0.000000000000000000e+00
4.552632080300000000e+14 2.123976191199999866e+34 2.624560000000000073e+38 2.408450704199999848e+00 0.000000000000000000e+00
4.461507674800000000e+14 2.027825966199999922e+34 2.574559999999999857e+38 2.408450704199999848e+00 0.000000000000000000e+00
4.370587940500000000e+14 1.934270164000000047e+34 2.524560000000000019e+38 2.408450704199999848e+00 0.000000000000000000e+00
4.279871244300000000e+14 1.843288084300000104e+34 2.474560000000000181e+38 2.408450704199999848e+00 0.000000000000000000e+00
4.189580000000000000e+14 1.766259999999999943e+34 2.424559999999999964e+38 3.165999999999999925e+00 0.000000000000000000e+00
4.098830000000000000e+14 1.656510000000000046e+34 2.374560000000000126e+38 3.169999999999999929e+00 0.000000000000000000e+00
4.008350000000000000e+14 1.551349999999999950e+34 2.324559999999999910e+38 3.173000000000000043e+00 0.000000000000000000e+00
3.918120000000000000e+14 1.450679999999999933e+34 2.274560000000000072e+38 3.177000000000000046e+00 0.000000000000000000e+00
3.828160000000000000e+14 1.354420000000000078e+34 2.224559999999999856e+38 3.180000000000000160e+00 0.000000000000000000e+00
3.738450000000000000e+14 1.262499999999999910e+34 2.174560000000000017e+38 3.184000000000000163e+00 0.000000000000000000e+00
3.648980000000000000e+14 1.174830000000000070e+34 2.124560000000000179e+38 3.186999999999999833e+00 0.000000000000000000e+00
3.559750000000000000e+14 1.091309999999999913e+34 2.074559999999999963e+38 3.189999999999999947e+00 0.000000000000000000e+00
3.470760000000000000e+14 1.011870000000000003e+34 2.024560000000000125e+38 3.193000000000000060e+00 0.000000000000000000e+00
3.382000000000000000e+14 9.364090000000000262e+33 1.974559999999999908e+38 3.194999999999999840e+00 0.000000000000000000e+00
3.293460000000000000e+14 8.648379999999999459e+33 1.924560000000000070e+38 3.197999999999999954e+00 0.000000000000000000e+00
3.205130000000000000e+14 7.970650000000000307e+33 1.874559999999999854e+38 3.200000000000000178e+00 0.000000000000000000e+00
3.117020000000000000e+14 7.329940000000000350e+33 1.824560000000000016e+38 3.201000000000000068e+00 0.000000000000000000e+00
3.029120000000000000e+14 6.725280000000000452e+33 1.774560000000000177e+38 3.201999999999999957e+00 0.000000000000000000e+00
2.941420000000000000e+14 6.155700000000000328e+33 1.724559999999999961e+38 3.202999999999999847e+00 0.000000000000000000e+00
2.853920000000000000e+14 5.620190000000000309e+33 1.674559999999999934e+38 3.201999999999999957e+00 0.000000000000000000e+00
2.766600000000000000e+14 5.117730000000000017e+33 1.624559999999999907e+38 3.201000000000000068e+00 0.000000000000000000e+00
2.679480000000000000e+14 4.647300000000000225e+33 1.574560000000000069e+38 3.198999999999999844e+00 0.000000000000000000e+00
2.592530000000000000e+14 4.207829999999999887e+33 1.524560000000000041e+38 3.196000000000000174e+00 0.000000000000000000e+00
2.505770000000000000e+14 3.798240000000000128e+33 1.474560000000000014e+38 3.192000000000000171e+00 0.000000000000000000e+00
2.419180000000000000e+14 3.417430000000000076e+33 1.424559999999999987e+38 3.185999999999999943e+00 0.000000000000000000e+00
2.332760000000000000e+14 3.064249999999999920e+33 1.374559999999999960e+38 3.178999999999999826e+00 0.000000000000000000e+00
2.246510000000000000e+14 2.737509999999999891e+33 1.324559999999999933e+38 3.169000000000000039e+00 0.000000000000000000e+00
2.160440000000000000e+14 2.435900000000000057e+33 1.274560000000000094e+38 3.157000000000000028e+00 0.000000000000000000e+00
2.074560000000000000e+14 2.157780000000000108e+33 1.224560000000000067e+38 3.141999999999999904e+00 0.000000000000000000e+00
1.988910000000000000e+14 1.901889999999999917e+33 1.174560000000000040e+38 3.123000000000000220e+00 0.000000000000000000e+00
1.903380000000000000e+14 1.668999999999999977e+33 1.124560000000000013e+38 3.100000000000000089e+00 0.000000000000000000e+00
1.817950000000000000e+14 1.457959999999999901e+33 1.074559999999999985e+38 3.072000000000000064e+00 0.000000000000000000e+00
1.732640000000000000e+14 1.267610000000000034e+33 1.024559999999999958e+38 3.037999999999999812e+00 0.000000000000000000e+00
1.647420000000000000e+14 1.096760000000000029e+33 9.745550000000000626e+37 2.998000000000000220e+00 0.000000000000000000e+00
1.562300000000000000e+14 9.442299999999999638e+32 9.245550000000000354e+37 2.948999999999999844e+00 0.000000000000000000e+00
1.477270000000000000e+14 8.088410000000000709e+32 8.745550000000000082e+37 2.891000000000000014e+00 0.000000000000000000e+00
1.391630000000000000e+14 7.148839999999999926e+32 8.241680000000000450e+37 2.960999999999999854e+00 1.442859999999999959e+29
1.386730000000000000e+14 7.092879999999999710e+32 8.212829999999999700e+37 2.968999999999999861e+00 1.777440000000000036e+29
1.381830000000000000e+14 7.036259999999999316e+32 8.183979999999999895e+37 2.975000000000000089e+00 2.013500000000000036e+29
1.376930000000000000e+14 6.979599999999999829e+32 8.155140000000000393e+37 2.982000000000000206e+00 2.213720000000000023e+29
1.372030000000000000e+14 6.923060000000000506e+32 8.126289999999999643e+37 2.987999999999999989e+00 2.395409999999999879e+29
1.367140000000000000e+14 6.866700000000000706e+32 8.097439999999999838e+37 2.994000000000000217e+00 2.566030000000000169e+29
1.362240000000000000e+14 6.810540000000000698e+32 8.068590000000000032e+37 3.000000000000000000e+00 2.729420000000000142e+29
1.357340000000000000e+14 6.754619999999999576e+32 8.039740000000000227e+37 2.564999999999999947e+00 2.887840000000000041e+29
1.352440000000000000e+14 6.698940000000000221e+32 8.010899999999999780e+37 2.560000000000000053e+00 3.042710000000000089e+29
1.347550000000000000e+14 6.643520000000000019e+32 7.982049999999999975e+37 2.556000000000000050e+00 3.194970000000000294e+29
1.342650000000000000e+14 6.588360000000000410e+32 7.953200000000000169e+37 2.551000000000000156e+00 3.345280000000000071e+29
1.337750000000000000e+14 6.533480000000000222e+32 7.924350000000000364e+37 2.545999999999999819e+00 3.494109999999999774e+29
1.332860000000000000e+14 6.478870000000000040e+32 7.895499999999999614e+37 2.541999999999999815e+00 3.641790000000000344e+29
1.327960000000000000e+14 6.424550000000000134e+32 7.866660000000000112e+37 2.536999999999999922e+00 3.788590000000000052e+29
1.323060000000000000e+14 6.370509999999999647e+32 7.837810000000000306e+37 2.532000000000000028e+00 3.934699999999999717e+29
1.318170000000000000e+14 6.316760000000000155e+32 7.808959999999999556e+37 2.528000000000000025e+00 4.080270000000000021e+29
1.313270000000000000e+14 6.263310000000000350e+32 7.780109999999999751e+37 2.523000000000000131e+00 4.225400000000000246e+29
1.308380000000000000e+14 6.210160000000000233e+32 7.751259999999999945e+37 2.517999999999999794e+00 4.370200000000000236e+29
1.303480000000000000e+14 6.157299999999999670e+32 7.722420000000000443e+37 2.512999999999999901e+00 4.514719999999999984e+29
1.298590000000000000e+14 6.104749999999999649e+32 7.693569999999999693e+37 2.508999999999999897e+00 4.659020000000000045e+29
1.293690000000000000e+14 6.052489999999999902e+32 7.664719999999999888e+37 2.504000000000000004e+00 4.803139999999999850e+29
1.288800000000000000e+14 6.000550000000000109e+32 7.635870000000000083e+37 2.499000000000000110e+00 4.947109999999999676e+29
1.283910000000000000e+14 5.948910000000000005e+32 7.607020000000000277e+37 2.494000000000000217e+00 5.090940000000000084e+29
1.279010000000000000e+14 5.897570000000000308e+32 7.578179999999999831e+37 2.488999999999999879e+00 5.234669999999999803e+29
1.274120000000000000e+14 5.846549999999999846e+32 7.549330000000000025e+37 2.484999999999999876e+00 5.378289999999999678e+29
1.269220000000000000e+14 5.795839999999999925e+32 7.520480000000000220e+37 2.479999999999999982e+00 5.521810000000000271e+29
1.264330000000000000e+14 5.745429999999999692e+32 7.491630000000000414e+37 2.475000000000000089e+00 5.665240000000000032e+29
1.259440000000000000e+14 5.699469999999999867e+32 7.462779999999999664e+37 2.468999999999999861e+00 3.579480000000000122e+29
1.254550000000000000e+14 5.649740000000000079e+32 7.433940000000000162e+37 2.464999999999999858e+00 3.653649999999999938e+29
1.249650000000000000e+14 5.600330000000000245e+32 7.405090000000000357e+37 2.459999999999999964e+00 3.727790000000000180e+29
1.239870000000000000e+14 5.511419999999999766e+32 7.347389999999999801e+37 2.448999999999999844e+00 2.004429999999999837e+29
1.215410000000000000e+14 5.272650000000000331e+32 7.203150000000000133e+37 2.423000000000000043e+00 2.123379999999999954e+29
1.210520000000000000e+14 5.225810000000000270e+32 7.174300000000000328e+37 2.418000000000000149e+00 2.147210000000000042e+29
1.176290000000000000e+14 4.906499999999999851e+32 6.972370000000000407e+37 2.380999999999999783e+00 2.313520000000000025e+29
1.127400000000000000e+14 4.476019999999999659e+32 6.683890000000000126e+37 2.326999999999999957e+00 2.546769999999999859e+29
1.122520000000000000e+14 4.434620000000000273e+32 6.655040000000000321e+37 2.321000000000000174e+00 2.569659999999999939e+29
1.107860000000000000e+14 4.312150000000000022e+32 6.568500000000000263e+37 2.305000000000000160e+00 2.637790000000000114e+29
1.073660000000000000e+14 4.036530000000000063e+32 6.366560000000000039e+37 2.265000000000000124e+00 2.793060000000000105e+29
1.068770000000000000e+14 3.998299999999999824e+32 6.337710000000000234e+37 2.258999999999999897e+00 2.814779999999999928e+29
1.063890000000000000e+14 3.960349999999999725e+32 6.308860000000000428e+37 2.253000000000000114e+00 2.836380000000000049e+29
1.059000000000000000e+14 3.933000000000000114e+32 6.280019999999999982e+37 2.246999999999999886e+00 3.206970000000000010e+29
1.054120000000000000e+14 3.895830000000000356e+32 6.251170000000000176e+37 2.241000000000000103e+00 3.208490000000000218e+29
1.049230000000000000e+14 3.858940000000000018e+32 6.222320000000000371e+37 2.234999999999999876e+00 3.209840000000000027e+29
1.044350000000000000e+14 3.822319999999999687e+32 6.193469999999999621e+37 2.229000000000000092e+00 3.211039999999999858e+29
1.039460000000000000e+14 3.785970000000000083e+32 6.164619999999999816e+37 2.224000000000000199e+00 3.212079999999999852e+29
1.034580000000000000e+14 3.749889999999999766e+32 6.135780000000000314e+37 2.217999999999999972e+00 3.212960000000000010e+29
1.029700000000000000e+14 3.714080000000000177e+32 6.106929999999999564e+37 2.212000000000000188e+00 3.213680000000000330e+29
1.024810000000000000e+14 3.678539999999999874e+32 6.078079999999999758e+37 2.205999999999999961e+00 3.214240000000000111e+29
1.019930000000000000e+14 3.643270000000000298e+32 6.049229999999999953e+37 2.200000000000000178e+00 3.214640000000000054e+29
1.015050000000000000e+14 3.608259999999999875e+32 6.020380000000000147e+37 2.193999999999999950e+00 3.214890000000000019e+29
1.010160000000000000e+14 3.573510000000000046e+32 5.991539999999999701e+37 2.188000000000000167e+00 3.214970000000000289e+29
1.005280000000000000e+14 3.539030000000000224e+32 5.962689999999999895e+37 2.181999999999999940e+00 3.214899999999999877e+29
1.000400000000000000e+14 3.504810000000000275e+32 5.933840000000000090e+37 2.176000000000000156e+00 3.214670000000000331e+29
9.955160000000000000e+13 3.470850000000000200e+32 5.904990000000000284e+37 2.169999999999999929e+00 3.214290000000000104e+29
9.906330000000000000e+13 3.437139999999999864e+32 5.876139999999999534e+37 2.164000000000000146e+00 3.213750000000000039e+29
9.857510000000000000e+13 3.403700000000000255e+32 5.847300000000000032e+37 2.157999999999999918e+00 3.213050000000000138e+29
9.808700000000000000e+13 3.370509999999999666e+32 5.818450000000000227e+37 2.152000000000000135e+00 3.212200000000000257e+29
9.759880000000000000e+13 3.337570000000000257e+32 5.789600000000000421e+37 2.145999999999999908e+00 3.211199999999999695e+29
9.711070000000000000e+13 3.304890000000000001e+32 5.760749999999999671e+37 2.140000000000000124e+00 3.210039999999999999e+29
9.662250000000000000e+13 3.272450000000000071e+32 5.731899999999999866e+37 2.133999999999999897e+00 3.208740000000000182e+29
9.613440000000000000e+13 3.240270000000000015e+32 5.703060000000000364e+37 2.128000000000000114e+00 3.207279999999999825e+29
9.564640000000000000e+13 3.208340000000000059e+32 5.674209999999999614e+37 2.120999999999999996e+00 3.205670000000000193e+29
9.515830000000000000e+13 3.176650000000000068e+32 5.645359999999999809e+37 2.115000000000000213e+00 3.203909999999999878e+29
9.467020000000000000e+13 3.145210000000000178e+32 5.616510000000000003e+37 2.108999999999999986e+00 3.202010000000000146e+29
9.418220000000000000e+13 3.114020000000000027e+32 5.587660000000000198e+37 2.103000000000000203e+00 3.199959999999999732e+29
9.369420000000000000e+13 3.083060000000000069e+32 5.558819999999999751e+37 2.096999999999999975e+00 3.197760000000000042e+29
9.320620000000000000e+13 3.052349999999999850e+32 5.529969999999999946e+37 2.091000000000000192e+00 3.195420000000000231e+29
9.271820000000000000e+13 3.021879999999999958e+32 5.501120000000000140e+37 2.084999999999999964e+00 3.192940000000000299e+29
9.223020000000000000e+13 2.991650000000000032e+32 5.472270000000000335e+37 2.077999999999999847e+00 3.190309999999999685e+29
9.174230000000000000e+13 2.961649999999999939e+32 5.443419999999999585e+37 2.072000000000000064e+00 3.187539999999999653e+29
9.125440000000000000e+13 2.931890000000000172e+32 5.414580000000000083e+37 2.065999999999999837e+00 3.184630000000000204e+29
9.076650000000000000e+13 2.902359999999999877e+32 5.385730000000000277e+37 2.060000000000000053e+00 3.181579999999999931e+29
9.027860000000000000e+13 2.873069999999999908e+32 5.356880000000000472e+37 2.053999999999999826e+00 3.178390000000000240e+29
8.979070000000000000e+13 2.843999999999999999e+32 5.328029999999999722e+37 2.047000000000000153e+00 3.175070000000000285e+29
8.930280000000000000e+13 2.815170000000000056e+32 5.299179999999999916e+37 2.040999999999999925e+00 3.171610000000000210e+29
8.881500000000000000e+13 2.788909999999999885e+32 5.270340000000000414e+37 2.035000000000000142e+00 3.834460000000000340e+29
8.832720000000000000e+13 2.760559999999999875e+32 5.241489999999999664e+37 2.028999999999999915e+00 3.819109999999999689e+29
8.783940000000000000e+13 2.732429999999999923e+32 5.212639999999999859e+37 2.021999999999999797e+00 3.803699999999999892e+29
8.735160000000000000e+13 2.704530000000000164e+32 5.183790000000000054e+37 2.016000000000000014e+00 3.788209999999999824e+29
8.686380000000000000e+13 2.676839999999999970e+32 5.154940000000000248e+37 2.009999999999999787e+00 3.772659999999999905e+29
8.637610000000000000e+13 2.649369999999999835e+32 5.126099999999999802e+37 2.004000000000000004e+00 3.757029999999999717e+29
8.588830000000000000e+13 2.622129999999999893e+32 5.097249999999999996e+37 1.997999999999999998e+00 3.741339999999999677e+29
8.540060000000000000e+13 2.595099999999999876e+32 5.068400000000000191e+37 1.991000000000000103e+00 3.725579999999999929e+29
8.491290000000000000e+13 2.568280000000000144e+32 5.039550000000000385e+37 1.985000000000000098e+00 3.709760000000000330e+29
8.442520000000000000e+13 2.541680000000000112e+32 5.010699999999999635e+37 1.979000000000000092e+00 3.693870000000000319e+29
8.393750000000000000e+13 2.515290000000000005e+32 4.981860000000000133e+37 1.973000000000000087e+00 3.677930000000000314e+29
8.344990000000000000e+13 2.489109999999999823e+32 4.953010000000000328e+37 1.967000000000000082e+00 3.661919999999999898e+29
8.296220000000000000e+13 2.463139999999999927e+32 4.924159999999999578e+37 1.959999999999999964e+00 3.645860000000000192e+29
8.247460000000000000e+13 2.437379999999999956e+32 4.895309999999999772e+37 1.953999999999999959e+00 3.629739999999999932e+29
8.198700000000000000e+13 2.411820000000000138e+32 4.866459999999999967e+37 1.947999999999999954e+00 3.613569999999999678e+29
8.149940000000000000e+13 2.386469999999999884e+32 4.837620000000000465e+37 1.941999999999999948e+00 3.597340000000000278e+29
8.101190000000000000e+13 2.361320000000000142e+32 4.808769999999999715e+37 1.935999999999999943e+00 3.581060000000000181e+29
8.052430000000000000e+13 2.336369999999999832e+32 4.779919999999999909e+37 1.929000000000000048e+00 3.564730000000000091e+29
8.003680000000000000e+13 2.311620000000000034e+32 4.751070000000000104e+37 1.923000000000000043e+00 3.548350000000000008e+29
7.954930000000000000e+13 2.287070000000000028e+32 4.722220000000000299e+37 1.917000000000000037e+00 3.531929999999999790e+29
7.906180000000000000e+13 2.262720000000000174e+32 4.693379999999999852e+37 1.911000000000000032e+00 3.515449999999999721e+29
7.857430000000000000e+13 2.238559999999999977e+32 4.664530000000000047e+37 1.905000000000000027e+00 3.498930000000000220e+29
7.808680000000000000e+13 2.214599999999999933e+32 4.635680000000000241e+37 1.899000000000000021e+00 3.482369999999999881e+29
7.759940000000000000e+13 2.190829999999999907e+32 4.606830000000000436e+37 1.893000000000000016e+00 3.465760000000000253e+29
7.711190000000000000e+13 2.167249999999999899e+32 4.577979999999999686e+37 1.887000000000000011e+00 3.449120000000000347e+29
7.662450000000000000e+13 2.143859999999999909e+32 4.549140000000000184e+37 1.881000000000000005e+00 3.432429999999999745e+29
7.613710000000000000e+13 2.120659999999999938e+32 4.520290000000000378e+37 1.875000000000000000e+00 3.415699999999999712e+29
7.564970000000000000e+13 2.097649999999999985e+32 4.491439999999999628e+37 1.868999999999999995e+00 3.398940000000000104e+29
7.516230000000000000e+13 2.074810000000000143e+32 4.462589999999999823e+37 1.862999999999999989e+00 3.382129999999999801e+29
7.467500000000000000e+13 2.052170000000000092e+32 4.433740000000000017e+37 1.856999999999999984e+00 3.365289999999999923e+29
7.418770000000000000e+13 2.029700000000000153e+32 4.404899999999999571e+37 1.850999999999999979e+00 3.348419999999999769e+29
7.370030000000000000e+13 2.007419999999999872e+32 4.376049999999999765e+37 1.844999999999999973e+00 3.331520000000000040e+29
7.321300000000000000e+13 1.985310000000000062e+32 4.347199999999999960e+37 1.838999999999999968e+00 3.314580000000000177e+29
7.272570000000000000e+13 1.963380000000000137e+32 4.318350000000000154e+37 1.832999999999999963e+00 3.297600000000000179e+29
7.223850000000000000e+13 1.941630000000000096e+32 4.289500000000000349e+37 1.826999999999999957e+00 3.280599999999999761e+29
7.175120000000000000e+13 1.920050000000000166e+32 4.260659999999999902e+37 1.820999999999999952e+00 3.263569999999999770e+29
7.126400000000000000e+13 1.898639999999999987e+32 4.231810000000000097e+37 1.814999999999999947e+00 3.246510000000000205e+29
7.077680000000000000e+13 1.877410000000000054e+32 4.202959999999999819e+37 1.808999999999999941e+00 3.229419999999999659e+29
7.028950000000000000e+13 1.856340000000000097e+32 4.174110000000000014e+37 1.804000000000000048e+00 3.212300000000000243e+29
6.980240000000000000e+13 1.835439999999999891e+32 4.145260000000000208e+37 1.798000000000000043e+00 3.195149999999999847e+29
6.931520000000000000e+13 1.814710000000000157e+32 4.116420000000000234e+37 1.792000000000000037e+00 3.177979999999999734e+29
6.882800000000000000e+13 1.794150000000000174e+32 4.087569999999999956e+37 1.786000000000000032e+00 3.160789999999999906e+29
6.834090000000000000e+13 1.773750000000000168e+32 4.058720000000000151e+37 1.780999999999999917e+00 3.143570000000000153e+29
6.785380000000000000e+13 1.753510000000000139e+32 4.029869999999999873e+37 1.774999999999999911e+00 3.126320000000000122e+29
6.736660000000000000e+13 1.733430000000000088e+32 4.001020000000000068e+37 1.770000000000000018e+00 3.109050000000000024e+29
6.687950000000000000e+13 1.713510000000000015e+32 3.972180000000000093e+37 1.764000000000000012e+00 3.091759999999999858e+29
6.639250000000000000e+13 1.693740000000000145e+32 3.943329999999999816e+37 1.758000000000000007e+00 3.074449999999999977e+29
6.590540000000000000e+13 1.674140000000000026e+32 3.914480000000000010e+37 1.752999999999999892e+00 3.057110000000000170e+29
6.541840000000000000e+13 1.654690000000000112e+32 3.885630000000000205e+37 1.747999999999999998e+00 3.039760000000000153e+29
6.493130000000000000e+13 1.635390000000000041e+32 3.856779999999999927e+37 1.741999999999999993e+00 3.022379999999999860e+29
6.444430000000000000e+13 1.616239999999999994e+32 3.827939999999999953e+37 1.737000000000000099e+00 3.004979999999999850e+29
6.395730000000000000e+13 1.597249999999999924e+32 3.799090000000000147e+37 1.731000000000000094e+00 2.987560000000000125e+29
6.347030000000000000e+13 1.578399999999999925e+32 3.770239999999999870e+37 1.725999999999999979e+00 2.970119999999999980e+29
6.298340000000000000e+13 1.559699999999999949e+32 3.741390000000000064e+37 1.721000000000000085e+00 2.952660000000000120e+29
6.249640000000000000e+13 1.541140000000000044e+32 3.712539999999999787e+37 1.715999999999999970e+00 2.935179999999999840e+29
6.200950000000000000e+13 1.522729999999999983e+32 3.683699999999999812e+37 1.711000000000000076e+00 2.917679999999999845e+29
6.152260000000000000e+13 1.504459999999999992e+32 3.654850000000000007e+37 1.705000000000000071e+00 2.900169999999999991e+29
6.103570000000000000e+13 1.486340000000000025e+32 3.626000000000000201e+37 1.699999999999999956e+00 2.882629999999999861e+29
6.054880000000000000e+13 1.468349999999999994e+32 3.597149999999999924e+37 1.695000000000000062e+00 2.865079999999999873e+29
6.006190000000000000e+13 1.450500000000000034e+32 3.568300000000000118e+37 1.689999999999999947e+00 2.847499999999999959e+29
5.957500000000000000e+13 1.432789999999999964e+32 3.539460000000000144e+37 1.685999999999999943e+00 2.829909999999999835e+29
5.908820000000000000e+13 1.415219999999999965e+32 3.510609999999999866e+37 1.681000000000000050e+00 2.812299999999999996e+29
5.860140000000000000e+13 1.397780000000000082e+32 3.481760000000000061e+37 1.675999999999999934e+00 2.794670000000000089e+29
5.811460000000000000e+13 1.380469999999999956e+32 3.452909999999999783e+37 1.671000000000000041e+00 2.777020000000000115e+29
5.762780000000000000e+13 1.363289999999999946e+32 3.424059999999999978e+37 1.665999999999999925e+00 2.759359999999999931e+29
5.714100000000000000e+13 1.346240000000000053e+32 3.395220000000000003e+37 1.661999999999999922e+00 2.741670000000000174e+29
5.665420000000000000e+13 1.329330000000000051e+32 3.366370000000000198e+37 1.657000000000000028e+00 2.723959999999999997e+29
5.616750000000000000e+13 1.312530000000000077e+32 3.337519999999999920e+37 1.653000000000000025e+00 2.706239999999999962e+29
5.568080000000000000e+13 1.295869999999999995e+32 3.308670000000000115e+37 1.647999999999999909e+00 2.688499999999999860e+29
5.519410000000000000e+13 1.279319999999999941e+32 3.279819999999999837e+37 1.643999999999999906e+00 2.670729999999999832e+29
5.470740000000000000e+13 1.262909999999999958e+32 3.250979999999999863e+37 1.639000000000000012e+00 2.652949999999999946e+29
5.422070000000000000e+13 1.246610000000000005e+32 3.222130000000000057e+37 1.635000000000000009e+00 2.635140000000000135e+29
5.373400000000000000e+13 1.230430000000000034e+32 3.193279999999999780e+37 1.631000000000000005e+00 2.617320000000000115e+29
5.324740000000000000e+13 1.214370000000000047e+32 3.164429999999999974e+37 1.627000000000000002e+00 2.599470000000000169e+29
5.276080000000000000e+13 1.198430000000000043e+32 3.135580000000000169e+37 1.622999999999999998e+00 2.581600000000000155e+29
5.227410000000000000e+13 1.182600000000000068e+32 3.106740000000000194e+37 1.618999999999999995e+00 2.563710000000000074e+29
5.178750000000000000e+13 1.166890000000000076e+32 3.077889999999999917e+37 1.614999999999999991e+00 2.545790000000000067e+29
5.130100000000000000e+13 1.151289999999999934e+32 3.049040000000000111e+37 1.610999999999999988e+00 2.527859999999999851e+29
5.081440000000000000e+13 1.135800000000000001e+32 3.020189999999999833e+37 1.606999999999999984e+00 2.509900000000000061e+29
5.032780000000000000e+13 1.120430000000000052e+32 2.991340000000000028e+37 1.602999999999999980e+00 2.491909999999999994e+29
4.984130000000000000e+13 1.105159999999999998e+32 2.962500000000000054e+37 1.600000000000000089e+00 2.473899999999999860e+29
4.935480000000000000e+13 1.089999999999999974e+32 2.933649999999999776e+37 1.596000000000000085e+00 2.455860000000000151e+29
4.886830000000000000e+13 1.074949999999999979e+32 2.904799999999999971e+37 1.592000000000000082e+00 2.437800000000000024e+29
4.838180000000000000e+13 1.060000000000000060e+32 2.875950000000000165e+37 1.588999999999999968e+00 2.419709999999999971e+29
4.789530000000000000e+13 1.045159999999999991e+32 2.847099999999999887e+37 1.586000000000000076e+00 2.401589999999999992e+29
4.740890000000000000e+13 1.030419999999999998e+32 2.818259999999999913e+37 1.582000000000000073e+00 2.383440000000000089e+29
4.692250000000000000e+13 1.015780000000000080e+32 2.789410000000000108e+37 1.578999999999999959e+00 2.365259999999999908e+29
4.643600000000000000e+13 1.001250000000000013e+32 2.760559999999999830e+37 1.576000000000000068e+00 2.347060000000000011e+29
4.594960000000000000e+13 9.868069999999999548e+31 2.731710000000000025e+37 1.572999999999999954e+00 2.328819999999999979e+29
4.546330000000000000e+13 9.724659999999999277e+31 2.702860000000000219e+37 1.570000000000000062e+00 2.310540000000000164e+29
4.497690000000000000e+13 9.582220000000000446e+31 2.674019999999999773e+37 1.566999999999999948e+00 2.292239999999999930e+29
4.449050000000000000e+13 9.440729999999999905e+31 2.645169999999999967e+37 1.564000000000000057e+00 2.273899999999999912e+29
4.400420000000000000e+13 9.300189999999999454e+31 2.616320000000000162e+37 1.562000000000000055e+00 2.255520000000000111e+29
4.351790000000000000e+13 9.160579999999999549e+31 2.587469999999999884e+37 1.558999999999999941e+00 2.237110000000000033e+29
4.303160000000000000e+13 9.021890000000000414e+31 2.558620000000000078e+37 1.556000000000000050e+00 2.218660000000000171e+29
4.254530000000000000e+13 8.884100000000000702e+31 2.529780000000000104e+37 1.554000000000000048e+00 2.200170000000000175e+29
4.205910000000000000e+13 8.747220000000000186e+31 2.500929999999999826e+37 1.552000000000000046e+00 2.181640000000000043e+29
4.157280000000000000e+13 8.611219999999999546e+31 2.472080000000000021e+37 1.548999999999999932e+00 2.163070000000000128e+29
4.108660000000000000e+13 8.476100000000000583e+31 2.443230000000000216e+37 1.546999999999999931e+00 2.144460000000000078e+29
4.060040000000000000e+13 8.341849999999999922e+31 2.414379999999999938e+37 1.544999999999999929e+00 2.125800000000000035e+29
4.011420000000000000e+13 8.208449999999999816e+31 2.385539999999999964e+37 1.542999999999999927e+00 2.107099999999999857e+29
3.962800000000000000e+13 8.075889999999999592e+31 2.356690000000000158e+37 1.540999999999999925e+00 2.088350000000000038e+29
3.914180000000000000e+13 7.944170000000000150e+31 2.327839999999999880e+37 1.538999999999999924e+00 2.069560000000000083e+29
3.865570000000000000e+13 7.813279999999999915e+31 2.298990000000000075e+37 1.538000000000000034e+00 2.050709999999999927e+29
3.816960000000000000e+13 7.683200000000000242e+31 2.270139999999999797e+37 1.536000000000000032e+00 2.031819999999999986e+29
3.768350000000000000e+13 7.553919999999999555e+31 2.241299999999999823e+37 1.534000000000000030e+00 2.012869999999999844e+29
3.719740000000000000e+13 7.425450000000000330e+31 2.212450000000000018e+37 1.532999999999999918e+00 1.993870000000000060e+29
3.671130000000000000e+13 7.297759999999999645e+31 2.183600000000000212e+37 1.532000000000000028e+00 1.974810000000000073e+29
3.622530000000000000e+13 7.170850000000000200e+31 2.154749999999999934e+37 1.530000000000000027e+00 1.955700000000000094e+29
3.573930000000000000e+13 7.044710000000000422e+31 2.125899999999999893e+37 1.528999999999999915e+00 1.936529999999999911e+29
3.525320000000000000e+13 6.919329999999999635e+31 2.097059999999999918e+37 1.528000000000000025e+00 1.917299999999999878e+29
3.476720000000000000e+13 6.794709999999999643e+31 2.068210000000000113e+37 1.526999999999999913e+00 1.898009999999999995e+29
3.428130000000000000e+13 6.670829999999999996e+31 2.039360000000000071e+37 1.526000000000000023e+00 1.878650000000000050e+29
3.379530000000000000e+13 6.547699999999999568e+31 2.010510000000000030e+37 1.526000000000000023e+00 1.859229999999999903e+29
3.330940000000000000e+13 6.425289999999999939e+31 1.981659999999999988e+37 1.524999999999999911e+00 1.839740000000000048e+29
3.282350000000000000e+13 6.303609999999999982e+31 1.952820000000000014e+37 1.524000000000000021e+00 1.820189999999999990e+29
3.233760000000000000e+13 6.182649999999999924e+31 1.923969999999999972e+37 1.524000000000000021e+00 1.800569999999999871e+29
3.185170000000000000e+13 6.062409999999999764e+31 1.895119999999999931e+37 1.524000000000000021e+00 1.780869999999999834e+29
3.136590000000000000e+13 5.942869999999999956e+31 1.866269999999999889e+37 1.522999999999999909e+00 1.761100000000000088e+29
3.088000000000000000e+13 5.824029999999999598e+31 1.837420000000000084e+37 1.522999999999999909e+00 1.741250000000000072e+29
3.039420000000000000e+13 5.705879999999999819e+31 1.808580000000000110e+37 1.522999999999999909e+00 1.721329999999999996e+29
2.990840000000000000e+13 5.588430000000000392e+31 1.779730000000000068e+37 1.522999999999999909e+00 1.701330000000000001e+29
2.942260000000000000e+13 5.471659999999999968e+31 1.750880000000000026e+37 1.524000000000000021e+00 1.681239999999999878e+29
2.893690000000000000e+13 5.355580000000000122e+31 1.722029999999999985e+37 1.524000000000000021e+00 1.661080000000000047e+29
2.845120000000000000e+13 5.240180000000000180e+31 1.693179999999999943e+37 1.524000000000000021e+00 1.640819999999999878e+29
2.796550000000000000e+13 5.125450000000000369e+31 1.664339999999999969e+37 1.524999999999999911e+00 1.620480000000000142e+29
2.747980000000000000e+13 5.011399999999999562e+31 1.635489999999999927e+37 1.526000000000000023e+00 1.600049999999999926e+29
2.699410000000000000e+13 4.898019999999999786e+31 1.606639999999999886e+37 1.526000000000000023e+00 1.579529999999999934e+29
2.650850000000000000e+13 4.785300000000000367e+31 1.577790000000000080e+37 1.526999999999999913e+00 1.558919999999999990e+29
2.602280000000000000e+13 4.673259999999999951e+31 1.548940000000000039e+37 1.528000000000000025e+00 1.538210000000000061e+29
2.553730000000000000e+13 4.561879999999999893e+31 1.520100000000000064e+37 1.528999999999999915e+00 1.517399999999999969e+29
2.505170000000000000e+13 4.451179999999999739e+31 1.491250000000000023e+37 1.530999999999999917e+00 1.496490000000000067e+29
2.456610000000000000e+13 4.341139999999999942e+31 1.462399999999999981e+37 1.532000000000000028e+00 1.475480000000000004e+29
2.408060000000000000e+13 4.231770000000000276e+31 1.433549999999999940e+37 1.532999999999999918e+00 1.454359999999999921e+29
2.359510000000000000e+13 4.123069999999999840e+31 1.404699999999999898e+37 1.534999999999999920e+00 1.433140000000000028e+29
2.310960000000000000e+13 4.015039999999999986e+31 1.375859999999999924e+37 1.536999999999999922e+00 1.411800000000000081e+29
2.262420000000000000e+13 3.907699999999999808e+31 1.347009999999999882e+37 1.538000000000000034e+00 1.390359999999999973e+29
2.213880000000000000e+13 3.801030000000000212e+31 1.318160000000000077e+37 1.540000000000000036e+00 1.368799999999999987e+29
2.165340000000000000e+13 3.695049999999999843e+31 1.289310000000000035e+37 1.542000000000000037e+00 1.347119999999999947e+29
2.116800000000000000e+13 3.589760000000000052e+31 1.260459999999999994e+37 1.544999999999999929e+00 1.325320000000000030e+29
2.068260000000000000e+13 3.485159999999999938e+31 1.231620000000000019e+37 1.546999999999999931e+00 1.303400000000000060e+29
2.019730000000000000e+13 3.381269999999999950e+31 1.202769999999999978e+37 1.548999999999999932e+00 1.281360000000000036e+29
1.971200000000000000e+13 3.278099999999999860e+31 1.173919999999999936e+37 1.552000000000000046e+00 1.259189999999999925e+29
1.922680000000000000e+13 3.175639999999999895e+31 1.145069999999999895e+37 1.554999999999999938e+00 1.236890000000000079e+29
1.874150000000000000e+13 3.073919999999999826e+31 1.116220000000000089e+37 1.556999999999999940e+00 1.214449999999999936e+29
1.825630000000000000e+13 2.972940000000000103e+31 1.087380000000000115e+37 1.560000000000000053e+00 1.191880000000000057e+29
1.777110000000000000e+13 2.872719999999999823e+31 1.058529999999999955e+37 1.564000000000000057e+00 1.169170000000000057e+29
1.728600000000000000e+13 2.773270000000000109e+31 1.029680000000000032e+37 1.566999999999999948e+00 1.146319999999999937e+29
1.680090000000000000e+13 2.674599999999999835e+31 1.000829999999999990e+37 1.570000000000000062e+00 1.123330000000000047e+29
1.631580000000000000e+13 2.576740000000000123e+31 9.719840000000000463e+36 1.574000000000000066e+00 1.100179999999999968e+29
1.583070000000000000e+13 2.479699999999999844e+31 9.431359999999999946e+36 1.576999999999999957e+00 1.076880000000000087e+29
1.534570000000000000e+13 2.383499999999999897e+31 9.142879999999999429e+36 1.580999999999999961e+00 1.053430000000000051e+29
1.486070000000000000e+13 2.288159999999999829e+31 8.854400000000000092e+36 1.584999999999999964e+00 1.029820000000000002e+29
1.437570000000000000e+13 2.193709999999999861e+31 8.565919999999999574e+36 1.588999999999999968e+00 1.006049999999999941e+29
1.389080000000000000e+13 2.100160000000000216e+31 8.277440000000000238e+36 1.592999999999999972e+00 9.821050000000000802e+28
1.340590000000000000e+13 2.007559999999999987e+31 7.988959999999999720e+36 1.596999999999999975e+00 9.579919999999999687e+28
1.292110000000000000e+13 1.915930000000000072e+31 7.700480000000000384e+36 1.602000000000000091e+00 9.337030000000000720e+28
1.243630000000000000e+13 1.825310000000000014e+31 7.411999999999999866e+36 1.606000000000000094e+00 9.092319999999999476e+28
1.195150000000000000e+13 1.735720000000000036e+31 7.123520000000000530e+36 1.610999999999999988e+00 8.845750000000000043e+28
1.146680000000000000e+13 1.647209999999999905e+31 6.835040000000000012e+36 1.616000000000000103e+00 8.597259999999999755e+28
1.098210000000000000e+13 1.559820000000000068e+31 6.546559999999999495e+36 1.620000000000000107e+00 8.346779999999999607e+28
1.049740000000000000e+13 1.473600000000000065e+31 6.258080000000000158e+36 1.625000000000000000e+00 8.094250000000000451e+28
1.001280000000000000e+13 1.388599999999999890e+31 5.969599999999999641e+36 1.631000000000000005e+00 7.839580000000000049e+28
9.528250000000000000e+12 1.304869999999999987e+31 5.681120000000000304e+36 1.635999999999999899e+00 7.582690000000000417e+28
9.043730000000000000e+12 1.222479999999999894e+31 5.392639999999999787e+36 1.641000000000000014e+00 7.323480000000000339e+28
8.559260000000000000e+12 1.141480000000000056e+31 5.104159999999999860e+36 1.645999999999999908e+00 7.061829999999999760e+28
8.074850000000000000e+12 1.061960000000000009e+31 4.815679999999999933e+36 1.651999999999999913e+00 6.797630000000000244e+28
7.590480000000000000e+12 9.839849999999999699e+30 4.527200000000000006e+36 1.657000000000000028e+00 6.530699999999999952e+28
7.106160000000000000e+12 9.076530000000000366e+30 4.238720000000000079e+36 1.661999999999999922e+00 6.260880000000000279e+28
6.621900000000000000e+12 8.330589999999999708e+30 3.950240000000000152e+36 1.667000000000000037e+00 5.987949999999999954e+28
6.137710000000000000e+12 7.603129999999999822e+30 3.661760000000000225e+36 1.671000000000000041e+00 5.711640000000000175e+28
5.653570000000000000e+12 6.895360000000000538e+30 3.373279999999999707e+36 1.675999999999999934e+00 5.431640000000000072e+28
5.169500000000000000e+12 6.208660000000000535e+30 3.084799999999999780e+36 1.679000000000000048e+00 5.147530000000000338e+28
4.685490000000000000e+12 5.544569999999999595e+30 2.796319999999999853e+36 1.681000000000000050e+00 4.858779999999999710e+28
4.201560000000000000e+12 4.904849999999999723e+30 2.507839999999999926e+36 1.681999999999999940e+00 4.564700000000000080e+28
3.717710000000000000e+12 4.291540000000000068e+30 2.219359999999999999e+36 1.679999999999999938e+00 4.264330000000000140e+28
3.233940000000000000e+12 3.706939999999999742e+30 1.930880000000000072e+36 1.675000000000000044e+00 3.956339999999999885e+28
2.750270000000000000e+12 3.153740000000000056e+30 1.642400000000000145e+36 1.663999999999999924e+00 3.638700000000000023e+28
2.266690000000000000e+12 2.634990000000000016e+30 1.353919999999999923e+36 1.643999999999999906e+00 3.308200000000000004e+28
1.783230000000000000e+12 2.153990000000000001e+30 1.065439999999999996e+36 1.610000000000000098e+00 2.959120000000000212e+28
4.299000000000000000e+11 7.805000000000000069e+29 2.572000000000000181e+35 1.330000000000000071e+00 1.506450000000000062e+28
4.188000000000000000e+11 7.537999999999999717e+29 2.505999999999999897e+35 1.330000000000000071e+00 1.455129999999999927e+28
3.325000000000000000e+11 5.815999999999999745e+29 1.990000000000000163e+35 1.330000000000000071e+00 1.165809999999999924e+28
2.640000000000000000e+11 4.472999999999999815e+29 1.581000000000000083e+35 1.330000000000000071e+00 9.297799999999999813e+27
2.096000000000000000e+11 3.289999999999999843e+29 1.256000000000000028e+35 1.330000000000000071e+00 6.841069999999999801e+27
1.844000000000000000e+11 2.892000000000000018e+29 1.105000000000000000e+35 1.330000000000000071e+00 6.221810000000000396e+27
1.664000000000000000e+11 2.597000000000000095e+29 9.975999999999999784e+34 1.330000000000000071e+00 3.996079999999999920e+27
1.322000000000000000e+11 2.033000000000000102e+29 7.923999999999999875e+34 1.330000000000000071e+00 3.293160000000000158e+27
1.049000000000000000e+11 1.494999999999999961e+29 6.294000000000000085e+34 1.330000000000000071e+00 2.422460000000000012e+27
8.332000000000000000e+10 1.100000000000000064e+29 4.999999999999999843e+34 1.330000000000000071e+00 1.782300000000000002e+27
6.617000000000000000e+10 8.088999999999999432e+28 3.971999999999999897e+34 1.330000000000000071e+00 1.311289999999999924e+27
5.254000000000000000e+10 5.949000000000000344e+28 3.155000000000000010e+34 1.330000000000000071e+00 9.646129999999999985e+26
4.172000000000000000e+10 4.628000000000000126e+28 2.505999999999999897e+34 1.330000000000000071e+00 7.875200000000000595e+26
3.313000000000000000e+10 3.403999999999999866e+28 1.989999999999999932e+34 1.330000000000000071e+00 5.791050000000000196e+26
2.631000000000000000e+10 2.502999999999999803e+28 1.580999999999999991e+34 1.330000000000000071e+00 4.261170000000000143e+26
2.090000000000000000e+10 1.938000000000000082e+28 1.255999999999999936e+34 1.330000000000000071e+00 3.451690000000000088e+26
1.659000000000000000e+10 1.425000000000000067e+28 9.976000000000000246e+33 1.330000000000000071e+00 2.538950000000000110e+26
1.318000000000000000e+10 1.048000000000000007e+28 7.924000000000000337e+33 1.330000000000000071e+00 1.867689999999999969e+26
1.046000000000000000e+10 7.701999999999999683e+27 6.294000000000000085e+33 1.330000000000000071e+00 1.373879999999999975e+26
8.312000000000000000e+09 5.662000000000000348e+27 4.999999999999999728e+33 1.330000000000000071e+00 1.010819999999999921e+26
6.601000000000000000e+09 4.362000000000000029e+27 3.972000000000000127e+33 1.330000000000000071e+00 8.130089999999999436e+25
4.164000000000000000e+09 2.356000000000000079e+27 2.505999999999999955e+33 1.330000000000000071e+00 4.399369999999999874e+25
2.626000000000000000e+09 1.272000000000000034e+27 1.580999999999999991e+33 1.330000000000000071e+00 2.380450000000000180e+25
1.657000000000000000e+09 6.859999999999999767e+26 9.975999999999999957e+32 1.330000000000000071e+00 1.288319999999999913e+25
1.316000000000000000e+09 5.036000000000000296e+26 7.924000000000000337e+32 1.330000000000000071e+00 9.477099999999999527e+24
1.045000000000000000e+09 4.128999999999999924e+26 6.293999999999999941e+32 1.330000000000000071e+00 6.794269999999999770e+24
8.301000000000000000e+08 3.039000000000000162e+26 4.999999999999999728e+32 1.330000000000000071e+00 4.998809999999999830e+24
5.237000000000000000e+08 1.628999999999999891e+26 3.154999999999999923e+32 1.330000000000000071e+00 2.705450000000000161e+24
3.304000000000000000e+08 8.737999999999999925e+25 1.990000000000000076e+32 1.330000000000000071e+00 1.463449999999999964e+24
2.624000000000000000e+08 6.675999999999999817e+25 1.580999999999999919e+32 1.330000000000000071e+00 1.123400000000000065e+24
1.315000000000000000e+08 2.603999999999999941e+25 7.923999999999999616e+31 1.330000000000000071e+00 4.472499999999999827e+23
6.589000000000000000e+07 1.006000000000000014e+25 3.972000000000000199e+31 1.330000000000000071e+00 1.780890000000000165e+23
3.302000000000000000e+07 3.832999999999999839e+24 1.989999999999999986e+31 1.330000000000000071e+00 7.086450000000000092e+22
1.655000000000000000e+07 1.435000000000000086e+24 9.975999999999999642e+30 1.330000000000000071e+00 2.822060000000000131e+22
8.293000000000000000e+06 5.250000000000000315e+23 4.999999999999999818e+30 1.330000000000000071e+00 1.123529999999999934e+22
6.588000000000000000e+06 3.910999999999999759e+23 3.972000000000000087e+30 1.330000000000000071e+00 8.163429999999999541e+21
2.622000000000000000e+06 9.754999999999999214e+22 1.581000000000000009e+30 1.330000000000000071e+00 2.390210000000000197e+21
1.044000000000000000e+06 2.318000000000000105e+22 6.293999999999999902e+29 1.330000000000000071e+00 6.999960000000000000e+20
4.156000000000000000e+05 5.265999999999999476e+21 2.505999999999999907e+29 1.330000000000000071e+00 2.050380000000000000e+20
1.654000000000000000e+05 1.151000000000000000e+21 9.976000000000000768e+28 1.330000000000000071e+00 6.004390000000000000e+19
6.587000000000000000e+04 2.431000000000000000e+20 3.972000000000000263e+28 1.330000000000000071e+00 1.758760000000000000e+19
2.622000000000000000e+04 4.968000000000000000e+19 1.581000000000000061e+28 1.330000000000000071e+00 5.149550000000000000e+18
1.044000000000000000e+04 9.744000000000000000e+18 6.294999999999999717e+27 1.330000000000000071e+00 1.508420000000000000e+18
