9.682364565500000000e+15 7.794810819800000018e+36 1.996400000000000060e+39 1.000000000000000000e+00 0.000000000000000000e+00
9.633926177500000000e+15 7.751216270599999547e+36 1.991399999999999925e+39 1.000000000000000000e+00 0.000000000000000000e+00
9.585609255900000000e+15 7.707731041199999960e+36 1.986400000000000093e+39 1.000000000000000000e+00 0.000000000000000000e+00
9.537413800800000000e+15 7.664355131600000078e+36 1.981399999999999958e+39 1.000000000000000000e+00 0.000000000000000000e+00
9.489339812100000000e+15 7.621088541700000248e+36 1.976400000000000125e+39 1.000000000000000000e+00 0.000000000000000000e+00
9.441387289800000000e+15 7.577931271699999774e+36 1.971399999999999990e+39 1.000000000000000000e+00 0.000000000000000000e+00
9.393556234000000000e+15 7.534883321500000184e+36 1.966399999999999855e+39 1.000000000000000000e+00 0.000000000000000000e+00
9.345846644700000000e+15 7.491944690999999466e+36 1.961400000000000022e+39 1.000000000000000000e+00 0.000000000000000000e+00
9.298258521700000000e+15 7.449115380400000465e+36 1.956399999999999887e+39 1.000000000000000000e+00 0.000000000000000000e+00
9.250791865200000000e+15 7.406395389599999988e+36 1.951400000000000055e+39 1.000000000000000000e+00 0.000000000000000000e+00
9.203446675200000000e+15 7.363784718499999563e+36 1.946399999999999920e+39 1.000000000000000000e+00 0.000000000000000000e+00
9.156222951600000000e+15 7.321283367299999674e+36 1.941400000000000087e+39 1.000000000000000000e+00 0.000000000000000000e+00
9.109120694400000000e+15 7.278891335899999490e+36 1.936399999999999952e+39 1.000000000000000000e+00 0.000000000000000000e+00
9.062139903700000000e+15 7.236608624200000538e+36 1.931400000000000119e+39 1.000000000000000000e+00 0.000000000000000000e+00
9.015280579500000000e+15 7.194435232399999762e+36 1.926399999999999984e+39 1.000000000000000000e+00 0.000000000000000000e+00
8.968542721600000000e+15 7.152371160300000218e+36 1.921399999999999849e+39 1.000000000000000000e+00 0.000000000000000000e+00
8.921926330300000000e+15 7.110416408100000030e+36 1.916400000000000017e+39 1.000000000000000000e+00 0.000000000000000000e+00
8.875431405300000000e+15 7.068570975599999895e+36 1.911399999999999882e+39 1.000000000000000000e+00 0.000000000000000000e+00
8.829057946800000000e+15 7.026834863000000296e+36 1.906400000000000049e+39 1.000000000000000000e+00 0.000000000000000000e+00
8.782805954800000000e+15 6.985208070099999569e+36 1.901399999999999914e+39 1.000000000000000000e+00 0.000000000000000000e+00
8.736675429100000000e+15 6.943690597100000559e+36 1.896400000000000081e+39 1.000000000000000000e+00 0.000000000000000000e+00
8.690666370000000000e+15 6.902282443800000420e+36 1.891399999999999947e+39 1.000000000000000000e+00 0.000000000000000000e+00
8.644778777300000000e+15 6.860983610399999637e+36 1.886400000000000114e+39 1.000000000000000000e+00 0.000000000000000000e+00
8.599012651000000000e+15 6.819794096700000087e+36 1.881399999999999979e+39 1.000000000000000000e+00 0.000000000000000000e+00
8.553367991100000000e+15 6.778713902899999893e+36 1.876400000000000146e+39 1.000000000000000000e+00 0.000000000000000000e+00
8.507844797700000000e+15 6.737743028799999752e+36 1.871400000000000011e+39 1.000000000000000000e+00 0.000000000000000000e+00
8.462443070800000000e+15 6.696881474500000494e+36 1.866399999999999876e+39 1.000000000000000000e+00 0.000000000000000000e+00
8.417162810300000000e+15 6.656129240099999413e+36 1.861400000000000044e+39 1.000000000000000000e+00 0.000000000000000000e+00
8.372004016200000000e+15 6.615486325399999564e+36 1.856399999999999909e+39 1.000000000000000000e+00 0.000000000000000000e+00
8.326966688600000000e+15 6.574952730499999419e+36 1.851400000000000076e+39 1.000000000000000000e+00 0.000000000000000000e+00
8.282050827400000000e+15 6.534528455499999811e+36 1.846399999999999941e+39 1.000000000000000000e+00 0.000000000000000000e+00
8.237256432600000000e+15 6.494213500200000254e+36 1.841400000000000108e+39 1.000000000000000000e+00 0.000000000000000000e+00
8.192583504300000000e+15 6.454007864700000402e+36 1.836399999999999973e+39 1.000000000000000000e+00 0.000000000000000000e+00
8.148032042500000000e+15 6.413911549099999906e+36 1.831400000000000141e+39 1.000000000000000000e+00 0.000000000000000000e+00
8.103602047100000000e+15 6.373924553199999462e+36 1.826400000000000006e+39 1.000000000000000000e+00 0.000000000000000000e+00
8.059293518100000000e+15 6.334046877099999903e+36 1.821399999999999871e+39 1.000000000000000000e+00 0.000000000000000000e+00
8.015106455600000000e+15 6.294278520800000048e+36 1.816400000000000038e+39 1.000000000000000000e+00 0.000000000000000000e+00
7.971040859500000000e+15 6.254619484399999549e+36 1.811399999999999903e+39 1.000000000000000000e+00 0.000000000000000000e+00
7.927096729800000000e+15 6.215069767700000282e+36 1.806400000000000070e+39 1.000000000000000000e+00 0.000000000000000000e+00
7.883274066600000000e+15 6.175629370799999539e+36 1.801399999999999935e+39 1.000000000000000000e+00 0.000000000000000000e+00
7.839572869900000000e+15 6.136298293699999681e+36 1.796400000000000103e+39 1.000000000000000000e+00 0.000000000000000000e+00
7.795993139500000000e+15 6.097076536399999526e+36 1.791399999999999968e+39 1.000000000000000000e+00 0.000000000000000000e+00
7.752534875700000000e+15 6.057964098999999909e+36 1.786400000000000135e+39 1.000000000000000000e+00 0.000000000000000000e+00
7.709198078200000000e+15 6.018960981300000343e+36 1.781400000000000000e+39 1.000000000000000000e+00 0.000000000000000000e+00
7.665982747300000000e+15 5.980067183400000481e+36 1.776399999999999865e+39 1.000000000000000000e+00 0.000000000000000000e+00
7.622888882700000000e+15 5.941282705300000324e+36 1.771400000000000032e+39 1.000000000000000000e+00 0.000000000000000000e+00
7.579916484600000000e+15 5.902607546999999871e+36 1.766399999999999897e+39 1.000000000000000000e+00 0.000000000000000000e+00
7.537065552900000000e+15 5.864041708500000302e+36 1.761400000000000065e+39 1.000000000000000000e+00 0.000000000000000000e+00
7.494336087700000000e+15 5.825585189800000437e+36 1.756399999999999930e+39 1.000000000000000000e+00 0.000000000000000000e+00
7.451728089000000000e+15 5.787237990900000277e+36 1.751400000000000097e+39 1.000000000000000000e+00 0.000000000000000000e+00
7.409241556600000000e+15 5.749000111799999820e+36 1.746399999999999962e+39 1.000000000000000000e+00 0.000000000000000000e+00
7.366876490700000000e+15 5.710871552500000248e+36 1.741400000000000129e+39 1.000000000000000000e+00 0.000000000000000000e+00
7.324632891300000000e+15 5.672852313000000381e+36 1.736399999999999994e+39 1.000000000000000000e+00 0.000000000000000000e+00
7.282510758300000000e+15 5.634942393300000217e+36 1.731399999999999859e+39 1.000000000000000000e+00 0.000000000000000000e+00
7.240510091700000000e+15 5.597141793399999757e+36 1.726400000000000027e+39 1.000000000000000000e+00 0.000000000000000000e+00
7.198630891600000000e+15 5.559450513300000182e+36 1.721399999999999892e+39 1.000000000000000000e+00 0.000000000000000000e+00
7.156873157900000000e+15 5.521868553000000311e+36 1.716400000000000059e+39 1.000000000000000000e+00 0.000000000000000000e+00
7.115236890700000000e+15 5.484395912500000144e+36 1.711399999999999924e+39 1.000000000000000000e+00 0.000000000000000000e+00
7.073722089900000000e+15 5.447032591799999682e+36 1.706400000000000091e+39 1.000000000000000000e+00 0.000000000000000000e+00
7.032328755600000000e+15 5.409778590900000104e+36 1.701399999999999956e+39 1.000000000000000000e+00 0.000000000000000000e+00
6.991056887700000000e+15 5.372633909700000578e+36 1.696400000000000124e+39 1.000000000000000000e+00 0.000000000000000000e+00
6.949906486200000000e+15 5.335598548400000408e+36 1.691399999999999989e+39 1.000000000000000000e+00 0.000000000000000000e+00
6.908877551200000000e+15 5.298672506899999942e+36 1.686399999999999854e+39 1.000000000000000000e+00 0.000000000000000000e+00
6.867970082600000000e+15 5.261855785199999770e+36 1.681400000000000021e+39 1.000000000000000000e+00 0.000000000000000000e+00
6.827184080500000000e+15 5.225148383299999893e+36 1.676399999999999886e+39 1.000000000000000000e+00 0.000000000000000000e+00
6.786519544800000000e+15 5.188550301100000068e+36 1.671400000000000053e+39 1.000000000000000000e+00 0.000000000000000000e+00
6.745976475500000000e+15 5.152061538800000189e+36 1.666399999999999919e+39 1.000000000000000000e+00 0.000000000000000000e+00
6.705554872700000000e+15 5.115682096300000014e+36 1.661400000000000086e+39 1.000000000000000000e+00 0.000000000000000000e+00
6.665254736400000000e+15 5.079411973600000134e+36 1.656399999999999951e+39 1.000000000000000000e+00 0.000000000000000000e+00
6.625076066400000000e+15 5.043251170599999716e+36 1.651400000000000118e+39 1.000000000000000000e+00 0.000000000000000000e+00
6.585018863000000000e+15 5.007199687499999834e+36 1.646399999999999983e+39 1.000000000000000000e+00 0.000000000000000000e+00
6.545083125900000000e+15 4.971257524200000246e+36 1.641400000000000150e+39 1.000000000000000000e+00 0.000000000000000000e+00
6.505268855300000000e+15 4.935424680600000121e+36 1.636400000000000016e+39 1.000000000000000000e+00 0.000000000000000000e+00
6.465576051200000000e+15 4.899701156899999941e+36 1.631399999999999881e+39 1.000000000000000000e+00 0.000000000000000000e+00
6.426004713500000000e+15 4.864086953000000056e+36 1.626400000000000048e+39 1.000000000000000000e+00 0.000000000000000000e+00
6.386554842200000000e+15 4.828582068800000223e+36 1.621399999999999913e+39 1.000000000000000000e+00 0.000000000000000000e+00
6.347226437400000000e+15 4.793186504499999746e+36 1.616400000000000080e+39 1.000000000000000000e+00 0.000000000000000000e+00
6.308019499000000000e+15 4.757900260000000154e+36 1.611399999999999945e+39 1.000000000000000000e+00 0.000000000000000000e+00
6.268934027100000000e+15 4.722723335200000024e+36 1.606400000000000113e+39 1.000000000000000000e+00 0.000000000000000000e+00
6.229970021600000000e+15 4.687655730299999840e+36 1.601399999999999978e+39 1.000000000000000000e+00 0.000000000000000000e+00
6.191127482500000000e+15 4.652697445099999708e+36 1.596400000000000145e+39 1.000000000000000000e+00 0.000000000000000000e+00
6.152406409900000000e+15 4.617848479800000112e+36 1.591400000000000010e+39 1.000000000000000000e+00 0.000000000000000000e+00
6.113806803800000000e+15 4.583108834199999979e+36 1.586399999999999875e+39 1.000000000000000000e+00 0.000000000000000000e+00
6.075328664000000000e+15 4.548478508499999792e+36 1.581400000000000042e+39 1.000000000000000000e+00 0.000000000000000000e+00
6.036971990800000000e+15 4.513957502500000247e+36 1.576399999999999907e+39 1.000000000000000000e+00 0.000000000000000000e+00
5.998736783900000000e+15 4.479545816400000058e+36 1.571400000000000075e+39 1.000000000000000000e+00 0.000000000000000000e+00
5.960623043500000000e+15 4.445243449999999921e+36 1.566399999999999940e+39 1.000000000000000000e+00 0.000000000000000000e+00
5.922630769600000000e+15 4.411050403499999731e+36 1.561400000000000107e+39 1.000000000000000000e+00 0.000000000000000000e+00
5.884759962100000000e+15 4.376966676700000183e+36 1.556399999999999972e+39 1.000000000000000000e+00 0.000000000000000000e+00
5.847010621000000000e+15 4.342992269799999991e+36 1.551400000000000139e+39 1.000000000000000000e+00 0.000000000000000000e+00
5.809382746400000000e+15 4.309127182599999851e+36 1.546400000000000004e+39 1.000000000000000000e+00 0.000000000000000000e+00
5.771876338200000000e+15 4.275371415200000006e+36 1.541399999999999869e+39 1.000000000000000000e+00 0.000000000000000000e+00
5.734491396500000000e+15 4.241724967700000107e+36 1.536400000000000037e+39 1.000000000000000000e+00 0.000000000000000000e+00
5.697227921200000000e+15 4.208187839900000260e+36 1.531399999999999902e+39 1.000000000000000000e+00 0.000000000000000000e+00
5.660085912300000000e+15 4.174760031900000117e+36 1.526400000000000069e+39 1.000000000000000000e+00 0.000000000000000000e+00
5.623065369900000000e+15 4.141441543799999920e+36 1.521399999999999934e+39 1.000000000000000000e+00 0.000000000000000000e+00
5.586166293900000000e+15 4.108232375399999776e+36 1.516400000000000101e+39 1.000000000000000000e+00 0.000000000000000000e+00
5.549388684400000000e+15 4.075132526799999926e+36 1.511399999999999966e+39 1.000000000000000000e+00 0.000000000000000000e+00
5.512732541300000000e+15 4.042141997999999780e+36 1.506400000000000134e+39 1.000000000000000000e+00 0.000000000000000000e+00
5.476197864700000000e+15 4.009260789100000170e+36 1.501399999999999999e+39 1.000000000000000000e+00 0.000000000000000000e+00
5.439784654500000000e+15 3.976488899900000023e+36 1.496399999999999864e+39 1.000000000000000000e+00 0.000000000000000000e+00
5.403492910700000000e+15 3.943826330500000169e+36 1.491400000000000031e+39 1.000000000000000000e+00 0.000000000000000000e+00
5.367322633400000000e+15 3.911273080900000020e+36 1.486399999999999896e+39 1.000000000000000000e+00 0.000000000000000000e+00
5.331273822600000000e+15 3.878829151199999817e+36 1.481400000000000063e+39 1.000000000000000000e+00 0.000000000000000000e+00
5.295346478100000000e+15 3.846494541200000257e+36 1.476399999999999928e+39 1.000000000000000000e+00 0.000000000000000000e+00
5.259540600200000000e+15 3.814269250999999810e+36 1.471400000000000096e+39 1.000000000000000000e+00 0.000000000000000000e+00
5.223856188600000000e+15 3.782153280600000248e+36 1.466399999999999961e+39 1.000000000000000000e+00 0.000000000000000000e+00
5.188293243500000000e+15 3.750146629999999800e+36 1.461400000000000128e+39 1.000000000000000000e+00 0.000000000000000000e+00
5.152851764900000000e+15 3.718249299200000236e+36 1.456399999999999993e+39 1.000000000000000000e+00 0.000000000000000000e+00
5.117531752700000000e+15 3.686461288199999786e+36 1.451399999999999858e+39 1.000000000000000000e+00 0.000000000000000000e+00
5.082333206900000000e+15 3.654782597000000221e+36 1.446400000000000025e+39 1.000000000000000000e+00 0.000000000000000000e+00
5.047256127600000000e+15 3.623213225700000012e+36 1.441399999999999891e+39 1.000000000000000000e+00 0.000000000000000000e+00
5.012300514700000000e+15 3.591753174099999855e+36 1.436400000000000058e+39 1.000000000000000000e+00 0.000000000000000000e+00
4.977466368200000000e+15 3.560402442299999992e+36 1.431399999999999923e+39 1.000000000000000000e+00 0.000000000000000000e+00
4.942753688200000000e+15 3.529161030299999834e+36 1.426400000000000090e+39 1.000000000000000000e+00 0.000000000000000000e+00
4.908162474700000000e+15 3.498028938099999970e+36 1.421399999999999955e+39 1.000000000000000000e+00 0.000000000000000000e+00
4.873692727600000000e+15 3.467006165699999809e+36 1.416400000000000122e+39 1.000000000000000000e+00 0.000000000000000000e+00
4.839344446900000000e+15 3.436092713099999944e+36 1.411399999999999988e+39 1.000000000000000000e+00 0.000000000000000000e+00
4.805117632700000000e+15 3.405288580299999782e+36 1.406399999999999853e+39 1.000000000000000000e+00 0.000000000000000000e+00
4.771012284900000000e+15 3.374593767200000263e+36 1.401400000000000020e+39 1.000000000000000000e+00 0.000000000000000000e+00
4.737028403500000000e+15 3.344008274000000099e+36 1.396399999999999885e+39 1.000000000000000000e+00 0.000000000000000000e+00
4.703165988600000000e+15 3.313532100600000230e+36 1.391400000000000052e+39 1.000000000000000000e+00 0.000000000000000000e+00
4.669425040200000000e+15 3.283165247000000065e+36 1.386399999999999917e+39 1.000000000000000000e+00 0.000000000000000000e+00
4.635805558200000000e+15 3.252907713200000195e+36 1.381400000000000085e+39 1.000000000000000000e+00 0.000000000000000000e+00
4.602307542600000000e+15 3.222759499200000029e+36 1.376399999999999950e+39 1.000000000000000000e+00 0.000000000000000000e+00
4.568930993500000000e+15 3.192720605000000157e+36 1.371400000000000117e+39 1.000000000000000000e+00 0.000000000000000000e+00
4.535675910800000000e+15 3.162791030599999989e+36 1.366399999999999982e+39 1.000000000000000000e+00 0.000000000000000000e+00
4.502542294500000000e+15 3.132970775899999873e+36 1.361400000000000149e+39 1.000000000000000000e+00 0.000000000000000000e+00
4.469530144700000000e+15 3.103259841100000293e+36 1.356400000000000014e+39 1.000000000000000000e+00 0.000000000000000000e+00
4.436639461400000000e+15 3.073658226099999828e+36 1.351400000000000030e+39 1.000000000000000000e+00 0.000000000000000000e+00
4.403870244500000000e+15 3.044165930900000247e+36 1.346400000000000047e+39 1.000000000000000000e+00 0.000000000000000000e+00
4.371222494000000000e+15 3.014782955499999780e+36 1.341400000000000063e+39 1.000000000000000000e+00 0.000000000000000000e+00
4.338696210000000000e+15 2.985509299799999955e+36 1.336399999999999928e+39 1.000000000000000000e+00 0.000000000000000000e+00
4.306291392400000000e+15 2.956344964000000077e+36 1.331399999999999944e+39 1.000000000000000000e+00 0.000000000000000000e+00
4.274008041200000000e+15 2.927289947999999903e+36 1.326399999999999960e+39 1.000000000000000000e+00 0.000000000000000000e+00
4.241846156500000000e+15 2.898344251699999781e+36 1.321399999999999976e+39 1.000000000000000000e+00 0.000000000000000000e+00
4.209805738300000000e+15 2.869507875300000195e+36 1.316399999999999993e+39 1.000000000000000000e+00 0.000000000000000000e+00
4.177886786500000000e+15 2.840780818699999723e+36 1.311400000000000009e+39 1.000000000000000000e+00 0.000000000000000000e+00
4.146089301100000000e+15 2.812163081799999894e+36 1.306400000000000025e+39 1.000000000000000000e+00 0.000000000000000000e+00
4.114413282200000000e+15 2.783654664800000011e+36 1.301400000000000041e+39 1.000000000000000000e+00 0.000000000000000000e+00
4.082858729700000000e+15 2.755255567599999832e+36 1.296400000000000057e+39 1.000000000000000000e+00 0.000000000000000000e+00
4.051425643600000000e+15 2.726965790099999705e+36 1.291400000000000073e+39 1.000000000000000000e+00 0.000000000000000000e+00
4.020114024000000000e+15 2.698785332500000115e+36 1.286399999999999938e+39 1.000000000000000000e+00 0.000000000000000000e+00
3.988923870900000000e+15 2.670714194599999986e+36 1.281399999999999955e+39 1.000000000000000000e+00 0.000000000000000000e+00
3.957855184200000000e+15 2.642752376600000100e+36 1.276399999999999971e+39 1.000000000000000000e+00 0.000000000000000000e+00
3.926907963900000000e+15 2.614899878299999970e+36 1.271399999999999987e+39 1.000000000000000000e+00 0.000000000000000000e+00
3.896082210000000000e+15 2.587156699900000081e+36 1.266400000000000003e+39 1.000000000000000000e+00 0.000000000000000000e+00
3.865377922700000000e+15 2.559522841199999950e+36 1.261400000000000019e+39 1.000000000000000000e+00 0.000000000000000000e+00
3.834795101700000000e+15 2.531998302400000059e+36 1.256400000000000035e+39 1.000000000000000000e+00 0.000000000000000000e+00
3.804333747200000000e+15 2.504583083299999926e+36 1.251400000000000052e+39 1.000000000000000000e+00 0.000000000000000000e+00
3.773993859100000000e+15 2.477277184100000035e+36 1.246400000000000068e+39 1.000000000000000000e+00 0.000000000000000000e+00
3.743775437500000000e+15 2.450080604599999900e+36 1.241399999999999933e+39 1.000000000000000000e+00 0.000000000000000000e+00
3.713678482400000000e+15 2.422993345000000007e+36 1.236399999999999949e+39 1.000000000000000000e+00 0.000000000000000000e+00
3.683702993600000000e+15 2.396015405099999871e+36 1.231399999999999965e+39 1.000000000000000000e+00 0.000000000000000000e+00
3.653848971300000000e+15 2.369146785099999976e+36 1.226399999999999981e+39 1.000000000000000000e+00 0.000000000000000000e+00
3.624116415500000000e+15 2.342387484800000133e+36 1.221399999999999997e+39 1.000000000000000000e+00 0.000000000000000000e+00
3.594505326100000000e+15 2.315737504299999995e+36 1.216400000000000014e+39 1.000000000000000000e+00 0.000000000000000000e+00
3.565015703100000000e+15 2.289196843700000097e+36 1.211400000000000030e+39 1.000000000000000000e+00 0.000000000000000000e+00
3.535647546600000000e+15 2.262765502799999957e+36 1.206400000000000046e+39 1.000000000000000000e+00 0.000000000000000000e+00
3.506400856500000000e+15 2.236443481700000111e+36 1.201400000000000062e+39 1.000000000000000000e+00 0.000000000000000000e+00
3.477275632900000000e+15 2.210230780499999917e+36 1.196399999999999927e+39 1.000000000000000000e+00 0.000000000000000000e+00
3.448271875700000000e+15 2.184127399000000069e+36 1.191399999999999943e+39 1.000000000000000000e+00 0.000000000000000000e+00
3.419389585000000000e+15 2.158133337299999926e+36 1.186399999999999960e+39 1.000000000000000000e+00 0.000000000000000000e+00
3.390628760700000000e+15 2.132248595400000077e+36 1.181399999999999976e+39 1.000000000000000000e+00 0.000000000000000000e+00
3.361989402800000000e+15 2.106473173399999880e+36 1.176399999999999992e+39 1.000000000000000000e+00 0.000000000000000000e+00
3.333471511400000000e+15 2.080807071100000029e+36 1.171400000000000008e+39 1.000000000000000000e+00 0.000000000000000000e+00
3.305075086400000000e+15 2.055250288599999883e+36 1.166400000000000024e+39 1.000000000000000000e+00 0.000000000000000000e+00
3.276800127900000000e+15 2.029802825900000030e+36 1.161400000000000040e+39 1.000000000000000000e+00 0.000000000000000000e+00
3.248646635800000000e+15 2.004464682999999882e+36 1.156400000000000057e+39 1.000000000000000000e+00 0.000000000000000000e+00
3.220614610100000000e+15 1.979235859999999976e+36 1.151400000000000073e+39 1.000000000000000000e+00 0.000000000000000000e+00
3.192704050900000000e+15 1.954116356700000122e+36 1.146399999999999938e+39 1.000000000000000000e+00 0.000000000000000000e+00
3.164914958100000000e+15 1.929106173199999971e+36 1.141399999999999954e+39 1.000000000000000000e+00 0.000000000000000000e+00
3.137247331800000000e+15 1.904205309500000115e+36 1.136399999999999970e+39 1.000000000000000000e+00 0.000000000000000000e+00
3.109701171900000000e+15 1.879413765599999963e+36 1.131399999999999986e+39 1.000000000000000000e+00 0.000000000000000000e+00
3.082276478500000000e+15 1.854731541500000106e+36 1.126400000000000002e+39 1.000000000000000000e+00 0.000000000000000000e+00
3.054973251500000000e+15 1.830158637199999952e+36 1.121400000000000019e+39 1.000000000000000000e+00 0.000000000000000000e+00
3.027791491000000000e+15 1.805695052700000093e+36 1.116400000000000035e+39 1.000000000000000000e+00 0.000000000000000000e+00
3.000731196900000000e+15 1.781340787999999938e+36 1.111400000000000051e+39 1.000000000000000000e+00 0.000000000000000000e+00
2.973792369200000000e+15 1.757095843100000077e+36 1.106400000000000067e+39 1.000000000000000000e+00 0.000000000000000000e+00
2.946975008000000000e+15 1.732960217999999921e+36 1.101399999999999932e+39 1.000000000000000000e+00 0.000000000000000000e+00
2.920279113200000000e+15 1.708933912700000059e+36 1.096399999999999948e+39 1.000000000000000000e+00 0.000000000000000000e+00
2.893704684900000000e+15 1.685016927199999900e+36 1.091399999999999965e+39 1.000000000000000000e+00 0.000000000000000000e+00
2.867251723000000000e+15 1.661209261500000037e+36 1.086399999999999981e+39 1.000000000000000000e+00 0.000000000000000000e+00
2.840920227500000000e+15 1.637510915599999877e+36 1.081399999999999997e+39 1.000000000000000000e+00 0.000000000000000000e+00
2.814710198500000000e+15 1.613921889500000012e+36 1.076400000000000013e+39 1.000000000000000000e+00 0.000000000000000000e+00
2.788621635900000000e+15 1.590442183200000145e+36 1.071400000000000029e+39 1.000000000000000000e+00 0.000000000000000000e+00
2.762654539800000000e+15 1.567071796699999983e+36 1.066400000000000045e+39 1.000000000000000000e+00 0.000000000000000000e+00
2.736808910100000000e+15 1.543810730000000116e+36 1.061400000000000062e+39 1.000000000000000000e+00 0.000000000000000000e+00
2.711084746900000000e+15 1.520658983099999952e+36 1.056399999999999927e+39 1.000000000000000000e+00 0.000000000000000000e+00
2.685482050100000000e+15 1.497616555900000135e+36 1.051399999999999943e+39 1.000000000000000000e+00 0.000000000000000000e+00
2.660000819800000000e+15 1.474683448599999970e+36 1.046399999999999959e+39 1.000000000000000000e+00 0.000000000000000000e+00
2.634641055800000000e+15 1.451859661100000099e+36 1.041399999999999975e+39 1.000000000000000000e+00 0.000000000000000000e+00
2.609402758400000000e+15 1.429145193399999933e+36 1.036399999999999991e+39 1.000000000000000000e+00 0.000000000000000000e+00
2.584285927400000000e+15 1.406540045500000060e+36 1.031400000000000007e+39 1.000000000000000000e+00 0.000000000000000000e+00
2.559290562800000000e+15 1.384044217299999945e+36 1.026400000000000024e+39 1.000000000000000000e+00 0.000000000000000000e+00
2.534416664600000000e+15 1.361657709000000071e+36 1.021400000000000040e+39 1.000000000000000000e+00 0.000000000000000000e+00
2.509664232900000000e+15 1.339380520499999901e+36 1.016400000000000056e+39 1.000000000000000000e+00 0.000000000000000000e+00
2.485033267700000000e+15 1.317212651800000025e+36 1.011400000000000072e+39 1.000000000000000000e+00 0.000000000000000000e+00
2.460523768900000000e+15 1.295154102800000054e+36 1.006399999999999937e+39 1.000000000000000000e+00 0.000000000000000000e+00
2.436135736500000000e+15 1.273204873700000030e+36 1.001399999999999953e+39 1.000000000000000000e+00 0.000000000000000000e+00
2.411859488300000000e+15 1.251356250300000056e+36 9.963979999999999466e+38 1.000000000000000000e+00 0.000000000000000000e+00
2.387714437400000000e+15 1.229625704499999976e+36 9.913979999999999628e+38 1.000000000000000000e+00 0.000000000000000000e+00
2.363690852900000000e+15 1.208004478500000044e+36 9.863979999999999789e+38 1.000000000000000000e+00 0.000000000000000000e+00
2.339788734900000000e+15 1.186492572299999963e+36 9.813979999999999951e+38 1.000000000000000000e+00 0.000000000000000000e+00
2.316008083300000000e+15 1.165089985799999934e+36 9.763980000000000113e+38 1.000000000000000000e+00 0.000000000000000000e+00
2.292348898200000000e+15 1.143796719199999999e+36 9.713980000000000274e+38 1.000000000000000000e+00 0.000000000000000000e+00
2.268811179500000000e+15 1.122612772400000063e+36 9.663980000000000436e+38 1.000000000000000000e+00 0.000000000000000000e+00
2.245394927300000000e+15 1.101538145399999979e+36 9.613980000000000598e+38 1.000000000000000000e+00 0.000000000000000000e+00
2.222100141500000000e+15 1.080572838200000042e+36 9.563979999999999248e+38 1.000000000000000000e+00 0.000000000000000000e+00
2.198926822100000000e+15 1.059716850799999956e+36 9.513979999999999410e+38 1.000000000000000000e+00 0.000000000000000000e+00
2.175874969200000000e+15 1.038970183200000017e+36 9.463979999999999572e+38 1.000000000000000000e+00 0.000000000000000000e+00
2.152944582800000000e+15 1.018332835299999983e+36 9.413979999999999733e+38 1.000000000000000000e+00 0.000000000000000000e+00
2.130135662700000000e+15 9.978048073099999488e+35 9.363979999999999895e+38 1.000000000000000000e+00 0.000000000000000000e+00
2.107448209100000000e+15 9.773860990799999939e+35 9.313980000000000057e+38 1.000000000000000000e+00 0.000000000000000000e+00
2.084882222000000000e+15 9.570767106599999444e+35 9.263980000000000218e+38 1.000000000000000000e+00 0.000000000000000000e+00
2.062437701300000000e+15 9.368766420299999880e+35 9.213980000000000380e+38 1.000000000000000000e+00 0.000000000000000000e+00
2.040114647100000000e+15 9.167858932000000308e+35 9.163980000000000542e+38 1.000000000000000000e+00 0.000000000000000000e+00
2.017913059200000000e+15 8.968044641700000728e+35 9.113980000000000703e+38 1.000000000000000000e+00 0.000000000000000000e+00
1.995832937900000000e+15 8.769323549300000603e+35 9.063979999999999354e+38 1.000000000000000000e+00 0.000000000000000000e+00
1.973874282900000000e+15 8.571695654999999532e+35 9.013979999999999516e+38 1.000000000000000000e+00 0.000000000000000000e+00
1.952037094500000000e+15 8.375160958599999391e+35 8.963979999999999677e+38 1.000000000000000000e+00 0.000000000000000000e+00
1.930321372400000000e+15 8.179719460299999780e+35 8.913979999999999839e+38 1.000000000000000000e+00 0.000000000000000000e+00
1.908727116800000000e+15 7.985371159899999624e+35 8.863980000000000001e+38 1.000000000000000000e+00 0.000000000000000000e+00
1.887254327700000000e+15 7.792116057499999459e+35 8.813980000000000162e+38 1.000000000000000000e+00 0.000000000000000000e+00
1.865903005000000000e+15 7.599954153099999287e+35 8.763980000000000324e+38 1.000000000000000000e+00 0.000000000000000000e+00
1.844673148700000000e+15 7.408885446600000046e+35 8.713980000000000486e+38 1.000000000000000000e+00 0.000000000000000000e+00
1.823564758900000000e+15 7.218909938199999858e+35 8.663980000000000647e+38 1.000000000000000000e+00 0.000000000000000000e+00
1.802577835500000000e+15 7.030027627700000601e+35 8.613979999999999298e+38 3.288329519499999964e+00 0.000000000000000000e+00
1.787623911900000000e+15 6.896733249900000225e+35 8.563979999999999460e+38 3.288329519499999964e+00 0.000000000000000000e+00
1.772755882900000000e+15 6.765207866599999381e+35 8.513979999999999621e+38 3.288329519499999964e+00 0.000000000000000000e+00
1.757973102900000000e+15 6.635438183200000212e+35 8.463979999999999783e+38 3.288329519499999964e+00 0.000000000000000000e+00
1.743274927400000000e+15 6.507410927300000226e+35 8.413979999999999945e+38 3.288329519499999964e+00 0.000000000000000000e+00
1.728660713100000000e+15 6.381112849200000143e+35 8.363980000000000106e+38 3.288329519499999964e+00 0.000000000000000000e+00
1.714129817800000000e+15 6.256530721900000209e+35 8.313980000000000268e+38 3.288329519499999964e+00 0.000000000000000000e+00
1.699681600200000000e+15 6.133651341199999992e+35 8.263980000000000430e+38 3.288329519499999964e+00 0.000000000000000000e+00
1.685315420500000000e+15 6.012461525799999661e+35 8.213980000000000591e+38 3.288329519499999964e+00 0.000000000000000000e+00
1.671030639600000000e+15 5.892948117200000186e+35 8.163980000000000753e+38 3.288329519499999964e+00 0.000000000000000000e+00
1.656826619700000000e+15 5.775097980200000119e+35 8.113979999999999404e+38 3.288329519499999964e+00 0.000000000000000000e+00
1.642702724300000000e+15 5.658898002599999890e+35 8.063979999999999565e+38 3.288329519499999964e+00 0.000000000000000000e+00
1.628658317800000000e+15 5.544335095600000262e+35 8.013979999999999727e+38 3.288329519499999964e+00 0.000000000000000000e+00
1.614692765700000000e+15 5.431396193700000322e+35 7.963979999999999889e+38 3.288329519499999964e+00 0.000000000000000000e+00
1.600805434800000000e+15 5.320068254800000228e+35 7.913980000000000050e+38 3.288329519499999964e+00 0.000000000000000000e+00
1.586995693000000000e+15 5.210338260700000213e+35 7.863980000000000212e+38 3.288329519499999964e+00 0.000000000000000000e+00
1.573262909400000000e+15 5.102193216600000106e+35 7.813980000000000374e+38 3.288329519499999964e+00 0.000000000000000000e+00
1.559606454100000000e+15 4.995620151599999807e+35 7.763980000000000535e+38 3.288329519499999964e+00 0.000000000000000000e+00
1.546025698400000000e+15 4.890606118600000226e+35 7.713980000000000697e+38 3.288329519499999964e+00 0.000000000000000000e+00
1.532520014900000000e+15 4.787138194800000069e+35 7.663979999999999348e+38 3.288329519499999964e+00 0.000000000000000000e+00
1.519088777300000000e+15 4.685203481199999787e+35 7.613979999999999509e+38 3.288329519499999964e+00 0.000000000000000000e+00
1.505731360500000000e+15 4.584789103199999641e+35 7.563979999999999671e+38 3.288329519499999964e+00 0.000000000000000000e+00
1.492447140400000000e+15 4.485882210700000236e+35 7.513979999999999833e+38 3.288329519499999964e+00 0.000000000000000000e+00
1.479235494400000000e+15 4.388469977699999634e+35 7.463979999999999994e+38 3.288329519499999964e+00 0.000000000000000000e+00
1.466095800800000000e+15 4.292539603099999867e+35 7.413980000000000156e+38 3.288329519499999964e+00 0.000000000000000000e+00
1.453027439300000000e+15 4.198078310400000163e+35 7.363980000000000318e+38 3.288329519499999964e+00 0.000000000000000000e+00
1.440029790700000000e+15 4.105073347900000230e+35 7.313980000000000479e+38 3.288329519499999964e+00 0.000000000000000000e+00
1.427102237100000000e+15 4.013511988899999855e+35 7.263980000000000641e+38 3.288329519499999964e+00 0.000000000000000000e+00
1.414244161700000000e+15 3.923381531699999647e+35 7.213979999999999292e+38 3.288329519499999964e+00 0.000000000000000000e+00
1.401454949100000000e+15 3.834669299700000096e+35 7.163979999999999453e+38 3.288329519499999964e+00 0.000000000000000000e+00
1.388733984800000000e+15 3.747362641899999829e+35 7.113979999999999615e+38 3.288329519499999964e+00 0.000000000000000000e+00
1.376080656000000000e+15 3.661448932400000310e+35 7.063979999999999777e+38 3.288329519499999964e+00 0.000000000000000000e+00
1.363494350700000000e+15 3.576915571000000201e+35 7.013979999999999938e+38 3.288329519499999964e+00 0.000000000000000000e+00
1.350974458400000000e+15 3.493749983300000336e+35 6.963980000000000100e+38 3.288329519499999964e+00 0.000000000000000000e+00
1.338520369900000000e+15 3.411939620499999686e+35 6.913980000000000262e+38 3.288329519499999964e+00 0.000000000000000000e+00
1.326131477000000000e+15 3.331471959900000266e+35 6.863980000000000423e+38 3.288329519499999964e+00 0.000000000000000000e+00
1.313807172900000000e+15 3.252334504900000124e+35 6.813980000000000585e+38 3.288329519499999964e+00 0.000000000000000000e+00
1.301546852200000000e+15 3.174514784999999978e+35 6.763979999999999991e+38 3.288329519499999964e+00 0.000000000000000000e+00
1.289349910700000000e+15 3.098000356199999838e+35 6.713980000000000153e+38 3.288329519499999964e+00 0.000000000000000000e+00
1.277215745300000000e+15 3.022778800800000140e+35 6.663980000000000315e+38 3.288329519499999964e+00 0.000000000000000000e+00
1.265143754500000000e+15 2.948837728000000177e+35 6.613979999999999721e+38 3.288329519499999964e+00 0.000000000000000000e+00
1.253133337900000000e+15 2.876164773600000176e+35 6.563979999999999882e+38 3.288329519499999964e+00 0.000000000000000000e+00
1.241183896400000000e+15 2.804747600200000156e+35 6.513980000000000044e+38 3.288329519499999964e+00 0.000000000000000000e+00
1.229294832300000000e+15 2.734573897799999839e+35 6.463980000000000206e+38 3.288329519499999964e+00 0.000000000000000000e+00
1.217465549300000000e+15 2.665631383400000184e+35 6.413980000000000367e+38 3.288329519499999964e+00 0.000000000000000000e+00
1.205695452200000000e+15 2.597907801299999834e+35 6.363979999999999774e+38 3.288329519499999964e+00 0.000000000000000000e+00
1.193983947300000000e+15 2.531390923499999853e+35 6.313979999999999935e+38 3.288329519499999964e+00 0.000000000000000000e+00
1.182330442200000000e+15 2.466068549599999865e+35 6.263980000000000097e+38 3.288329519499999964e+00 0.000000000000000000e+00
1.170734345800000000e+15 2.401928506999999867e+35 6.213980000000000259e+38 3.288329519499999964e+00 0.000000000000000000e+00
1.159195068500000000e+15 2.338958651000000029e+35 6.163979999999999665e+38 3.288329519499999964e+00 0.000000000000000000e+00
1.147712022000000000e+15 2.277146865300000063e+35 6.113979999999999826e+38 3.288329519499999964e+00 0.000000000000000000e+00
1.136284619200000000e+15 2.216481061600000020e+35 6.063979999999999988e+38 3.288329519499999964e+00 0.000000000000000000e+00
1.124912274700000000e+15 2.156949180199999829e+35 6.013980000000000150e+38 3.288329519499999964e+00 0.000000000000000000e+00
1.113594404200000000e+15 2.098539190200000004e+35 5.963980000000000311e+38 3.288329519499999964e+00 0.000000000000000000e+00
1.102330425100000000e+15 2.041239089299999826e+35 5.913979999999999718e+38 3.288329519499999964e+00 0.000000000000000000e+00
1.091119755800000000e+15 1.985036904100000070e+35 5.863979999999999879e+38 3.288329519499999964e+00 0.000000000000000000e+00
1.079961816500000000e+15 1.929920690699999951e+35 5.813980000000000041e+38 3.288329519499999964e+00 0.000000000000000000e+00
1.068856028600000000e+15 1.875878534100000174e+35 5.763980000000000203e+38 3.288329519499999964e+00 0.000000000000000000e+00
1.057801815000000000e+15 1.822898549199999824e+35 5.713980000000000364e+38 3.288329519499999964e+00 0.000000000000000000e+00
1.046798600200000000e+15 1.770968880400000117e+35 5.663979999999999770e+38 3.288329519499999964e+00 0.000000000000000000e+00
1.035845809800000000e+15 1.720077701799999944e+35 5.613979999999999932e+38 3.288329519499999964e+00 0.000000000000000000e+00
1.024942871100000000e+15 1.670213218000000167e+35 5.563980000000000094e+38 3.288329519499999964e+00 0.000000000000000000e+00
1.014089212900000000e+15 1.621363663400000044e+35 5.513980000000000255e+38 3.288329519499999964e+00 0.000000000000000000e+00
1.003284265300000000e+15 1.573517303200000020e+35 5.463979999999999662e+38 3.288329519499999964e+00 0.000000000000000000e+00
9.925274601100000000e+14 1.526662432999999948e+35 5.413979999999999823e+38 3.288329519499999964e+00 0.000000000000000000e+00
9.818182304500000000e+14 1.480787379299999928e+35 5.363979999999999985e+38 3.288329519499999964e+00 0.000000000000000000e+00
9.711560110100000000e+14 1.435880499800000078e+35 5.313980000000000147e+38 3.288329519499999964e+00 0.000000000000000000e+00
9.605402380200000000e+14 1.391930183200000013e+35 5.263980000000000308e+38 3.288329519499999964e+00 0.000000000000000000e+00
9.499703492200000000e+14 1.348924849900000020e+35 5.213979999999999714e+38 3.288329519499999964e+00 0.000000000000000000e+00
9.394457838800000000e+14 1.306852951799999989e+35 5.163979999999999876e+38 3.288329519499999964e+00 0.000000000000000000e+00
9.289659828400000000e+14 1.265702972700000083e+35 5.113980000000000038e+38 3.288329519499999964e+00 0.000000000000000000e+00
9.185303884700000000e+14 1.225463428599999956e+35 5.063980000000000199e+38 3.288329519499999964e+00 0.000000000000000000e+00
9.081384447300000000e+14 1.186122867800000025e+35 5.013980000000000361e+38 3.288329519499999964e+00 0.000000000000000000e+00
8.977895971600000000e+14 1.147669871099999963e+35 4.963979999999999767e+38 3.288329519499999964e+00 0.000000000000000000e+00
8.874832928800000000e+14 1.110093051999999960e+35 4.913979999999999929e+38 3.288329519499999964e+00 0.000000000000000000e+00
8.772189806300000000e+14 1.073381057300000075e+35 4.863980000000000091e+38 3.288329519499999964e+00 0.000000000000000000e+00
8.669961107600000000e+14 1.037522566900000080e+35 4.813980000000000252e+38 3.288329519499999964e+00 0.000000000000000000e+00
8.568141352300000000e+14 1.002506294099999967e+35 4.763979999999999658e+38 3.288329519499999964e+00 0.000000000000000000e+00
8.466725076500000000e+14 9.683209861800000781e+34 4.713979999999999820e+38 3.288329519499999964e+00 0.000000000000000000e+00
8.365706833000000000e+14 9.349554241900000510e+34 4.663979999999999982e+38 3.288329519499999964e+00 0.000000000000000000e+00
8.265081191000000000e+14 9.023984235799999524e+34 4.613980000000000143e+38 3.288329519499999964e+00 0.000000000000000000e+00
8.164842736500000000e+14 8.706388342799999349e+34 4.563980000000000305e+38 3.288329519499999964e+00 0.000000000000000000e+00
8.064986072300000000e+14 8.396655410199999643e+34 4.513979999999999711e+38 3.288329519499999964e+00 0.000000000000000000e+00
7.965505818500000000e+14 8.094674635600000046e+34 4.463979999999999873e+38 3.288329519499999964e+00 0.000000000000000000e+00
7.866396612200000000e+14 7.800335570299999818e+34 4.413980000000000035e+38 3.288329519499999964e+00 0.000000000000000000e+00
7.767653107700000000e+14 7.513528121400000093e+34 4.363980000000000196e+38 3.288329519499999964e+00 0.000000000000000000e+00
7.669151463300000000e+14 7.236639884800000427e+34 4.313980000000000358e+38 3.040816326499999889e+00 0.000000000000000000e+00
7.571108469400000000e+14 6.984597829000000181e+34 4.263979999999999764e+38 3.040816326499999889e+00 0.000000000000000000e+00
7.473389963800000000e+14 6.738515761599999561e+34 4.213979999999999926e+38 3.040816326499999889e+00 0.000000000000000000e+00
7.375991987200000000e+14 6.498320960000000222e+34 4.163980000000000088e+38 3.040816326499999889e+00 0.000000000000000000e+00
7.278910582000000000e+14 6.263940736699999894e+34 4.113980000000000249e+38 3.040816326499999889e+00 0.000000000000000000e+00
7.182141792800000000e+14 6.035302440000000207e+34 4.063979999999999655e+38 3.040816326499999889e+00 0.000000000000000000e+00
7.085681666100000000e+14 5.812333454100000029e+34 4.013979999999999817e+38 3.040816326499999889e+00 0.000000000000000000e+00
6.989526250300000000e+14 5.594961199599999998e+34 3.963979999999999979e+38 3.040816326499999889e+00 0.000000000000000000e+00
6.893671595900000000e+14 5.383113134100000405e+34 3.913980000000000140e+38 3.040816326499999889e+00 0.000000000000000000e+00
6.798113755500000000e+14 5.176716752600000384e+34 3.863980000000000302e+38 3.040816326499999889e+00 0.000000000000000000e+00
6.702848783500000000e+14 4.975699587800000080e+34 3.813979999999999708e+38 3.040816326499999889e+00 0.000000000000000000e+00
6.607872736600000000e+14 4.779989210599999650e+34 3.763979999999999870e+38 3.040816326499999889e+00 0.000000000000000000e+00
6.513181673500000000e+14 4.589513230799999704e+34 3.713980000000000032e+38 3.040816326499999889e+00 0.000000000000000000e+00
6.418771655200000000e+14 4.404199297399999779e+34 3.663980000000000193e+38 3.040816326499999889e+00 0.000000000000000000e+00
6.324638744700000000e+14 4.223975099000000306e+34 3.613980000000000355e+38 3.040816326499999889e+00 0.000000000000000000e+00
6.230779007300000000e+14 4.048768364699999888e+34 3.563979999999999761e+38 3.040816326499999889e+00 0.000000000000000000e+00
6.137188510300000000e+14 3.878506864299999964e+34 3.513979999999999923e+38 3.040816326499999889e+00 0.000000000000000000e+00
6.043863323600000000e+14 3.713118408899999924e+34 3.463980000000000084e+38 3.040816326499999889e+00 0.000000000000000000e+00
5.950799519100000000e+14 3.552530851500000057e+34 3.413980000000000246e+38 3.040816326499999889e+00 0.000000000000000000e+00
5.857993171200000000e+14 3.396672087799999944e+34 3.363980000000000030e+38 3.040816326499999889e+00 0.000000000000000000e+00
5.765440356400000000e+14 3.245470056300000105e+34 3.313979999999999814e+38 3.040816326499999889e+00 0.000000000000000000e+00
5.673137153900000000e+14 3.098852739399999795e+34 3.263979999999999976e+38 3.040816326499999889e+00 0.000000000000000000e+00
5.581079645100000000e+14 2.956748163799999892e+34 3.213980000000000137e+38 3.040816326499999889e+00 0.000000000000000000e+00
5.489263913900000000e+14 2.819084401299999908e+34 3.163979999999999921e+38 3.040816326499999889e+00 0.000000000000000000e+00
5.397686046700000000e+14 2.685789568999999896e+34 3.113980000000000083e+38 3.040816326499999889e+00 0.000000000000000000e+00
5.306342132300000000e+14 2.556791830800000214e+34 3.063979999999999867e+38 3.040816326499999889e+00 0.000000000000000000e+00
5.215228262400000000e+14 2.432019397499999934e+34 3.013980000000000028e+38 3.040816326499999889e+00 0.000000000000000000e+00
5.124340530900000000e+14 2.311400527500000060e+34 2.963979999999999812e+38 3.040816326499999889e+00 0.000000000000000000e+00
5.033675034500000000e+14 2.194863528000000193e+34 2.913979999999999974e+38 3.040816326499999889e+00 0.000000000000000000e+00
4.943227872800000000e+14 2.082336755600000100e+34 2.863980000000000136e+38 3.040816326499999889e+00 0.000000000000000000e+00
4.852995147800000000e+14 1.973748616800000097e+34 2.813979999999999920e+38 3.040816326499999889e+00 0.000000000000000000e+00
4.762972964400000000e+14 1.869027569300000054e+34 2.763980000000000081e+38 3.040816326499999889e+00 0.000000000000000000e+00
4.673157430400000000e+14 1.768102122700000069e+34 2.713979999999999865e+38 3.040816326499999889e+00 0.000000000000000000e+00
4.583544656300000000e+14 1.670900839199999992e+34 2.663980000000000027e+38 3.040816326499999889e+00 0.000000000000000000e+00
4.494130755800000000e+14 1.577352334900000041e+34 2.613980000000000189e+38 3.040816326499999889e+00 0.000000000000000000e+00
4.404911845400000000e+14 1.487385280500000097e+34 2.563979999999999972e+38 3.040816326499999889e+00 0.000000000000000000e+00
4.315884044600000000e+14 1.400928402199999973e+34 2.513980000000000134e+38 3.040816326499999889e+00 0.000000000000000000e+00
4.227043475900000000e+14 1.317910483100000068e+34 2.463979999999999918e+38 3.040816326499999889e+00 0.000000000000000000e+00
4.138390000000000000e+14 1.238800000000000099e+34 2.413980000000000080e+38 3.157999999999999918e+00 0.000000000000000000e+00
4.049750000000000000e+14 1.159340000000000036e+34 2.363979999999999864e+38 3.160000000000000142e+00 0.000000000000000000e+00
3.961300000000000000e+14 1.083420000000000033e+34 2.313980000000000025e+38 3.161999999999999922e+00 0.000000000000000000e+00
3.873020000000000000e+14 1.010960000000000058e+34 2.263980000000000187e+38 3.162999999999999812e+00 0.000000000000000000e+00
3.784920000000000000e+14 9.418850000000000288e+33 2.213979999999999971e+38 3.164000000000000146e+00 0.000000000000000000e+00
3.696990000000000000e+14 8.761130000000000035e+33 2.163980000000000133e+38 3.165000000000000036e+00 0.000000000000000000e+00
3.609220000000000000e+14 8.135669999999999900e+33 2.113979999999999916e+38 3.165999999999999925e+00 0.000000000000000000e+00
3.521620000000000000e+14 7.541669999999999562e+33 2.063980000000000078e+38 3.166999999999999815e+00 0.000000000000000000e+00
3.434180000000000000e+14 6.978319999999999722e+33 2.013979999999999862e+38 3.166999999999999815e+00 0.000000000000000000e+00
3.346890000000000000e+14 6.444840000000000326e+33 1.963980000000000024e+38 3.165999999999999925e+00 0.000000000000000000e+00
3.259750000000000000e+14 5.940419999999999770e+33 1.913980000000000185e+38 3.165000000000000036e+00 0.000000000000000000e+00
3.172750000000000000e+14 5.464239999999999771e+33 1.863979999999999969e+38 3.164000000000000146e+00 0.000000000000000000e+00
3.085900000000000000e+14 5.015489999999999877e+33 1.813980000000000131e+38 3.161999999999999922e+00 0.000000000000000000e+00
2.999190000000000000e+14 4.593360000000000210e+33 1.763979999999999915e+38 3.158999999999999808e+00 0.000000000000000000e+00
2.912610000000000000e+14 4.197009999999999917e+33 1.713980000000000077e+38 3.154999999999999805e+00 0.000000000000000000e+00
2.826170000000000000e+14 3.825610000000000007e+33 1.663980000000000049e+38 3.149999999999999911e+00 0.000000000000000000e+00
2.739850000000000000e+14 3.478320000000000200e+33 1.613980000000000022e+38 3.142999999999999794e+00 0.000000000000000000e+00
2.653660000000000000e+14 3.154279999999999953e+33 1.563979999999999995e+38 3.134999999999999787e+00 0.000000000000000000e+00
2.567590000000000000e+14 2.852619999999999738e+33 1.513979999999999968e+38 3.125000000000000000e+00 0.000000000000000000e+00
2.481640000000000000e+14 2.572450000000000052e+33 1.463979999999999941e+38 3.112999999999999989e+00 0.000000000000000000e+00
2.395820000000000000e+14 2.312839999999999988e+33 1.413979999999999913e+38 3.099000000000000199e+00 0.000000000000000000e+00
2.310130000000000000e+14 2.072809999999999992e+33 1.363980000000000075e+38 3.081999999999999851e+00 0.000000000000000000e+00
2.224580000000000000e+14 1.851139999999999893e+33 1.313980000000000048e+38 3.061999999999999833e+00 0.000000000000000000e+00
2.139170000000000000e+14 1.647499999999999892e+33 1.263980000000000021e+38 3.037999999999999812e+00 0.000000000000000000e+00
2.053850000000000000e+14 1.461290000000000035e+33 1.213979999999999993e+38 3.008999999999999897e+00 0.000000000000000000e+00
1.968610000000000000e+14 1.291680000000000036e+33 1.163979999999999966e+38 2.975000000000000089e+00 0.000000000000000000e+00
1.883450000000000000e+14 1.137799999999999935e+33 1.113979999999999939e+38 2.935000000000000053e+00 0.000000000000000000e+00
1.798360000000000000e+14 9.987819999999999462e+32 1.063979999999999912e+38 2.887999999999999901e+00 0.000000000000000000e+00
1.713340000000000000e+14 8.737689999999999953e+32 1.013980000000000073e+38 2.834000000000000075e+00 0.000000000000000000e+00
1.628390000000000000e+14 7.618850000000000443e+32 9.639839999999999787e+37 2.770000000000000018e+00 0.000000000000000000e+00
1.523220000000000000e+14 6.744320000000000217e+32 9.020580000000000292e+37 2.851999999999999869e+00 1.819149999999999996e+29
1.518330000000000000e+14 6.700399999999999565e+32 8.991730000000000487e+37 2.858999999999999986e+00 2.159140000000000049e+29
1.513430000000000000e+14 6.655989999999999566e+32 8.962880000000000681e+37 2.866000000000000103e+00 2.408349999999999954e+29
1.508540000000000000e+14 6.611510000000000073e+32 8.934030000000000876e+37 2.871999999999999886e+00 2.618710000000000059e+29
1.503640000000000000e+14 6.567079999999999808e+32 8.905179999999999181e+37 2.878000000000000114e+00 2.807610000000000165e+29
1.498750000000000000e+14 6.522759999999999572e+32 8.876340000000000624e+37 2.883999999999999897e+00 2.983130000000000116e+29
1.493860000000000000e+14 6.478560000000000219e+32 8.847490000000000818e+37 2.890000000000000124e+00 3.149679999999999854e+29
1.488960000000000000e+14 6.434520000000000124e+32 8.818639999999999124e+37 2.895999999999999908e+00 3.309889999999999994e+29
1.484070000000000000e+14 6.390640000000000006e+32 8.789789999999999318e+37 2.902000000000000135e+00 3.465489999999999869e+29
1.479170000000000000e+14 6.346919999999999865e+32 8.760939999999999513e+37 2.907999999999999918e+00 3.617640000000000230e+29
1.474280000000000000e+14 6.303379999999999970e+32 8.732099999999999066e+37 2.914000000000000146e+00 3.767169999999999835e+29
1.469390000000000000e+14 6.260020000000000319e+32 8.703249999999999261e+37 2.919999999999999929e+00 3.914680000000000006e+29
1.464490000000000000e+14 6.216840000000000192e+32 8.674399999999999455e+37 2.926000000000000156e+00 4.060610000000000119e+29
1.459600000000000000e+14 6.173840000000000310e+32 8.645549999999999650e+37 2.314000000000000057e+00 4.205319999999999981e+29
1.454710000000000000e+14 6.131040000000000220e+32 8.616699999999999845e+37 2.309000000000000163e+00 4.349060000000000261e+29
1.449810000000000000e+14 6.088419999999999654e+32 8.587859999999999398e+37 2.305000000000000160e+00 4.492040000000000086e+29
1.444920000000000000e+14 6.046000000000000321e+32 8.559009999999999593e+37 2.301000000000000156e+00 4.634419999999999995e+29
1.440030000000000000e+14 6.003769999999999926e+32 8.530159999999999787e+37 2.295999999999999819e+00 4.776330000000000252e+29
1.435140000000000000e+14 5.961740000000000042e+32 8.501309999999999982e+37 2.291999999999999815e+00 4.917889999999999855e+29
1.430240000000000000e+14 5.919909999999999950e+32 8.472460000000000176e+37 2.286999999999999922e+00 5.059160000000000061e+29
1.425350000000000000e+14 5.878270000000000237e+32 8.443619999999999730e+37 2.282999999999999918e+00 5.200230000000000296e+29
1.420460000000000000e+14 5.836839999999999729e+32 8.414769999999999924e+37 2.278999999999999915e+00 5.341139999999999990e+29
1.415570000000000000e+14 5.795600000000000319e+32 8.385920000000000119e+37 2.274000000000000021e+00 5.481929999999999983e+29
1.410680000000000000e+14 5.754570000000000115e+32 8.357070000000000313e+37 2.270000000000000018e+00 5.622660000000000125e+29
1.405780000000000000e+14 5.713739999999999702e+32 8.328219999999999563e+37 2.265000000000000124e+00 5.763329999999999713e+29
1.400890000000000000e+14 5.673109999999999801e+32 8.299380000000000061e+37 2.261000000000000121e+00 5.903980000000000288e+29
1.396000000000000000e+14 5.632689999999999826e+32 8.270530000000000256e+37 2.255999999999999783e+00 6.044620000000000302e+29
1.391110000000000000e+14 5.592469999999999642e+32 8.241680000000000450e+37 2.251999999999999780e+00 6.185260000000000316e+29
1.386220000000000000e+14 5.552460000000000104e+32 8.212829999999999700e+37 2.248000000000000220e+00 6.325910000000000187e+29
1.381330000000000000e+14 5.512650000000000358e+32 8.183979999999999895e+37 2.242999999999999883e+00 6.466580000000000479e+29
1.376440000000000000e+14 5.476860000000000315e+32 8.155140000000000393e+37 2.237999999999999989e+00 4.140969999999999906e+29
1.371550000000000000e+14 5.437519999999999647e+32 8.126289999999999643e+37 2.233999999999999986e+00 4.212809999999999769e+29
1.366660000000000000e+14 5.398380000000000212e+32 8.097439999999999838e+37 2.229000000000000092e+00 4.284720000000000044e+29
1.361770000000000000e+14 5.359449999999999981e+32 8.068590000000000032e+37 2.225000000000000089e+00 4.356680000000000313e+29
1.347100000000000000e+14 5.252210000000000150e+32 7.982049999999999975e+37 2.210999999999999854e+00 2.441669999999999900e+29
1.342210000000000000e+14 5.214220000000000238e+32 7.953200000000000169e+37 2.205999999999999961e+00 2.463260000000000163e+29
1.337320000000000000e+14 5.176419999999999983e+32 7.924350000000000364e+37 2.201999999999999957e+00 2.484959999999999919e+29
1.317760000000000000e+14 5.027240000000000030e+32 7.808959999999999556e+37 2.182999999999999829e+00 2.572620000000000084e+29
1.307990000000000000e+14 4.953850000000000245e+32 7.751259999999999945e+37 2.173999999999999932e+00 2.616850000000000111e+29
1.293320000000000000e+14 4.845269999999999792e+32 7.664719999999999888e+37 2.160000000000000142e+00 2.683519999999999929e+29
1.288430000000000000e+14 4.809479999999999750e+32 7.635870000000000083e+37 2.156000000000000139e+00 2.705810000000000093e+29
1.278660000000000000e+14 4.738490000000000347e+32 7.578179999999999831e+37 2.145999999999999908e+00 2.750440000000000063e+29
1.273770000000000000e+14 4.703290000000000266e+32 7.549330000000000025e+37 2.141999999999999904e+00 2.772779999999999869e+29
1.268880000000000000e+14 4.668289999999999976e+32 7.520480000000000220e+37 2.137000000000000011e+00 2.795120000000000026e+29
1.264000000000000000e+14 4.633480000000000066e+32 7.491630000000000414e+37 2.132000000000000117e+00 2.817459999999999832e+29
1.259110000000000000e+14 4.598880000000000081e+32 7.462779999999999664e+37 2.128000000000000114e+00 2.839799999999999989e+29
1.254220000000000000e+14 4.564460000000000340e+32 7.433940000000000162e+37 2.123000000000000220e+00 2.862129999999999937e+29
1.239560000000000000e+14 4.462399999999999869e+32 7.347389999999999801e+37 2.108999999999999986e+00 2.929020000000000146e+29
1.234680000000000000e+14 4.428769999999999882e+32 7.318539999999999996e+37 2.104000000000000092e+00 2.951280000000000033e+29
1.220020000000000000e+14 4.329030000000000164e+32 7.231999999999999938e+37 2.089999999999999858e+00 3.017849999999999865e+29
1.176050000000000000e+14 4.040090000000000101e+32 6.972370000000000407e+37 2.048000000000000043e+00 3.215109999999999706e+29
1.166290000000000000e+14 3.977929999999999859e+32 6.914669999999999852e+37 2.039000000000000146e+00 3.258300000000000091e+29
1.156520000000000000e+14 3.916520000000000276e+32 6.856979999999999600e+37 2.028999999999999915e+00 3.301210000000000233e+29
1.117450000000000000e+14 3.678070000000000075e+32 6.626189999999999571e+37 1.991999999999999993e+00 3.469709999999999696e+29
1.112570000000000000e+14 3.649070000000000021e+32 6.597339999999999765e+37 1.987000000000000099e+00 3.490389999999999876e+29
1.107690000000000000e+14 3.620240000000000078e+32 6.568500000000000263e+37 1.981999999999999984e+00 3.510970000000000071e+29
1.102800000000000000e+14 3.600449999999999941e+32 6.539650000000000458e+37 1.977000000000000091e+00 4.029520000000000139e+29
1.097920000000000000e+14 3.572130000000000331e+32 6.510799999999999708e+37 1.971999999999999975e+00 4.029099999999999776e+29
1.093040000000000000e+14 3.543990000000000245e+32 6.481949999999999902e+37 1.967999999999999972e+00 4.028570000000000273e+29
1.088160000000000000e+14 3.516010000000000137e+32 6.453100000000000097e+37 1.963000000000000078e+00 4.027909999999999803e+29
1.083280000000000000e+14 3.488200000000000140e+32 6.424259999999999650e+37 1.957999999999999963e+00 4.027140000000000193e+29
1.078390000000000000e+14 3.460560000000000254e+32 6.395409999999999845e+37 1.953999999999999959e+00 4.026250000000000178e+29
1.073510000000000000e+14 3.433089999999999759e+32 6.366560000000000039e+37 1.949000000000000066e+00 4.025239999999999758e+29
1.068630000000000000e+14 3.405779999999999962e+32 6.337710000000000234e+37 1.943999999999999950e+00 4.024099999999999778e+29
1.063750000000000000e+14 3.378630000000000142e+32 6.308860000000000428e+37 1.939999999999999947e+00 4.022849999999999954e+29
1.058870000000000000e+14 3.351649999999999713e+32 6.280019999999999982e+37 1.935000000000000053e+00 4.021469999999999867e+29
1.053990000000000000e+14 3.324840000000000115e+32 6.251170000000000176e+37 1.929999999999999938e+00 4.019979999999999936e+29
1.049110000000000000e+14 3.298179999999999641e+32 6.222320000000000371e+37 1.925999999999999934e+00 4.018359999999999743e+29
1.044230000000000000e+14 3.271679999999999865e+32 6.193469999999999621e+37 1.921000000000000041e+00 4.016619999999999847e+29
1.039350000000000000e+14 3.245350000000000200e+32 6.164619999999999816e+37 1.915999999999999925e+00 4.014760000000000250e+29
1.034460000000000000e+14 3.219170000000000018e+32 6.135780000000000314e+37 1.911999999999999922e+00 4.012780000000000248e+29
1.029580000000000000e+14 3.193150000000000174e+32 6.106929999999999564e+37 1.907000000000000028e+00 4.010669999999999982e+29
1.024700000000000000e+14 3.167289999999999947e+32 6.078079999999999758e+37 1.903000000000000025e+00 4.008449999999999873e+29
1.019820000000000000e+14 3.141590000000000058e+32 6.049229999999999953e+37 1.897999999999999909e+00 4.006100000000000205e+29
1.014940000000000000e+14 3.116040000000000012e+32 6.020380000000000147e+37 1.893000000000000016e+00 4.003630000000000131e+29
1.010060000000000000e+14 3.090649999999999944e+32 5.991539999999999701e+37 1.889000000000000012e+00 4.001039999999999651e+29
1.005180000000000000e+14 3.065399999999999947e+32 5.962689999999999895e+37 1.883999999999999897e+00 3.998330000000000174e+29
1.000310000000000000e+14 3.040320000000000060e+32 5.933840000000000090e+37 1.879999999999999893e+00 3.995489999999999730e+29
9.954260000000000000e+13 3.015379999999999884e+32 5.904990000000000284e+37 1.875000000000000000e+00 3.992540000000000146e+29
9.905470000000000000e+13 2.990600000000000045e+32 5.876139999999999534e+37 1.870999999999999996e+00 3.989460000000000299e+29
9.856680000000000000e+13 2.965959999999999917e+32 5.847300000000000032e+37 1.866000000000000103e+00 3.986260000000000047e+29
9.807890000000000000e+13 2.941469999999999992e+32 5.818450000000000227e+37 1.862000000000000099e+00 3.982940000000000092e+29
9.759100000000000000e+13 2.917129999999999911e+32 5.789600000000000421e+37 1.856999999999999984e+00 3.979499999999999733e+29
9.710310000000000000e+13 2.892940000000000034e+32 5.760749999999999671e+37 1.852999999999999980e+00 3.975939999999999672e+29
9.661530000000000000e+13 2.868900000000000001e+32 5.731899999999999866e+37 1.848000000000000087e+00 3.972259999999999909e+29
9.612740000000000000e+13 2.845000000000000038e+32 5.703060000000000364e+37 1.844000000000000083e+00 3.968470000000000303e+29
9.563960000000000000e+13 2.821240000000000146e+32 5.674209999999999614e+37 1.838999999999999968e+00 3.964549999999999730e+29
9.515180000000000000e+13 2.797630000000000097e+32 5.645359999999999809e+37 1.834999999999999964e+00 3.960510000000000159e+29
9.466400000000000000e+13 2.774160000000000119e+32 5.616510000000000003e+37 1.830000000000000071e+00 3.956350000000000182e+29
9.417620000000000000e+13 2.750829999999999850e+32 5.587660000000000198e+37 1.826000000000000068e+00 3.952079999999999659e+29
9.368840000000000000e+13 2.727640000000000013e+32 5.558819999999999751e+37 1.822000000000000064e+00 3.947680000000000279e+29
9.320070000000000000e+13 2.704589999999999885e+32 5.529969999999999946e+37 1.816999999999999948e+00 3.943169999999999648e+29
9.271290000000000000e+13 2.681679999999999828e+32 5.501120000000000140e+37 1.812999999999999945e+00 3.938540000000000020e+29
9.222520000000000000e+13 2.658909999999999841e+32 5.472270000000000335e+37 1.808999999999999941e+00 3.933789999999999986e+29
9.173750000000000000e+13 2.636279999999999924e+32 5.443419999999999585e+37 1.804000000000000048e+00 3.928930000000000108e+29
9.124970000000000000e+13 2.613779999999999944e+32 5.414580000000000083e+37 1.800000000000000044e+00 3.923949999999999825e+29
9.076200000000000000e+13 2.591409999999999901e+32 5.385730000000000277e+37 1.796000000000000041e+00 3.918849999999999840e+29
9.027440000000000000e+13 2.569179999999999927e+32 5.356880000000000472e+37 1.792000000000000037e+00 3.913640000000000012e+29
8.978670000000000000e+13 2.547079999999999891e+32 5.328029999999999722e+37 1.786999999999999922e+00 3.908309999999999778e+29
8.929900000000000000e+13 2.525119999999999925e+32 5.299179999999999916e+37 1.782999999999999918e+00 3.902869999999999701e+29
8.881140000000000000e+13 2.503280000000000122e+32 5.270340000000000414e+37 1.778999999999999915e+00 3.897309999999999922e+29
8.832380000000000000e+13 2.483440000000000037e+32 5.241489999999999664e+37 1.774000000000000021e+00 4.740679999999999649e+29
8.783620000000000000e+13 2.461890000000000148e+32 5.212639999999999859e+37 1.770000000000000018e+00 4.722399999999999834e+29
8.734860000000000000e+13 2.440469999999999836e+32 5.183790000000000054e+37 1.766000000000000014e+00 4.704050000000000311e+29
8.686100000000000000e+13 2.419170000000000047e+32 5.154940000000000248e+37 1.762000000000000011e+00 4.685640000000000232e+29
8.637340000000000000e+13 2.397990000000000061e+32 5.126099999999999802e+37 1.758000000000000007e+00 4.667170000000000303e+29
8.588580000000000000e+13 2.376950000000000145e+32 5.097249999999999996e+37 1.754000000000000004e+00 4.648620000000000104e+29
8.539830000000000000e+13 2.356019999999999899e+32 5.068400000000000191e+37 1.750000000000000000e+00 4.630019999999999912e+29
8.491070000000000000e+13 2.335219999999999949e+32 5.039550000000000385e+37 1.745999999999999996e+00 4.611350000000000011e+29
8.442320000000000000e+13 2.314540000000000163e+32 5.010699999999999635e+37 1.741999999999999993e+00 4.592609999999999698e+29
8.393570000000000000e+13 2.293980000000000180e+32 4.981860000000000133e+37 1.737999999999999989e+00 4.573810000000000238e+29
8.344820000000000000e+13 2.273550000000000133e+32 4.953010000000000328e+37 1.733999999999999986e+00 4.554950000000000223e+29
8.296070000000000000e+13 2.253230000000000116e+32 4.924159999999999578e+37 1.729999999999999982e+00 4.536029999999999654e+29
8.247320000000000000e+13 2.233029999999999901e+32 4.895309999999999772e+37 1.725999999999999979e+00 4.517049999999999937e+29
8.198580000000000000e+13 2.212949999999999850e+32 4.866459999999999967e+37 1.721999999999999975e+00 4.497999999999999809e+29
8.149830000000000000e+13 2.192979999999999829e+32 4.837620000000000465e+37 1.717999999999999972e+00 4.478889999999999829e+29
8.101090000000000000e+13 2.173129999999999971e+32 4.808769999999999715e+37 1.713999999999999968e+00 4.459719999999999999e+29
8.052350000000000000e+13 2.153399999999999915e+32 4.779919999999999909e+37 1.711000000000000076e+00 4.440490000000000318e+29
8.003610000000000000e+13 2.133779999999999889e+32 4.751070000000000104e+37 1.707000000000000073e+00 4.421200000000000082e+29
7.954870000000000000e+13 2.114269999999999893e+32 4.722220000000000299e+37 1.703000000000000069e+00 4.401849999999999996e+29
7.906130000000000000e+13 2.094869999999999926e+32 4.693379999999999852e+37 1.699000000000000066e+00 4.382440000000000058e+29
7.857390000000000000e+13 2.075590000000000123e+32 4.664530000000000047e+37 1.695999999999999952e+00 4.362970000000000270e+29
7.808660000000000000e+13 2.056419999999999988e+32 4.635680000000000241e+37 1.691999999999999948e+00 4.343439999999999928e+29
7.759920000000000000e+13 2.037350000000000110e+32 4.606830000000000436e+37 1.689000000000000057e+00 4.323849999999999734e+29
7.711190000000000000e+13 2.018389999999999901e+32 4.577979999999999686e+37 1.685000000000000053e+00 4.304210000000000252e+29
7.662460000000000000e+13 1.999540000000000082e+32 4.549140000000000184e+37 1.681000000000000050e+00 4.284499999999999653e+29
7.613730000000000000e+13 1.980799999999999932e+32 4.520290000000000378e+37 1.677999999999999936e+00 4.264739999999999765e+29
7.565000000000000000e+13 1.962170000000000172e+32 4.491439999999999628e+37 1.673999999999999932e+00 4.244920000000000027e+29
7.516270000000000000e+13 1.943630000000000174e+32 4.462589999999999823e+37 1.671000000000000041e+00 4.225039999999999734e+29
7.467550000000000000e+13 1.925209999999999979e+32 4.433740000000000017e+37 1.667999999999999927e+00 4.205110000000000151e+29
7.418820000000000000e+13 1.906879999999999907e+32 4.404899999999999571e+37 1.663999999999999924e+00 4.185120000000000014e+29
7.370100000000000000e+13 1.888659999999999863e+32 4.376049999999999765e+37 1.661000000000000032e+00 4.165070000000000027e+29
7.321380000000000000e+13 1.870540000000000076e+32 4.347199999999999960e+37 1.657999999999999918e+00 4.144960000000000188e+29
7.272660000000000000e+13 1.852519999999999825e+32 4.318350000000000154e+37 1.653999999999999915e+00 4.124799999999999653e+29
7.223940000000000000e+13 1.834599999999999830e+32 4.289500000000000349e+37 1.651000000000000023e+00 4.104579999999999971e+29
7.175220000000000000e+13 1.816769999999999957e+32 4.260659999999999902e+37 1.647999999999999909e+00 4.084310000000000295e+29
7.126500000000000000e+13 1.799050000000000113e+32 4.231810000000000097e+37 1.645000000000000018e+00 4.063970000000000208e+29
7.077790000000000000e+13 1.781420000000000032e+32 4.202959999999999819e+37 1.641999999999999904e+00 4.043589999999999985e+29
7.029070000000000000e+13 1.763889999999999847e+32 4.174110000000000014e+37 1.639000000000000012e+00 4.023140000000000054e+29
6.980360000000000000e+13 1.746450000000000144e+32 4.145260000000000208e+37 1.635000000000000009e+00 4.002640000000000130e+29
6.931650000000000000e+13 1.729109999999999977e+32 4.116420000000000234e+37 1.631999999999999895e+00 3.982079999999999651e+29
6.882940000000000000e+13 1.711859999999999932e+32 4.087569999999999956e+37 1.629000000000000004e+00 3.961469999999999883e+29
6.834230000000000000e+13 1.694700000000000010e+32 4.058720000000000151e+37 1.627000000000000002e+00 3.940800000000000264e+29
6.785520000000000000e+13 1.677639999999999983e+32 4.029869999999999873e+37 1.624000000000000110e+00 3.920070000000000091e+29
6.736820000000000000e+13 1.660670000000000079e+32 4.001020000000000068e+37 1.620999999999999996e+00 3.899289999999999924e+29
6.688110000000000000e+13 1.643780000000000164e+32 3.972180000000000093e+37 1.618000000000000105e+00 3.878449999999999907e+29
6.639410000000000000e+13 1.626990000000000144e+32 3.943329999999999816e+37 1.614999999999999991e+00 3.857559999999999897e+29
6.590710000000000000e+13 1.610290000000000067e+32 3.914480000000000010e+37 1.612999999999999989e+00 3.836610000000000036e+29
6.542010000000000000e+13 1.593669999999999979e+32 3.885630000000000205e+37 1.610000000000000098e+00 3.815600000000000325e+29
6.493310000000000000e+13 1.577140000000000012e+32 3.856779999999999927e+37 1.606999999999999984e+00 3.794530000000000059e+29
6.444610000000000000e+13 1.560690000000000035e+32 3.827939999999999953e+37 1.604999999999999982e+00 3.773409999999999800e+29
6.395910000000000000e+13 1.544330000000000000e+32 3.799090000000000147e+37 1.602000000000000091e+00 3.752229999999999690e+29
6.347220000000000000e+13 1.528060000000000087e+32 3.770239999999999870e+37 1.600000000000000089e+00 3.730989999999999729e+29
6.298520000000000000e+13 1.511869999999999983e+32 3.741390000000000064e+37 1.596999999999999975e+00 3.709699999999999775e+29
6.249830000000000000e+13 1.495760000000000048e+32 3.712539999999999787e+37 1.594999999999999973e+00 3.688340000000000113e+29
6.201140000000000000e+13 1.479729999999999921e+32 3.683699999999999812e+37 1.592000000000000082e+00 3.666929999999999754e+29
6.152450000000000000e+13 1.463789999999999917e+32 3.654850000000000007e+37 1.590000000000000080e+00 3.645460000000000248e+29
6.103760000000000000e+13 1.447919999999999948e+32 3.626000000000000201e+37 1.588000000000000078e+00 3.623930000000000188e+29
6.055080000000000000e+13 1.432139999999999921e+32 3.597149999999999924e+37 1.584999999999999964e+00 3.602350000000000134e+29
6.006390000000000000e+13 1.416429999999999929e+32 3.568300000000000118e+37 1.582999999999999963e+00 3.580699999999999668e+29
5.957710000000000000e+13 1.400810000000000060e+32 3.539460000000000144e+37 1.580999999999999961e+00 3.558990000000000056e+29
5.909020000000000000e+13 1.385260000000000046e+32 3.510609999999999866e+37 1.578999999999999959e+00 3.537229999999999746e+29
5.860340000000000000e+13 1.369780000000000067e+32 3.481760000000000061e+37 1.576999999999999957e+00 3.515399999999999728e+29
5.811660000000000000e+13 1.354390000000000030e+32 3.452909999999999783e+37 1.574999999999999956e+00 3.493509999999999859e+29
5.762990000000000000e+13 1.339060000000000075e+32 3.424059999999999978e+37 1.572999999999999954e+00 3.471560000000000139e+29
5.714310000000000000e+13 1.323820000000000062e+32 3.395220000000000003e+37 1.570999999999999952e+00 3.449549999999999865e+29
5.665630000000000000e+13 1.308639999999999950e+32 3.366370000000000198e+37 1.568999999999999950e+00 3.427479999999999740e+29
5.616960000000000000e+13 1.293540000000000008e+32 3.337519999999999920e+37 1.568000000000000060e+00 3.405349999999999764e+29
5.568290000000000000e+13 1.278520000000000054e+32 3.308670000000000115e+37 1.566000000000000059e+00 3.383150000000000079e+29
5.519620000000000000e+13 1.263560000000000002e+32 3.279819999999999837e+37 1.564000000000000057e+00 3.360889999999999840e+29
5.470950000000000000e+13 1.248679999999999938e+32 3.250979999999999863e+37 1.562000000000000055e+00 3.338559999999999892e+29
5.422280000000000000e+13 1.233859999999999956e+32 3.222130000000000057e+37 1.560999999999999943e+00 3.316170000000000094e+29
5.373610000000000000e+13 1.219119999999999963e+32 3.193279999999999780e+37 1.558999999999999941e+00 3.293719999999999741e+29
5.324950000000000000e+13 1.204440000000000051e+32 3.164429999999999974e+37 1.558000000000000052e+00 3.271199999999999679e+29
5.276280000000000000e+13 1.189839999999999948e+32 3.135580000000000169e+37 1.556000000000000050e+00 3.248609999999999909e+29
5.227620000000000000e+13 1.175299999999999926e+32 3.106740000000000194e+37 1.554999999999999938e+00 3.225960000000000288e+29
5.178960000000000000e+13 1.160829999999999940e+32 3.077889999999999917e+37 1.554000000000000048e+00 3.203229999999999693e+29
5.130300000000000000e+13 1.146420000000000035e+32 3.049040000000000111e+37 1.552000000000000046e+00 3.180449999999999808e+29
5.081640000000000000e+13 1.132079999999999985e+32 3.020189999999999833e+37 1.550999999999999934e+00 3.157590000000000006e+29
5.032980000000000000e+13 1.117809999999999971e+32 2.991340000000000028e+37 1.550000000000000044e+00 3.134660000000000143e+29
4.984330000000000000e+13 1.103600000000000038e+32 2.962500000000000054e+37 1.548999999999999932e+00 3.111670000000000077e+29
4.935680000000000000e+13 1.089459999999999960e+32 2.933649999999999776e+37 1.548000000000000043e+00 3.088600000000000093e+29
4.887030000000000000e+13 1.075379999999999964e+32 2.904799999999999971e+37 1.546999999999999931e+00 3.065460000000000048e+29
4.838370000000000000e+13 1.061360000000000049e+32 2.875950000000000165e+37 1.546000000000000041e+00 3.042249999999999943e+29
4.789730000000000000e+13 1.047400000000000036e+32 2.847099999999999887e+37 1.544999999999999929e+00 3.018970000000000129e+29
4.741080000000000000e+13 1.033510000000000058e+32 2.818259999999999913e+37 1.544000000000000039e+00 2.995610000000000045e+29
4.692430000000000000e+13 1.019679999999999981e+32 2.789410000000000108e+37 1.542999999999999927e+00 2.972179999999999901e+29
4.643790000000000000e+13 1.005909999999999986e+32 2.760559999999999830e+37 1.542999999999999927e+00 2.948680000000000048e+29
4.595150000000000000e+13 9.921979999999999378e+31 2.731710000000000025e+37 1.542000000000000037e+00 2.925099999999999924e+29
4.546510000000000000e+13 9.785479999999999259e+31 2.702860000000000219e+37 1.540999999999999925e+00 2.901439999999999883e+29
4.497870000000000000e+13 9.649579999999999956e+31 2.674019999999999773e+37 1.540999999999999925e+00 2.877699999999999923e+29
4.449230000000000000e+13 9.514269999999999894e+31 2.645169999999999967e+37 1.540000000000000036e+00 2.853889999999999902e+29
4.400590000000000000e+13 9.379539999999999300e+31 2.616320000000000162e+37 1.540000000000000036e+00 2.829999999999999963e+29
4.351960000000000000e+13 9.245399999999999749e+31 2.587469999999999884e+37 1.538999999999999924e+00 2.806030000000000106e+29
4.303330000000000000e+13 9.111839999999999666e+31 2.558620000000000078e+37 1.538999999999999924e+00 2.781979999999999979e+29
4.254700000000000000e+13 8.978849999999999277e+31 2.529780000000000104e+37 1.538999999999999924e+00 2.757849999999999933e+29
4.206070000000000000e+13 8.846430000000000384e+31 2.500929999999999826e+37 1.538999999999999924e+00 2.733630000000000111e+29
4.157440000000000000e+13 8.714579999999999384e+31 2.472080000000000021e+37 1.538999999999999924e+00 2.709330000000000019e+29
4.108810000000000000e+13 8.583290000000000106e+31 2.443230000000000216e+37 1.538000000000000034e+00 2.684950000000000008e+29
4.060190000000000000e+13 8.452570000000000523e+31 2.414379999999999938e+37 1.538000000000000034e+00 2.660490000000000080e+29
4.011570000000000000e+13 8.322399999999999287e+31 2.385539999999999964e+37 1.538000000000000034e+00 2.635930000000000165e+29
3.962950000000000000e+13 8.192779999999999999e+31 2.356690000000000158e+37 1.538999999999999924e+00 2.611289999999999980e+29
3.914330000000000000e+13 8.063719999999999731e+31 2.327839999999999880e+37 1.538999999999999924e+00 2.586569999999999876e+29
3.865710000000000000e+13 7.935199999999999838e+31 2.298990000000000075e+37 1.538999999999999924e+00 2.561750000000000139e+29
3.817090000000000000e+13 7.807230000000000093e+31 2.270139999999999797e+37 1.538999999999999924e+00 2.536850000000000132e+29
3.768480000000000000e+13 7.679809999999999594e+31 2.241299999999999823e+37 1.540000000000000036e+00 2.511859999999999996e+29
3.719870000000000000e+13 7.552930000000000370e+31 2.212450000000000018e+37 1.540000000000000036e+00 2.486769999999999874e+29
3.671260000000000000e+13 7.426589999999999719e+31 2.183600000000000212e+37 1.540000000000000036e+00 2.461599999999999835e+29
3.622650000000000000e+13 7.300790000000000343e+31 2.154749999999999934e+37 1.540999999999999925e+00 2.436330000000000161e+29
3.574040000000000000e+13 7.175519999999999767e+31 2.125899999999999893e+37 1.542000000000000037e+00 2.410960000000000149e+29
3.525440000000000000e+13 7.050800000000000238e+31 2.097059999999999918e+37 1.542000000000000037e+00 2.385509999999999867e+29
3.476840000000000000e+13 6.926610000000000410e+31 2.068210000000000113e+37 1.542999999999999927e+00 2.359950000000000093e+29
3.428240000000000000e+13 6.802950000000000282e+31 2.039360000000000071e+37 1.544000000000000039e+00 2.334299999999999840e+29
3.379640000000000000e+13 6.679829999999999628e+31 2.010510000000000030e+37 1.544999999999999929e+00 2.308549999999999952e+29
3.331040000000000000e+13 6.557250000000000248e+31 1.981659999999999988e+37 1.546000000000000041e+00 2.282709999999999936e+29
3.282450000000000000e+13 6.435199999999999668e+31 1.952820000000000014e+37 1.546999999999999931e+00 2.256760000000000077e+29
3.233850000000000000e+13 6.313679999999999688e+31 1.923969999999999972e+37 1.548000000000000043e+00 2.230709999999999879e+29
3.185260000000000000e+13 6.192709999999999856e+31 1.895119999999999931e+37 1.548999999999999932e+00 2.204560000000000048e+29
3.136670000000000000e+13 6.072269999999999725e+31 1.866269999999999889e+37 1.550000000000000044e+00 2.178309999999999879e+29
3.088090000000000000e+13 5.952369999999999967e+31 1.837420000000000084e+37 1.550999999999999934e+00 2.151960000000000076e+29
3.039500000000000000e+13 5.833009999999999683e+31 1.808580000000000110e+37 1.552000000000000046e+00 2.125500000000000077e+29
2.990920000000000000e+13 5.714189999999999773e+31 1.779730000000000068e+37 1.554000000000000048e+00 2.098940000000000093e+29
2.942340000000000000e+13 5.595920000000000011e+31 1.750880000000000026e+37 1.554999999999999938e+00 2.072269999999999912e+29
2.893760000000000000e+13 5.478200000000000397e+31 1.722029999999999985e+37 1.556999999999999940e+00 2.045489999999999889e+29
2.845180000000000000e+13 5.361030000000000029e+31 1.693179999999999943e+37 1.558000000000000052e+00 2.018600000000000021e+29
2.796610000000000000e+13 5.244409999999999809e+31 1.664339999999999969e+37 1.560000000000000053e+00 1.991610000000000167e+29
2.748040000000000000e+13 5.128360000000000184e+31 1.635489999999999927e+37 1.562000000000000055e+00 1.964510000000000118e+29
2.699470000000000000e+13 5.012859999999999806e+31 1.606639999999999886e+37 1.564000000000000057e+00 1.937290000000000015e+29
2.650900000000000000e+13 4.897939999999999797e+31 1.577790000000000080e+37 1.564999999999999947e+00 1.909960000000000069e+29
2.602340000000000000e+13 4.783590000000000383e+31 1.548940000000000039e+37 1.566999999999999948e+00 1.882519999999999927e+29
2.553770000000000000e+13 4.669820000000000436e+31 1.520100000000000064e+37 1.568999999999999950e+00 1.854969999999999941e+29
2.505210000000000000e+13 4.556639999999999731e+31 1.491250000000000023e+37 1.570999999999999952e+00 1.827299999999999902e+29
2.456660000000000000e+13 4.444050000000000069e+31 1.462399999999999981e+37 1.574000000000000066e+00 1.799520000000000019e+29
2.408100000000000000e+13 4.332060000000000322e+31 1.433549999999999940e+37 1.576000000000000068e+00 1.771620000000000083e+29
2.359550000000000000e+13 4.220680000000000264e+31 1.404699999999999898e+37 1.578000000000000069e+00 1.743600000000000093e+29
2.311000000000000000e+13 4.109919999999999668e+31 1.375859999999999924e+37 1.580000000000000071e+00 1.715469999999999907e+29
2.262450000000000000e+13 3.999779999999999885e+31 1.347009999999999882e+37 1.582999999999999963e+00 1.687210000000000162e+29
2.213900000000000000e+13 3.890289999999999786e+31 1.318160000000000077e+37 1.584999999999999964e+00 1.658839999999999870e+29
2.165360000000000000e+13 3.781440000000000047e+31 1.289310000000000035e+37 1.588000000000000078e+00 1.630340000000000018e+29
2.116820000000000000e+13 3.673239999999999991e+31 1.260459999999999994e+37 1.590999999999999970e+00 1.601720000000000113e+29
2.068280000000000000e+13 3.565730000000000062e+31 1.231620000000000019e+37 1.592999999999999972e+00 1.572979999999999978e+29
2.019750000000000000e+13 3.458889999999999814e+31 1.202769999999999978e+37 1.596000000000000085e+00 1.544109999999999932e+29
1.971220000000000000e+13 3.352760000000000142e+31 1.173919999999999936e+37 1.598999999999999977e+00 1.515130000000000043e+29
1.922690000000000000e+13 3.247329999999999920e+31 1.145069999999999895e+37 1.602000000000000091e+00 1.486010000000000032e+29
1.874160000000000000e+13 3.142640000000000045e+31 1.116220000000000089e+37 1.604999999999999982e+00 1.456769999999999968e+29
1.825640000000000000e+13 3.038699999999999838e+31 1.087380000000000115e+37 1.608000000000000096e+00 1.427399999999999993e+29
1.777120000000000000e+13 2.935519999999999975e+31 1.058529999999999955e+37 1.612000000000000099e+00 1.397899999999999930e+29
1.728600000000000000e+13 2.833120000000000002e+31 1.029680000000000032e+37 1.614999999999999991e+00 1.368269999999999956e+29
1.680090000000000000e+13 2.731530000000000140e+31 1.000829999999999990e+37 1.618000000000000105e+00 1.338510000000000071e+29
1.631580000000000000e+13 2.630769999999999935e+31 9.719840000000000463e+36 1.622000000000000108e+00 1.308610000000000064e+29
1.583070000000000000e+13 2.530859999999999836e+31 9.431359999999999946e+36 1.625000000000000000e+00 1.278590000000000005e+29
1.534570000000000000e+13 2.431819999999999840e+31 9.142879999999999429e+36 1.629000000000000004e+00 1.248430000000000000e+29
1.486070000000000000e+13 2.333689999999999940e+31 8.854400000000000092e+36 1.633000000000000007e+00 1.218130000000000050e+29
1.437570000000000000e+13 2.236479999999999910e+31 8.565919999999999574e+36 1.635999999999999899e+00 1.187689999999999979e+29
1.389080000000000000e+13 2.140239999999999969e+31 8.277440000000000238e+36 1.639999999999999902e+00 1.157119999999999997e+29
1.340590000000000000e+13 2.044999999999999887e+31 7.988959999999999720e+36 1.643999999999999906e+00 1.126400000000000036e+29
1.292100000000000000e+13 1.950780000000000112e+31 7.700480000000000384e+36 1.647999999999999909e+00 1.095539999999999954e+29
1.243620000000000000e+13 1.857629999999999960e+31 7.411999999999999866e+36 1.651999999999999913e+00 1.064530000000000069e+29
1.195140000000000000e+13 1.765590000000000102e+31 7.123520000000000530e+36 1.655999999999999917e+00 1.033370000000000029e+29
1.146670000000000000e+13 1.674700000000000083e+31 6.835040000000000012e+36 1.661000000000000032e+00 1.002060000000000011e+29
1.098200000000000000e+13 1.584999999999999895e+31 6.546559999999999495e+36 1.665000000000000036e+00 9.705939999999999229e+28
1.049730000000000000e+13 1.496549999999999981e+31 6.258080000000000158e+36 1.669000000000000039e+00 9.389670000000000123e+28
1.001270000000000000e+13 1.409410000000000108e+31 5.969599999999999641e+36 1.673999999999999932e+00 9.071739999999999986e+28
9.528120000000000000e+12 1.323620000000000045e+31 5.681120000000000304e+36 1.677999999999999936e+00 8.752089999999999668e+28
9.043600000000000000e+12 1.239260000000000005e+31 5.392639999999999787e+36 1.681999999999999940e+00 8.430660000000000024e+28
8.559130000000000000e+12 1.156389999999999980e+31 5.104159999999999860e+36 1.687000000000000055e+00 8.107350000000000715e+28
8.074710000000000000e+12 1.075099999999999958e+31 4.815679999999999933e+36 1.691000000000000059e+00 7.782080000000000240e+28
7.590340000000000000e+12 9.954480000000000425e+30 4.527200000000000006e+36 1.695000000000000062e+00 7.454709999999999709e+28
7.106030000000000000e+12 9.175429999999999932e+30 4.238720000000000079e+36 1.699000000000000066e+00 7.125090000000000375e+28
6.621770000000000000e+12 8.414800000000000219e+30 3.950240000000000152e+36 1.701999999999999957e+00 6.793029999999999661e+28
6.137580000000000000e+12 7.673710000000000004e+30 3.661760000000000225e+36 1.705000000000000071e+00 6.458299999999999957e+28
5.653450000000000000e+12 6.953390000000000237e+30 3.373279999999999707e+36 1.707999999999999963e+00 6.120600000000000250e+28
5.169380000000000000e+12 6.255219999999999599e+30 3.084799999999999780e+36 1.709000000000000075e+00 5.779520000000000209e+28
4.685380000000000000e+12 5.580740000000000125e+30 2.796319999999999853e+36 1.709000000000000075e+00 5.434569999999999765e+28
4.201460000000000000e+12 4.931729999999999874e+30 2.507839999999999926e+36 1.707999999999999963e+00 5.085019999999999617e+28
3.717620000000000000e+12 4.310180000000000255e+30 2.219359999999999999e+36 1.703000000000000069e+00 4.729929999999999934e+28
3.233860000000000000e+12 3.718369999999999820e+30 1.930880000000000072e+36 1.695000000000000062e+00 4.367879999999999789e+28
2.750200000000000000e+12 3.158939999999999886e+30 1.642400000000000145e+36 1.679999999999999938e+00 3.996760000000000149e+28
2.266640000000000000e+12 2.634840000000000037e+30 1.353919999999999923e+36 1.657000000000000028e+00 3.613089999999999904e+28
1.783190000000000000e+12 2.149170000000000118e+30 1.065439999999999996e+36 1.618000000000000105e+00 3.210629999999999793e+28
4.299000000000000000e+11 7.805000000000000069e+29 2.572000000000000181e+35 1.330000000000000071e+00 1.506450000000000062e+28
4.188000000000000000e+11 7.537999999999999717e+29 2.505999999999999897e+35 1.330000000000000071e+00 1.455129999999999927e+28
3.325000000000000000e+11 5.815999999999999745e+29 1.990000000000000163e+35 1.330000000000000071e+00 1.165809999999999924e+28
2.640000000000000000e+11 4.472999999999999815e+29 1.581000000000000083e+35 1.330000000000000071e+00 9.297799999999999813e+27
2.096000000000000000e+11 3.289999999999999843e+29 1.256000000000000028e+35 1.330000000000000071e+00 6.841069999999999801e+27
1.844000000000000000e+11 2.892000000000000018e+29 1.105000000000000000e+35 1.330000000000000071e+00 6.221810000000000396e+27
1.664000000000000000e+11 2.597000000000000095e+29 9.975999999999999784e+34 1.330000000000000071e+00 3.996079999999999920e+27
1.322000000000000000e+11 2.033000000000000102e+29 7.923999999999999875e+34 1.330000000000000071e+00 3.293160000000000158e+27
1.049000000000000000e+11 1.494999999999999961e+29 6.294000000000000085e+34 1.330000000000000071e+00 2.422460000000000012e+27
8.332000000000000000e+10 1.100000000000000064e+29 4.999999999999999843e+34 1.330000000000000071e+00 1.782300000000000002e+27
6.617000000000000000e+10 8.088999999999999432e+28 3.971999999999999897e+34 1.330000000000000071e+00 1.311289999999999924e+27
5.254000000000000000e+10 5.949000000000000344e+28 3.155000000000000010e+34 1.330000000000000071e+00 9.646129999999999985e+26
4.172000000000000000e+10 4.628000000000000126e+28 2.505999999999999897e+34 1.330000000000000071e+00 7.875200000000000595e+26
3.313000000000000000e+10 3.403999999999999866e+28 1.989999999999999932e+34 1.330000000000000071e+00 5.791050000000000196e+26
2.631000000000000000e+10 2.502999999999999803e+28 1.580999999999999991e+34 1.330000000000000071e+00 4.261170000000000143e+26
2.090000000000000000e+10 1.938000000000000082e+28 1.255999999999999936e+34 1.330000000000000071e+00 3.451690000000000088e+26
1.659000000000000000e+10 1.425000000000000067e+28 9.976000000000000246e+33 1.330000000000000071e+00 2.538950000000000110e+26
1.318000000000000000e+10 1.048000000000000007e+28 7.924000000000000337e+33 1.330000000000000071e+00 1.867689999999999969e+26
1.046000000000000000e+10 7.701999999999999683e+27 6.294000000000000085e+33 1.330000000000000071e+00 1.373879999999999975e+26
8.312000000000000000e+09 5.662000000000000348e+27 4.999999999999999728e+33 1.330000000000000071e+00 1.010819999999999921e+26
6.601000000000000000e+09 4.362000000000000029e+27 3.972000000000000127e+33 1.330000000000000071e+00 8.130089999999999436e+25
4.164000000000000000e+09 2.356000000000000079e+27 2.505999999999999955e+33 1.330000000000000071e+00 4.399369999999999874e+25
2.626000000000000000e+09 1.272000000000000034e+27 1.580999999999999991e+33 1.330000000000000071e+00 2.380450000000000180e+25
1.657000000000000000e+09 6.859999999999999767e+26 9.975999999999999957e+32 1.330000000000000071e+00 1.288319999999999913e+25
1.316000000000000000e+09 5.036000000000000296e+26 7.924000000000000337e+32 1.330000000000000071e+00 9.477099999999999527e+24
1.045000000000000000e+09 4.128999999999999924e+26 6.293999999999999941e+32 1.330000000000000071e+00 6.794269999999999770e+24
8.301000000000000000e+08 3.039000000000000162e+26 4.999999999999999728e+32 1.330000000000000071e+00 4.998809999999999830e+24
5.237000000000000000e+08 1.628999999999999891e+26 3.154999999999999923e+32 1.330000000000000071e+00 2.705450000000000161e+24
3.304000000000000000e+08 8.737999999999999925e+25 1.990000000000000076e+32 1.330000000000000071e+00 1.463449999999999964e+24
2.624000000000000000e+08 6.675999999999999817e+25 1.580999999999999919e+32 1.330000000000000071e+00 1.123400000000000065e+24
1.315000000000000000e+08 2.603999999999999941e+25 7.923999999999999616e+31 1.330000000000000071e+00 4.472499999999999827e+23
6.589000000000000000e+07 1.006000000000000014e+25 3.972000000000000199e+31 1.330000000000000071e+00 1.780890000000000165e+23
3.302000000000000000e+07 3.832999999999999839e+24 1.989999999999999986e+31 1.330000000000000071e+00 7.086450000000000092e+22
1.655000000000000000e+07 1.435000000000000086e+24 9.975999999999999642e+30 1.330000000000000071e+00 2.822060000000000131e+22
8.293000000000000000e+06 5.250000000000000315e+23 4.999999999999999818e+30 1.330000000000000071e+00 1.123529999999999934e+22
6.588000000000000000e+06 3.910999999999999759e+23 3.972000000000000087e+30 1.330000000000000071e+00 8.163429999999999541e+21
2.622000000000000000e+06 9.754999999999999214e+22 1.581000000000000009e+30 1.330000000000000071e+00 2.390210000000000197e+21
1.044000000000000000e+06 2.318000000000000105e+22 6.293999999999999902e+29 1.330000000000000071e+00 6.999960000000000000e+20
4.156000000000000000e+05 5.265999999999999476e+21 2.505999999999999907e+29 1.330000000000000071e+00 2.050380000000000000e+20
1.654000000000000000e+05 1.151000000000000000e+21 9.976000000000000768e+28 1.330000000000000071e+00 6.004390000000000000e+19
6.587000000000000000e+04 2.431000000000000000e+20 3.972000000000000263e+28 1.330000000000000071e+00 1.758760000000000000e+19
2.622000000000000000e+04 4.968000000000000000e+19 1.581000000000000061e+28 1.330000000000000071e+00 5.149550000000000000e+18
1.044000000000000000e+04 9.744000000000000000e+18 6.294999999999999717e+27 1.330000000000000071e+00 1.508420000000000000e+18
