9.949686331400000000e+15 8.050784955700000246e+36 1.996400000000000060e+39 1.000000000000000000e+00 0.000000000000000000e+00
9.899910601100000000e+15 8.005986798499999602e+36 1.991399999999999925e+39 1.000000000000000000e+00 0.000000000000000000e+00
9.850259690800000000e+15 7.961300979199999716e+36 1.986400000000000093e+39 1.000000000000000000e+00 0.000000000000000000e+00
9.800733600600000000e+15 7.916727497999999890e+36 1.981399999999999958e+39 1.000000000000000000e+00 0.000000000000000000e+00
9.751332330400000000e+15 7.872266354800000474e+36 1.976400000000000125e+39 1.000000000000000000e+00 0.000000000000000000e+00
9.702055880200000000e+15 7.827917549600000285e+36 1.971399999999999990e+39 1.000000000000000000e+00 0.000000000000000000e+00
9.652904250000000000e+15 7.783681082500000158e+36 1.966399999999999855e+39 1.000000000000000000e+00 0.000000000000000000e+00
9.603877439900000000e+15 7.739556953400000440e+36 1.961400000000000022e+39 1.000000000000000000e+00 0.000000000000000000e+00
9.554975449800000000e+15 7.695545162299999950e+36 1.956399999999999887e+39 1.000000000000000000e+00 0.000000000000000000e+00
9.506198279700000000e+15 7.651645709199999869e+36 1.951400000000000055e+39 1.000000000000000000e+00 0.000000000000000000e+00
9.457545929600000000e+15 7.607858594199999849e+36 1.946399999999999920e+39 1.000000000000000000e+00 0.000000000000000000e+00
9.409018399600000000e+15 7.564183817100000587e+36 1.941400000000000087e+39 1.000000000000000000e+00 0.000000000000000000e+00
9.360615689600000000e+15 7.520621378100000204e+36 1.936399999999999952e+39 1.000000000000000000e+00 0.000000000000000000e+00
9.312337799600000000e+15 7.477171277199999883e+36 1.931400000000000119e+39 1.000000000000000000e+00 0.000000000000000000e+00
9.264184729700000000e+15 7.433833514200000318e+36 1.926399999999999984e+39 1.000000000000000000e+00 0.000000000000000000e+00
9.216156479800000000e+15 7.390608089299999634e+36 1.921399999999999849e+39 1.000000000000000000e+00 0.000000000000000000e+00
9.168253049900000000e+15 7.347495002400000539e+36 1.916400000000000017e+39 1.000000000000000000e+00 0.000000000000000000e+00
9.120474440000000000e+15 7.304494253499999492e+36 1.911399999999999882e+39 1.000000000000000000e+00 0.000000000000000000e+00
9.072820650200000000e+15 7.261605842600000035e+36 1.906400000000000049e+39 1.000000000000000000e+00 0.000000000000000000e+00
9.025291680400000000e+15 7.218829769799999458e+36 1.901399999999999914e+39 1.000000000000000000e+00 0.000000000000000000e+00
8.977887530600000000e+15 7.176166035000000471e+36 1.896400000000000081e+39 1.000000000000000000e+00 0.000000000000000000e+00
8.930608200800000000e+15 7.133614638199999532e+36 1.891399999999999947e+39 1.000000000000000000e+00 0.000000000000000000e+00
8.883453691100000000e+15 7.091175579400000182e+36 1.886400000000000114e+39 1.000000000000000000e+00 0.000000000000000000e+00
8.836424001400000000e+15 7.048848858699999712e+36 1.881399999999999979e+39 1.000000000000000000e+00 0.000000000000000000e+00
8.789519131700000000e+15 7.006634475999999652e+36 1.876400000000000146e+39 1.000000000000000000e+00 0.000000000000000000e+00
8.742739082000000000e+15 6.964532431300000000e+36 1.871400000000000011e+39 1.000000000000000000e+00 0.000000000000000000e+00
8.696083852400000000e+15 6.922542724700000410e+36 1.866399999999999876e+39 1.000000000000000000e+00 0.000000000000000000e+00
8.649553442800000000e+15 6.880665356000000395e+36 1.861400000000000044e+39 1.000000000000000000e+00 0.000000000000000000e+00
8.603147853200000000e+15 6.838900325400000442e+36 1.856399999999999909e+39 1.000000000000000000e+00 0.000000000000000000e+00
8.556867083700000000e+15 6.797247632799999717e+36 1.851400000000000076e+39 1.000000000000000000e+00 0.000000000000000000e+00
8.510711134200000000e+15 6.755707278200000582e+36 1.846399999999999941e+39 1.000000000000000000e+00 0.000000000000000000e+00
8.464680004700000000e+15 6.714279261700000327e+36 1.841400000000000108e+39 1.000000000000000000e+00 0.000000000000000000e+00
8.418773695200000000e+15 6.672963583200000481e+36 1.836399999999999973e+39 1.000000000000000000e+00 0.000000000000000000e+00
8.372992205800000000e+15 6.631760242699999864e+36 1.831400000000000141e+39 1.000000000000000000e+00 0.000000000000000000e+00
8.327335536400000000e+15 6.590669240199999655e+36 1.826400000000000006e+39 1.000000000000000000e+00 0.000000000000000000e+00
8.281803687000000000e+15 6.549690575799999508e+36 1.821399999999999871e+39 1.000000000000000000e+00 0.000000000000000000e+00
8.236396657600000000e+15 6.508824249300000117e+36 1.816400000000000038e+39 1.000000000000000000e+00 0.000000000000000000e+00
8.191114448300000000e+15 6.468070261000000440e+36 1.811399999999999903e+39 1.000000000000000000e+00 0.000000000000000000e+00
8.145957059000000000e+15 6.427428610600000339e+36 1.806400000000000070e+39 1.000000000000000000e+00 0.000000000000000000e+00
8.100924489700000000e+15 6.386899298199999466e+36 1.801399999999999935e+39 1.000000000000000000e+00 0.000000000000000000e+00
8.056016740500000000e+15 6.346482323899999835e+36 1.796400000000000103e+39 1.000000000000000000e+00 0.000000000000000000e+00
8.011233811200000000e+15 6.306177687599999432e+36 1.791399999999999968e+39 1.000000000000000000e+00 0.000000000000000000e+00
7.966575702100000000e+15 6.265985389299999438e+36 1.786400000000000135e+39 1.000000000000000000e+00 0.000000000000000000e+00
7.922042412900000000e+15 6.225905429099999505e+36 1.781400000000000000e+39 1.000000000000000000e+00 0.000000000000000000e+00
7.877633943700000000e+15 6.185937806800000329e+36 1.776399999999999865e+39 1.000000000000000000e+00 0.000000000000000000e+00
7.833350294600000000e+15 6.146082522600000033e+36 1.771400000000000032e+39 1.000000000000000000e+00 0.000000000000000000e+00
7.789191465500000000e+15 6.106339576499999799e+36 1.766399999999999897e+39 1.000000000000000000e+00 0.000000000000000000e+00
7.745157456500000000e+15 6.066708968300000321e+36 1.761400000000000065e+39 1.000000000000000000e+00 0.000000000000000000e+00
7.701248267400000000e+15 6.027190698199999724e+36 1.756399999999999930e+39 1.000000000000000000e+00 0.000000000000000000e+00
7.657463898400000000e+15 5.987784766099999536e+36 1.751400000000000097e+39 1.000000000000000000e+00 0.000000000000000000e+00
7.613804349400000000e+15 5.948491171999999757e+36 1.746399999999999962e+39 1.000000000000000000e+00 0.000000000000000000e+00
7.570269620500000000e+15 5.909309915900000387e+36 1.741400000000000129e+39 1.000000000000000000e+00 0.000000000000000000e+00
7.526859711600000000e+15 5.870240997899999897e+36 1.736399999999999994e+39 1.000000000000000000e+00 0.000000000000000000e+00
7.483574622700000000e+15 5.831284417899999816e+36 1.731399999999999859e+39 1.000000000000000000e+00 0.000000000000000000e+00
7.440414353800000000e+15 5.792440175900000144e+36 1.726400000000000027e+39 1.000000000000000000e+00 0.000000000000000000e+00
7.397378904900000000e+15 5.753708271899999700e+36 1.721399999999999892e+39 1.000000000000000000e+00 0.000000000000000000e+00
7.354468276100000000e+15 5.715088706000000499e+36 1.716400000000000059e+39 1.000000000000000000e+00 0.000000000000000000e+00
7.311682467300000000e+15 5.676581478100000525e+36 1.711399999999999924e+39 1.000000000000000000e+00 0.000000000000000000e+00
7.269021478600000000e+15 5.638186588199999780e+36 1.706400000000000091e+39 1.000000000000000000e+00 0.000000000000000000e+00
7.226485309800000000e+15 5.599904036299999444e+36 1.701399999999999956e+39 1.000000000000000000e+00 0.000000000000000000e+00
7.184073961100000000e+15 5.561733822500000349e+36 1.696400000000000124e+39 1.000000000000000000e+00 0.000000000000000000e+00
7.141787432400000000e+15 5.523675946700000483e+36 1.691399999999999989e+39 1.000000000000000000e+00 0.000000000000000000e+00
7.099625723800000000e+15 5.485730408899999845e+36 1.686399999999999854e+39 1.000000000000000000e+00 0.000000000000000000e+00
7.057588835100000000e+15 5.447897209099999616e+36 1.681400000000000021e+39 1.000000000000000000e+00 0.000000000000000000e+00
7.015676766500000000e+15 5.410176347299999796e+36 1.676399999999999886e+39 1.000000000000000000e+00 0.000000000000000000e+00
6.973889517900000000e+15 5.372567823600000037e+36 1.671400000000000053e+39 1.000000000000000000e+00 0.000000000000000000e+00
6.932227089400000000e+15 5.335071637899999507e+36 1.666399999999999919e+39 1.000000000000000000e+00 0.000000000000000000e+00
6.890689480900000000e+15 5.297687790300000218e+36 1.661400000000000086e+39 1.000000000000000000e+00 0.000000000000000000e+00
6.849276692400000000e+15 5.260416280599999915e+36 1.656399999999999951e+39 1.000000000000000000e+00 0.000000000000000000e+00
6.807988723900000000e+15 5.223257109000000263e+36 1.651400000000000118e+39 1.000000000000000000e+00 0.000000000000000000e+00
6.766825575400000000e+15 5.186210275399999840e+36 1.646399999999999983e+39 1.000000000000000000e+00 0.000000000000000000e+00
6.725787247000000000e+15 5.149275779799999826e+36 1.641400000000000150e+39 1.000000000000000000e+00 0.000000000000000000e+00
6.684873738600000000e+15 5.112453622200000221e+36 1.636400000000000016e+39 1.000000000000000000e+00 0.000000000000000000e+00
6.644085050300000000e+15 5.075743802700000086e+36 1.631399999999999881e+39 1.000000000000000000e+00 0.000000000000000000e+00
6.603421181900000000e+15 5.039146321199999770e+36 1.626400000000000048e+39 1.000000000000000000e+00 0.000000000000000000e+00
6.562882133600000000e+15 5.002661177699999863e+36 1.621399999999999913e+39 1.000000000000000000e+00 0.000000000000000000e+00
6.522467905300000000e+15 4.966288372300000018e+36 1.616400000000000080e+39 1.000000000000000000e+00 0.000000000000000000e+00
6.482178497100000000e+15 4.930027904799999748e+36 1.611399999999999945e+39 1.000000000000000000e+00 0.000000000000000000e+00
6.442013908800000000e+15 4.893879775400000130e+36 1.606400000000000113e+39 1.000000000000000000e+00 0.000000000000000000e+00
6.401974140600000000e+15 4.857843984099999982e+36 1.601399999999999978e+39 1.000000000000000000e+00 0.000000000000000000e+00
6.362059192500000000e+15 4.821920530700000001e+36 1.596400000000000145e+39 1.000000000000000000e+00 0.000000000000000000e+00
6.322269064300000000e+15 4.786109415400000082e+36 1.591400000000000010e+39 1.000000000000000000e+00 0.000000000000000000e+00
6.282603756200000000e+15 4.750410638099999980e+36 1.586399999999999875e+39 1.000000000000000000e+00 0.000000000000000000e+00
6.243063268100000000e+15 4.714824198800000288e+36 1.581400000000000042e+39 1.000000000000000000e+00 0.000000000000000000e+00
6.203647600000000000e+15 4.679350097499999824e+36 1.576399999999999907e+39 1.000000000000000000e+00 0.000000000000000000e+00
6.164356752000000000e+15 4.643988334300000012e+36 1.571400000000000075e+39 1.000000000000000000e+00 0.000000000000000000e+00
6.125190724000000000e+15 4.608738908999999775e+36 1.566399999999999940e+39 1.000000000000000000e+00 0.000000000000000000e+00
6.086149516000000000e+15 4.573601821899999843e+36 1.561400000000000107e+39 1.000000000000000000e+00 0.000000000000000000e+00
6.047233128000000000e+15 4.538577072700000076e+36 1.556399999999999972e+39 1.000000000000000000e+00 0.000000000000000000e+00
6.008441560100000000e+15 4.503664661500000129e+36 1.551400000000000139e+39 1.000000000000000000e+00 0.000000000000000000e+00
5.969774812200000000e+15 4.468864588400000242e+36 1.546400000000000004e+39 1.000000000000000000e+00 0.000000000000000000e+00
5.931232884300000000e+15 4.434176853300000174e+36 1.541399999999999869e+39 1.000000000000000000e+00 0.000000000000000000e+00
5.892815776400000000e+15 4.399601456300000167e+36 1.536400000000000037e+39 1.000000000000000000e+00 0.000000000000000000e+00
5.854523488600000000e+15 4.365138397199999737e+36 1.531399999999999902e+39 1.000000000000000000e+00 0.000000000000000000e+00
5.816356020800000000e+15 4.330787676199999958e+36 1.526400000000000069e+39 1.000000000000000000e+00 0.000000000000000000e+00
5.778313373000000000e+15 4.296549293199999997e+36 1.521399999999999934e+39 1.000000000000000000e+00 0.000000000000000000e+00
5.740395545300000000e+15 4.262423248199999855e+36 1.516400000000000101e+39 1.000000000000000000e+00 0.000000000000000000e+00
5.702602537600000000e+15 4.228409541299999774e+36 1.511399999999999966e+39 1.000000000000000000e+00 0.000000000000000000e+00
5.664934349900000000e+15 4.194508172400000102e+36 1.506400000000000134e+39 1.000000000000000000e+00 0.000000000000000000e+00
5.627390982200000000e+15 4.160719141500000249e+36 1.501399999999999999e+39 1.000000000000000000e+00 0.000000000000000000e+00
5.589972434600000000e+15 4.127042448600000215e+36 1.496399999999999864e+39 1.000000000000000000e+00 0.000000000000000000e+00
5.552678706900000000e+15 4.093478093699999999e+36 1.491400000000000031e+39 1.000000000000000000e+00 0.000000000000000000e+00
5.515509799400000000e+15 4.060026076899999844e+36 1.486399999999999896e+39 1.000000000000000000e+00 0.000000000000000000e+00
5.478465711800000000e+15 4.026686398100000098e+36 1.481400000000000063e+39 1.000000000000000000e+00 0.000000000000000000e+00
5.441546444300000000e+15 3.993459057300000171e+36 1.476399999999999928e+39 1.000000000000000000e+00 0.000000000000000000e+00
5.404751996800000000e+15 3.960344054599999714e+36 1.471400000000000096e+39 1.000000000000000000e+00 0.000000000000000000e+00
5.368082369300000000e+15 3.927341389800000015e+36 1.466399999999999961e+39 1.000000000000000000e+00 0.000000000000000000e+00
5.331537561800000000e+15 3.894451063099999786e+36 1.461400000000000128e+39 1.000000000000000000e+00 0.000000000000000000e+00
5.295117574400000000e+15 3.861673074399999966e+36 1.456399999999999993e+39 1.000000000000000000e+00 0.000000000000000000e+00
5.258822407000000000e+15 3.829007423800000207e+36 1.451399999999999858e+39 1.000000000000000000e+00 0.000000000000000000e+00
5.222652059600000000e+15 3.796454111100000024e+36 1.446400000000000025e+39 1.000000000000000000e+00 0.000000000000000000e+00
5.186606532300000000e+15 3.764013136499999903e+36 1.441399999999999891e+39 1.000000000000000000e+00 0.000000000000000000e+00
5.150685825000000000e+15 3.731684499900000190e+36 1.436400000000000058e+39 1.000000000000000000e+00 0.000000000000000000e+00
5.114889937700000000e+15 3.699468201399999948e+36 1.431399999999999923e+39 1.000000000000000000e+00 0.000000000000000000e+00
5.079218870400000000e+15 3.667364240799999873e+36 1.426400000000000090e+39 1.000000000000000000e+00 0.000000000000000000e+00
5.043672623200000000e+15 3.635372618299999859e+36 1.421399999999999955e+39 1.000000000000000000e+00 0.000000000000000000e+00
5.008251195900000000e+15 3.603493333800000254e+36 1.416400000000000122e+39 1.000000000000000000e+00 0.000000000000000000e+00
4.972954588800000000e+15 3.571726387400000119e+36 1.411399999999999988e+39 1.000000000000000000e+00 0.000000000000000000e+00
4.937782801600000000e+15 3.540071778900000151e+36 1.406399999999999853e+39 1.000000000000000000e+00 0.000000000000000000e+00
4.902735834500000000e+15 3.508529508500000244e+36 1.401400000000000020e+39 1.000000000000000000e+00 0.000000000000000000e+00
4.867813687400000000e+15 3.477099576100000156e+36 1.396399999999999885e+39 1.000000000000000000e+00 0.000000000000000000e+00
4.833016360300000000e+15 3.445781981699999886e+36 1.391400000000000052e+39 1.000000000000000000e+00 0.000000000000000000e+00
4.798343853200000000e+15 3.414576725400000268e+36 1.386399999999999917e+39 1.000000000000000000e+00 0.000000000000000000e+00
4.763796166200000000e+15 3.383483807099999878e+36 1.381400000000000085e+39 1.000000000000000000e+00 0.000000000000000000e+00
4.729373299200000000e+15 3.352503226799999897e+36 1.376399999999999950e+39 1.000000000000000000e+00 0.000000000000000000e+00
4.695075252300000000e+15 3.321634984499999735e+36 1.371400000000000117e+39 1.000000000000000000e+00 0.000000000000000000e+00
4.660902025300000000e+15 3.290879080300000224e+36 1.366399999999999982e+39 1.000000000000000000e+00 0.000000000000000000e+00
4.626853618400000000e+15 3.260235514000000290e+36 1.361400000000000149e+39 1.000000000000000000e+00 0.000000000000000000e+00
4.592930031500000000e+15 3.229704285799999826e+36 1.356400000000000014e+39 1.000000000000000000e+00 0.000000000000000000e+00
4.559131264600000000e+15 3.199285395700000013e+36 1.351400000000000030e+39 1.000000000000000000e+00 0.000000000000000000e+00
4.525457317800000000e+15 3.168978843499999777e+36 1.346400000000000047e+39 1.000000000000000000e+00 0.000000000000000000e+00
4.491908191000000000e+15 3.138784629400000192e+36 1.341400000000000063e+39 1.000000000000000000e+00 0.000000000000000000e+00
4.458483884200000000e+15 3.108702753299999836e+36 1.336399999999999928e+39 1.000000000000000000e+00 0.000000000000000000e+00
4.425184397500000000e+15 3.078733215199999888e+36 1.331399999999999944e+39 1.000000000000000000e+00 0.000000000000000000e+00
4.392009730700000000e+15 3.048876015099999759e+36 1.326399999999999960e+39 1.000000000000000000e+00 0.000000000000000000e+00
4.358959884000000000e+15 3.019131153100000281e+36 1.321399999999999976e+39 1.000000000000000000e+00 0.000000000000000000e+00
4.326034857400000000e+15 2.989498629100000032e+36 1.316399999999999993e+39 1.000000000000000000e+00 0.000000000000000000e+00
4.293234650700000000e+15 2.959978443100000192e+36 1.311400000000000009e+39 1.000000000000000000e+00 0.000000000000000000e+00
4.260559264100000000e+15 2.930570595199999822e+36 1.306400000000000025e+39 1.000000000000000000e+00 0.000000000000000000e+00
4.228008697500000000e+15 2.901275085200000210e+36 1.301400000000000041e+39 1.000000000000000000e+00 0.000000000000000000e+00
4.195582950900000000e+15 2.872091913300000068e+36 1.296400000000000057e+39 1.000000000000000000e+00 0.000000000000000000e+00
4.163282024400000000e+15 2.843021079399999745e+36 1.291400000000000073e+39 1.000000000000000000e+00 0.000000000000000000e+00
4.131105917900000000e+15 2.814062583600000073e+36 1.286399999999999938e+39 1.000000000000000000e+00 0.000000000000000000e+00
4.099054631400000000e+15 2.785216425699999977e+36 1.281399999999999955e+39 1.000000000000000000e+00 0.000000000000000000e+00
4.067128164900000000e+15 2.756482605899999943e+36 1.276399999999999971e+39 1.000000000000000000e+00 0.000000000000000000e+00
4.035326518500000000e+15 2.727861124099999727e+36 1.271399999999999987e+39 1.000000000000000000e+00 0.000000000000000000e+00
4.003649692100000000e+15 2.699351980299999920e+36 1.266400000000000003e+39 1.000000000000000000e+00 0.000000000000000000e+00
3.972097685700000000e+15 2.670955174600000174e+36 1.261400000000000019e+39 1.000000000000000000e+00 0.000000000000000000e+00
3.940670499300000000e+15 2.642670706899999951e+36 1.256400000000000035e+39 1.000000000000000000e+00 0.000000000000000000e+00
3.909368133000000000e+15 2.614498577200000138e+36 1.251400000000000052e+39 1.000000000000000000e+00 0.000000000000000000e+00
3.878190586700000000e+15 2.586438785500000143e+36 1.246400000000000068e+39 1.000000000000000000e+00 0.000000000000000000e+00
3.847137860400000000e+15 2.558491331899999914e+36 1.241399999999999933e+39 1.000000000000000000e+00 0.000000000000000000e+00
3.816209954200000000e+15 2.530656216300000094e+36 1.236399999999999949e+39 1.000000000000000000e+00 0.000000000000000000e+00
3.785406868000000000e+15 2.502933438700000093e+36 1.231399999999999965e+39 1.000000000000000000e+00 0.000000000000000000e+00
3.754728601800000000e+15 2.475322999099999911e+36 1.226399999999999981e+39 1.000000000000000000e+00 0.000000000000000000e+00
3.724175155600000000e+15 2.447824897500000137e+36 1.221399999999999997e+39 1.000000000000000000e+00 0.000000000000000000e+00
3.693746529500000000e+15 2.420439134000000129e+36 1.216400000000000014e+39 1.000000000000000000e+00 0.000000000000000000e+00
3.663442723400000000e+15 2.393165708499999940e+36 1.211400000000000030e+39 1.000000000000000000e+00 0.000000000000000000e+00
3.633263737300000000e+15 2.366004620999999865e+36 1.206400000000000046e+39 1.000000000000000000e+00 0.000000000000000000e+00
3.603209571200000000e+15 2.338955871600000146e+36 1.201400000000000062e+39 1.000000000000000000e+00 0.000000000000000000e+00
3.573280225200000000e+15 2.312019460199999950e+36 1.196399999999999927e+39 1.000000000000000000e+00 0.000000000000000000e+00
3.543475699200000000e+15 2.285195386699999921e+36 1.191399999999999943e+39 1.000000000000000000e+00 0.000000000000000000e+00
3.513795993200000000e+15 2.258483651399999901e+36 1.186399999999999960e+39 1.000000000000000000e+00 0.000000000000000000e+00
3.484241107300000000e+15 2.231884254000000047e+36 1.181399999999999976e+39 1.000000000000000000e+00 0.000000000000000000e+00
3.454811041300000000e+15 2.205397194699999958e+36 1.176399999999999992e+39 1.000000000000000000e+00 0.000000000000000000e+00
3.425505795400000000e+15 2.179022473399999984e+36 1.171400000000000008e+39 1.000000000000000000e+00 0.000000000000000000e+00
3.396325369600000000e+15 2.152760090100000123e+36 1.166400000000000024e+39 1.000000000000000000e+00 0.000000000000000000e+00
3.367269763700000000e+15 2.126610044800000081e+36 1.161400000000000040e+39 1.000000000000000000e+00 0.000000000000000000e+00
3.338338977900000000e+15 2.100572337600000100e+36 1.156400000000000057e+39 1.000000000000000000e+00 0.000000000000000000e+00
3.309533012100000000e+15 2.074646968399999938e+36 1.151400000000000073e+39 1.000000000000000000e+00 0.000000000000000000e+00
3.280851866400000000e+15 2.048833937199999890e+36 1.146399999999999938e+39 1.000000000000000000e+00 0.000000000000000000e+00
3.252295540600000000e+15 2.023133243999999955e+36 1.141399999999999954e+39 1.000000000000000000e+00 0.000000000000000000e+00
3.223864034900000000e+15 1.997544888900000082e+36 1.136399999999999970e+39 1.000000000000000000e+00 0.000000000000000000e+00
3.195557349200000000e+15 1.972068871800000027e+36 1.131399999999999986e+39 1.000000000000000000e+00 0.000000000000000000e+00
3.167375483600000000e+15 1.946705192700000086e+36 1.126400000000000002e+39 1.000000000000000000e+00 0.000000000000000000e+00
3.139318437900000000e+15 1.921453851599999963e+36 1.121400000000000019e+39 1.000000000000000000e+00 0.000000000000000000e+00
3.111386212300000000e+15 1.896314848599999902e+36 1.116400000000000035e+39 1.000000000000000000e+00 0.000000000000000000e+00
3.083578806800000000e+15 1.871288183599999954e+36 1.111400000000000051e+39 1.000000000000000000e+00 0.000000000000000000e+00
3.055896221200000000e+15 1.846373856600000120e+36 1.106400000000000067e+39 1.000000000000000000e+00 0.000000000000000000e+00
3.028338455700000000e+15 1.821571867600000105e+36 1.101399999999999932e+39 1.000000000000000000e+00 0.000000000000000000e+00
3.000905510200000000e+15 1.796882216699999856e+36 1.096399999999999948e+39 1.000000000000000000e+00 0.000000000000000000e+00
2.973597384700000000e+15 1.772304903700000069e+36 1.091399999999999965e+39 1.000000000000000000e+00 0.000000000000000000e+00
2.946414079300000000e+15 1.747839928800000047e+36 1.086399999999999981e+39 1.000000000000000000e+00 0.000000000000000000e+00
2.919355593900000000e+15 1.723487292000000086e+36 1.081399999999999997e+39 1.000000000000000000e+00 0.000000000000000000e+00
2.892421928500000000e+15 1.699246993099999997e+36 1.076400000000000013e+39 1.000000000000000000e+00 0.000000000000000000e+00
2.865613083100000000e+15 1.675119032299999969e+36 1.071400000000000029e+39 1.000000000000000000e+00 0.000000000000000000e+00
2.838929057800000000e+15 1.651103409500000055e+36 1.066400000000000045e+39 1.000000000000000000e+00 0.000000000000000000e+00
2.812369852500000000e+15 1.627200124699999959e+36 1.061400000000000062e+39 1.000000000000000000e+00 0.000000000000000000e+00
2.785935467200000000e+15 1.603409177999999925e+36 1.056399999999999927e+39 1.000000000000000000e+00 0.000000000000000000e+00
2.759625902000000000e+15 1.579730569200000057e+36 1.051399999999999943e+39 1.000000000000000000e+00 0.000000000000000000e+00
2.733441156700000000e+15 1.556164298499999955e+36 1.046399999999999959e+39 1.000000000000000000e+00 0.000000000000000000e+00
2.707381231500000000e+15 1.532710365799999967e+36 1.041399999999999975e+39 1.000000000000000000e+00 0.000000000000000000e+00
2.681446126400000000e+15 1.509368771200000039e+36 1.036399999999999991e+39 1.000000000000000000e+00 0.000000000000000000e+00
2.655635841200000000e+15 1.486139514599999931e+36 1.031400000000000007e+39 1.000000000000000000e+00 0.000000000000000000e+00
2.629950376100000000e+15 1.463022595999999936e+36 1.026400000000000024e+39 1.000000000000000000e+00 0.000000000000000000e+00
2.604389731000000000e+15 1.440018015400000055e+36 1.021400000000000040e+39 1.000000000000000000e+00 0.000000000000000000e+00
2.578953905900000000e+15 1.417125772799999993e+36 1.016400000000000056e+39 1.000000000000000000e+00 0.000000000000000000e+00
2.553642900900000000e+15 1.394345868299999992e+36 1.011400000000000072e+39 1.000000000000000000e+00 0.000000000000000000e+00
2.528456715900000000e+15 1.371678301800000104e+36 1.006399999999999937e+39 1.000000000000000000e+00 0.000000000000000000e+00
2.503395350900000000e+15 1.349123073300000035e+36 1.001399999999999953e+39 1.000000000000000000e+00 0.000000000000000000e+00
2.478448856300000000e+15 1.326671228099999966e+36 9.963979999999999466e+38 1.000000000000000000e+00 0.000000000000000000e+00
2.453637181300000000e+15 1.304340720599999976e+36 9.913979999999999628e+38 1.000000000000000000e+00 0.000000000000000000e+00
2.428950326300000000e+15 1.282122551200000046e+36 9.863979999999999789e+38 1.000000000000000000e+00 0.000000000000000000e+00
2.404388291400000000e+15 1.260016719699999988e+36 9.813979999999999951e+38 1.000000000000000000e+00 0.000000000000000000e+00
2.379951076400000000e+15 1.238023226299999991e+36 9.763980000000000113e+38 1.000000000000000000e+00 0.000000000000000000e+00
2.355638681500000000e+15 1.216142070899999961e+36 9.713980000000000274e+38 1.000000000000000000e+00 0.000000000000000000e+00
2.331451106700000000e+15 1.194373253500000044e+36 9.663980000000000436e+38 1.000000000000000000e+00 0.000000000000000000e+00
2.307388351800000000e+15 1.172716774099999946e+36 9.613980000000000598e+38 1.000000000000000000e+00 0.000000000000000000e+00
2.283450417000000000e+15 1.151172632800000056e+36 9.563979999999999248e+38 1.000000000000000000e+00 0.000000000000000000e+00
2.259637302200000000e+15 1.129740829499999985e+36 9.513979999999999410e+38 1.000000000000000000e+00 0.000000000000000000e+00
2.235949007500000000e+15 1.108421364200000028e+36 9.463979999999999572e+38 1.000000000000000000e+00 0.000000000000000000e+00
2.212385532700000000e+15 1.087214236900000037e+36 9.413979999999999733e+38 1.000000000000000000e+00 0.000000000000000000e+00
2.188946878000000000e+15 1.066119447699999960e+36 9.363979999999999895e+38 1.000000000000000000e+00 0.000000000000000000e+00
2.165633043300000000e+15 1.045136996499999996e+36 9.313980000000000057e+38 1.000000000000000000e+00 0.000000000000000000e+00
2.142444028700000000e+15 1.024266883299999999e+36 9.263980000000000218e+38 1.000000000000000000e+00 0.000000000000000000e+00
2.119379834000000000e+15 1.003509108099999968e+36 9.213980000000000380e+38 1.000000000000000000e+00 0.000000000000000000e+00
2.096440459400000000e+15 9.828636709800000380e+35 9.163980000000000542e+38 1.000000000000000000e+00 0.000000000000000000e+00
2.073625904900000000e+15 9.623305718599999266e+35 9.113980000000000703e+38 1.000000000000000000e+00 0.000000000000000000e+00
2.050936170300000000e+15 9.419098107699999428e+35 9.063979999999999354e+38 1.000000000000000000e+00 0.000000000000000000e+00
2.028371255800000000e+15 9.216013877000000327e+35 9.013979999999999516e+38 1.000000000000000000e+00 0.000000000000000000e+00
2.005931161300000000e+15 9.014053026599999550e+35 8.963979999999999677e+38 1.000000000000000000e+00 0.000000000000000000e+00
1.983615886800000000e+15 8.813215556399999510e+35 8.913979999999999839e+38 1.000000000000000000e+00 0.000000000000000000e+00
1.961425432400000000e+15 8.613501466400000207e+35 8.863980000000000001e+38 1.000000000000000000e+00 0.000000000000000000e+00
1.939359798000000000e+15 8.414910756700000704e+35 8.813980000000000162e+38 1.000000000000000000e+00 0.000000000000000000e+00
1.917418983600000000e+15 8.217443427200000463e+35 8.763980000000000324e+38 1.000000000000000000e+00 0.000000000000000000e+00
1.895602989200000000e+15 8.021099478000000020e+35 8.713980000000000486e+38 1.000000000000000000e+00 0.000000000000000000e+00
1.873911814900000000e+15 7.825878909000000315e+35 8.663980000000000647e+38 1.000000000000000000e+00 0.000000000000000000e+00
1.852345460600000000e+15 7.631781720199999872e+35 8.613979999999999298e+38 1.000000000000000000e+00 0.000000000000000000e+00
1.830903926300000000e+15 7.438807911700000704e+35 8.563979999999999460e+38 1.000000000000000000e+00 0.000000000000000000e+00
1.809587212100000000e+15 7.246957483399999321e+35 8.513979999999999621e+38 1.000000000000000000e+00 0.000000000000000000e+00
1.788395317800000000e+15 7.056230435400000689e+35 8.463979999999999783e+38 1.000000000000000000e+00 0.000000000000000000e+00
1.767328243600000000e+15 6.866626767599999844e+35 8.413979999999999945e+38 1.000000000000000000e+00 0.000000000000000000e+00
1.746385989500000000e+15 6.678146479999999735e+35 8.363980000000000106e+38 1.000000000000000000e+00 0.000000000000000000e+00
1.725568555300000000e+15 6.490789572700000164e+35 8.313980000000000268e+38 1.000000000000000000e+00 0.000000000000000000e+00
1.704875941200000000e+15 6.304556045699999654e+35 8.263980000000000430e+38 1.000000000000000000e+00 0.000000000000000000e+00
1.684308147100000000e+15 6.119445898800000082e+35 8.213980000000000591e+38 1.000000000000000000e+00 0.000000000000000000e+00
1.663865173100000000e+15 5.935459132300000109e+35 8.163980000000000753e+38 3.512562814099999819e+00 0.000000000000000000e+00
1.649679146100000000e+15 5.808751587399999922e+35 8.113979999999999404e+38 3.512562814099999819e+00 0.000000000000000000e+00
1.635579206200000000e+15 5.683990733599999923e+35 8.063979999999999565e+38 3.512562814099999819e+00 0.000000000000000000e+00
1.621564552200000000e+15 5.561158455099999663e+35 8.013979999999999727e+38 3.512562814099999819e+00 0.000000000000000000e+00
1.607634385500000000e+15 5.440236693600000059e+35 7.963979999999999889e+38 3.512562814099999819e+00 0.000000000000000000e+00
1.593787910000000000e+15 5.321207448199999907e+35 7.913980000000000050e+38 3.512562814099999819e+00 0.000000000000000000e+00
1.580024332400000000e+15 5.204052776299999980e+35 7.863980000000000212e+38 3.512562814099999819e+00 0.000000000000000000e+00
1.566342861600000000e+15 5.088754792900000005e+35 7.813980000000000374e+38 3.512562814099999819e+00 0.000000000000000000e+00
1.552742709400000000e+15 4.975295671499999809e+35 7.763980000000000535e+38 3.512562814099999819e+00 0.000000000000000000e+00
1.539223090000000000e+15 4.863657643700000122e+35 7.713980000000000697e+38 3.512562814099999819e+00 0.000000000000000000e+00
1.525783220300000000e+15 4.753822999799999898e+35 7.663979999999999348e+38 3.512562814099999819e+00 0.000000000000000000e+00
1.512422319600000000e+15 4.645774088899999806e+35 7.613979999999999509e+38 3.512562814099999819e+00 0.000000000000000000e+00
1.499139610100000000e+15 4.539493318800000214e+35 7.563979999999999671e+38 3.512562814099999819e+00 0.000000000000000000e+00
1.485934316300000000e+15 4.434963156699999788e+35 7.513979999999999833e+38 3.512562814099999819e+00 0.000000000000000000e+00
1.472805665600000000e+15 4.332166129000000321e+35 7.463979999999999994e+38 3.512562814099999819e+00 0.000000000000000000e+00
1.459752887900000000e+15 4.231084821499999687e+35 7.413980000000000156e+38 3.512562814099999819e+00 0.000000000000000000e+00
1.446775215600000000e+15 4.131701879700000101e+35 7.363980000000000318e+38 3.512562814099999819e+00 0.000000000000000000e+00
1.433871884100000000e+15 4.034000009100000132e+35 7.313980000000000479e+38 3.512562814099999819e+00 0.000000000000000000e+00
1.421042131100000000e+15 3.937961975199999876e+35 7.263980000000000641e+38 3.512562814099999819e+00 0.000000000000000000e+00
1.408285197200000000e+15 3.843570603900000146e+35 7.213979999999999292e+38 3.512562814099999819e+00 0.000000000000000000e+00
1.395600325500000000e+15 3.750808781299999928e+35 7.163979999999999453e+38 3.512562814099999819e+00 0.000000000000000000e+00
1.382986762100000000e+15 3.659659454599999739e+35 7.113979999999999615e+38 3.512562814099999819e+00 0.000000000000000000e+00
1.370443755300000000e+15 3.570105631700000215e+35 7.063979999999999777e+38 3.512562814099999819e+00 0.000000000000000000e+00
1.357970556500000000e+15 3.482130381400000239e+35 7.013979999999999938e+38 3.512562814099999819e+00 0.000000000000000000e+00
1.345566419700000000e+15 3.395716834099999959e+35 6.963980000000000100e+38 3.512562814099999819e+00 0.000000000000000000e+00
1.333230601600000000e+15 3.310848181600000085e+35 6.913980000000000262e+38 3.512562814099999819e+00 0.000000000000000000e+00
1.320962361600000000e+15 3.227507677499999983e+35 6.863980000000000423e+38 3.512562814099999819e+00 0.000000000000000000e+00
1.308760961900000000e+15 3.145678637399999853e+35 6.813980000000000585e+38 3.512562814099999819e+00 0.000000000000000000e+00
1.296625667400000000e+15 3.065344438899999993e+35 6.763979999999999991e+38 3.512562814099999819e+00 0.000000000000000000e+00
1.284555745800000000e+15 2.986488522199999965e+35 6.713980000000000153e+38 3.512562814099999819e+00 0.000000000000000000e+00
1.272550467600000000e+15 2.909094389999999903e+35 6.663980000000000315e+38 3.512562814099999819e+00 0.000000000000000000e+00
1.260609105900000000e+15 2.833145607900000080e+35 6.613979999999999721e+38 3.512562814099999819e+00 0.000000000000000000e+00
1.248730936900000000e+15 2.758625804600000137e+35 6.563979999999999882e+38 3.512562814099999819e+00 0.000000000000000000e+00
1.236915239400000000e+15 2.685518672100000162e+35 6.513980000000000044e+38 3.512562814099999819e+00 0.000000000000000000e+00
1.225161294900000000e+15 2.613807965899999915e+35 6.463980000000000206e+38 3.512562814099999819e+00 0.000000000000000000e+00
1.213468387900000000e+15 2.543477505300000075e+35 6.413980000000000367e+38 3.512562814099999819e+00 0.000000000000000000e+00
1.201835805700000000e+15 2.474511173700000163e+35 6.363979999999999774e+38 3.512562814099999819e+00 0.000000000000000000e+00
1.190262838500000000e+15 2.406892918700000184e+35 6.313979999999999935e+38 3.512562814099999819e+00 0.000000000000000000e+00
1.178748779300000000e+15 2.340606752499999828e+35 6.263980000000000097e+38 3.512562814099999819e+00 0.000000000000000000e+00
1.167292923700000000e+15 2.275636751899999945e+35 6.213980000000000259e+38 3.512562814099999819e+00 0.000000000000000000e+00
1.155894570700000000e+15 2.211967058899999866e+35 6.163979999999999665e+38 3.512562814099999819e+00 0.000000000000000000e+00
1.144553021800000000e+15 2.149581880699999986e+35 6.113979999999999826e+38 3.512562814099999819e+00 0.000000000000000000e+00
1.133267581500000000e+15 2.088465489899999891e+35 6.063979999999999988e+38 3.512562814099999819e+00 0.000000000000000000e+00
1.122037557100000000e+15 2.028602224999999931e+35 6.013980000000000150e+38 3.512562814099999819e+00 0.000000000000000000e+00
1.110862259200000000e+15 1.969976490699999888e+35 5.963980000000000311e+38 3.512562814099999819e+00 0.000000000000000000e+00
1.099741000800000000e+15 1.912572757799999912e+35 5.913979999999999718e+38 3.512562814099999819e+00 0.000000000000000000e+00
1.088673098300000000e+15 1.856375563600000086e+35 5.863979999999999879e+38 3.512562814099999819e+00 0.000000000000000000e+00
1.077657870800000000e+15 1.801369512699999935e+35 5.813980000000000041e+38 3.512562814099999819e+00 0.000000000000000000e+00
1.066694640400000000e+15 1.747539276299999824e+35 5.763980000000000203e+38 3.512562814099999819e+00 0.000000000000000000e+00
1.055782732300000000e+15 1.694869593400000030e+35 5.713980000000000364e+38 3.512562814099999819e+00 0.000000000000000000e+00
1.044921474500000000e+15 1.643345270600000038e+35 5.663979999999999770e+38 3.512562814099999819e+00 0.000000000000000000e+00
1.034110198200000000e+15 1.592951182499999952e+35 5.613979999999999932e+38 3.512562814099999819e+00 0.000000000000000000e+00
1.023348237600000000e+15 1.543672271899999908e+35 5.563980000000000094e+38 3.512562814099999819e+00 0.000000000000000000e+00
1.012634929800000000e+15 1.495493550200000015e+35 5.513980000000000255e+38 3.512562814099999819e+00 0.000000000000000000e+00
1.001969614900000000e+15 1.448400097799999916e+35 5.463979999999999662e+38 3.512562814099999819e+00 0.000000000000000000e+00
9.913516364000000000e+14 1.402377064300000053e+35 5.413979999999999823e+38 3.512562814099999819e+00 0.000000000000000000e+00
9.807803405200000000e+14 1.357409668500000005e+35 5.363979999999999985e+38 3.512562814099999819e+00 0.000000000000000000e+00
9.702550767300000000e+14 1.313483199399999987e+35 5.313980000000000147e+38 3.512562814099999819e+00 0.000000000000000000e+00
9.597751975700000000e+14 1.270583015799999995e+35 5.263980000000000308e+38 3.512562814099999819e+00 0.000000000000000000e+00
9.493400586900000000e+14 1.228694547100000044e+35 5.213979999999999714e+38 3.512562814099999819e+00 0.000000000000000000e+00
9.389490188700000000e+14 1.187803293499999956e+35 5.163979999999999876e+38 3.512562814099999819e+00 0.000000000000000000e+00
9.286014400500000000e+14 1.147894826100000077e+35 5.113980000000000038e+38 3.512562814099999819e+00 0.000000000000000000e+00
9.182966873100000000e+14 1.108954787700000045e+35 5.063980000000000199e+38 3.512562814099999819e+00 0.000000000000000000e+00
9.080341289100000000e+14 1.070968892699999917e+35 5.013980000000000361e+38 3.512562814099999819e+00 0.000000000000000000e+00
8.978131363000000000e+14 1.033922927700000064e+35 4.963979999999999767e+38 3.512562814099999819e+00 0.000000000000000000e+00
8.876330841300000000e+14 9.978027516000000596e+34 4.913979999999999929e+38 3.512562814099999819e+00 0.000000000000000000e+00
8.774933502900000000e+14 9.625942963299999744e+34 4.863980000000000091e+38 3.512562814099999819e+00 0.000000000000000000e+00
8.673933158800000000e+14 9.282835669100000772e+34 4.813980000000000252e+38 3.512562814099999819e+00 0.000000000000000000e+00
8.573323652600000000e+14 8.948566418799999716e+34 4.763979999999999658e+38 3.512562814099999819e+00 0.000000000000000000e+00
8.473098860700000000e+14 8.622996737500000922e+34 4.713979999999999820e+38 3.512562814099999819e+00 0.000000000000000000e+00
8.373252692200000000e+14 8.305988892999999970e+34 4.663979999999999982e+38 3.512562814099999819e+00 0.000000000000000000e+00
8.273779089400000000e+14 7.997405899799999640e+34 4.613980000000000143e+38 3.512562814099999819e+00 0.000000000000000000e+00
8.174672027700000000e+14 7.697111523299999648e+34 4.563980000000000305e+38 3.512562814099999819e+00 0.000000000000000000e+00
8.075925515700000000e+14 7.404970283299999784e+34 4.513979999999999711e+38 3.512562814099999819e+00 0.000000000000000000e+00
7.977533595900000000e+14 7.120847458500000113e+34 4.463979999999999873e+38 3.512562814099999819e+00 0.000000000000000000e+00
7.879490344300000000e+14 6.844609090100000222e+34 4.413980000000000035e+38 3.512562814099999819e+00 0.000000000000000000e+00
7.781789870800000000e+14 6.576121986400000144e+34 4.363980000000000196e+38 3.512562814099999819e+00 0.000000000000000000e+00
7.684420003700000000e+14 6.321074999000000214e+34 4.313980000000000358e+38 2.851851851899999790e+00 0.000000000000000000e+00
7.587349636800000000e+14 6.114375516200000359e+34 4.263979999999999764e+38 2.851851851899999790e+00 0.000000000000000000e+00
7.490545676900000000e+14 5.912116149999999626e+34 4.213979999999999926e+38 2.851851851899999790e+00 0.000000000000000000e+00
7.394005460600000000e+14 5.714252509500000402e+34 4.163980000000000088e+38 2.851851851899999790e+00 0.000000000000000000e+00
7.297726319700000000e+14 5.520740125799999956e+34 4.113980000000000249e+38 2.851851851899999790e+00 0.000000000000000000e+00
7.201705581300000000e+14 5.331534450599999706e+34 4.063979999999999655e+38 2.851851851899999790e+00 0.000000000000000000e+00
7.105940567700000000e+14 5.146590855699999759e+34 4.013979999999999817e+38 2.851851851899999790e+00 0.000000000000000000e+00
7.010428596300000000e+14 4.965864631000000158e+34 3.963979999999999979e+38 2.851851851899999790e+00 0.000000000000000000e+00
6.915166979600000000e+14 4.789310984199999630e+34 3.913980000000000140e+38 2.851851851899999790e+00 0.000000000000000000e+00
6.820153025000000000e+14 4.616885039000000124e+34 3.863980000000000302e+38 2.851851851899999790e+00 0.000000000000000000e+00
6.725384034800000000e+14 4.448541834300000106e+34 3.813979999999999708e+38 2.851851851899999790e+00 0.000000000000000000e+00
6.630857306200000000e+14 4.284236322400000015e+34 3.763979999999999870e+38 2.851851851899999790e+00 0.000000000000000000e+00
6.536570131000000000e+14 4.123923368299999974e+34 3.713980000000000032e+38 2.851851851899999790e+00 0.000000000000000000e+00
6.442519795900000000e+14 3.967557747900000168e+34 3.663980000000000193e+38 2.851851851899999790e+00 0.000000000000000000e+00
6.348703581900000000e+14 3.815094147000000084e+34 3.613980000000000355e+38 2.851851851899999790e+00 0.000000000000000000e+00
6.255118764800000000e+14 3.666487159400000009e+34 3.563979999999999761e+38 2.851851851899999790e+00 0.000000000000000000e+00
6.161762614500000000e+14 3.521691286099999867e+34 3.513979999999999923e+38 2.851851851899999790e+00 0.000000000000000000e+00
6.068632395400000000e+14 3.380660933099999939e+34 3.463980000000000084e+38 2.851851851899999790e+00 0.000000000000000000e+00
5.975725366100000000e+14 3.243350410299999837e+34 3.413980000000000246e+38 2.851851851899999790e+00 0.000000000000000000e+00
5.883038779400000000e+14 3.109713929899999867e+34 3.363980000000000030e+38 2.851851851899999790e+00 0.000000000000000000e+00
5.790569881900000000e+14 2.979705604500000224e+34 3.313979999999999814e+38 2.851851851899999790e+00 0.000000000000000000e+00
5.698315914500000000e+14 2.853279445500000048e+34 3.263979999999999976e+38 2.851851851899999790e+00 0.000000000000000000e+00
5.606274111600000000e+14 2.730389361500000166e+34 3.213980000000000137e+38 2.851851851899999790e+00 0.000000000000000000e+00
5.514441701300000000e+14 2.610989156300000188e+34 3.163979999999999921e+38 2.851851851899999790e+00 0.000000000000000000e+00
5.422815905700000000e+14 2.495032527200000061e+34 3.113980000000000083e+38 2.851851851899999790e+00 0.000000000000000000e+00
5.331393939900000000e+14 2.382473062799999873e+34 3.063979999999999867e+38 2.851851851899999790e+00 0.000000000000000000e+00
5.240173012700000000e+14 2.273264241200000226e+34 3.013980000000000028e+38 2.851851851899999790e+00 0.000000000000000000e+00
5.149150326000000000e+14 2.167359428100000050e+34 2.963979999999999812e+38 2.851851851899999790e+00 0.000000000000000000e+00
5.058323074900000000e+14 2.064711874099999940e+34 2.913979999999999974e+38 2.851851851899999790e+00 0.000000000000000000e+00
4.967688447300000000e+14 1.965274713000000025e+34 2.863980000000000136e+38 2.851851851899999790e+00 0.000000000000000000e+00
4.877243624200000000e+14 1.869000959299999905e+34 2.813979999999999920e+38 2.851851851899999790e+00 0.000000000000000000e+00
4.786985779100000000e+14 1.775843505699999976e+34 2.763980000000000081e+38 2.851851851899999790e+00 0.000000000000000000e+00
4.696912078100000000e+14 1.685755120900000064e+34 2.713979999999999865e+38 2.851851851899999790e+00 0.000000000000000000e+00
4.607019679700000000e+14 1.598688446599999913e+34 2.663980000000000027e+38 2.851851851899999790e+00 0.000000000000000000e+00
4.517305734700000000e+14 1.514595995200000096e+34 2.613980000000000189e+38 2.851851851899999790e+00 0.000000000000000000e+00
4.427767385900000000e+14 1.433430146899999992e+34 2.563979999999999972e+38 2.851851851899999790e+00 0.000000000000000000e+00
4.338401768000000000e+14 1.355143146600000072e+34 2.513980000000000134e+38 2.851851851899999790e+00 0.000000000000000000e+00
4.249206007400000000e+14 1.279687101199999937e+34 2.463979999999999918e+38 2.851851851899999790e+00 0.000000000000000000e+00
4.160190000000000000e+14 1.204700000000000054e+34 2.413980000000000080e+38 2.519000000000000128e+00 0.000000000000000000e+00
4.071180000000000000e+14 1.142060000000000052e+34 2.363979999999999864e+38 2.523000000000000131e+00 0.000000000000000000e+00
3.982300000000000000e+14 1.081390000000000102e+34 2.313980000000000025e+38 2.525999999999999801e+00 0.000000000000000000e+00
3.893560000000000000e+14 1.022699999999999991e+34 2.263980000000000187e+38 2.528999999999999915e+00 0.000000000000000000e+00
3.804950000000000000e+14 9.659739999999999676e+33 2.213979999999999971e+38 2.531000000000000139e+00 0.000000000000000000e+00
3.716480000000000000e+14 9.112110000000000177e+33 2.163980000000000133e+38 2.533999999999999808e+00 0.000000000000000000e+00
3.628130000000000000e+14 8.584030000000000344e+33 2.113979999999999916e+38 2.536000000000000032e+00 0.000000000000000000e+00
3.539920000000000000e+14 8.075389999999999860e+33 2.063980000000000078e+38 2.537999999999999812e+00 0.000000000000000000e+00
3.451840000000000000e+14 7.586060000000000446e+33 2.013979999999999862e+38 2.540000000000000036e+00 0.000000000000000000e+00
3.363880000000000000e+14 7.115879999999999961e+33 1.963980000000000024e+38 2.540999999999999925e+00 0.000000000000000000e+00
3.276050000000000000e+14 6.664679999999999593e+33 1.913980000000000185e+38 2.541999999999999815e+00 0.000000000000000000e+00
3.188350000000000000e+14 6.232239999999999858e+33 1.863979999999999969e+38 2.543000000000000149e+00 0.000000000000000000e+00
3.100780000000000000e+14 5.818350000000000255e+33 1.813980000000000131e+38 2.543000000000000149e+00 0.000000000000000000e+00
3.013320000000000000e+14 5.422739999999999479e+33 1.763979999999999915e+38 2.543000000000000149e+00 0.000000000000000000e+00
2.925990000000000000e+14 5.045140000000000263e+33 1.713980000000000077e+38 2.543000000000000149e+00 0.000000000000000000e+00
2.838790000000000000e+14 4.685259999999999881e+33 1.663980000000000049e+38 2.541999999999999815e+00 0.000000000000000000e+00
2.751700000000000000e+14 4.342749999999999995e+33 1.613980000000000022e+38 2.540000000000000036e+00 0.000000000000000000e+00
2.664740000000000000e+14 4.017289999999999785e+33 1.563979999999999995e+38 2.539000000000000146e+00 0.000000000000000000e+00
2.577890000000000000e+14 3.708480000000000246e+33 1.513979999999999968e+38 2.536000000000000032e+00 0.000000000000000000e+00
2.491170000000000000e+14 3.415920000000000063e+33 1.463979999999999941e+38 2.532999999999999918e+00 0.000000000000000000e+00
2.404570000000000000e+14 3.139189999999999964e+33 1.413979999999999913e+38 2.528999999999999915e+00 0.000000000000000000e+00
2.318090000000000000e+14 2.877799999999999737e+33 1.363980000000000075e+38 2.524999999999999911e+00 0.000000000000000000e+00
2.231740000000000000e+14 2.631259999999999749e+33 1.313980000000000048e+38 2.520000000000000018e+00 0.000000000000000000e+00
2.145510000000000000e+14 2.398990000000000028e+33 1.263980000000000021e+38 2.513999999999999790e+00 0.000000000000000000e+00
2.059420000000000000e+14 2.180330000000000108e+33 1.213979999999999993e+38 2.505999999999999783e+00 0.000000000000000000e+00
1.973480000000000000e+14 1.974400000000000042e+33 1.163979999999999966e+38 2.498000000000000220e+00 0.000000000000000000e+00
1.887740000000000000e+14 1.779659999999999992e+33 1.113979999999999939e+38 2.488999999999999879e+00 0.000000000000000000e+00
1.802150000000000000e+14 1.597419999999999891e+33 1.063979999999999912e+38 2.476999999999999869e+00 0.000000000000000000e+00
1.716650000000000000e+14 1.427889999999999953e+33 1.013980000000000073e+38 2.463000000000000078e+00 0.000000000000000000e+00
1.631230000000000000e+14 1.270620000000000069e+33 9.639839999999999787e+37 2.447000000000000064e+00 0.000000000000000000e+00
1.525530000000000000e+14 1.126660000000000011e+33 9.020580000000000292e+37 2.451999999999999957e+00 2.472879999999999933e+29
1.520610000000000000e+14 1.119430000000000049e+33 8.991730000000000487e+37 2.454000000000000181e+00 2.893349999999999827e+29
1.515690000000000000e+14 1.112140000000000005e+33 8.962880000000000681e+37 2.455000000000000071e+00 3.202940000000000296e+29
1.510770000000000000e+14 1.104839999999999971e+33 8.934030000000000876e+37 2.455999999999999961e+00 3.464770000000000252e+29
1.505860000000000000e+14 1.097550000000000071e+33 8.905179999999999181e+37 2.456999999999999851e+00 3.699770000000000190e+29
1.500940000000000000e+14 1.090260000000000027e+33 8.876340000000000624e+37 2.458000000000000185e+00 3.917659999999999867e+29
1.496020000000000000e+14 1.082979999999999973e+33 8.847490000000000818e+37 2.459999999999999964e+00 4.123799999999999794e+29
1.491100000000000000e+14 1.075720000000000042e+33 8.818639999999999124e+37 2.460999999999999854e+00 4.321419999999999796e+29
1.486190000000000000e+14 1.068479999999999946e+33 8.789789999999999318e+37 2.462000000000000188e+00 4.512659999999999712e+29
1.481270000000000000e+14 1.061259999999999973e+33 8.760939999999999513e+37 2.396999999999999797e+00 4.698960000000000184e+29
1.476350000000000000e+14 1.054049999999999990e+33 8.732099999999999066e+37 2.395000000000000018e+00 4.881369999999999656e+29
1.471440000000000000e+14 1.046859999999999986e+33 8.703249999999999261e+37 2.394000000000000128e+00 5.060640000000000134e+29
1.466520000000000000e+14 1.039699999999999950e+33 8.674399999999999455e+37 2.392999999999999794e+00 5.237349999999999707e+29
1.461610000000000000e+14 1.032550000000000049e+33 8.645549999999999650e+37 2.391999999999999904e+00 5.411939999999999859e+29
1.456690000000000000e+14 1.025429999999999972e+33 8.616699999999999845e+37 2.391000000000000014e+00 5.584759999999999839e+29
1.451780000000000000e+14 1.018320000000000029e+33 8.587859999999999398e+37 2.388999999999999790e+00 5.756080000000000031e+29
1.446860000000000000e+14 1.011240000000000054e+33 8.559009999999999593e+37 2.387999999999999901e+00 5.926120000000000122e+29
1.441950000000000000e+14 1.004180000000000059e+33 8.530159999999999787e+37 2.387000000000000011e+00 6.095059999999999664e+29
1.437030000000000000e+14 9.971469999999999921e+32 8.501309999999999982e+37 2.386000000000000121e+00 6.263040000000000186e+29
1.432120000000000000e+14 9.901320000000000219e+32 8.472460000000000176e+37 2.384999999999999787e+00 6.430179999999999981e+29
1.427210000000000000e+14 9.831400000000000710e+32 8.443619999999999730e+37 2.383000000000000007e+00 6.596569999999999883e+29
1.422290000000000000e+14 9.761720000000000087e+32 8.414769999999999924e+37 2.382000000000000117e+00 6.762309999999999876e+29
1.417380000000000000e+14 9.692259999999999522e+32 8.385920000000000119e+37 2.380999999999999783e+00 6.927439999999999393e+29
1.412470000000000000e+14 9.623039999999999284e+32 8.357070000000000313e+37 2.379999999999999893e+00 7.092029999999999548e+29
1.407550000000000000e+14 9.554059999999999373e+32 8.328219999999999563e+37 2.378000000000000114e+00 7.256130000000000335e+29
1.402640000000000000e+14 9.485319999999999787e+32 8.299380000000000061e+37 2.376999999999999780e+00 7.419760000000000063e+29
1.397730000000000000e+14 9.416810000000000395e+32 8.270530000000000256e+37 2.375999999999999890e+00 7.582959999999999570e+29
1.392820000000000000e+14 9.348550000000000022e+32 8.241680000000000450e+37 2.375000000000000000e+00 7.745760000000000541e+29
1.387910000000000000e+14 9.280529999999999975e+32 8.212829999999999700e+37 2.373000000000000220e+00 7.908169999999999315e+29
1.383000000000000000e+14 9.212760000000000388e+32 8.183979999999999895e+37 2.371999999999999886e+00 8.070209999999999830e+29
1.378080000000000000e+14 9.145229999999999686e+32 8.155140000000000393e+37 2.370999999999999996e+00 8.231889999999999832e+29
1.373170000000000000e+14 9.077949999999999445e+32 8.126289999999999643e+37 2.370000000000000107e+00 8.393219999999999885e+29
1.368260000000000000e+14 9.010919999999999664e+32 8.097439999999999838e+37 2.367999999999999883e+00 8.554210000000000547e+29
1.363350000000000000e+14 8.944130000000000209e+32 8.068590000000000032e+37 2.366999999999999993e+00 8.714860000000000414e+29
1.358440000000000000e+14 8.883120000000000210e+32 8.039740000000000227e+37 2.365000000000000213e+00 5.472089999999999823e+29
1.353530000000000000e+14 8.816899999999999729e+32 8.010899999999999780e+37 2.363999999999999879e+00 5.552879999999999831e+29
1.348620000000000000e+14 8.750929999999999708e+32 7.982049999999999975e+37 2.362999999999999989e+00 5.633550000000000138e+29
1.338810000000000000e+14 8.631719999999999808e+32 7.924350000000000364e+37 2.358999999999999986e+00 3.005099999999999904e+29
1.333900000000000000e+14 8.566630000000000024e+32 7.895499999999999614e+37 2.358000000000000096e+00 3.028130000000000104e+29
1.328990000000000000e+14 8.501799999999999392e+32 7.866660000000000112e+37 2.355999999999999872e+00 3.051209999999999946e+29
1.319170000000000000e+14 8.372879999999999375e+32 7.808959999999999556e+37 2.354000000000000092e+00 3.097429999999999833e+29
1.289730000000000000e+14 7.992220000000000175e+32 7.635870000000000083e+37 2.345000000000000195e+00 3.236239999999999823e+29
1.284830000000000000e+14 7.929679999999999896e+32 7.607020000000000277e+37 2.343999999999999861e+00 3.259309999999999807e+29
1.240680000000000000e+14 7.378480000000000513e+32 7.347389999999999801e+37 2.330999999999999961e+00 3.464889999999999954e+29
1.235780000000000000e+14 7.318550000000000541e+32 7.318539999999999996e+37 2.329000000000000181e+00 3.487410000000000015e+29
1.225970000000000000e+14 7.199459999999999364e+32 7.260849999999999744e+37 2.326000000000000068e+00 3.532190000000000316e+29
1.196560000000000000e+14 6.848570000000000425e+32 7.087760000000000270e+37 2.317000000000000171e+00 3.664230000000000135e+29
1.176960000000000000e+14 6.619950000000000505e+32 6.972370000000000407e+37 2.310999999999999943e+00 3.750049999999999716e+29
1.167160000000000000e+14 6.507229999999999464e+32 6.914669999999999852e+37 2.307999999999999829e+00 3.792219999999999821e+29
1.162260000000000000e+14 6.451280000000000103e+32 6.885820000000000046e+37 2.306000000000000050e+00 3.813109999999999831e+29
1.157360000000000000e+14 6.395589999999999893e+32 6.856979999999999600e+37 2.303999999999999826e+00 3.833859999999999720e+29
1.152460000000000000e+14 6.340169999999999691e+32 6.828129999999999794e+37 2.302999999999999936e+00 3.854470000000000192e+29
1.147560000000000000e+14 6.285020000000000216e+32 6.799279999999999989e+37 2.301000000000000156e+00 3.874939999999999839e+29
1.142660000000000000e+14 6.230129999999999894e+32 6.770430000000000183e+37 2.298999999999999932e+00 3.895270000000000069e+29
1.137770000000000000e+14 6.175510000000000300e+32 6.741580000000000378e+37 2.298000000000000043e+00 3.915450000000000320e+29
1.132870000000000000e+14 6.121159999999999992e+32 6.712739999999999931e+37 2.295999999999999819e+00 3.935479999999999888e+29
1.127970000000000000e+14 6.082750000000000229e+32 6.683890000000000126e+37 2.291999999999999815e+00 4.366659999999999891e+29
1.123070000000000000e+14 6.029230000000000209e+32 6.655040000000000321e+37 2.290999999999999925e+00 4.359420000000000067e+29
1.118180000000000000e+14 5.975980000000000196e+32 6.626189999999999571e+37 2.289000000000000146e+00 4.352030000000000265e+29
1.113280000000000000e+14 5.922990000000000056e+32 6.597339999999999765e+37 2.286999999999999922e+00 4.344489999999999780e+29
1.108380000000000000e+14 5.870269999999999924e+32 6.568500000000000263e+37 2.285000000000000142e+00 4.336809999999999877e+29
1.103490000000000000e+14 5.817809999999999665e+32 6.539650000000000458e+37 2.282999999999999918e+00 4.328970000000000138e+29
1.098590000000000000e+14 5.765609999999999999e+32 6.510799999999999708e+37 2.282000000000000028e+00 4.320979999999999717e+29
1.093690000000000000e+14 5.713680000000000341e+32 6.481949999999999902e+37 2.279999999999999805e+00 4.312840000000000020e+29
1.088800000000000000e+14 5.662009999999999835e+32 6.453100000000000097e+37 2.278000000000000025e+00 4.304550000000000345e+29
1.083900000000000000e+14 5.610610000000000057e+32 6.424259999999999650e+37 2.275999999999999801e+00 4.296109999999999987e+29
1.079010000000000000e+14 5.559470000000000152e+32 6.395409999999999845e+37 2.274000000000000021e+00 4.287509999999999792e+29
1.074110000000000000e+14 5.508590000000000120e+32 6.366560000000000039e+37 2.271999999999999797e+00 4.278770000000000180e+29
1.069220000000000000e+14 5.457980000000000095e+32 6.337710000000000234e+37 2.270000000000000018e+00 4.269870000000000027e+29
1.064320000000000000e+14 5.407629999999999944e+32 6.308860000000000428e+37 2.267999999999999794e+00 4.260810000000000038e+29
1.059430000000000000e+14 5.357539999999999665e+32 6.280019999999999982e+37 2.266000000000000014e+00 4.251609999999999928e+29
1.054540000000000000e+14 5.307720000000000115e+32 6.251170000000000176e+37 2.265000000000000124e+00 4.242249999999999981e+29
1.049640000000000000e+14 5.258159999999999717e+32 6.222320000000000371e+37 2.262999999999999901e+00 4.232740000000000055e+29
1.044750000000000000e+14 5.208859999999999912e+32 6.193469999999999621e+37 2.261000000000000121e+00 4.223080000000000151e+29
1.039860000000000000e+14 5.159830000000000115e+32 6.164619999999999816e+37 2.258999999999999897e+00 4.213259999999999706e+29
1.034960000000000000e+14 5.111050000000000058e+32 6.135780000000000314e+37 2.257000000000000117e+00 4.203289999999999986e+29
1.030070000000000000e+14 5.062540000000000007e+32 6.106929999999999564e+37 2.254999999999999893e+00 4.193180000000000144e+29
1.025180000000000000e+14 5.014299999999999963e+32 6.078079999999999758e+37 2.253000000000000114e+00 4.182909999999999763e+29
1.020290000000000000e+14 4.966309999999999659e+32 6.049229999999999953e+37 2.250999999999999890e+00 4.172490000000000106e+29
1.015390000000000000e+14 4.918590000000000083e+32 6.020380000000000147e+37 2.249000000000000110e+00 4.161919999999999767e+29
1.010500000000000000e+14 4.871129999999999659e+32 5.991539999999999701e+37 2.245999999999999996e+00 4.151210000000000010e+29
1.005610000000000000e+14 4.823929999999999829e+32 5.962689999999999895e+37 2.244000000000000217e+00 4.140339999999999714e+29
1.000720000000000000e+14 4.776989999999999872e+32 5.933840000000000090e+37 2.241999999999999993e+00 4.129329999999999999e+29
9.958300000000000000e+13 4.730319999999999922e+32 5.904990000000000284e+37 2.240000000000000213e+00 4.118170000000000306e+29
9.909390000000000000e+13 4.683899999999999712e+32 5.876139999999999534e+37 2.237999999999999989e+00 4.106869999999999788e+29
9.860490000000000000e+13 4.637750000000000229e+32 5.847300000000000032e+37 2.236000000000000210e+00 4.095419999999999995e+29
9.811590000000000000e+13 4.591849999999999766e+32 5.818450000000000227e+37 2.233999999999999986e+00 4.083820000000000224e+29
9.762690000000000000e+13 4.546220000000000030e+32 5.789600000000000421e+37 2.232000000000000206e+00 4.072080000000000331e+29
9.713800000000000000e+13 4.500850000000000167e+32 5.760749999999999671e+37 2.229000000000000092e+00 4.060200000000000317e+29
9.664900000000000000e+13 4.459780000000000148e+32 5.731899999999999866e+37 2.225999999999999979e+00 4.868129999999999975e+29
9.616010000000000000e+13 4.414969999999999846e+32 5.703060000000000364e+37 2.224000000000000199e+00 4.838700000000000325e+29
9.567120000000000000e+13 4.370420000000000137e+32 5.674209999999999614e+37 2.221999999999999975e+00 4.809239999999999693e+29
9.518240000000000000e+13 4.326130000000000302e+32 5.645359999999999809e+37 2.220000000000000195e+00 4.779760000000000050e+29
9.469360000000000000e+13 4.282090000000000207e+32 5.616510000000000003e+37 2.217000000000000082e+00 4.750250000000000130e+29
9.420480000000000000e+13 4.238320000000000119e+32 5.587660000000000198e+37 2.214999999999999858e+00 4.720719999999999790e+29
9.371600000000000000e+13 4.194799999999999770e+32 5.558819999999999751e+37 2.213000000000000078e+00 4.691169999999999734e+29
9.322720000000000000e+13 4.151529999999999881e+32 5.529969999999999946e+37 2.210999999999999854e+00 4.661599999999999963e+29
9.273850000000000000e+13 4.108519999999999865e+32 5.501120000000000140e+37 2.208000000000000185e+00 4.632020000000000334e+29
9.224980000000000000e+13 4.065769999999999723e+32 5.472270000000000335e+37 2.205999999999999961e+00 4.602420000000000285e+29
9.176110000000000000e+13 4.023280000000000175e+32 5.443419999999999585e+37 2.202999999999999847e+00 4.572799999999999817e+29
9.127250000000000000e+13 3.981039999999999645e+32 5.414580000000000083e+37 2.201000000000000068e+00 4.543180000000000053e+29
9.078380000000000000e+13 3.939050000000000297e+32 5.385730000000000277e+37 2.198999999999999844e+00 4.513539999999999869e+29
9.029520000000000000e+13 3.897320000000000101e+32 5.356880000000000472e+37 2.196000000000000174e+00 4.483899999999999686e+29
8.980660000000000000e+13 3.855849999999999778e+32 5.328029999999999722e+37 2.193999999999999950e+00 4.454260000000000206e+29
8.931810000000000000e+13 3.814629999999999916e+32 5.299179999999999916e+37 2.190999999999999837e+00 4.424610000000000164e+29
8.882960000000000000e+13 3.773659999999999793e+32 5.270340000000000414e+37 2.189000000000000057e+00 4.394960000000000123e+29
8.834110000000000000e+13 3.732950000000000263e+32 5.241489999999999664e+37 2.185999999999999943e+00 4.365319999999999939e+29
8.785260000000000000e+13 3.692489999999999753e+32 5.212639999999999859e+37 2.184000000000000163e+00 4.335669999999999897e+29
8.736410000000000000e+13 3.652279999999999703e+32 5.183790000000000054e+37 2.181000000000000050e+00 4.306029999999999714e+29
8.687570000000000000e+13 3.612330000000000247e+32 5.154940000000000248e+37 2.178999999999999826e+00 4.276400000000000092e+29
8.638730000000000000e+13 3.572629999999999810e+32 5.126099999999999802e+37 2.176000000000000156e+00 4.246780000000000327e+29
8.589890000000000000e+13 3.533179999999999833e+32 5.097249999999999996e+37 2.173000000000000043e+00 4.217180000000000279e+29
8.541060000000000000e+13 3.493980000000000316e+32 5.068400000000000191e+37 2.170999999999999819e+00 4.187580000000000230e+29
8.492220000000000000e+13 3.455039999999999952e+32 5.039550000000000385e+37 2.168000000000000149e+00 4.157999999999999897e+29
8.443390000000000000e+13 3.416339999999999914e+32 5.010699999999999635e+37 2.165999999999999925e+00 4.128439999999999984e+29
8.394560000000000000e+13 3.377899999999999750e+32 4.981860000000000133e+37 2.162999999999999812e+00 4.098899999999999786e+29
8.345740000000000000e+13 3.339699999999999912e+32 4.953010000000000328e+37 2.160000000000000142e+00 4.069380000000000008e+29
8.296910000000000000e+13 3.301759999999999947e+32 4.924159999999999578e+37 2.157999999999999918e+00 4.039889999999999803e+29
8.248090000000000000e+13 3.264069999999999722e+32 4.895309999999999772e+37 2.154999999999999805e+00 4.010429999999999876e+29
8.199280000000000000e+13 3.226619999999999823e+32 4.866459999999999967e+37 2.152000000000000135e+00 3.980989999999999664e+29
8.150460000000000000e+13 3.189430000000000158e+32 4.837620000000000465e+37 2.149000000000000021e+00 3.951579999999999729e+29
8.101650000000000000e+13 3.152480000000000099e+32 4.808769999999999715e+37 2.145999999999999908e+00 3.922209999999999930e+29
8.052840000000000000e+13 3.115780000000000139e+32 4.779919999999999909e+37 2.144000000000000128e+00 3.892869999999999704e+29
8.004030000000000000e+13 3.079329999999999919e+32 4.751070000000000104e+37 2.141000000000000014e+00 3.863570000000000316e+29
7.955220000000000000e+13 3.043120000000000026e+32 4.722220000000000299e+37 2.137999999999999901e+00 3.834309999999999657e+29
7.906420000000000000e+13 3.007159999999999872e+32 4.693379999999999852e+37 2.134999999999999787e+00 3.805089999999999836e+29
7.857620000000000000e+13 2.971450000000000178e+32 4.664530000000000047e+37 2.132000000000000117e+00 3.775910000000000151e+29
7.808820000000000000e+13 2.935980000000000090e+32 4.635680000000000241e+37 2.129000000000000004e+00 3.746779999999999755e+29
7.760020000000000000e+13 2.900760000000000103e+32 4.606830000000000436e+37 2.125999999999999890e+00 3.717700000000000055e+29
7.711230000000000000e+13 2.865789999999999854e+32 4.577979999999999686e+37 2.123000000000000220e+00 3.688659999999999787e+29
7.662440000000000000e+13 2.831059999999999932e+32 4.549140000000000184e+37 2.120000000000000107e+00 3.659680000000000073e+29
7.613650000000000000e+13 2.796569999999999976e+32 4.520290000000000378e+37 2.116999999999999993e+00 3.630749999999999648e+29
7.564860000000000000e+13 2.762330000000000120e+32 4.491439999999999628e+37 2.113999999999999879e+00 3.601879999999999778e+29
7.516080000000000000e+13 2.728329999999999870e+32 4.462589999999999823e+37 2.111000000000000210e+00 3.573059999999999901e+29
7.467300000000000000e+13 2.694580000000000080e+32 4.433740000000000017e+37 2.108000000000000096e+00 3.544299999999999875e+29
7.418520000000000000e+13 2.661069999999999896e+32 4.404899999999999571e+37 2.104999999999999982e+00 3.515610000000000261e+29
7.369740000000000000e+13 2.627800000000000039e+32 4.376049999999999765e+37 2.101999999999999869e+00 3.486979999999999794e+29
7.320970000000000000e+13 2.594770000000000147e+32 4.347199999999999960e+37 2.099000000000000199e+00 3.458409999999999882e+29
7.272200000000000000e+13 2.561979999999999862e+32 4.318350000000000154e+37 2.096000000000000085e+00 3.429909999999999678e+29
7.223430000000000000e+13 2.529429999999999903e+32 4.289500000000000349e+37 2.092999999999999972e+00 3.401470000000000029e+29
7.174660000000000000e+13 2.497130000000000043e+32 4.260659999999999902e+37 2.088999999999999968e+00 3.373109999999999947e+29
7.125900000000000000e+13 2.465060000000000017e+32 4.231810000000000097e+37 2.085999999999999854e+00 3.344820000000000276e+29
7.077130000000000000e+13 2.433229999999999956e+32 4.202959999999999819e+37 2.083000000000000185e+00 3.316610000000000172e+29
7.028370000000000000e+13 2.401639999999999862e+32 4.174110000000000014e+37 2.080000000000000071e+00 3.288469999999999777e+29
6.979620000000000000e+13 2.370290000000000093e+32 4.145260000000000208e+37 2.076000000000000068e+00 3.260409999999999652e+29
6.930860000000000000e+13 2.339179999999999931e+32 4.116420000000000234e+37 2.072999999999999954e+00 3.232419999999999940e+29
6.882110000000000000e+13 2.308310000000000096e+32 4.087569999999999956e+37 2.069999999999999840e+00 3.204519999999999651e+29
6.833360000000000000e+13 2.277670000000000092e+32 4.058720000000000151e+37 2.065999999999999837e+00 3.176700000000000337e+29
6.784610000000000000e+13 2.247270000000000055e+32 4.029869999999999873e+37 2.063000000000000167e+00 3.148970000000000095e+29
6.735870000000000000e+13 2.217099999999999851e+32 4.001020000000000068e+37 2.059000000000000163e+00 3.121320000000000124e+29
6.687120000000000000e+13 2.187169999999999973e+32 3.972180000000000093e+37 2.056000000000000050e+00 3.093750000000000070e+29
6.638380000000000000e+13 2.157480000000000060e+32 3.943329999999999816e+37 2.052000000000000046e+00 3.066280000000000003e+29
6.589650000000000000e+13 2.128019999999999981e+32 3.914480000000000010e+37 2.048999999999999932e+00 3.038900000000000064e+29
6.540910000000000000e+13 2.098790000000000094e+32 3.885630000000000205e+37 2.044999999999999929e+00 3.011609999999999900e+29
6.492180000000000000e+13 2.069800000000000174e+32 3.856779999999999927e+37 2.041999999999999815e+00 2.984409999999999865e+29
6.443450000000000000e+13 2.041029999999999952e+32 3.827939999999999953e+37 2.037999999999999812e+00 2.957299999999999958e+29
6.394720000000000000e+13 2.012509999999999830e+32 3.799090000000000147e+37 2.035000000000000142e+00 2.930299999999999895e+29
6.345990000000000000e+13 1.984210000000000127e+32 3.770239999999999870e+37 2.031000000000000139e+00 2.903380000000000102e+29
6.297270000000000000e+13 1.956139999999999896e+32 3.741390000000000064e+37 2.028000000000000025e+00 2.876570000000000152e+29
6.248550000000000000e+13 1.928309999999999992e+32 3.712539999999999787e+37 2.024000000000000021e+00 2.849859999999999837e+29
6.199830000000000000e+13 1.900700000000000147e+32 3.683699999999999812e+37 2.020000000000000018e+00 2.823249999999999860e+29
6.151110000000000000e+13 1.873329999999999908e+32 3.654850000000000007e+37 2.016000000000000014e+00 2.796739999999999868e+29
6.102400000000000000e+13 1.846180000000000088e+32 3.626000000000000201e+37 2.012999999999999901e+00 2.770340000000000072e+29
6.053690000000000000e+13 1.819260000000000101e+32 3.597149999999999924e+37 2.008999999999999897e+00 2.744039999999999910e+29
6.004980000000000000e+13 1.792569999999999946e+32 3.568300000000000118e+37 2.004999999999999893e+00 2.717840000000000086e+29
5.956270000000000000e+13 1.766099999999999850e+32 3.539460000000000144e+37 2.000999999999999890e+00 2.691759999999999963e+29
5.907570000000000000e+13 1.739859999999999947e+32 3.510609999999999866e+37 1.997000000000000108e+00 2.665779999999999826e+29
5.858870000000000000e+13 1.713849999999999877e+32 3.481760000000000061e+37 1.993999999999999995e+00 2.639909999999999885e+29
5.810170000000000000e+13 1.688069999999999999e+32 3.452909999999999783e+37 1.989999999999999991e+00 2.614150000000000139e+29
5.761470000000000000e+13 1.662500000000000046e+32 3.424059999999999978e+37 1.985999999999999988e+00 2.588499999999999886e+29
5.712780000000000000e+13 1.637159999999999926e+32 3.395220000000000003e+37 1.981999999999999984e+00 2.562970000000000037e+29
5.664080000000000000e+13 1.612049999999999999e+32 3.366370000000000198e+37 1.977999999999999980e+00 2.537540000000000175e+29
5.615390000000000000e+13 1.587159999999999951e+32 3.337519999999999920e+37 1.973999999999999977e+00 2.512230000000000014e+29
5.566710000000000000e+13 1.562489999999999961e+32 3.308670000000000115e+37 1.969999999999999973e+00 2.487039999999999907e+29
5.518020000000000000e+13 1.538040000000000031e+32 3.279819999999999837e+37 1.965999999999999970e+00 2.461959999999999995e+29
5.469340000000000000e+13 1.513809999999999980e+32 3.250979999999999863e+37 1.961999999999999966e+00 2.437000000000000137e+29
5.420660000000000000e+13 1.489799999999999987e+32 3.222130000000000057e+37 1.957999999999999963e+00 2.412150000000000122e+29
5.371980000000000000e+13 1.466010000000000054e+32 3.193279999999999780e+37 1.953000000000000069e+00 2.387420000000000161e+29
5.323300000000000000e+13 1.442440000000000000e+32 3.164429999999999974e+37 1.949000000000000066e+00 2.362809999999999901e+29
5.274630000000000000e+13 1.419090000000000005e+32 3.135580000000000169e+37 1.945000000000000062e+00 2.338320000000000047e+29
5.225960000000000000e+13 1.395949999999999935e+32 3.106740000000000194e+37 1.941000000000000059e+00 2.313949999999999894e+29
5.177290000000000000e+13 1.373040000000000057e+32 3.077889999999999917e+37 1.937000000000000055e+00 2.289700000000000147e+29
5.128630000000000000e+13 1.350329999999999972e+32 3.049040000000000111e+37 1.931999999999999940e+00 2.265570000000000101e+29
5.079960000000000000e+13 1.327850000000000079e+32 3.020189999999999833e+37 1.927999999999999936e+00 2.241560000000000109e+29
5.031300000000000000e+13 1.305569999999999978e+32 2.991340000000000028e+37 1.923999999999999932e+00 2.217670000000000170e+29
4.982640000000000000e+13 1.283520000000000070e+32 2.962500000000000054e+37 1.919000000000000039e+00 2.193899999999999933e+29
4.933980000000000000e+13 1.261669999999999953e+32 2.933649999999999776e+37 1.915000000000000036e+00 2.170259999999999959e+29
4.885330000000000000e+13 1.240040000000000075e+32 2.904799999999999971e+37 1.911000000000000032e+00 2.146729999999999828e+29
4.836680000000000000e+13 1.218609999999999989e+32 2.875950000000000165e+37 1.905999999999999917e+00 2.123329999999999961e+29
4.788030000000000000e+13 1.197399999999999963e+32 2.847099999999999887e+37 1.901999999999999913e+00 2.100060000000000005e+29
4.739380000000000000e+13 1.176400000000000041e+32 2.818259999999999913e+37 1.897000000000000020e+00 2.076899999999999893e+29
4.690740000000000000e+13 1.155610000000000045e+32 2.789410000000000108e+37 1.893000000000000016e+00 2.053870000000000044e+29
4.642090000000000000e+13 1.135029999999999975e+32 2.760559999999999830e+37 1.887999999999999901e+00 2.030970000000000106e+29
4.593450000000000000e+13 1.114650000000000056e+32 2.731710000000000025e+37 1.883999999999999897e+00 2.008180000000000012e+29
4.544820000000000000e+13 1.094480000000000063e+32 2.702860000000000219e+37 1.879000000000000004e+00 1.985519999999999830e+29
4.496180000000000000e+13 1.074519999999999995e+32 2.674019999999999773e+37 1.875000000000000000e+00 1.962989999999999910e+29
4.447550000000000000e+13 1.054760000000000079e+32 2.645169999999999967e+37 1.870000000000000107e+00 1.940580000000000044e+29
4.398920000000000000e+13 1.035210000000000088e+32 2.616320000000000162e+37 1.866000000000000103e+00 1.918289999999999880e+29
4.350290000000000000e+13 1.015860000000000069e+32 2.587469999999999884e+37 1.860999999999999988e+00 1.896120000000000120e+29
4.301660000000000000e+13 9.967129999999999542e+31 2.558620000000000078e+37 1.856000000000000094e+00 1.874079999999999921e+29
4.253040000000000000e+13 9.777679999999999458e+31 2.529780000000000104e+37 1.852000000000000091e+00 1.852160000000000126e+29
4.204420000000000000e+13 9.590240000000000666e+31 2.500929999999999826e+37 1.846999999999999975e+00 1.830369999999999891e+29
4.155800000000000000e+13 9.404809999999999565e+31 2.472080000000000021e+37 1.842000000000000082e+00 1.808700000000000062e+29
4.107190000000000000e+13 9.221370000000000210e+31 2.443230000000000216e+37 1.838000000000000078e+00 1.787149999999999934e+29
4.058570000000000000e+13 9.039920000000000799e+31 2.414379999999999938e+37 1.832999999999999963e+00 1.765719999999999859e+29
4.009960000000000000e+13 8.860439999999999985e+31 2.385539999999999964e+37 1.828000000000000069e+00 1.744409999999999838e+29
3.961350000000000000e+13 8.682929999999999568e+31 2.356690000000000158e+37 1.822999999999999954e+00 1.723230000000000080e+29
3.912750000000000000e+13 8.507379999999999776e+31 2.327839999999999880e+37 1.818999999999999950e+00 1.702160000000000166e+29
3.864140000000000000e+13 8.333780000000000835e+31 2.298990000000000075e+37 1.814000000000000057e+00 1.681220000000000163e+29
3.815540000000000000e+13 8.162119999999999368e+31 2.270139999999999797e+37 1.808999999999999941e+00 1.660390000000000003e+29
3.766940000000000000e+13 7.992390000000000106e+31 2.241299999999999823e+37 1.804000000000000048e+00 1.639690000000000107e+29
3.718340000000000000e+13 7.824579999999999673e+31 2.212450000000000018e+37 1.798999999999999932e+00 1.619100000000000055e+29
3.669750000000000000e+13 7.658680000000000096e+31 2.183600000000000212e+37 1.794999999999999929e+00 1.598630000000000056e+29
3.621160000000000000e+13 7.494689999999999575e+31 2.154749999999999934e+37 1.790000000000000036e+00 1.578279999999999935e+29
3.572570000000000000e+13 7.332600000000000137e+31 2.125899999999999893e+37 1.784999999999999920e+00 1.558040000000000009e+29
3.523980000000000000e+13 7.172390000000000433e+31 2.097059999999999918e+37 1.780000000000000027e+00 1.537919999999999961e+29
3.475390000000000000e+13 7.014049999999999791e+31 2.068210000000000113e+37 1.774999999999999911e+00 1.517909999999999932e+29
3.426810000000000000e+13 6.857580000000000010e+31 2.039360000000000071e+37 1.770000000000000018e+00 1.498019999999999957e+29
3.378230000000000000e+13 6.702970000000000418e+31 2.010510000000000030e+37 1.766000000000000014e+00 1.478240000000000002e+29
3.329660000000000000e+13 6.550199999999999666e+31 1.981659999999999988e+37 1.760999999999999899e+00 1.458570000000000066e+29
3.281080000000000000e+13 6.399269999999999555e+31 1.952820000000000014e+37 1.756000000000000005e+00 1.439009999999999974e+29
3.232510000000000000e+13 6.250170000000000311e+31 1.923969999999999972e+37 1.750999999999999890e+00 1.419560000000000078e+29
3.183940000000000000e+13 6.102879999999999687e+31 1.895119999999999931e+37 1.745999999999999996e+00 1.400220000000000025e+29
3.135370000000000000e+13 5.957400000000000384e+31 1.866269999999999889e+37 1.741999999999999993e+00 1.380989999999999992e+29
3.086800000000000000e+13 5.813719999999999926e+31 1.837420000000000084e+37 1.737000000000000099e+00 1.361859999999999945e+29
3.038240000000000000e+13 5.671819999999999668e+31 1.808580000000000110e+37 1.731999999999999984e+00 1.342830000000000060e+29
2.989680000000000000e+13 5.531710000000000283e+31 1.779730000000000068e+37 1.727000000000000091e+00 1.323910000000000018e+29
2.941120000000000000e+13 5.393349999999999975e+31 1.750880000000000026e+37 1.721999999999999975e+00 1.305089999999999963e+29
2.892570000000000000e+13 5.256760000000000094e+31 1.722029999999999985e+37 1.717999999999999972e+00 1.286370000000000069e+29
2.844020000000000000e+13 5.121910000000000418e+31 1.693179999999999943e+37 1.713000000000000078e+00 1.267749999999999985e+29
2.795470000000000000e+13 4.988800000000000046e+31 1.664339999999999969e+37 1.707999999999999963e+00 1.249220000000000029e+29
2.746920000000000000e+13 4.857420000000000106e+31 1.635489999999999927e+37 1.703999999999999959e+00 1.230790000000000059e+29
2.698370000000000000e+13 4.727750000000000150e+31 1.606639999999999886e+37 1.699000000000000066e+00 1.212450000000000042e+29
2.649830000000000000e+13 4.599790000000000177e+31 1.577790000000000080e+37 1.695000000000000062e+00 1.194199999999999976e+29
2.601290000000000000e+13 4.473530000000000416e+31 1.548940000000000039e+37 1.689999999999999947e+00 1.176040000000000039e+29
2.552750000000000000e+13 4.348950000000000418e+31 1.520100000000000064e+37 1.685000000000000053e+00 1.157960000000000019e+29
2.504220000000000000e+13 4.226050000000000182e+31 1.491250000000000023e+37 1.681000000000000050e+00 1.139979999999999986e+29
2.455690000000000000e+13 4.104819999999999937e+31 1.462399999999999981e+37 1.677000000000000046e+00 1.122070000000000013e+29
2.407160000000000000e+13 3.985240000000000134e+31 1.433549999999999940e+37 1.671999999999999931e+00 1.104239999999999959e+29
2.358630000000000000e+13 3.867309999999999874e+31 1.404699999999999898e+37 1.667999999999999927e+00 1.086489999999999999e+29
2.310110000000000000e+13 3.751019999999999832e+31 1.375859999999999924e+37 1.663999999999999924e+00 1.068819999999999957e+29
2.261590000000000000e+13 3.636350000000000013e+31 1.347009999999999882e+37 1.659999999999999920e+00 1.051209999999999942e+29
2.213070000000000000e+13 3.523299999999999965e+31 1.318160000000000077e+37 1.655999999999999917e+00 1.033680000000000021e+29
2.164550000000000000e+13 3.411859999999999915e+31 1.289310000000000035e+37 1.651999999999999913e+00 1.016209999999999951e+29
2.116040000000000000e+13 3.302020000000000090e+31 1.260459999999999994e+37 1.647999999999999909e+00 9.988059999999999982e+28
2.067530000000000000e+13 3.193769999999999816e+31 1.231620000000000019e+37 1.643999999999999906e+00 9.814620000000000723e+28
2.019020000000000000e+13 3.087100000000000220e+31 1.202769999999999978e+37 1.639999999999999902e+00 9.641730000000000682e+28
1.970510000000000000e+13 2.982009999999999950e+31 1.173919999999999936e+37 1.635999999999999899e+00 9.469380000000000003e+28
1.922010000000000000e+13 2.878479999999999911e+31 1.145069999999999895e+37 1.633000000000000007e+00 9.297519999999999395e+28
1.873510000000000000e+13 2.776499999999999879e+31 1.116220000000000089e+37 1.629000000000000004e+00 9.126119999999999285e+28
1.825020000000000000e+13 2.676080000000000077e+31 1.087380000000000115e+37 1.625999999999999890e+00 8.955120000000000526e+28
1.776520000000000000e+13 2.577189999999999834e+31 1.058529999999999955e+37 1.622999999999999998e+00 8.784499999999999883e+28
1.728030000000000000e+13 2.479839999999999824e+31 1.029680000000000032e+37 1.620000000000000107e+00 8.614199999999999970e+28
1.679550000000000000e+13 2.384019999999999824e+31 1.000829999999999990e+37 1.616999999999999993e+00 8.444169999999999737e+28
1.631060000000000000e+13 2.289720000000000060e+31 9.719840000000000463e+36 1.614000000000000101e+00 8.274369999999999754e+28
1.582580000000000000e+13 2.196940000000000081e+31 9.431359999999999946e+36 1.612000000000000099e+00 8.104729999999999255e+28
1.534100000000000000e+13 2.105670000000000115e+31 9.142879999999999429e+36 1.608999999999999986e+00 7.935210000000000569e+28
1.485630000000000000e+13 2.015909999999999936e+31 8.854400000000000092e+36 1.606999999999999984e+00 7.765740000000000292e+28
1.437160000000000000e+13 1.927649999999999995e+31 8.565919999999999574e+36 1.604999999999999982e+00 7.596250000000000300e+28
1.388690000000000000e+13 1.840900000000000067e+31 8.277440000000000238e+36 1.602999999999999980e+00 7.426679999999999686e+28
1.340220000000000000e+13 1.755649999999999928e+31 7.988959999999999720e+36 1.600999999999999979e+00 7.256949999999999586e+28
1.291760000000000000e+13 1.671900000000000027e+31 7.700480000000000384e+36 1.600000000000000089e+00 7.086980000000000260e+28
1.243300000000000000e+13 1.589649999999999915e+31 7.411999999999999866e+36 1.598000000000000087e+00 6.916680000000000347e+28
1.194850000000000000e+13 1.508910000000000040e+31 7.123520000000000530e+36 1.596999999999999975e+00 6.745960000000000246e+28
1.146390000000000000e+13 1.429679999999999953e+31 6.835040000000000012e+36 1.596999999999999975e+00 6.574719999999999621e+28
1.097950000000000000e+13 1.351970000000000101e+31 6.546559999999999495e+36 1.596000000000000085e+00 6.402840000000000177e+28
1.049500000000000000e+13 1.275770000000000036e+31 6.258080000000000158e+36 1.596000000000000085e+00 6.230209999999999959e+28
1.001060000000000000e+13 1.201119999999999979e+31 5.969599999999999641e+36 1.596000000000000085e+00 6.056690000000000078e+28
9.526260000000000000e+12 1.128009999999999929e+31 5.681120000000000304e+36 1.596000000000000085e+00 5.882130000000000026e+28
9.041940000000000000e+12 1.056460000000000109e+31 5.392639999999999787e+36 1.596999999999999975e+00 5.706359999999999583e+28
8.557660000000000000e+12 9.864999999999999530e+30 5.104159999999999860e+36 1.598000000000000087e+00 5.529210000000000283e+28
8.073420000000000000e+12 9.181460000000000207e+30 4.815679999999999933e+36 1.598999999999999977e+00 5.350450000000000120e+28
7.589220000000000000e+12 8.514269999999999705e+30 4.527200000000000006e+36 1.600999999999999979e+00 5.169859999999999582e+28
7.105080000000000000e+12 7.863780000000000226e+30 4.238720000000000079e+36 1.602999999999999980e+00 4.987160000000000010e+28
6.620980000000000000e+12 7.230389999999999461e+30 3.950240000000000152e+36 1.604999999999999982e+00 4.802029999999999795e+28
6.136930000000000000e+12 6.614589999999999594e+30 3.661760000000000225e+36 1.606999999999999984e+00 4.614099999999999799e+28
5.652930000000000000e+12 6.016930000000000547e+30 3.373279999999999707e+36 1.608999999999999986e+00 4.422920000000000262e+28
5.168990000000000000e+12 5.438099999999999971e+30 3.084799999999999780e+36 1.610999999999999988e+00 4.227930000000000346e+28
4.685100000000000000e+12 4.878900000000000004e+30 2.796319999999999853e+36 1.612999999999999989e+00 4.028479999999999618e+28
4.201280000000000000e+12 4.340289999999999950e+30 2.507839999999999926e+36 1.614000000000000101e+00 3.823699999999999886e+28
3.717520000000000000e+12 3.823440000000000205e+30 2.219359999999999999e+36 1.614000000000000101e+00 3.612460000000000063e+28
3.233840000000000000e+12 3.329710000000000014e+30 1.930880000000000072e+36 1.612000000000000099e+00 3.393229999999999907e+28
2.750230000000000000e+12 2.860790000000000266e+30 1.642400000000000145e+36 1.606999999999999984e+00 3.163820000000000200e+28
2.266710000000000000e+12 2.418620000000000124e+30 1.353919999999999923e+36 1.594999999999999973e+00 2.920850000000000172e+28
4.299000000000000000e+11 7.805000000000000069e+29 2.572000000000000181e+35 1.330000000000000071e+00 1.506450000000000062e+28
4.188000000000000000e+11 7.537999999999999717e+29 2.505999999999999897e+35 1.330000000000000071e+00 1.455129999999999927e+28
3.325000000000000000e+11 5.815999999999999745e+29 1.990000000000000163e+35 1.330000000000000071e+00 1.165809999999999924e+28
2.640000000000000000e+11 4.472999999999999815e+29 1.581000000000000083e+35 1.330000000000000071e+00 9.297799999999999813e+27
2.096000000000000000e+11 3.289999999999999843e+29 1.256000000000000028e+35 1.330000000000000071e+00 6.841069999999999801e+27
1.844000000000000000e+11 2.892000000000000018e+29 1.105000000000000000e+35 1.330000000000000071e+00 6.221810000000000396e+27
1.664000000000000000e+11 2.597000000000000095e+29 9.975999999999999784e+34 1.330000000000000071e+00 3.996079999999999920e+27
1.322000000000000000e+11 2.033000000000000102e+29 7.923999999999999875e+34 1.330000000000000071e+00 3.293160000000000158e+27
1.049000000000000000e+11 1.494999999999999961e+29 6.294000000000000085e+34 1.330000000000000071e+00 2.422460000000000012e+27
8.332000000000000000e+10 1.100000000000000064e+29 4.999999999999999843e+34 1.330000000000000071e+00 1.782300000000000002e+27
6.617000000000000000e+10 8.088999999999999432e+28 3.971999999999999897e+34 1.330000000000000071e+00 1.311289999999999924e+27
5.254000000000000000e+10 5.949000000000000344e+28 3.155000000000000010e+34 1.330000000000000071e+00 9.646129999999999985e+26
4.172000000000000000e+10 4.628000000000000126e+28 2.505999999999999897e+34 1.330000000000000071e+00 7.875200000000000595e+26
3.313000000000000000e+10 3.403999999999999866e+28 1.989999999999999932e+34 1.330000000000000071e+00 5.791050000000000196e+26
2.631000000000000000e+10 2.502999999999999803e+28 1.580999999999999991e+34 1.330000000000000071e+00 4.261170000000000143e+26
2.090000000000000000e+10 1.938000000000000082e+28 1.255999999999999936e+34 1.330000000000000071e+00 3.451690000000000088e+26
1.659000000000000000e+10 1.425000000000000067e+28 9.976000000000000246e+33 1.330000000000000071e+00 2.538950000000000110e+26
1.318000000000000000e+10 1.048000000000000007e+28 7.924000000000000337e+33 1.330000000000000071e+00 1.867689999999999969e+26
1.046000000000000000e+10 7.701999999999999683e+27 6.294000000000000085e+33 1.330000000000000071e+00 1.373879999999999975e+26
8.312000000000000000e+09 5.662000000000000348e+27 4.999999999999999728e+33 1.330000000000000071e+00 1.010819999999999921e+26
6.601000000000000000e+09 4.362000000000000029e+27 3.972000000000000127e+33 1.330000000000000071e+00 8.130089999999999436e+25
4.164000000000000000e+09 2.356000000000000079e+27 2.505999999999999955e+33 1.330000000000000071e+00 4.399369999999999874e+25
2.626000000000000000e+09 1.272000000000000034e+27 1.580999999999999991e+33 1.330000000000000071e+00 2.380450000000000180e+25
1.657000000000000000e+09 6.859999999999999767e+26 9.975999999999999957e+32 1.330000000000000071e+00 1.288319999999999913e+25
1.316000000000000000e+09 5.036000000000000296e+26 7.924000000000000337e+32 1.330000000000000071e+00 9.477099999999999527e+24
1.045000000000000000e+09 4.128999999999999924e+26 6.293999999999999941e+32 1.330000000000000071e+00 6.794269999999999770e+24
8.301000000000000000e+08 3.039000000000000162e+26 4.999999999999999728e+32 1.330000000000000071e+00 4.998809999999999830e+24
5.237000000000000000e+08 1.628999999999999891e+26 3.154999999999999923e+32 1.330000000000000071e+00 2.705450000000000161e+24
3.304000000000000000e+08 8.737999999999999925e+25 1.990000000000000076e+32 1.330000000000000071e+00 1.463449999999999964e+24
2.624000000000000000e+08 6.675999999999999817e+25 1.580999999999999919e+32 1.330000000000000071e+00 1.123400000000000065e+24
1.315000000000000000e+08 2.603999999999999941e+25 7.923999999999999616e+31 1.330000000000000071e+00 4.472499999999999827e+23
6.589000000000000000e+07 1.006000000000000014e+25 3.972000000000000199e+31 1.330000000000000071e+00 1.780890000000000165e+23
3.302000000000000000e+07 3.832999999999999839e+24 1.989999999999999986e+31 1.330000000000000071e+00 7.086450000000000092e+22
1.655000000000000000e+07 1.435000000000000086e+24 9.975999999999999642e+30 1.330000000000000071e+00 2.822060000000000131e+22
8.293000000000000000e+06 5.250000000000000315e+23 4.999999999999999818e+30 1.330000000000000071e+00 1.123529999999999934e+22
6.588000000000000000e+06 3.910999999999999759e+23 3.972000000000000087e+30 1.330000000000000071e+00 8.163429999999999541e+21
2.622000000000000000e+06 9.754999999999999214e+22 1.581000000000000009e+30 1.330000000000000071e+00 2.390210000000000197e+21
1.044000000000000000e+06 2.318000000000000105e+22 6.293999999999999902e+29 1.330000000000000071e+00 6.999960000000000000e+20
4.156000000000000000e+05 5.265999999999999476e+21 2.505999999999999907e+29 1.330000000000000071e+00 2.050380000000000000e+20
1.654000000000000000e+05 1.151000000000000000e+21 9.976000000000000768e+28 1.330000000000000071e+00 6.004390000000000000e+19
6.587000000000000000e+04 2.431000000000000000e+20 3.972000000000000263e+28 1.330000000000000071e+00 1.758760000000000000e+19
2.622000000000000000e+04 4.968000000000000000e+19 1.581000000000000061e+28 1.330000000000000071e+00 5.149550000000000000e+18
1.044000000000000000e+04 9.744000000000000000e+18 6.294999999999999717e+27 1.330000000000000071e+00 1.508420000000000000e+18
