9.824703217500000000e+15 7.950995094300000413e+36 1.995439999999999947e+39 1.000000000000000000e+00 0.000000000000000000e+00
9.775529129200000000e+15 7.906738414800000383e+36 1.990440000000000115e+39 1.000000000000000000e+00 0.000000000000000000e+00
9.726478411600000000e+15 7.862592768999999705e+36 1.985439999999999980e+39 1.000000000000000000e+00 0.000000000000000000e+00
9.677551064800000000e+15 7.818558156799999906e+36 1.980440000000000147e+39 1.000000000000000000e+00 0.000000000000000000e+00
9.628747088600000000e+15 7.774634578299999458e+36 1.975440000000000012e+39 1.000000000000000000e+00 0.000000000000000000e+00
9.580066483200000000e+15 7.730822033399999889e+36 1.970439999999999877e+39 1.000000000000000000e+00 0.000000000000000000e+00
9.531509248500000000e+15 7.687120522199999671e+36 1.965440000000000044e+39 1.000000000000000000e+00 0.000000000000000000e+00
9.483075384500000000e+15 7.643530044600000333e+36 1.960439999999999909e+39 1.000000000000000000e+00 0.000000000000000000e+00
9.434764891300000000e+15 7.600050600700000345e+36 1.955440000000000077e+39 1.000000000000000000e+00 0.000000000000000000e+00
9.386577768700000000e+15 7.556682190400000057e+36 1.950439999999999942e+39 1.000000000000000000e+00 0.000000000000000000e+00
9.338514016900000000e+15 7.513424813800000299e+36 1.945440000000000109e+39 1.000000000000000000e+00 0.000000000000000000e+00
9.290573635800000000e+15 7.470278470800000241e+36 1.940439999999999974e+39 1.000000000000000000e+00 0.000000000000000000e+00
9.242756625400000000e+15 7.427243161499999534e+36 1.935440000000000141e+39 1.000000000000000000e+00 0.000000000000000000e+00
9.195062985800000000e+15 7.384318885799999706e+36 1.930440000000000006e+39 1.000000000000000000e+00 0.000000000000000000e+00
9.147492716800000000e+15 7.341505643699999577e+36 1.925439999999999871e+39 1.000000000000000000e+00 0.000000000000000000e+00
9.100045818600000000e+15 7.298803435299999979e+36 1.920440000000000039e+39 1.000000000000000000e+00 0.000000000000000000e+00
9.052722291100000000e+15 7.256212260599999733e+36 1.915439999999999904e+39 1.000000000000000000e+00 0.000000000000000000e+00
9.005522134300000000e+15 7.213732119500000365e+36 1.910440000000000071e+39 1.000000000000000000e+00 0.000000000000000000e+00
8.958445348300000000e+15 7.171363011999999517e+36 1.905439999999999936e+39 1.000000000000000000e+00 0.000000000000000000e+00
8.911491932900000000e+15 7.129104938200000380e+36 1.900440000000000103e+39 1.000000000000000000e+00 0.000000000000000000e+00
8.864661888300000000e+15 7.086957897999999761e+36 1.895439999999999968e+39 1.000000000000000000e+00 0.000000000000000000e+00
8.817955214400000000e+15 7.044921891499999674e+36 1.890440000000000136e+39 1.000000000000000000e+00 0.000000000000000000e+00
8.771371911200000000e+15 7.002996918700000118e+36 1.885440000000000001e+39 1.000000000000000000e+00 0.000000000000000000e+00
8.724911978800000000e+15 6.961182979399999429e+36 1.880439999999999866e+39 1.000000000000000000e+00 0.000000000000000000e+00
8.678575417000000000e+15 6.919480073900000104e+36 1.875440000000000033e+39 1.000000000000000000e+00 0.000000000000000000e+00
8.632362226000000000e+15 6.877888202000000477e+36 1.870439999999999898e+39 1.000000000000000000e+00 0.000000000000000000e+00
8.586272405700000000e+15 6.836407363700000550e+36 1.865440000000000066e+39 1.000000000000000000e+00 0.000000000000000000e+00
8.540305956100000000e+15 6.795037559000000321e+36 1.860439999999999931e+39 1.000000000000000000e+00 0.000000000000000000e+00
8.494462877200000000e+15 6.753778788100000276e+36 1.855440000000000098e+39 1.000000000000000000e+00 0.000000000000000000e+00
8.448743169100000000e+15 6.712631050700000277e+36 1.850439999999999963e+39 1.000000000000000000e+00 0.000000000000000000e+00
8.403146831600000000e+15 6.671594346999999630e+36 1.845440000000000130e+39 1.000000000000000000e+00 0.000000000000000000e+00
8.357673864900000000e+15 6.630668676999999514e+36 1.840439999999999995e+39 1.000000000000000000e+00 0.000000000000000000e+00
8.312324268900000000e+15 6.589854040600000277e+36 1.835439999999999860e+39 1.000000000000000000e+00 0.000000000000000000e+00
8.267098043700000000e+15 6.549150437900000392e+36 1.830440000000000028e+39 1.000000000000000000e+00 0.000000000000000000e+00
8.221995189100000000e+15 6.508557868800000205e+36 1.825439999999999893e+39 1.000000000000000000e+00 0.000000000000000000e+00
8.177015705300000000e+15 6.468076333299999717e+36 1.820440000000000060e+39 1.000000000000000000e+00 0.000000000000000000e+00
8.132159592200000000e+15 6.427705831499999760e+36 1.815439999999999925e+39 1.000000000000000000e+00 0.000000000000000000e+00
8.087426849800000000e+15 6.387446363400000336e+36 1.810440000000000092e+39 1.000000000000000000e+00 0.000000000000000000e+00
8.042817478100000000e+15 6.347297928899999429e+36 1.805439999999999957e+39 1.000000000000000000e+00 0.000000000000000000e+00
7.998331477100000000e+15 6.307260528000000582e+36 1.800440000000000125e+39 1.000000000000000000e+00 0.000000000000000000e+00
7.953968846900000000e+15 6.267334160799999906e+36 1.795439999999999990e+39 1.000000000000000000e+00 0.000000000000000000e+00
7.909729587400000000e+15 6.227518827200000109e+36 1.790439999999999855e+39 1.000000000000000000e+00 0.000000000000000000e+00
7.865613698600000000e+15 6.187814527299999663e+36 1.785440000000000022e+39 1.000000000000000000e+00 0.000000000000000000e+00
7.821621180500000000e+15 6.148221261000000096e+36 1.780439999999999887e+39 1.000000000000000000e+00 0.000000000000000000e+00
7.777752033200000000e+15 6.108739028399999881e+36 1.775440000000000054e+39 1.000000000000000000e+00 0.000000000000000000e+00
7.734006256500000000e+15 6.069367829400000545e+36 1.770439999999999919e+39 1.000000000000000000e+00 0.000000000000000000e+00
7.690383850600000000e+15 6.030107664100000559e+36 1.765440000000000087e+39 1.000000000000000000e+00 0.000000000000000000e+00
7.646884815400000000e+15 5.990958532400000273e+36 1.760439999999999952e+39 1.000000000000000000e+00 0.000000000000000000e+00
7.603509150900000000e+15 5.951920434400000518e+36 1.755440000000000119e+39 1.000000000000000000e+00 0.000000000000000000e+00
7.560256857200000000e+15 5.912993370000000462e+36 1.750439999999999984e+39 1.000000000000000000e+00 0.000000000000000000e+00
7.517127934100000000e+15 5.874177339299999757e+36 1.745439999999999849e+39 1.000000000000000000e+00 0.000000000000000000e+00
7.474122381800000000e+15 5.835472342199999931e+36 1.740440000000000016e+39 1.000000000000000000e+00 0.000000000000000000e+00
7.431240200200000000e+15 5.796878378699999804e+36 1.735439999999999881e+39 1.000000000000000000e+00 0.000000000000000000e+00
7.388481389300000000e+15 5.758395448900000208e+36 1.730440000000000049e+39 1.000000000000000000e+00 0.000000000000000000e+00
7.345845949100000000e+15 5.720023552799999964e+36 1.725439999999999914e+39 1.000000000000000000e+00 0.000000000000000000e+00
7.303333879700000000e+15 5.681762690299999418e+36 1.720440000000000081e+39 1.000000000000000000e+00 0.000000000000000000e+00
7.260945181000000000e+15 5.643612861399999752e+36 1.715439999999999946e+39 1.000000000000000000e+00 0.000000000000000000e+00
7.218679853000000000e+15 5.605574066199999437e+36 1.710440000000000113e+39 1.000000000000000000e+00 0.000000000000000000e+00
7.176537895700000000e+15 5.567646304699999653e+36 1.705439999999999978e+39 1.000000000000000000e+00 0.000000000000000000e+00
7.134519309100000000e+15 5.529829576799999568e+36 1.700440000000000146e+39 1.000000000000000000e+00 0.000000000000000000e+00
7.092624093300000000e+15 5.492123882500000362e+36 1.695440000000000011e+39 1.000000000000000000e+00 0.000000000000000000e+00
7.050852248100000000e+15 5.454529221900000508e+36 1.690439999999999876e+39 1.000000000000000000e+00 0.000000000000000000e+00
7.009203773700000000e+15 5.417045594900000352e+36 1.685440000000000043e+39 1.000000000000000000e+00 0.000000000000000000e+00
6.967678670000000000e+15 5.379673001599999547e+36 1.680439999999999908e+39 1.000000000000000000e+00 0.000000000000000000e+00
6.926276937100000000e+15 5.342411441899999622e+36 1.675440000000000075e+39 1.000000000000000000e+00 0.000000000000000000e+00
6.884998574800000000e+15 5.305260915900000228e+36 1.670439999999999941e+39 1.000000000000000000e+00 0.000000000000000000e+00
6.843843583300000000e+15 5.268221423499999942e+36 1.665440000000000108e+39 1.000000000000000000e+00 0.000000000000000000e+00
6.802811962500000000e+15 5.231292964800000189e+36 1.660439999999999973e+39 1.000000000000000000e+00 0.000000000000000000e+00
6.761903712400000000e+15 5.194475539700000133e+36 1.655440000000000140e+39 1.000000000000000000e+00 0.000000000000000000e+00
6.721118833000000000e+15 5.157769148300000020e+36 1.650440000000000005e+39 1.000000000000000000e+00 0.000000000000000000e+00
6.680457324300000000e+15 5.121173790500000195e+36 1.645439999999999870e+39 1.000000000000000000e+00 0.000000000000000000e+00
6.639919186400000000e+15 5.084689466300000069e+36 1.640440000000000038e+39 1.000000000000000000e+00 0.000000000000000000e+00
6.599504419200000000e+15 5.048316175799999885e+36 1.635439999999999903e+39 1.000000000000000000e+00 0.000000000000000000e+00
6.559213022700000000e+15 5.012053919000000231e+36 1.630440000000000070e+39 1.000000000000000000e+00 0.000000000000000000e+00
6.519044996900000000e+15 4.975902695800000277e+36 1.625439999999999935e+39 1.000000000000000000e+00 0.000000000000000000e+00
6.479000341800000000e+15 4.939862506200000022e+36 1.620440000000000102e+39 1.000000000000000000e+00 0.000000000000000000e+00
6.439079057500000000e+15 4.903933350299999707e+36 1.615439999999999967e+39 1.000000000000000000e+00 0.000000000000000000e+00
6.399281143900000000e+15 4.868115228099999925e+36 1.610440000000000135e+39 1.000000000000000000e+00 0.000000000000000000e+00
6.359606601000000000e+15 4.832408139499999841e+36 1.605440000000000000e+39 1.000000000000000000e+00 0.000000000000000000e+00
6.320055428800000000e+15 4.796812084500000046e+36 1.600439999999999865e+39 1.000000000000000000e+00 0.000000000000000000e+00
6.280627627300000000e+15 4.761327063200000192e+36 1.595440000000000032e+39 1.000000000000000000e+00 0.000000000000000000e+00
6.241323196600000000e+15 4.725953075500000038e+36 1.590439999999999897e+39 1.000000000000000000e+00 0.000000000000000000e+00
6.202142136600000000e+15 4.690690121499999824e+36 1.585440000000000064e+39 1.000000000000000000e+00 0.000000000000000000e+00
6.163084447300000000e+15 4.655538201099999900e+36 1.580439999999999929e+39 1.000000000000000000e+00 0.000000000000000000e+00
6.124150128700000000e+15 4.620497314399999917e+36 1.575440000000000097e+39 1.000000000000000000e+00 0.000000000000000000e+00
6.085339180800000000e+15 4.585567461300000223e+36 1.570439999999999962e+39 1.000000000000000000e+00 0.000000000000000000e+00
6.046651603700000000e+15 4.550748641899999880e+36 1.565440000000000129e+39 1.000000000000000000e+00 0.000000000000000000e+00
6.008087397300000000e+15 4.516040856099999826e+36 1.560439999999999994e+39 1.000000000000000000e+00 0.000000000000000000e+00
5.969646561600000000e+15 4.481444103999999713e+36 1.555439999999999859e+39 1.000000000000000000e+00 0.000000000000000000e+00
5.931329096600000000e+15 4.446958385499999889e+36 1.550440000000000026e+39 1.000000000000000000e+00 0.000000000000000000e+00
5.893135002300000000e+15 4.412583700599999765e+36 1.545439999999999891e+39 1.000000000000000000e+00 0.000000000000000000e+00
5.855064278700000000e+15 4.378320049400000171e+36 1.540440000000000059e+39 1.000000000000000000e+00 0.000000000000000000e+00
5.817116925900000000e+15 4.344167431899999929e+36 1.535439999999999924e+39 1.000000000000000000e+00 0.000000000000000000e+00
5.779292943800000000e+15 4.310125847999999976e+36 1.530440000000000091e+39 1.000000000000000000e+00 0.000000000000000000e+00
5.741592332400000000e+15 4.276195297699999721e+36 1.525439999999999956e+39 1.000000000000000000e+00 0.000000000000000000e+00
5.704015091700000000e+15 4.242375781099999998e+36 1.520440000000000123e+39 1.000000000000000000e+00 0.000000000000000000e+00
5.666561221800000000e+15 4.208667298200000217e+36 1.515439999999999988e+39 1.000000000000000000e+00 0.000000000000000000e+00
5.629230722600000000e+15 4.175069848900000134e+36 1.510439999999999853e+39 1.000000000000000000e+00 0.000000000000000000e+00
5.592023594100000000e+15 4.141583433199999750e+36 1.505440000000000021e+39 1.000000000000000000e+00 0.000000000000000000e+00
5.554939836300000000e+15 4.108208051199999898e+36 1.500439999999999886e+39 1.000000000000000000e+00 0.000000000000000000e+00
5.517979449200000000e+15 4.074943702799999744e+36 1.495440000000000053e+39 1.000000000000000000e+00 0.000000000000000000e+00
5.481142432800000000e+15 4.041790388100000122e+36 1.490439999999999918e+39 1.000000000000000000e+00 0.000000000000000000e+00
5.444428787200000000e+15 4.008748107000000199e+36 1.485440000000000085e+39 1.000000000000000000e+00 0.000000000000000000e+00
5.407838512300000000e+15 3.975816859600000216e+36 1.480439999999999950e+39 1.000000000000000000e+00 0.000000000000000000e+00
5.371371608100000000e+15 3.942996645799999933e+36 1.475440000000000118e+39 1.000000000000000000e+00 0.000000000000000000e+00
5.335028074600000000e+15 3.910287465700000181e+36 1.470439999999999983e+39 1.000000000000000000e+00 0.000000000000000000e+00
5.298807911800000000e+15 3.877689319200000129e+36 1.465440000000000150e+39 1.000000000000000000e+00 0.000000000000000000e+00
5.262711119800000000e+15 3.845202206400000017e+36 1.460440000000000015e+39 1.000000000000000000e+00 0.000000000000000000e+00
5.226737698500000000e+15 3.812826127200000194e+36 1.455439999999999880e+39 1.000000000000000000e+00 0.000000000000000000e+00
5.190887647900000000e+15 3.780561081699999723e+36 1.450440000000000047e+39 1.000000000000000000e+00 0.000000000000000000e+00
5.155160968000000000e+15 3.748407069800000131e+36 1.445439999999999913e+39 1.000000000000000000e+00 0.000000000000000000e+00
5.119557658800000000e+15 3.716364091500000237e+36 1.440440000000000080e+39 1.000000000000000000e+00 0.000000000000000000e+00
5.084077720400000000e+15 3.684432146900000285e+36 1.435439999999999945e+39 1.000000000000000000e+00 0.000000000000000000e+00
5.048721152700000000e+15 3.652611236000000274e+36 1.430440000000000112e+39 1.000000000000000000e+00 0.000000000000000000e+00
5.013487955700000000e+15 3.620901358699999962e+36 1.425439999999999977e+39 1.000000000000000000e+00 0.000000000000000000e+00
4.978378129400000000e+15 3.589302514999999939e+36 1.420440000000000144e+39 1.000000000000000000e+00 0.000000000000000000e+00
4.943391673800000000e+15 3.557814704999999857e+36 1.415440000000000010e+39 1.000000000000000000e+00 0.000000000000000000e+00
4.908528589000000000e+15 3.526437928699999717e+36 1.410439999999999875e+39 1.000000000000000000e+00 0.000000000000000000e+00
4.873788874900000000e+15 3.495172185900000213e+36 1.405440000000000042e+39 1.000000000000000000e+00 0.000000000000000000e+00
4.839172531500000000e+15 3.464017476899999713e+36 1.400439999999999907e+39 1.000000000000000000e+00 0.000000000000000000e+00
4.804679558800000000e+15 3.432973801500000092e+36 1.395440000000000074e+39 1.000000000000000000e+00 0.000000000000000000e+00
4.770309956800000000e+15 3.402041159700000170e+36 1.390439999999999939e+39 1.000000000000000000e+00 0.000000000000000000e+00
4.736063725600000000e+15 3.371219551600000189e+36 1.385440000000000107e+39 1.000000000000000000e+00 0.000000000000000000e+00
4.701940865000000000e+15 3.340508977099999906e+36 1.380439999999999972e+39 1.000000000000000000e+00 0.000000000000000000e+00
4.667941375200000000e+15 3.309909436300000156e+36 1.375440000000000139e+39 1.000000000000000000e+00 0.000000000000000000e+00
4.634065256100000000e+15 3.279420929100000104e+36 1.370440000000000004e+39 1.000000000000000000e+00 0.000000000000000000e+00
4.600312507800000000e+15 3.249043455499999751e+36 1.365439999999999869e+39 1.000000000000000000e+00 0.000000000000000000e+00
4.566683130100000000e+15 3.218777015700000172e+36 1.360440000000000036e+39 1.000000000000000000e+00 0.000000000000000000e+00
4.533177123200000000e+15 3.188621609400000049e+36 1.355440000000000052e+39 1.000000000000000000e+00 0.000000000000000000e+00
4.499794487000000000e+15 3.158577236799999868e+36 1.350440000000000069e+39 1.000000000000000000e+00 0.000000000000000000e+00
4.466535221500000000e+15 3.128643897900000218e+36 1.345439999999999934e+39 1.000000000000000000e+00 0.000000000000000000e+00
4.433399326700000000e+15 3.098821592600000267e+36 1.340439999999999950e+39 1.000000000000000000e+00 0.000000000000000000e+00
4.400386802600000000e+15 3.069110320900000015e+36 1.335439999999999966e+39 1.000000000000000000e+00 0.000000000000000000e+00
4.367497649300000000e+15 3.039510082900000294e+36 1.330439999999999982e+39 1.000000000000000000e+00 0.000000000000000000e+00
4.334731866700000000e+15 3.010020878599999924e+36 1.325439999999999998e+39 1.000000000000000000e+00 0.000000000000000000e+00
4.302089454800000000e+15 2.980642707899999844e+36 1.320440000000000014e+39 1.000000000000000000e+00 0.000000000000000000e+00
4.269570413600000000e+15 2.951375570800000052e+36 1.315440000000000031e+39 1.000000000000000000e+00 0.000000000000000000e+00
4.237174743200000000e+15 2.922219467400000202e+36 1.310440000000000047e+39 1.000000000000000000e+00 0.000000000000000000e+00
4.204902443400000000e+15 2.893174397600000050e+36 1.305440000000000063e+39 1.000000000000000000e+00 0.000000000000000000e+00
4.172753514400000000e+15 2.864240361499999840e+36 1.300439999999999928e+39 1.000000000000000000e+00 0.000000000000000000e+00
4.140727956100000000e+15 2.835417359100000161e+36 1.295439999999999944e+39 1.000000000000000000e+00 0.000000000000000000e+00
4.108825768500000000e+15 2.806705390199999939e+36 1.290439999999999960e+39 1.000000000000000000e+00 0.000000000000000000e+00
4.077046951700000000e+15 2.778104455099999900e+36 1.285439999999999977e+39 1.000000000000000000e+00 0.000000000000000000e+00
4.045391505500000000e+15 2.749614553499999908e+36 1.280439999999999993e+39 1.000000000000000000e+00 0.000000000000000000e+00
4.013859430100000000e+15 2.721235685700000100e+36 1.275440000000000009e+39 1.000000000000000000e+00 0.000000000000000000e+00
3.982450725400000000e+15 2.692967851399999748e+36 1.270440000000000025e+39 1.000000000000000000e+00 0.000000000000000000e+00
3.951165391400000000e+15 2.664811050799999928e+36 1.265440000000000041e+39 1.000000000000000000e+00 0.000000000000000000e+00
3.920003428100000000e+15 2.636765283900000048e+36 1.260440000000000057e+39 1.000000000000000000e+00 0.000000000000000000e+00
3.888964835600000000e+15 2.608830550599999868e+36 1.255440000000000074e+39 1.000000000000000000e+00 0.000000000000000000e+00
3.858049613800000000e+15 2.581006850999999924e+36 1.250439999999999939e+39 1.000000000000000000e+00 0.000000000000000000e+00
3.827257762700000000e+15 2.553294184999999974e+36 1.245439999999999955e+39 1.000000000000000000e+00 0.000000000000000000e+00
3.796589282300000000e+15 2.525692552600000018e+36 1.240439999999999971e+39 1.000000000000000000e+00 0.000000000000000000e+00
3.766044172600000000e+15 2.498201953900000003e+36 1.235439999999999987e+39 1.000000000000000000e+00 0.000000000000000000e+00
3.735622433700000000e+15 2.470822388899999930e+36 1.230440000000000003e+39 1.000000000000000000e+00 0.000000000000000000e+00
3.705324065400000000e+15 2.443553857500000145e+36 1.225440000000000019e+39 1.000000000000000000e+00 0.000000000000000000e+00
3.675149067900000000e+15 2.416396359700000060e+36 1.220440000000000036e+39 1.000000000000000000e+00 0.000000000000000000e+00
3.645097441100000000e+15 2.389349895599999915e+36 1.215440000000000052e+39 1.000000000000000000e+00 0.000000000000000000e+00
3.615169185100000000e+15 2.362414465100000060e+36 1.210440000000000068e+39 1.000000000000000000e+00 0.000000000000000000e+00
3.585364299700000000e+15 2.335590068300000146e+36 1.205439999999999933e+39 1.000000000000000000e+00 0.000000000000000000e+00
3.555682785100000000e+15 2.308876705099999931e+36 1.200439999999999949e+39 1.000000000000000000e+00 0.000000000000000000e+00
3.526124641200000000e+15 2.282274375599999952e+36 1.195439999999999965e+39 1.000000000000000000e+00 0.000000000000000000e+00
3.496689868000000000e+15 2.255783079799999914e+36 1.190439999999999982e+39 1.000000000000000000e+00 0.000000000000000000e+00
3.467378465500000000e+15 2.229402817499999923e+36 1.185439999999999998e+39 1.000000000000000000e+00 0.000000000000000000e+00
3.438190433800000000e+15 2.203133588899999874e+36 1.180440000000000014e+39 1.000000000000000000e+00 0.000000000000000000e+00
3.409125772700000000e+15 2.176975394000000060e+36 1.175440000000000030e+39 1.000000000000000000e+00 0.000000000000000000e+00
3.380184482400000000e+15 2.150928232699999946e+36 1.170440000000000046e+39 1.000000000000000000e+00 0.000000000000000000e+00
3.351366562800000000e+15 2.124992105100000068e+36 1.165440000000000062e+39 1.000000000000000000e+00 0.000000000000000000e+00
3.322672013900000000e+15 2.099167011099999889e+36 1.160439999999999927e+39 1.000000000000000000e+00 0.000000000000000000e+00
3.294100835800000000e+15 2.073452950799999946e+36 1.155439999999999944e+39 1.000000000000000000e+00 0.000000000000000000e+00
3.265653028300000000e+15 2.047849924099999997e+36 1.150439999999999960e+39 1.000000000000000000e+00 0.000000000000000000e+00
3.237328591600000000e+15 2.022357931000000042e+36 1.145439999999999976e+39 1.000000000000000000e+00 0.000000000000000000e+00
3.209127525600000000e+15 1.996976971600000028e+36 1.140439999999999992e+39 1.000000000000000000e+00 0.000000000000000000e+00
3.181049830300000000e+15 1.971707045899999956e+36 1.135440000000000008e+39 1.000000000000000000e+00 0.000000000000000000e+00
3.153095505800000000e+15 1.946548153799999877e+36 1.130440000000000024e+39 1.000000000000000000e+00 0.000000000000000000e+00
3.125264551900000000e+15 1.921500295300000088e+36 1.125440000000000041e+39 1.000000000000000000e+00 0.000000000000000000e+00
3.097556968800000000e+15 1.896563470499999944e+36 1.120440000000000057e+39 1.000000000000000000e+00 0.000000000000000000e+00
3.069972756400000000e+15 1.871737679300000090e+36 1.115440000000000073e+39 1.000000000000000000e+00 0.000000000000000000e+00
3.042511914700000000e+15 1.847022921799999882e+36 1.110439999999999938e+39 1.000000000000000000e+00 0.000000000000000000e+00
3.015174443800000000e+15 1.822419197999999910e+36 1.105439999999999954e+39 1.000000000000000000e+00 0.000000000000000000e+00
2.987960343500000000e+15 1.797926507699999985e+36 1.100439999999999970e+39 1.000000000000000000e+00 0.000000000000000000e+00
2.960869614000000000e+15 1.773544851199999949e+36 1.095439999999999987e+39 1.000000000000000000e+00 0.000000000000000000e+00
2.933902255200000000e+15 1.749274228199999959e+36 1.090440000000000003e+39 1.000000000000000000e+00 0.000000000000000000e+00
2.907058267100000000e+15 1.725114638999999858e+36 1.085440000000000019e+39 1.000000000000000000e+00 0.000000000000000000e+00
2.880337649700000000e+15 1.701066083300000098e+36 1.080440000000000035e+39 1.000000000000000000e+00 0.000000000000000000e+00
2.853740403100000000e+15 1.677128561399999932e+36 1.075440000000000051e+39 1.000000000000000000e+00 0.000000000000000000e+00
2.827266527200000000e+15 1.653302073000000108e+36 1.070440000000000067e+39 1.000000000000000000e+00 0.000000000000000000e+00
2.800916022000000000e+15 1.629586618299999930e+36 1.065439999999999932e+39 1.000000000000000000e+00 0.000000000000000000e+00
2.774688887500000000e+15 1.605982197299999988e+36 1.060439999999999949e+39 1.000000000000000000e+00 0.000000000000000000e+00
2.748585123700000000e+15 1.582488809900000040e+36 1.055439999999999965e+39 1.000000000000000000e+00 0.000000000000000000e+00
2.722604730700000000e+15 1.559106456200000033e+36 1.050439999999999981e+39 1.000000000000000000e+00 0.000000000000000000e+00
2.696747708300000000e+15 1.535835136100000021e+36 1.045439999999999997e+39 1.000000000000000000e+00 0.000000000000000000e+00
2.671014056700000000e+15 1.512674849600000002e+36 1.040440000000000013e+39 1.000000000000000000e+00 0.000000000000000000e+00
2.645403775800000000e+15 1.489625596799999924e+36 1.035440000000000029e+39 1.000000000000000000e+00 0.000000000000000000e+00
2.619916865600000000e+15 1.466687377600000136e+36 1.030440000000000046e+39 1.000000000000000000e+00 0.000000000000000000e+00
2.594553326200000000e+15 1.443860192099999994e+36 1.025440000000000062e+39 1.000000000000000000e+00 0.000000000000000000e+00
2.569313157500000000e+15 1.421144040300000088e+36 1.020439999999999927e+39 1.000000000000000000e+00 0.000000000000000000e+00
2.544196359400000000e+15 1.398538922099999881e+36 1.015439999999999943e+39 1.000000000000000000e+00 0.000000000000000000e+00
2.519202932200000000e+15 1.376044837499999963e+36 1.010439999999999959e+39 1.000000000000000000e+00 0.000000000000000000e+00
2.494332875600000000e+15 1.353661786599999986e+36 1.005439999999999975e+39 1.000000000000000000e+00 0.000000000000000000e+00
2.469586189700000000e+15 1.331389769300000004e+36 1.000439999999999991e+39 1.000000000000000000e+00 0.000000000000000000e+00
2.444962874600000000e+15 1.309228785699999962e+36 9.954400000000000076e+38 1.000000000000000000e+00 0.000000000000000000e+00
2.420462930200000000e+15 1.287178835700000062e+36 9.904400000000000238e+38 1.000000000000000000e+00 0.000000000000000000e+00
2.396086356500000000e+15 1.265239919399999956e+36 9.854400000000000400e+38 1.000000000000000000e+00 0.000000000000000000e+00
2.371833153500000000e+15 1.243412036699999991e+36 9.804400000000000562e+38 1.000000000000000000e+00 0.000000000000000000e+00
2.347703321200000000e+15 1.221695187699999968e+36 9.754400000000000723e+38 1.000000000000000000e+00 0.000000000000000000e+00
2.323696859700000000e+15 1.200089372299999938e+36 9.704399999999999374e+38 1.000000000000000000e+00 0.000000000000000000e+00
2.299813768900000000e+15 1.178594590500000050e+36 9.654399999999999535e+38 1.000000000000000000e+00 0.000000000000000000e+00
2.276054048800000000e+15 1.157210842500000051e+36 9.604399999999999697e+38 1.000000000000000000e+00 0.000000000000000000e+00
2.252417699400000000e+15 1.135938127999999950e+36 9.554399999999999859e+38 1.000000000000000000e+00 0.000000000000000000e+00
2.228904720700000000e+15 1.114776447199999939e+36 9.504400000000000020e+38 1.000000000000000000e+00 0.000000000000000000e+00
2.205515112800000000e+15 1.093725800100000016e+36 9.454400000000000182e+38 1.000000000000000000e+00 0.000000000000000000e+00
2.182248875500000000e+15 1.072786186599999940e+36 9.404400000000000344e+38 1.000000000000000000e+00 0.000000000000000000e+00
2.159106009000000000e+15 1.051957606700000005e+36 9.354400000000000506e+38 1.000000000000000000e+00 0.000000000000000000e+00
2.136086513300000000e+15 1.031240060500000011e+36 9.304400000000000667e+38 1.000000000000000000e+00 0.000000000000000000e+00
2.113190388200000000e+15 1.010633547900000012e+36 9.254399999999999318e+38 1.000000000000000000e+00 0.000000000000000000e+00
2.090417633800000000e+15 9.901380690299999668e+35 9.204399999999999479e+38 1.000000000000000000e+00 0.000000000000000000e+00
2.067768250200000000e+15 9.697536237600000637e+35 9.154399999999999641e+38 1.000000000000000000e+00 0.000000000000000000e+00
2.045242237300000000e+15 9.494802121399999806e+35 9.104399999999999803e+38 1.000000000000000000e+00 0.000000000000000000e+00
2.022839595100000000e+15 9.293178341700000126e+35 9.054399999999999965e+38 1.000000000000000000e+00 0.000000000000000000e+00
2.000560323700000000e+15 9.092664898500000123e+35 9.004400000000000126e+38 1.000000000000000000e+00 0.000000000000000000e+00
1.978404422900000000e+15 8.893261791799999795e+35 8.954400000000000288e+38 1.000000000000000000e+00 0.000000000000000000e+00
1.956371892900000000e+15 8.694969021500000082e+35 8.904400000000000450e+38 1.000000000000000000e+00 0.000000000000000000e+00
1.934462733600000000e+15 8.497786587700000044e+35 8.854400000000000611e+38 1.000000000000000000e+00 0.000000000000000000e+00
1.912676945000000000e+15 8.301714490399999683e+35 8.804399999999999262e+38 1.000000000000000000e+00 0.000000000000000000e+00
1.891014527100000000e+15 8.106752729499999936e+35 8.754399999999999423e+38 1.000000000000000000e+00 0.000000000000000000e+00
1.869475479900000000e+15 7.912901305099999865e+35 8.704399999999999585e+38 1.000000000000000000e+00 0.000000000000000000e+00
1.848059803500000000e+15 7.720160217199999470e+35 8.654399999999999747e+38 1.000000000000000000e+00 0.000000000000000000e+00
1.826767497800000000e+15 7.528529465800000226e+35 8.604399999999999909e+38 1.000000000000000000e+00 0.000000000000000000e+00
1.805598562800000000e+15 7.338009050800000121e+35 8.554400000000000070e+38 1.000000000000000000e+00 0.000000000000000000e+00
1.784552998500000000e+15 7.148598972400000230e+35 8.504400000000000232e+38 1.000000000000000000e+00 0.000000000000000000e+00
1.763630805000000000e+15 6.960299230399999477e+35 8.454400000000000394e+38 1.000000000000000000e+00 0.000000000000000000e+00
1.742831982100000000e+15 6.773109824799999338e+35 8.404400000000000555e+38 1.000000000000000000e+00 0.000000000000000000e+00
1.722156530000000000e+15 6.587030755800000151e+35 8.354400000000000717e+38 1.000000000000000000e+00 0.000000000000000000e+00
1.701604448600000000e+15 6.402062023200000102e+35 8.304399999999999367e+38 1.000000000000000000e+00 0.000000000000000000e+00
1.681175737900000000e+15 6.218203627099999729e+35 8.254399999999999529e+38 1.000000000000000000e+00 0.000000000000000000e+00
1.660870398000000000e+15 6.035455567399999970e+35 8.204399999999999691e+38 1.000000000000000000e+00 0.000000000000000000e+00
1.640688428700000000e+15 5.853817844299999687e+35 8.154399999999999853e+38 1.000000000000000000e+00 0.000000000000000000e+00
1.620629830200000000e+15 5.673290457600000019e+35 8.104400000000000014e+38 3.538071066000000098e+00 0.000000000000000000e+00
1.606784651400000000e+15 5.550419869799999757e+35 8.054400000000000176e+38 3.538071066000000098e+00 0.000000000000000000e+00
1.593023558800000000e+15 5.429470032500000032e+35 8.004400000000000338e+38 3.538071066000000098e+00 0.000000000000000000e+00
1.579345750900000000e+15 5.310422637000000276e+35 7.954400000000000499e+38 3.538071066000000098e+00 0.000000000000000000e+00
1.565750428800000000e+15 5.193259436099999915e+35 7.904400000000000661e+38 3.538071066000000098e+00 0.000000000000000000e+00
1.552236796400000000e+15 5.077962244199999642e+35 7.854399999999999312e+38 3.538071066000000098e+00 0.000000000000000000e+00
1.538804060300000000e+15 4.964512937500000282e+35 7.804399999999999473e+38 3.538071066000000098e+00 0.000000000000000000e+00
1.525451429900000000e+15 4.852893454200000173e+35 7.754399999999999635e+38 3.538071066000000098e+00 0.000000000000000000e+00
1.512178117100000000e+15 4.743085794600000133e+35 7.704399999999999797e+38 3.538071066000000098e+00 0.000000000000000000e+00
1.498983336600000000e+15 4.635072021399999909e+35 7.654399999999999958e+38 3.538071066000000098e+00 0.000000000000000000e+00
1.485866306000000000e+15 4.528834259800000185e+35 7.604400000000000120e+38 3.538071066000000098e+00 0.000000000000000000e+00
1.472826245400000000e+15 4.424354697699999974e+35 7.554400000000000282e+38 3.538071066000000098e+00 0.000000000000000000e+00
1.459862377900000000e+15 4.321615585999999704e+35 7.504400000000000443e+38 3.538071066000000098e+00 0.000000000000000000e+00
1.446973929100000000e+15 4.220599238499999939e+35 7.454400000000000605e+38 3.538071066000000098e+00 0.000000000000000000e+00
1.434160127700000000e+15 4.121288032500000181e+35 7.404399999999999256e+38 3.538071066000000098e+00 0.000000000000000000e+00
1.421420204900000000e+15 4.023664408600000009e+35 7.354399999999999417e+38 3.538071066000000098e+00 0.000000000000000000e+00
1.408753394700000000e+15 3.927710871300000086e+35 7.304399999999999579e+38 3.538071066000000098e+00 0.000000000000000000e+00
1.396158934100000000e+15 3.833409988800000350e+35 7.254399999999999741e+38 3.538071066000000098e+00 0.000000000000000000e+00
1.383636062800000000e+15 3.740744393499999750e+35 7.204399999999999902e+38 3.538071066000000098e+00 0.000000000000000000e+00
1.371184023200000000e+15 3.649696782099999731e+35 7.154400000000000064e+38 3.538071066000000098e+00 0.000000000000000000e+00
1.358802060600000000e+15 3.560249915700000350e+35 7.104400000000000226e+38 3.538071066000000098e+00 0.000000000000000000e+00
1.346489423300000000e+15 3.472386619999999870e+35 7.054400000000000387e+38 3.538071066000000098e+00 0.000000000000000000e+00
1.334245362100000000e+15 3.386089786000000003e+35 7.004400000000000549e+38 3.538071066000000098e+00 0.000000000000000000e+00
1.322069131000000000e+15 3.301342369499999896e+35 6.954400000000000711e+38 3.538071066000000098e+00 0.000000000000000000e+00
1.309959986700000000e+15 3.218127391799999901e+35 6.904399999999999361e+38 3.538071066000000098e+00 0.000000000000000000e+00
1.297917188700000000e+15 3.136427939500000124e+35 6.854399999999999523e+38 3.538071066000000098e+00 0.000000000000000000e+00
1.285939999500000000e+15 3.056227165299999934e+35 6.804399999999999685e+38 3.538071066000000098e+00 0.000000000000000000e+00
1.274027684500000000e+15 2.977508287799999836e+35 6.754399999999999846e+38 3.538071066000000098e+00 0.000000000000000000e+00
1.262179511800000000e+15 2.900254591699999966e+35 6.704400000000000008e+38 3.538071066000000098e+00 0.000000000000000000e+00
1.250394752700000000e+15 2.824449428299999826e+35 6.654400000000000170e+38 3.538071066000000098e+00 0.000000000000000000e+00
1.238672681200000000e+15 2.750076215399999958e+35 6.604400000000000331e+38 3.538071066000000098e+00 0.000000000000000000e+00
1.227012574300000000e+15 2.677118438000000177e+35 6.554399999999999737e+38 3.538071066000000098e+00 0.000000000000000000e+00
1.215413712000000000e+15 2.605559647799999831e+35 6.504399999999999899e+38 3.538071066000000098e+00 0.000000000000000000e+00
1.203875377100000000e+15 2.535383464300000025e+35 6.454400000000000061e+38 3.538071066000000098e+00 0.000000000000000000e+00
1.192396855600000000e+15 2.466573574500000165e+35 6.404400000000000223e+38 3.538071066000000098e+00 0.000000000000000000e+00
1.180977436100000000e+15 2.399113732999999971e+35 6.354399999999999629e+38 3.538071066000000098e+00 0.000000000000000000e+00
1.169616410500000000e+15 2.332987762899999887e+35 6.304399999999999790e+38 3.538071066000000098e+00 0.000000000000000000e+00
1.158313073700000000e+15 2.268179555299999868e+35 6.254399999999999952e+38 3.538071066000000098e+00 0.000000000000000000e+00
1.147066723400000000e+15 2.204673070099999992e+35 6.204400000000000114e+38 3.538071066000000098e+00 0.000000000000000000e+00
1.135876660400000000e+15 2.142452336000000092e+35 6.154400000000000275e+38 3.538071066000000098e+00 0.000000000000000000e+00
1.124742188600000000e+15 2.081501450799999888e+35 6.104399999999999681e+38 3.538071066000000098e+00 0.000000000000000000e+00
1.113662614800000000e+15 2.021804581600000070e+35 6.054399999999999843e+38 3.538071066000000098e+00 0.000000000000000000e+00
1.102637249000000000e+15 1.963345965399999981e+35 6.004400000000000005e+38 3.538071066000000098e+00 0.000000000000000000e+00
1.091665404100000000e+15 1.906109908600000100e+35 5.954400000000000167e+38 3.538071066000000098e+00 0.000000000000000000e+00
1.080746396200000000e+15 1.850080788200000003e+35 5.904400000000000328e+38 3.538071066000000098e+00 0.000000000000000000e+00
1.069879544400000000e+15 1.795243051500000074e+35 5.854399999999999734e+38 3.538071066000000098e+00 0.000000000000000000e+00
1.059064171000000000e+15 1.741581216400000163e+35 5.804399999999999896e+38 3.538071066000000098e+00 0.000000000000000000e+00
1.048299601300000000e+15 1.689079871900000061e+35 5.754400000000000058e+38 3.538071066000000098e+00 0.000000000000000000e+00
1.037585163800000000e+15 1.637723678300000023e+35 5.704400000000000219e+38 3.538071066000000098e+00 0.000000000000000000e+00
1.026920190000000000e+15 1.587497367200000028e+35 5.654399999999999625e+38 3.538071066000000098e+00 0.000000000000000000e+00
1.016304014600000000e+15 1.538385742400000007e+35 5.604399999999999787e+38 3.538071066000000098e+00 0.000000000000000000e+00
1.005735975700000000e+15 1.490373679600000073e+35 5.554399999999999949e+38 3.538071066000000098e+00 0.000000000000000000e+00
9.952154142200000000e+14 1.443446127000000056e+35 5.504400000000000111e+38 3.538071066000000098e+00 0.000000000000000000e+00
9.847416744300000000e+14 1.397588105400000045e+35 5.454400000000000272e+38 3.538071066000000098e+00 0.000000000000000000e+00
9.743141037800000000e+14 1.352784709000000072e+35 5.404399999999999678e+38 3.538071066000000098e+00 0.000000000000000000e+00
9.639320529200000000e+14 1.309021104800000022e+35 5.354399999999999840e+38 3.538071066000000098e+00 0.000000000000000000e+00
9.535948757500000000e+14 1.266282533999999970e+35 5.304400000000000002e+38 3.538071066000000098e+00 0.000000000000000000e+00
9.433019293800000000e+14 1.224554311400000084e+35 5.254400000000000163e+38 3.538071066000000098e+00 0.000000000000000000e+00
9.330525741800000000e+14 1.183821826199999952e+35 5.204400000000000325e+38 3.538071066000000098e+00 0.000000000000000000e+00
9.228461737900000000e+14 1.144070542399999987e+35 5.154399999999999731e+38 3.538071066000000098e+00 0.000000000000000000e+00
9.126820951300000000e+14 1.105285998599999989e+35 5.104399999999999893e+38 3.538071066000000098e+00 0.000000000000000000e+00
9.025597084300000000e+14 1.067453809000000087e+35 5.054400000000000055e+38 3.538071066000000098e+00 0.000000000000000000e+00
8.924783871900000000e+14 1.030559663200000040e+35 5.004400000000000216e+38 3.538071066000000098e+00 0.000000000000000000e+00
8.824375082900000000e+14 9.945893269299999814e+34 4.954399999999999622e+38 3.538071066000000098e+00 0.000000000000000000e+00
8.724364519100000000e+14 9.595286421999999366e+34 4.904399999999999784e+38 3.538071066000000098e+00 0.000000000000000000e+00
8.624746016000000000e+14 9.253635276700000046e+34 4.854399999999999946e+38 3.538071066000000098e+00 0.000000000000000000e+00
8.525513442900000000e+14 8.920799790100000046e+34 4.804400000000000107e+38 3.538071066000000098e+00 0.000000000000000000e+00
8.426660702800000000e+14 8.596640693500000502e+34 4.754400000000000269e+38 3.538071066000000098e+00 0.000000000000000000e+00
8.328181733000000000e+14 8.281019495400000284e+34 4.704399999999999675e+38 3.538071066000000098e+00 0.000000000000000000e+00
8.230070504700000000e+14 7.973798486200000418e+34 4.654399999999999837e+38 3.538071066000000098e+00 0.000000000000000000e+00
8.132321023900000000e+14 7.674840741199999911e+34 4.604399999999999999e+38 3.538071066000000098e+00 0.000000000000000000e+00
8.034927330600000000e+14 7.384010125200000377e+34 4.554400000000000160e+38 3.538071066000000098e+00 0.000000000000000000e+00
7.937883500000000000e+14 7.101171295999999942e+34 4.504400000000000322e+38 3.538071066000000098e+00 0.000000000000000000e+00
7.841183642000000000e+14 6.826189708599999585e+34 4.454399999999999728e+38 3.538071066000000098e+00 0.000000000000000000e+00
7.744821901600000000e+14 6.558931619300000458e+34 4.404399999999999890e+38 3.538071066000000098e+00 0.000000000000000000e+00
7.648792459100000000e+14 6.299264089499999963e+34 4.354400000000000051e+38 3.538071066000000098e+00 0.000000000000000000e+00
7.553105947800000000e+14 6.049222134700000242e+34 4.304400000000000213e+38 3.439024390200000170e+00 0.000000000000000000e+00
7.457716447700000000e+14 5.810973323699999639e+34 4.254400000000000375e+38 3.439024390200000170e+00 0.000000000000000000e+00
7.362633643700000000e+14 5.579456864699999838e+34 4.204399999999999781e+38 3.439024390200000170e+00 0.000000000000000000e+00
7.267852362200000000e+14 5.354559194199999969e+34 4.154399999999999943e+38 3.439024390200000170e+00 0.000000000000000000e+00
7.173367456900000000e+14 5.136167340500000384e+34 4.104400000000000104e+38 3.439024390200000170e+00 0.000000000000000000e+00
7.079173808200000000e+14 4.924168926999999731e+34 4.054400000000000266e+38 3.439024390200000170e+00 0.000000000000000000e+00
6.985266324200000000e+14 4.718452176599999974e+34 4.004399999999999672e+38 3.439024390200000170e+00 0.000000000000000000e+00
6.891639940300000000e+14 4.518905915899999821e+34 3.954399999999999834e+38 3.439024390200000170e+00 0.000000000000000000e+00
6.798289619600000000e+14 4.325419578900000226e+34 3.904399999999999995e+38 3.439024390200000170e+00 0.000000000000000000e+00
6.705210353100000000e+14 4.137883212199999958e+34 3.854400000000000157e+38 3.439024390200000170e+00 0.000000000000000000e+00
6.612397159900000000e+14 3.956187478500000125e+34 3.804400000000000319e+38 3.439024390200000170e+00 0.000000000000000000e+00
6.519845087300000000e+14 3.780223661600000143e+34 3.754399999999999725e+38 3.439024390200000170e+00 0.000000000000000000e+00
6.427549211300000000e+14 3.609883670700000195e+34 3.704399999999999887e+38 3.439024390200000170e+00 0.000000000000000000e+00
6.335504636300000000e+14 3.445060045300000167e+34 3.654400000000000048e+38 3.439024390200000170e+00 0.000000000000000000e+00
6.243706495900000000e+14 3.285645959600000062e+34 3.604400000000000210e+38 3.439024390200000170e+00 0.000000000000000000e+00
6.152149952800000000e+14 3.131535227799999982e+34 3.554400000000000372e+38 3.439024390200000170e+00 0.000000000000000000e+00
6.060830198900000000e+14 2.982622308900000197e+34 3.504399999999999778e+38 3.439024390200000170e+00 0.000000000000000000e+00
5.969742455900000000e+14 2.838802311400000027e+34 3.454399999999999939e+38 3.439024390200000170e+00 0.000000000000000000e+00
5.878881975200000000e+14 2.699970999100000058e+34 3.404400000000000101e+38 3.439024390200000170e+00 0.000000000000000000e+00
5.788244038300000000e+14 2.566024796000000158e+34 3.354399999999999885e+38 3.439024390200000170e+00 0.000000000000000000e+00
5.697823957200000000e+14 2.436860791799999992e+34 3.304400000000000047e+38 3.439024390200000170e+00 0.000000000000000000e+00
5.607617074300000000e+14 2.312376747600000045e+34 3.254399999999999831e+38 3.439024390200000170e+00 0.000000000000000000e+00
5.517618762800000000e+14 2.192471101300000033e+34 3.204399999999999992e+38 3.439024390200000170e+00 0.000000000000000000e+00
5.427824427200000000e+14 2.077042973700000046e+34 3.154400000000000154e+38 3.439024390200000170e+00 0.000000000000000000e+00
5.338229503200000000e+14 1.965992174199999972e+34 3.104399999999999938e+38 3.439024390200000170e+00 0.000000000000000000e+00
5.248829458300000000e+14 1.859219207200000039e+34 3.054400000000000100e+38 3.439024390200000170e+00 0.000000000000000000e+00
5.159619791700000000e+14 1.756625278199999897e+34 3.004399999999999883e+38 3.439024390200000170e+00 0.000000000000000000e+00
5.070596035100000000e+14 1.658112299899999994e+34 2.954400000000000045e+38 3.439024390200000170e+00 0.000000000000000000e+00
4.981753752600000000e+14 1.563582899500000097e+34 2.904399999999999829e+38 3.439024390200000170e+00 0.000000000000000000e+00
4.893088541200000000e+14 1.472940424799999979e+34 2.854399999999999991e+38 3.439024390200000170e+00 0.000000000000000000e+00
4.804596030900000000e+14 1.386088951500000009e+34 2.804400000000000152e+38 3.439024390200000170e+00 0.000000000000000000e+00
4.716271885400000000e+14 1.302933290100000012e+34 2.754399999999999936e+38 3.439024390200000170e+00 0.000000000000000000e+00
4.628111802100000000e+14 1.223378993399999916e+34 2.704400000000000098e+38 3.439024390200000170e+00 0.000000000000000000e+00
4.540111512500000000e+14 1.147332363899999916e+34 2.654399999999999882e+38 3.439024390200000170e+00 0.000000000000000000e+00
4.452266782700000000e+14 1.074700461700000091e+34 2.604400000000000044e+38 3.439024390200000170e+00 0.000000000000000000e+00
4.364573413700000000e+14 1.005391112400000022e+34 2.554399999999999827e+38 3.439024390200000170e+00 0.000000000000000000e+00
4.277027241600000000e+14 9.393129151899999973e+33 2.504399999999999989e+38 3.439024390200000170e+00 0.000000000000000000e+00
4.189624138200000000e+14 8.763752514099999927e+33 2.454400000000000151e+38 3.439024390200000170e+00 0.000000000000000000e+00
4.102340000000000000e+14 8.155700000000000219e+33 2.404399999999999935e+38 2.891000000000000014e+00 0.000000000000000000e+00
4.015180000000000000e+14 7.677440000000000081e+33 2.354400000000000096e+38 2.891000000000000014e+00 0.000000000000000000e+00
3.928120000000000000e+14 7.217140000000000257e+33 2.304399999999999880e+38 2.891000000000000014e+00 0.000000000000000000e+00
3.841160000000000000e+14 6.774629999999999628e+33 2.254400000000000042e+38 2.891000000000000014e+00 0.000000000000000000e+00
3.754300000000000000e+14 6.349740000000000531e+33 2.204399999999999826e+38 2.891000000000000014e+00 0.000000000000000000e+00
3.667550000000000000e+14 5.942290000000000560e+33 2.154399999999999988e+38 2.890000000000000124e+00 0.000000000000000000e+00
3.580880000000000000e+14 5.552070000000000366e+33 2.104400000000000149e+38 2.888999999999999790e+00 0.000000000000000000e+00
3.494310000000000000e+14 5.178870000000000025e+33 2.054399999999999933e+38 2.887999999999999901e+00 0.000000000000000000e+00
3.407840000000000000e+14 4.822470000000000053e+33 2.004400000000000095e+38 2.884999999999999787e+00 0.000000000000000000e+00
3.321460000000000000e+14 4.482619999999999990e+33 1.954399999999999879e+38 2.883000000000000007e+00 0.000000000000000000e+00
3.235160000000000000e+14 4.159069999999999953e+33 1.904400000000000040e+38 2.879000000000000004e+00 0.000000000000000000e+00
3.148960000000000000e+14 3.851540000000000233e+33 1.854399999999999824e+38 2.875000000000000000e+00 0.000000000000000000e+00
3.062840000000000000e+14 3.559760000000000102e+33 1.804399999999999986e+38 2.870000000000000107e+00 0.000000000000000000e+00
2.976810000000000000e+14 3.283409999999999895e+33 1.754400000000000148e+38 2.863999999999999879e+00 0.000000000000000000e+00
2.890870000000000000e+14 3.022180000000000078e+33 1.704399999999999932e+38 2.857000000000000206e+00 0.000000000000000000e+00
2.805010000000000000e+14 2.775720000000000007e+33 1.654400000000000093e+38 2.847999999999999865e+00 0.000000000000000000e+00
2.719230000000000000e+14 2.543659999999999923e+33 1.604400000000000066e+38 2.838000000000000078e+00 0.000000000000000000e+00
2.633540000000000000e+14 2.325610000000000088e+33 1.554400000000000039e+38 2.826999999999999957e+00 0.000000000000000000e+00
2.547930000000000000e+14 2.121150000000000076e+33 1.504400000000000012e+38 2.814000000000000057e+00 0.000000000000000000e+00
2.462420000000000000e+14 1.929809999999999943e+33 1.454399999999999984e+38 2.798000000000000043e+00 0.000000000000000000e+00
1.640070000000000000e+14 7.104030000000000344e+32 9.712930000000000717e+37 2.616999999999999993e+00 1.864740000000000041e+29
1.635180000000000000e+14 7.065130000000000515e+32 9.684080000000000912e+37 2.623000000000000220e+00 2.290429999999999974e+29
1.630280000000000000e+14 7.025330000000000182e+32 9.655229999999999218e+37 2.628000000000000114e+00 2.574970000000000105e+29
1.625390000000000000e+14 6.985319999999999923e+32 9.626379999999999412e+37 2.633000000000000007e+00 2.805399999999999914e+29
1.620490000000000000e+14 6.945280000000000705e+32 9.597540000000000854e+37 2.637000000000000011e+00 3.006909999999999859e+29
1.615600000000000000e+14 6.905260000000000313e+32 9.568689999999999160e+37 2.641999999999999904e+00 3.190580000000000069e+29
1.610710000000000000e+14 6.865309999999999416e+32 9.539839999999999355e+37 2.646999999999999797e+00 3.362329999999999778e+29
1.605810000000000000e+14 6.825439999999999588e+32 9.510989999999999549e+37 2.650999999999999801e+00 3.525679999999999967e+29
1.600920000000000000e+14 6.785669999999999656e+32 9.482139999999999744e+37 2.656000000000000139e+00 3.682869999999999759e+29
1.596020000000000000e+14 6.745999999999999620e+32 9.453299999999999297e+37 2.661000000000000032e+00 3.835439999999999779e+29
1.591130000000000000e+14 6.706429999999999480e+32 9.424449999999999492e+37 2.665000000000000036e+00 3.984449999999999739e+29
1.586240000000000000e+14 6.666979999999999503e+32 9.395599999999999686e+37 2.669999999999999929e+00 4.130689999999999667e+29
1.581350000000000000e+14 6.627639999999999555e+32 9.366749999999999881e+37 2.674999999999999822e+00 4.274760000000000182e+29
1.576450000000000000e+14 6.588419999999999771e+32 9.337900000000000075e+37 2.678999999999999826e+00 4.417090000000000099e+29
1.571560000000000000e+14 6.549330000000000284e+32 9.309059999999999629e+37 2.684000000000000163e+00 4.558030000000000070e+29
1.566670000000000000e+14 6.510359999999999519e+32 9.280209999999999823e+37 2.689000000000000057e+00 4.697870000000000197e+29
1.561770000000000000e+14 6.471510000000000358e+32 9.251360000000000018e+37 2.165000000000000036e+00 4.836820000000000308e+29
1.556880000000000000e+14 6.432800000000000186e+32 9.222510000000000212e+37 2.161999999999999922e+00 4.975059999999999957e+29
1.551990000000000000e+14 6.394210000000000178e+32 9.193660000000000407e+37 2.158999999999999808e+00 5.112729999999999967e+29
1.547100000000000000e+14 6.355749999999999746e+32 9.164819999999999960e+37 2.156000000000000139e+00 5.249950000000000041e+29
1.542210000000000000e+14 6.317420000000000332e+32 9.135970000000000155e+37 2.153999999999999915e+00 5.386830000000000022e+29
1.537310000000000000e+14 6.279229999999999907e+32 9.107120000000000350e+37 2.150999999999999801e+00 5.523440000000000323e+29
1.532420000000000000e+14 6.241169999999999779e+32 9.078270000000000544e+37 2.148000000000000131e+00 5.659840000000000090e+29
1.527530000000000000e+14 6.203239999999999948e+32 9.049420000000000739e+37 2.145000000000000018e+00 5.796099999999999736e+29
1.522640000000000000e+14 6.165449999999999827e+32 9.020580000000000292e+37 2.142999999999999794e+00 5.932269999999999958e+29
1.517750000000000000e+14 6.127790000000000003e+32 8.991730000000000487e+37 2.140000000000000124e+00 6.068369999999999768e+29
1.512860000000000000e+14 6.090280000000000023e+32 8.962880000000000681e+37 2.137000000000000011e+00 6.204449999999999862e+29
1.507970000000000000e+14 6.052900000000000339e+32 8.934030000000000876e+37 2.133999999999999897e+00 6.340519999999999394e+29
1.503080000000000000e+14 6.015650000000000232e+32 8.905179999999999181e+37 2.130999999999999783e+00 6.476619999999999907e+29
1.498180000000000000e+14 5.978549999999999969e+32 8.876340000000000624e+37 2.129000000000000004e+00 6.612750000000000698e+29
1.493290000000000000e+14 5.941590000000000136e+32 8.847490000000000818e+37 2.125999999999999890e+00 6.748930000000000074e+29
1.488400000000000000e+14 5.904759999999999880e+32 8.818639999999999124e+37 2.123000000000000220e+00 6.885180000000000566e+29
1.483510000000000000e+14 5.868080000000000188e+32 8.789789999999999318e+37 2.120000000000000107e+00 7.021509999999999921e+29
1.478620000000000000e+14 5.831530000000000072e+32 8.760939999999999513e+37 2.116999999999999993e+00 7.157910000000000392e+29
1.473730000000000000e+14 5.798890000000000351e+32 8.732099999999999066e+37 2.113999999999999879e+00 4.602639999999999973e+29
1.468840000000000000e+14 5.762679999999999737e+32 8.703249999999999261e+37 2.111000000000000210e+00 4.671759999999999797e+29
1.463950000000000000e+14 5.726610000000000274e+32 8.674399999999999455e+37 2.108999999999999986e+00 4.740990000000000169e+29
1.459060000000000000e+14 5.690689999999999934e+32 8.645549999999999650e+37 2.105999999999999872e+00 4.810319999999999823e+29
1.454170000000000000e+14 5.654910000000000025e+32 8.616699999999999845e+37 2.103000000000000203e+00 4.879750000000000166e+29
1.444400000000000000e+14 5.591860000000000133e+32 8.559009999999999593e+37 2.096999999999999975e+00 2.735780000000000160e+29
1.424840000000000000e+14 5.451709999999999853e+32 8.443619999999999730e+37 2.084999999999999964e+00 2.815889999999999983e+29
1.419950000000000000e+14 5.417030000000000239e+32 8.414769999999999924e+37 2.081999999999999851e+00 2.836210000000000003e+29
1.410170000000000000e+14 5.348069999999999875e+32 8.357070000000000313e+37 2.076999999999999957e+00 2.877170000000000068e+29
1.405290000000000000e+14 5.313799999999999978e+32 8.328219999999999563e+37 2.073999999999999844e+00 2.897790000000000046e+29
1.400400000000000000e+14 5.279669999999999791e+32 8.299380000000000061e+37 2.071000000000000174e+00 2.918480000000000084e+29
1.390620000000000000e+14 5.211840000000000123e+32 8.241680000000000450e+37 2.064999999999999947e+00 2.960099999999999915e+29
1.385730000000000000e+14 5.178129999999999787e+32 8.212829999999999700e+37 2.061999999999999833e+00 2.981009999999999993e+29
1.380850000000000000e+14 5.144559999999999881e+32 8.183979999999999895e+37 2.059000000000000163e+00 3.001970000000000063e+29
1.361300000000000000e+14 5.011689999999999656e+32 8.068590000000000032e+37 2.048000000000000043e+00 3.086300000000000065e+29
1.356410000000000000e+14 4.978819999999999742e+32 8.039740000000000227e+37 2.044999999999999929e+00 3.107480000000000175e+29
1.346640000000000000e+14 4.913499999999999765e+32 7.982049999999999975e+37 2.039000000000000146e+00 3.149910000000000103e+29
1.336860000000000000e+14 4.848740000000000069e+32 7.924350000000000364e+37 2.032999999999999918e+00 3.192419999999999950e+29
1.297780000000000000e+14 4.595239999999999693e+32 7.693569999999999693e+37 2.009999999999999787e+00 3.362610000000000020e+29
1.292890000000000000e+14 4.564170000000000066e+32 7.664719999999999888e+37 2.007000000000000117e+00 3.383840000000000123e+29
1.278240000000000000e+14 4.471800000000000164e+32 7.578179999999999831e+37 1.997999999999999998e+00 3.447419999999999884e+29
1.263580000000000000e+14 4.380660000000000135e+32 7.491630000000000414e+37 1.989000000000000101e+00 3.510749999999999680e+29
1.244050000000000000e+14 4.261039999999999797e+32 7.376239999999999607e+37 1.977000000000000091e+00 3.594670000000000232e+29
1.234280000000000000e+14 4.202029999999999876e+32 7.318539999999999996e+37 1.971000000000000085e+00 3.636360000000000124e+29
1.219630000000000000e+14 4.114539999999999647e+32 7.231999999999999938e+37 1.961999999999999966e+00 3.698519999999999663e+29
1.209860000000000000e+14 4.056870000000000348e+32 7.174300000000000328e+37 1.955999999999999961e+00 3.739680000000000052e+29
1.180570000000000000e+14 3.887040000000000289e+32 7.001220000000000213e+37 1.939000000000000057e+00 3.861640000000000307e+29
1.165920000000000000e+14 3.803889999999999718e+32 6.914669999999999852e+37 1.929999999999999938e+00 3.921660000000000007e+29
1.161040000000000000e+14 3.785290000000000359e+32 6.885820000000000046e+37 1.925999999999999934e+00 4.542320000000000315e+29
1.156160000000000000e+14 3.758129999999999685e+32 6.856979999999999600e+37 1.923000000000000043e+00 4.540360000000000028e+29
1.151280000000000000e+14 3.731100000000000029e+32 6.828129999999999794e+37 1.919999999999999929e+00 4.538289999999999898e+29
1.146400000000000000e+14 3.704189999999999815e+32 6.799279999999999989e+37 1.917000000000000037e+00 4.536119999999999782e+29
1.141520000000000000e+14 3.677409999999999898e+32 6.770430000000000183e+37 1.913999999999999924e+00 4.533839999999999822e+29
1.136630000000000000e+14 3.650760000000000278e+32 6.741580000000000378e+37 1.911000000000000032e+00 4.531459999999999876e+29
1.131750000000000000e+14 3.624230000000000100e+32 6.712739999999999931e+37 1.907999999999999918e+00 4.528960000000000228e+29
1.126870000000000000e+14 3.597820000000000086e+32 6.683890000000000126e+37 1.905000000000000027e+00 4.526359999999999891e+29
1.121990000000000000e+14 3.571539999999999648e+32 6.655040000000000321e+37 1.901999999999999913e+00 4.523639999999999852e+29
1.117110000000000000e+14 3.545380000000000094e+32 6.626189999999999571e+37 1.899000000000000021e+00 4.520819999999999828e+29
1.112230000000000000e+14 3.519350000000000117e+32 6.597339999999999765e+37 1.895999999999999908e+00 4.517880000000000102e+29
1.107350000000000000e+14 3.493430000000000168e+32 6.568500000000000263e+37 1.893000000000000016e+00 4.514829999999999828e+29
1.102470000000000000e+14 3.467639999999999797e+32 6.539650000000000458e+37 1.889999999999999902e+00 4.511669999999999711e+29
1.097590000000000000e+14 3.441979999999999722e+32 6.510799999999999708e+37 1.887000000000000011e+00 4.508399999999999750e+29
1.092710000000000000e+14 3.416429999999999676e+32 6.481949999999999902e+37 1.883999999999999897e+00 4.505010000000000087e+29
1.087830000000000000e+14 3.391009999999999928e+32 6.453100000000000097e+37 1.881000000000000005e+00 4.501509999999999877e+29
1.082950000000000000e+14 3.365700000000000209e+32 6.424259999999999650e+37 1.877999999999999892e+00 4.497899999999999823e+29
1.078070000000000000e+14 3.340520000000000066e+32 6.395409999999999845e+37 1.875000000000000000e+00 4.494170000000000067e+29
1.073190000000000000e+14 3.315460000000000087e+32 6.366560000000000039e+37 1.872000000000000108e+00 4.490329999999999764e+29
1.068310000000000000e+14 3.290510000000000137e+32 6.337710000000000234e+37 1.868999999999999995e+00 4.486369999999999759e+29
1.063430000000000000e+14 3.265689999999999764e+32 6.308860000000000428e+37 1.866000000000000103e+00 4.482299999999999911e+29
1.058550000000000000e+14 3.240980000000000140e+32 6.280019999999999982e+37 1.862999999999999989e+00 4.478120000000000219e+29
1.053670000000000000e+14 3.216389999999999959e+32 6.251170000000000176e+37 1.860000000000000098e+00 4.473820000000000122e+29
1.048800000000000000e+14 3.191919999999999942e+32 6.222320000000000371e+37 1.856999999999999984e+00 4.469400000000000323e+29
1.043920000000000000e+14 3.167570000000000088e+32 6.193469999999999621e+37 1.854000000000000092e+00 4.464869999999999976e+29
1.039040000000000000e+14 3.143329999999999903e+32 6.164619999999999816e+37 1.850999999999999979e+00 4.460219999999999928e+29
1.034160000000000000e+14 3.119209999999999881e+32 6.135780000000000314e+37 1.848000000000000087e+00 4.455460000000000036e+29
1.029280000000000000e+14 3.095210000000000022e+32 6.106929999999999564e+37 1.844999999999999973e+00 4.450579999999999739e+29
1.024400000000000000e+14 3.071319999999999833e+32 6.078079999999999758e+37 1.842000000000000082e+00 4.445579999999999741e+29
1.019520000000000000e+14 3.047550000000000167e+32 6.049229999999999953e+37 1.838999999999999968e+00 4.440469999999999898e+29
1.014650000000000000e+14 3.023890000000000170e+32 6.020380000000000147e+37 1.836000000000000076e+00 4.435250000000000212e+29
1.009770000000000000e+14 3.000339999999999843e+32 5.991539999999999701e+37 1.832999999999999963e+00 4.429910000000000120e+29
1.004890000000000000e+14 2.976910000000000039e+32 5.962689999999999895e+37 1.830999999999999961e+00 4.424450000000000327e+29
1.000010000000000000e+14 2.953589999999999904e+32 5.933840000000000090e+37 1.828000000000000069e+00 4.418870000000000129e+29
9.951360000000000000e+13 2.930380000000000159e+32 5.904990000000000284e+37 1.824999999999999956e+00 4.413180000000000087e+29
9.902590000000000000e+13 2.907289999999999857e+32 5.876139999999999534e+37 1.822000000000000064e+00 4.407380000000000201e+29
9.853820000000000000e+13 2.884309999999999945e+32 5.847300000000000032e+37 1.818999999999999950e+00 4.401459999999999910e+29
9.805040000000000000e+13 2.861440000000000062e+32 5.818450000000000227e+37 1.816000000000000059e+00 4.395419999999999917e+29
9.756270000000000000e+13 2.838670000000000075e+32 5.789600000000000421e+37 1.812999999999999945e+00 4.389270000000000080e+29
9.707510000000000000e+13 2.816019999999999891e+32 5.760749999999999671e+37 1.810000000000000053e+00 4.382999999999999839e+29
9.658740000000000000e+13 2.793480000000000097e+32 5.731899999999999866e+37 1.806999999999999940e+00 4.376619999999999753e+29
9.609970000000000000e+13 2.771049999999999972e+32 5.703060000000000364e+37 1.804999999999999938e+00 4.370129999999999824e+29
9.561210000000000000e+13 2.748729999999999876e+32 5.674209999999999614e+37 1.802000000000000046e+00 4.363510000000000335e+29
9.512440000000000000e+13 2.726520000000000171e+32 5.645359999999999809e+37 1.798999999999999932e+00 4.356790000000000156e+29
9.463680000000000000e+13 2.704410000000000000e+32 5.616510000000000003e+37 1.796000000000000041e+00 4.349950000000000277e+29
9.414920000000000000e+13 2.682409999999999860e+32 5.587660000000000198e+37 1.792999999999999927e+00 4.342989999999999991e+29
9.366160000000000000e+13 2.660520000000000109e+32 5.558819999999999751e+37 1.790000000000000036e+00 4.335919999999999862e+29
9.317400000000000000e+13 2.638729999999999894e+32 5.529969999999999946e+37 1.786999999999999922e+00 4.328739999999999889e+29
9.268650000000000000e+13 2.617050000000000068e+32 5.501120000000000140e+37 1.784999999999999920e+00 4.321440000000000215e+29
9.219890000000000000e+13 2.595479999999999912e+32 5.472270000000000335e+37 1.782000000000000028e+00 4.314029999999999993e+29
9.171140000000000000e+13 2.575999999999999957e+32 5.443419999999999585e+37 1.778000000000000025e+00 5.253669999999999939e+29
9.122380000000000000e+13 2.554659999999999993e+32 5.414580000000000083e+37 1.776000000000000023e+00 5.232479999999999971e+29
9.073630000000000000e+13 2.533419999999999926e+32 5.385730000000000277e+37 1.772999999999999909e+00 5.211230000000000153e+29
9.024880000000000000e+13 2.512289999999999887e+32 5.356880000000000472e+37 1.770000000000000018e+00 5.189919999999999780e+29
8.976130000000000000e+13 2.491260000000000105e+32 5.328029999999999722e+37 1.766999999999999904e+00 5.168539999999999698e+29
8.927380000000000000e+13 2.470329999999999859e+32 5.299179999999999916e+37 1.764000000000000012e+00 5.147089999999999908e+29
8.878630000000000000e+13 2.449499999999999869e+32 5.270340000000000414e+37 1.762000000000000011e+00 5.125580000000000266e+29
8.829890000000000000e+13 2.428770000000000134e+32 5.241489999999999664e+37 1.758999999999999897e+00 5.104010000000000071e+29
8.781140000000000000e+13 2.408150000000000070e+32 5.212639999999999859e+37 1.756000000000000005e+00 5.082380000000000024e+29
8.732400000000000000e+13 2.387620000000000127e+32 5.183790000000000054e+37 1.752999999999999892e+00 5.060680000000000269e+29
8.683660000000000000e+13 2.367199999999999854e+32 5.154940000000000248e+37 1.750999999999999890e+00 5.038919999999999960e+29
8.634910000000000000e+13 2.346870000000000063e+32 5.126099999999999802e+37 1.747999999999999998e+00 5.017089999999999942e+29
8.586180000000000000e+13 2.326649999999999942e+32 5.097249999999999996e+37 1.745000000000000107e+00 4.995209999999999930e+29
8.537440000000000000e+13 2.306519999999999943e+32 5.068400000000000191e+37 1.743000000000000105e+00 4.973260000000000211e+29
8.488700000000000000e+13 2.286489999999999840e+32 5.039550000000000385e+37 1.739999999999999991e+00 4.951259999999999794e+29
8.439960000000000000e+13 2.266559999999999993e+32 5.010699999999999635e+37 1.737000000000000099e+00 4.929189999999999669e+29
8.391230000000000000e+13 2.246719999999999908e+32 4.981860000000000133e+37 1.735000000000000098e+00 4.907070000000000255e+29
8.342500000000000000e+13 2.226980000000000079e+32 4.953010000000000328e+37 1.731999999999999984e+00 4.884879999999999724e+29
8.293760000000000000e+13 2.207340000000000146e+32 4.924159999999999578e+37 1.729000000000000092e+00 4.862639999999999905e+29
8.245030000000000000e+13 2.187789999999999975e+32 4.895309999999999772e+37 1.727000000000000091e+00 4.840340000000000234e+29
8.196300000000000000e+13 2.168340000000000060e+32 4.866459999999999967e+37 1.723999999999999977e+00 4.817980000000000009e+29
8.147580000000000000e+13 2.148979999999999908e+32 4.837620000000000465e+37 1.721999999999999975e+00 4.795559999999999933e+29
8.098850000000000000e+13 2.129720000000000011e+32 4.808769999999999715e+37 1.719000000000000083e+00 4.773089999999999865e+29
8.050120000000000000e+13 2.110549999999999877e+32 4.779919999999999909e+37 1.715999999999999970e+00 4.750559999999999945e+29
8.001400000000000000e+13 2.091469999999999865e+32 4.751070000000000104e+37 1.713999999999999968e+00 4.727970000000000175e+29
7.952680000000000000e+13 2.072490000000000109e+32 4.722220000000000299e+37 1.711000000000000076e+00 4.705329999999999708e+29
7.903950000000000000e+13 2.053589999999999982e+32 4.693379999999999852e+37 1.709000000000000075e+00 4.682630000000000094e+29
7.855230000000000000e+13 2.034790000000000111e+32 4.664530000000000047e+37 1.705999999999999961e+00 4.659879999999999783e+29
7.806510000000000000e+13 2.016090000000000135e+32 4.635680000000000241e+37 1.703999999999999959e+00 4.637080000000000183e+29
7.757800000000000000e+13 1.997470000000000149e+32 4.606830000000000436e+37 1.701000000000000068e+00 4.614220000000000029e+29
7.709080000000000000e+13 1.978939999999999924e+32 4.577979999999999686e+37 1.699000000000000066e+00 4.591300000000000023e+29
7.660360000000000000e+13 1.960499999999999822e+32 4.549140000000000184e+37 1.695999999999999952e+00 4.568339999999999883e+29
7.611650000000000000e+13 1.942149999999999842e+32 4.520290000000000378e+37 1.693999999999999950e+00 4.545319999999999892e+29
7.562940000000000000e+13 1.923889999999999985e+32 4.491439999999999628e+37 1.691000000000000059e+00 4.522249999999999908e+29
7.514230000000000000e+13 1.905719999999999890e+32 4.462589999999999823e+37 1.689000000000000057e+00 4.499120000000000073e+29
7.465520000000000000e+13 1.887639999999999917e+32 4.433740000000000017e+37 1.687000000000000055e+00 4.475950000000000103e+29
7.416810000000000000e+13 1.869639999999999933e+32 4.404899999999999571e+37 1.683999999999999941e+00 4.452720000000000282e+29
7.368100000000000000e+13 1.851739999999999845e+32 4.376049999999999765e+37 1.681999999999999940e+00 4.429439999999999765e+29
7.319390000000000000e+13 1.833920000000000106e+32 4.347199999999999960e+37 1.679999999999999938e+00 4.406119999999999816e+29
7.270690000000000000e+13 1.816179999999999995e+32 4.318350000000000154e+37 1.677000000000000046e+00 4.382740000000000016e+29
7.221980000000000000e+13 1.798530000000000007e+32 4.289500000000000349e+37 1.675000000000000044e+00 4.359310000000000223e+29
7.173280000000000000e+13 1.780970000000000141e+32 4.260659999999999902e+37 1.673000000000000043e+00 4.335829999999999734e+29
7.124580000000000000e+13 1.763489999999999903e+32 4.231810000000000097e+37 1.669999999999999929e+00 4.312299999999999956e+29
7.075880000000000000e+13 1.746090000000000015e+32 4.202959999999999819e+37 1.667999999999999927e+00 4.288730000000000042e+29
7.027180000000000000e+13 1.728779999999999888e+32 4.174110000000000014e+37 1.665999999999999925e+00 4.265100000000000278e+29
6.978490000000000000e+13 1.711550000000000111e+32 4.145260000000000208e+37 1.663999999999999924e+00 4.241429999999999674e+29
6.929790000000000000e+13 1.694410000000000096e+32 4.116420000000000234e+37 1.661999999999999922e+00 4.217709999999999782e+29
6.881100000000000000e+13 1.677350000000000069e+32 4.087569999999999956e+37 1.659000000000000030e+00 4.193939999999999897e+29
6.832400000000000000e+13 1.660370000000000032e+32 4.058720000000000151e+37 1.657000000000000028e+00 4.170120000000000018e+29
6.783710000000000000e+13 1.643469999999999982e+32 4.029869999999999873e+37 1.655000000000000027e+00 4.146250000000000147e+29
6.735020000000000000e+13 1.626649999999999922e+32 4.001020000000000068e+37 1.653000000000000025e+00 4.122340000000000140e+29
6.686330000000000000e+13 1.609910000000000031e+32 3.972180000000000093e+37 1.651000000000000023e+00 4.098380000000000141e+29
6.637640000000000000e+13 1.593260000000000081e+32 3.943329999999999816e+37 1.649000000000000021e+00 4.074370000000000149e+29
6.588960000000000000e+13 1.576679999999999987e+32 3.914480000000000010e+37 1.647000000000000020e+00 4.050320000000000021e+29
6.540270000000000000e+13 1.560190000000000015e+32 3.885630000000000205e+37 1.645000000000000018e+00 4.026210000000000043e+29
6.491590000000000000e+13 1.543770000000000079e+32 3.856779999999999927e+37 1.643000000000000016e+00 4.002069999999999788e+29
6.442910000000000000e+13 1.527429999999999951e+32 3.827939999999999953e+37 1.641000000000000014e+00 3.977869999999999681e+29
6.394230000000000000e+13 1.511169999999999992e+32 3.799090000000000147e+37 1.639000000000000012e+00 3.953630000000000144e+29
6.345550000000000000e+13 1.494990000000000021e+32 3.770239999999999870e+37 1.637000000000000011e+00 3.929349999999999767e+29
6.296870000000000000e+13 1.478880000000000086e+32 3.741390000000000064e+37 1.635000000000000009e+00 3.905020000000000102e+29
6.248190000000000000e+13 1.462849999999999959e+32 3.712539999999999787e+37 1.633000000000000007e+00 3.880639999999999739e+29
6.199520000000000000e+13 1.446900000000000001e+32 3.683699999999999812e+37 1.631000000000000005e+00 3.856210000000000088e+29
6.150840000000000000e+13 1.431030000000000032e+32 3.654850000000000007e+37 1.629999999999999893e+00 3.831740000000000301e+29
6.102170000000000000e+13 1.415229999999999918e+32 3.626000000000000201e+37 1.627999999999999892e+00 3.807229999999999675e+29
6.053500000000000000e+13 1.399500000000000020e+32 3.597149999999999924e+37 1.625999999999999890e+00 3.782669999999999761e+29
6.004830000000000000e+13 1.383849999999999929e+32 3.568300000000000118e+37 1.624000000000000110e+00 3.758059999999999853e+29
5.956160000000000000e+13 1.368280000000000008e+32 3.539460000000000144e+37 1.622999999999999998e+00 3.733409999999999810e+29
5.907490000000000000e+13 1.352779999999999942e+32 3.510609999999999866e+37 1.620999999999999996e+00 3.708720000000000336e+29
5.858830000000000000e+13 1.337349999999999911e+32 3.481760000000000061e+37 1.618999999999999995e+00 3.683970000000000307e+29
5.810160000000000000e+13 1.321989999999999915e+32 3.452909999999999783e+37 1.618000000000000105e+00 3.659190000000000001e+29
5.761500000000000000e+13 1.306710000000000087e+32 3.424059999999999978e+37 1.616000000000000103e+00 3.634349999999999844e+29
5.712840000000000000e+13 1.291499999999999935e+32 3.395220000000000003e+37 1.614000000000000101e+00 3.609470000000000256e+29
5.664180000000000000e+13 1.276369999999999952e+32 3.366370000000000198e+37 1.612999999999999989e+00 3.584549999999999829e+29
5.615520000000000000e+13 1.261300000000000050e+32 3.337519999999999920e+37 1.610999999999999988e+00 3.559580000000000113e+29
5.566860000000000000e+13 1.246309999999999957e+32 3.308670000000000115e+37 1.610000000000000098e+00 3.534559999999999700e+29
5.518210000000000000e+13 1.231390000000000079e+32 3.279819999999999837e+37 1.608000000000000096e+00 3.509499999999999856e+29
5.469550000000000000e+13 1.216529999999999922e+32 3.250979999999999863e+37 1.606999999999999984e+00 3.484399999999999877e+29
5.420900000000000000e+13 1.201749999999999935e+32 3.222130000000000057e+37 1.604999999999999982e+00 3.459240000000000046e+29
5.372250000000000000e+13 1.187039999999999982e+32 3.193279999999999780e+37 1.604000000000000092e+00 3.434040000000000081e+29
5.323600000000000000e+13 1.172400000000000065e+32 3.164429999999999974e+37 1.602999999999999980e+00 3.408799999999999981e+29
5.274950000000000000e+13 1.157830000000000003e+32 3.135580000000000169e+37 1.600999999999999979e+00 3.383509999999999888e+29
5.226300000000000000e+13 1.143320000000000022e+32 3.106740000000000194e+37 1.600000000000000089e+00 3.358169999999999801e+29
5.177660000000000000e+13 1.128890000000000030e+32 3.077889999999999917e+37 1.598999999999999977e+00 3.332779999999999722e+29
5.129010000000000000e+13 1.114519999999999939e+32 3.049040000000000111e+37 1.598000000000000087e+00 3.307350000000000211e+29
5.080370000000000000e+13 1.100220000000000064e+32 3.020189999999999833e+37 1.596000000000000085e+00 3.281870000000000004e+29
5.031730000000000000e+13 1.085990000000000044e+32 2.991340000000000028e+37 1.594999999999999973e+00 3.256349999999999662e+29
4.983090000000000000e+13 1.071819999999999925e+32 2.962500000000000054e+37 1.594000000000000083e+00 3.230770000000000172e+29
4.934450000000000000e+13 1.057720000000000022e+32 2.933649999999999776e+37 1.592999999999999972e+00 3.205149999999999844e+29
4.885820000000000000e+13 1.043689999999999973e+32 2.904799999999999971e+37 1.592000000000000082e+00 3.179480000000000227e+29
4.837180000000000000e+13 1.029729999999999960e+32 2.875950000000000165e+37 1.590999999999999970e+00 3.153770000000000122e+29
4.788550000000000000e+13 1.015830000000000028e+32 2.847099999999999887e+37 1.590000000000000080e+00 3.128000000000000167e+29
4.739920000000000000e+13 1.001999999999999952e+32 2.818259999999999913e+37 1.588999999999999968e+00 3.102190000000000077e+29
4.691290000000000000e+13 9.882299999999999568e+31 2.789410000000000108e+37 1.588000000000000078e+00 3.076320000000000135e+29
4.642660000000000000e+13 9.745280000000000423e+31 2.760559999999999830e+37 1.586999999999999966e+00 3.050410000000000059e+29
4.594030000000000000e+13 9.608909999999999160e+31 2.731710000000000025e+37 1.586999999999999966e+00 3.024449999999999990e+29
4.545410000000000000e+13 9.473189999999999381e+31 2.702860000000000219e+37 1.586000000000000076e+00 2.998439999999999928e+29
4.496780000000000000e+13 9.338099999999999739e+31 2.674019999999999773e+37 1.584999999999999964e+00 2.972370000000000015e+29
4.448160000000000000e+13 9.203669999999999553e+31 2.645169999999999967e+37 1.584000000000000075e+00 2.946259999999999967e+29
4.399540000000000000e+13 9.069869999999999503e+31 2.616320000000000162e+37 1.584000000000000075e+00 2.920099999999999926e+29
4.350920000000000000e+13 8.936709999999999364e+31 2.587469999999999884e+37 1.582999999999999963e+00 2.893880000000000034e+29
4.302300000000000000e+13 8.804179999999999360e+31 2.558620000000000078e+37 1.582000000000000073e+00 2.867610000000000149e+29
4.253690000000000000e+13 8.672289999999999267e+31 2.529780000000000104e+37 1.582000000000000073e+00 2.841289999999999920e+29
4.205070000000000000e+13 8.541029999999999310e+31 2.500929999999999826e+37 1.580999999999999961e+00 2.814920000000000049e+29
4.156460000000000000e+13 8.410399999999999489e+31 2.472080000000000021e+37 1.580999999999999961e+00 2.788489999999999976e+29
4.107850000000000000e+13 8.280399999999999804e+31 2.443230000000000216e+37 1.580000000000000071e+00 2.762009999999999909e+29
4.059240000000000000e+13 8.151020000000000483e+31 2.414379999999999938e+37 1.580000000000000071e+00 2.735479999999999850e+29
4.010630000000000000e+13 8.022270000000000397e+31 2.385539999999999964e+37 1.580000000000000071e+00 2.708889999999999940e+29
3.962030000000000000e+13 7.894139999999999773e+31 2.356690000000000158e+37 1.578999999999999959e+00 2.682250000000000037e+29
3.913430000000000000e+13 7.766640000000000186e+31 2.327839999999999880e+37 1.578999999999999959e+00 2.655549999999999932e+29
3.864820000000000000e+13 7.639750000000000288e+31 2.298990000000000075e+37 1.578999999999999959e+00 2.628789999999999975e+29
3.816220000000000000e+13 7.513489999999999626e+31 2.270139999999999797e+37 1.578999999999999959e+00 2.601980000000000026e+29
3.767620000000000000e+13 7.387839999999999554e+31 2.241299999999999823e+37 1.578000000000000069e+00 2.575109999999999874e+29
3.719030000000000000e+13 7.262809999999999844e+31 2.212450000000000018e+37 1.578000000000000069e+00 2.548190000000000081e+29
3.670430000000000000e+13 7.138399999999999596e+31 2.183600000000000212e+37 1.578000000000000069e+00 2.521199999999999875e+29
3.621840000000000000e+13 7.014609999999999712e+31 2.154749999999999934e+37 1.578000000000000069e+00 2.494160000000000029e+29
3.573250000000000000e+13 6.891440000000000190e+31 2.125899999999999893e+37 1.578000000000000069e+00 2.467059999999999980e+29
3.524660000000000000e+13 6.768880000000000357e+31 2.097059999999999918e+37 1.578000000000000069e+00 2.439889999999999870e+29
3.476070000000000000e+13 6.646939999999999987e+31 2.068210000000000113e+37 1.578999999999999959e+00 2.412670000000000119e+29
3.427490000000000000e+13 6.525619999999999979e+31 2.039360000000000071e+37 1.578999999999999959e+00 2.385379999999999956e+29
3.378900000000000000e+13 6.404909999999999660e+31 2.010510000000000030e+37 1.578999999999999959e+00 2.358040000000000152e+29
3.330320000000000000e+13 6.284819999999999704e+31 1.981659999999999988e+37 1.578999999999999959e+00 2.330629999999999935e+29
3.281740000000000000e+13 6.165350000000000111e+31 1.952820000000000014e+37 1.580000000000000071e+00 2.303150000000000010e+29
3.233160000000000000e+13 6.046499999999999980e+31 1.923969999999999972e+37 1.580000000000000071e+00 2.275620000000000092e+29
3.184590000000000000e+13 5.928270000000000213e+31 1.895119999999999931e+37 1.580999999999999961e+00 2.248020000000000113e+29
3.136010000000000000e+13 5.810669999999999680e+31 1.866269999999999889e+37 1.580999999999999961e+00 2.220350000000000074e+29
3.087440000000000000e+13 5.693690000000000412e+31 1.837420000000000084e+37 1.582000000000000073e+00 2.192619999999999832e+29
3.038870000000000000e+13 5.577329999999999705e+31 1.808580000000000110e+37 1.582000000000000073e+00 2.164819999999999881e+29
2.990300000000000000e+13 5.461600000000000035e+31 1.779730000000000068e+37 1.582999999999999963e+00 2.136949999999999870e+29
2.941730000000000000e+13 5.346499999999999601e+31 1.750880000000000026e+37 1.584000000000000075e+00 2.109010000000000151e+29
2.893170000000000000e+13 5.232039999999999977e+31 1.722029999999999985e+37 1.584000000000000075e+00 2.081000000000000019e+29
2.844610000000000000e+13 5.118209999999999589e+31 1.693179999999999943e+37 1.584999999999999964e+00 2.052930000000000036e+29
2.796050000000000000e+13 5.005020000000000011e+31 1.664339999999999969e+37 1.586000000000000076e+00 2.024780000000000135e+29
2.747490000000000000e+13 4.892470000000000343e+31 1.635489999999999927e+37 1.586999999999999966e+00 1.996560000000000173e+29
2.698940000000000000e+13 4.780570000000000358e+31 1.606639999999999886e+37 1.588000000000000078e+00 1.968270000000000151e+29
2.650380000000000000e+13 4.669320000000000056e+31 1.577790000000000080e+37 1.588999999999999968e+00 1.939910000000000068e+29
2.601830000000000000e+13 4.558730000000000112e+31 1.548940000000000039e+37 1.590000000000000080e+00 1.911470000000000067e+29
2.553280000000000000e+13 4.448789999999999851e+31 1.520100000000000064e+37 1.592000000000000082e+00 1.882950000000000148e+29
2.504740000000000000e+13 4.339530000000000395e+31 1.491250000000000023e+37 1.592999999999999972e+00 1.854360000000000168e+29
2.456190000000000000e+13 4.230930000000000395e+31 1.462399999999999981e+37 1.594000000000000083e+00 1.825689999999999918e+29
2.407650000000000000e+13 4.123010000000000299e+31 1.433549999999999940e+37 1.596000000000000085e+00 1.796940000000000101e+29
2.359110000000000000e+13 4.015770000000000108e+31 1.404699999999999898e+37 1.596999999999999975e+00 1.768110000000000015e+29
2.310570000000000000e+13 3.909229999999999818e+31 1.375859999999999924e+37 1.598999999999999977e+00 1.739200000000000009e+29
2.262040000000000000e+13 3.803380000000000106e+31 1.347009999999999882e+37 1.600000000000000089e+00 1.710210000000000086e+29
2.213510000000000000e+13 3.698249999999999842e+31 1.318160000000000077e+37 1.602000000000000091e+00 1.681139999999999892e+29
2.164980000000000000e+13 3.593830000000000153e+31 1.289310000000000035e+37 1.604000000000000092e+00 1.651979999999999923e+29
2.116450000000000000e+13 3.490129999999999913e+31 1.260459999999999994e+37 1.606000000000000094e+00 1.622729999999999825e+29
2.067930000000000000e+13 3.387170000000000019e+31 1.231620000000000019e+37 1.608000000000000096e+00 1.593400000000000160e+29
2.019410000000000000e+13 3.284950000000000020e+31 1.202769999999999978e+37 1.610000000000000098e+00 1.563980000000000016e+29
1.970890000000000000e+13 3.183500000000000138e+31 1.173919999999999936e+37 1.612000000000000099e+00 1.534469999999999919e+29
1.922370000000000000e+13 3.082810000000000149e+31 1.145069999999999895e+37 1.614000000000000101e+00 1.504870000000000047e+29
1.873860000000000000e+13 2.982909999999999823e+31 1.116220000000000089e+37 1.616000000000000103e+00 1.475180000000000046e+29
1.825350000000000000e+13 2.883800000000000062e+31 1.087380000000000115e+37 1.618000000000000105e+00 1.445390000000000060e+29
1.776840000000000000e+13 2.785499999999999961e+31 1.058529999999999955e+37 1.620999999999999996e+00 1.415509999999999945e+29
1.728330000000000000e+13 2.688029999999999968e+31 1.029680000000000032e+37 1.622999999999999998e+00 1.385519999999999987e+29
1.679830000000000000e+13 2.591410000000000081e+31 1.000829999999999990e+37 1.625999999999999890e+00 1.355440000000000076e+29
1.631330000000000000e+13 2.495650000000000072e+31 9.719840000000000463e+36 1.627999999999999892e+00 1.325249999999999970e+29
1.582840000000000000e+13 2.400769999999999939e+31 9.431359999999999946e+36 1.631000000000000005e+00 1.294960000000000054e+29
1.534350000000000000e+13 2.306790000000000130e+31 9.142879999999999429e+36 1.633999999999999897e+00 1.264569999999999976e+29
1.485860000000000000e+13 2.213730000000000191e+31 8.854400000000000092e+36 1.637000000000000011e+00 1.234060000000000021e+29
1.437370000000000000e+13 2.121630000000000116e+31 8.565919999999999574e+36 1.639999999999999902e+00 1.203440000000000045e+29
1.388890000000000000e+13 2.030489999999999907e+31 8.277440000000000238e+36 1.643000000000000016e+00 1.172710000000000051e+29
1.340410000000000000e+13 1.940360000000000005e+31 7.988959999999999720e+36 1.645999999999999908e+00 1.141849999999999969e+29
1.291930000000000000e+13 1.851259999999999958e+31 7.700480000000000384e+36 1.649000000000000021e+00 1.110870000000000009e+29
1.243460000000000000e+13 1.763209999999999988e+31 7.411999999999999866e+36 1.653000000000000025e+00 1.079769999999999996e+29
1.194990000000000000e+13 1.676260000000000088e+31 7.123520000000000530e+36 1.655999999999999917e+00 1.048530000000000038e+29
1.146530000000000000e+13 1.590450000000000027e+31 6.835040000000000012e+36 1.659999999999999920e+00 1.017159999999999993e+29
1.098070000000000000e+13 1.505800000000000028e+31 6.546559999999999495e+36 1.663000000000000034e+00 9.856389999999999830e+28
1.049610000000000000e+13 1.422360000000000084e+31 6.258080000000000158e+36 1.667000000000000037e+00 9.539719999999999373e+28
1.001160000000000000e+13 1.340179999999999962e+31 5.969599999999999641e+36 1.671000000000000041e+00 9.221470000000000266e+28
9.527120000000000000e+12 1.259300000000000107e+31 5.681120000000000304e+36 1.673999999999999932e+00 8.901569999999999984e+28
9.042690000000000000e+12 1.179790000000000059e+31 5.392639999999999787e+36 1.677999999999999936e+00 8.579900000000000233e+28
8.558300000000000000e+12 1.101700000000000036e+31 5.104159999999999860e+36 1.681999999999999940e+00 8.256350000000000817e+28
8.073960000000000000e+12 1.025090000000000029e+31 4.815679999999999933e+36 1.685000000000000053e+00 7.930780000000000208e+28
7.589670000000000000e+12 9.500430000000000269e+30 4.527200000000000006e+36 1.689000000000000057e+00 7.603019999999999943e+28
7.105430000000000000e+12 8.766260000000000204e+30 4.238720000000000079e+36 1.691999999999999948e+00 7.272880000000000085e+28
6.621240000000000000e+12 8.049299999999999963e+30 3.950240000000000152e+36 1.695000000000000062e+00 6.940119999999999645e+28
6.137120000000000000e+12 7.350500000000000540e+30 3.661760000000000225e+36 1.697999999999999954e+00 6.604430000000000393e+28
5.653050000000000000e+12 6.670949999999999529e+30 3.373279999999999707e+36 1.699999999999999956e+00 6.265460000000000267e+28
5.169040000000000000e+12 6.011840000000000139e+30 3.084799999999999780e+36 1.701000000000000068e+00 5.922720000000000073e+28
4.685100000000000000e+12 5.374539999999999925e+30 2.796319999999999853e+36 1.701000000000000068e+00 5.575610000000000426e+28
4.201230000000000000e+12 4.760579999999999799e+30 2.507839999999999926e+36 1.699000000000000066e+00 5.223319999999999644e+28
3.717430000000000000e+12 4.171730000000000073e+30 2.219359999999999999e+36 1.693999999999999950e+00 4.864729999999999575e+28
3.233720000000000000e+12 3.609999999999999900e+30 1.930880000000000072e+36 1.685999999999999943e+00 4.498249999999999949e+28
2.750090000000000000e+12 3.077700000000000082e+30 1.642400000000000145e+36 1.671999999999999931e+00 4.121500000000000294e+28
2.266560000000000000e+12 2.577380000000000257e+30 1.353919999999999923e+36 1.647999999999999909e+00 3.730620000000000063e+28
1.783140000000000000e+12 2.111640000000000061e+30 1.065439999999999996e+36 1.610000000000000098e+00 3.318680000000000127e+28
4.299000000000000000e+11 7.805000000000000069e+29 2.572000000000000181e+35 1.330000000000000071e+00 1.506450000000000062e+28
4.188000000000000000e+11 7.537999999999999717e+29 2.505999999999999897e+35 1.330000000000000071e+00 1.455129999999999927e+28
3.325000000000000000e+11 5.815999999999999745e+29 1.990000000000000163e+35 1.330000000000000071e+00 1.165809999999999924e+28
2.640000000000000000e+11 4.472999999999999815e+29 1.581000000000000083e+35 1.330000000000000071e+00 9.297799999999999813e+27
2.096000000000000000e+11 3.289999999999999843e+29 1.256000000000000028e+35 1.330000000000000071e+00 6.841069999999999801e+27
1.844000000000000000e+11 2.892000000000000018e+29 1.105000000000000000e+35 1.330000000000000071e+00 6.221810000000000396e+27
1.664000000000000000e+11 2.597000000000000095e+29 9.975999999999999784e+34 1.330000000000000071e+00 3.996079999999999920e+27
1.322000000000000000e+11 2.033000000000000102e+29 7.923999999999999875e+34 1.330000000000000071e+00 3.293160000000000158e+27
1.049000000000000000e+11 1.494999999999999961e+29 6.294000000000000085e+34 1.330000000000000071e+00 2.422460000000000012e+27
8.332000000000000000e+10 1.100000000000000064e+29 4.999999999999999843e+34 1.330000000000000071e+00 1.782300000000000002e+27
6.617000000000000000e+10 8.088999999999999432e+28 3.971999999999999897e+34 1.330000000000000071e+00 1.311289999999999924e+27
5.254000000000000000e+10 5.949000000000000344e+28 3.155000000000000010e+34 1.330000000000000071e+00 9.646129999999999985e+26
4.172000000000000000e+10 4.628000000000000126e+28 2.505999999999999897e+34 1.330000000000000071e+00 7.875200000000000595e+26
3.313000000000000000e+10 3.403999999999999866e+28 1.989999999999999932e+34 1.330000000000000071e+00 5.791050000000000196e+26
2.631000000000000000e+10 2.502999999999999803e+28 1.580999999999999991e+34 1.330000000000000071e+00 4.261170000000000143e+26
2.090000000000000000e+10 1.938000000000000082e+28 1.255999999999999936e+34 1.330000000000000071e+00 3.451690000000000088e+26
1.659000000000000000e+10 1.425000000000000067e+28 9.976000000000000246e+33 1.330000000000000071e+00 2.538950000000000110e+26
1.318000000000000000e+10 1.048000000000000007e+28 7.924000000000000337e+33 1.330000000000000071e+00 1.867689999999999969e+26
1.046000000000000000e+10 7.701999999999999683e+27 6.294000000000000085e+33 1.330000000000000071e+00 1.373879999999999975e+26
8.312000000000000000e+09 5.662000000000000348e+27 4.999999999999999728e+33 1.330000000000000071e+00 1.010819999999999921e+26
6.601000000000000000e+09 4.362000000000000029e+27 3.972000000000000127e+33 1.330000000000000071e+00 8.130089999999999436e+25
4.164000000000000000e+09 2.356000000000000079e+27 2.505999999999999955e+33 1.330000000000000071e+00 4.399369999999999874e+25
2.626000000000000000e+09 1.272000000000000034e+27 1.580999999999999991e+33 1.330000000000000071e+00 2.380450000000000180e+25
1.657000000000000000e+09 6.859999999999999767e+26 9.975999999999999957e+32 1.330000000000000071e+00 1.288319999999999913e+25
1.316000000000000000e+09 5.036000000000000296e+26 7.924000000000000337e+32 1.330000000000000071e+00 9.477099999999999527e+24
1.045000000000000000e+09 4.128999999999999924e+26 6.293999999999999941e+32 1.330000000000000071e+00 6.794269999999999770e+24
8.301000000000000000e+08 3.039000000000000162e+26 4.999999999999999728e+32 1.330000000000000071e+00 4.998809999999999830e+24
5.237000000000000000e+08 1.628999999999999891e+26 3.154999999999999923e+32 1.330000000000000071e+00 2.705450000000000161e+24
3.304000000000000000e+08 8.737999999999999925e+25 1.990000000000000076e+32 1.330000000000000071e+00 1.463449999999999964e+24
2.624000000000000000e+08 6.675999999999999817e+25 1.580999999999999919e+32 1.330000000000000071e+00 1.123400000000000065e+24
1.315000000000000000e+08 2.603999999999999941e+25 7.923999999999999616e+31 1.330000000000000071e+00 4.472499999999999827e+23
6.589000000000000000e+07 1.006000000000000014e+25 3.972000000000000199e+31 1.330000000000000071e+00 1.780890000000000165e+23
3.302000000000000000e+07 3.832999999999999839e+24 1.989999999999999986e+31 1.330000000000000071e+00 7.086450000000000092e+22
1.655000000000000000e+07 1.435000000000000086e+24 9.975999999999999642e+30 1.330000000000000071e+00 2.822060000000000131e+22
8.293000000000000000e+06 5.250000000000000315e+23 4.999999999999999818e+30 1.330000000000000071e+00 1.123529999999999934e+22
6.588000000000000000e+06 3.910999999999999759e+23 3.972000000000000087e+30 1.330000000000000071e+00 8.163429999999999541e+21
2.622000000000000000e+06 9.754999999999999214e+22 1.581000000000000009e+30 1.330000000000000071e+00 2.390210000000000197e+21
1.044000000000000000e+06 2.318000000000000105e+22 6.293999999999999902e+29 1.330000000000000071e+00 6.999960000000000000e+20
4.156000000000000000e+05 5.265999999999999476e+21 2.505999999999999907e+29 1.330000000000000071e+00 2.050380000000000000e+20
1.654000000000000000e+05 1.151000000000000000e+21 9.976000000000000768e+28 1.330000000000000071e+00 6.004390000000000000e+19
6.587000000000000000e+04 2.431000000000000000e+20 3.972000000000000263e+28 1.330000000000000071e+00 1.758760000000000000e+19
2.622000000000000000e+04 4.968000000000000000e+19 1.581000000000000061e+28 1.330000000000000071e+00 5.149550000000000000e+18
1.044000000000000000e+04 9.744000000000000000e+18 6.294999999999999717e+27 1.330000000000000071e+00 1.508420000000000000e+18
