1.004955392900000000e+16 8.158819015000000417e+36 1.995439999999999947e+39 1.000000000000000000e+00 0.000000000000000000e+00
9.999254429500000000e+15 8.113549465700000238e+36 1.990440000000000115e+39 1.000000000000000000e+00 0.000000000000000000e+00
9.949081124400000000e+15 8.068393491200000275e+36 1.985439999999999980e+39 1.000000000000000000e+00 0.000000000000000000e+00
9.899034013600000000e+15 8.023351091399999694e+36 1.980440000000000147e+39 1.000000000000000000e+00 0.000000000000000000e+00
9.849113097000000000e+15 7.978422266500000162e+36 1.975440000000000012e+39 1.000000000000000000e+00 0.000000000000000000e+00
9.799318374600000000e+15 7.933607016300000011e+36 1.970439999999999877e+39 1.000000000000000000e+00 0.000000000000000000e+00
9.749649846400000000e+15 7.888905340900000076e+36 1.965440000000000044e+39 1.000000000000000000e+00 0.000000000000000000e+00
9.700107512400000000e+15 7.844317240300000356e+36 1.960439999999999909e+39 1.000000000000000000e+00 0.000000000000000000e+00
9.650691372600000000e+15 7.799842714600000504e+36 1.955440000000000077e+39 1.000000000000000000e+00 0.000000000000000000e+00
9.601401427100000000e+15 7.755481763600000034e+36 1.950439999999999942e+39 1.000000000000000000e+00 0.000000000000000000e+00
9.552237675800000000e+15 7.711234387399999779e+36 1.945440000000000109e+39 1.000000000000000000e+00 0.000000000000000000e+00
9.503200118600000000e+15 7.667100585999999739e+36 1.940439999999999974e+39 1.000000000000000000e+00 0.000000000000000000e+00
9.454288755700000000e+15 7.623080359300000263e+36 1.935440000000000141e+39 1.000000000000000000e+00 0.000000000000000000e+00
9.405503587000000000e+15 7.579173707499999473e+36 1.930440000000000006e+39 1.000000000000000000e+00 0.000000000000000000e+00
9.356844612600000000e+15 7.535380630500000079e+36 1.925439999999999871e+39 1.000000000000000000e+00 0.000000000000000000e+00
9.308311832300000000e+15 7.491701128299999720e+36 1.920440000000000039e+39 1.000000000000000000e+00 0.000000000000000000e+00
9.259905246300000000e+15 7.448135200799999924e+36 1.915439999999999904e+39 1.000000000000000000e+00 0.000000000000000000e+00
9.211624854400000000e+15 7.404682848199999995e+36 1.910440000000000071e+39 1.000000000000000000e+00 0.000000000000000000e+00
9.163470656800000000e+15 7.361344070299999448e+36 1.905439999999999936e+39 1.000000000000000000e+00 0.000000000000000000e+00
9.115442653400000000e+15 7.318118867200000298e+36 1.900440000000000103e+39 1.000000000000000000e+00 0.000000000000000000e+00
9.067540844200000000e+15 7.275007238999999834e+36 1.895439999999999968e+39 1.000000000000000000e+00 0.000000000000000000e+00
9.019765229200000000e+15 7.232009185499999933e+36 1.890440000000000136e+39 1.000000000000000000e+00 0.000000000000000000e+00
8.972115808400000000e+15 7.189124706800000248e+36 1.885440000000000001e+39 1.000000000000000000e+00 0.000000000000000000e+00
8.924592581900000000e+15 7.146353802899999597e+36 1.880439999999999866e+39 1.000000000000000000e+00 0.000000000000000000e+00
8.877195549500000000e+15 7.103696473800000342e+36 1.875440000000000033e+39 1.000000000000000000e+00 0.000000000000000000e+00
8.829924711400000000e+15 7.061152719500000121e+36 1.870439999999999898e+39 1.000000000000000000e+00 0.000000000000000000e+00
8.782780067500000000e+15 7.018722539900000464e+36 1.865440000000000066e+39 1.000000000000000000e+00 0.000000000000000000e+00
8.735761617800000000e+15 6.976405935199999493e+36 1.860439999999999931e+39 1.000000000000000000e+00 0.000000000000000000e+00
8.688869362300000000e+15 6.934202905299999918e+36 1.855440000000000098e+39 1.000000000000000000e+00 0.000000000000000000e+00
8.642103301000000000e+15 6.892113450099999726e+36 1.850439999999999963e+39 1.000000000000000000e+00 0.000000000000000000e+00
8.595463434000000000e+15 6.850137569800000582e+36 1.845440000000000130e+39 1.000000000000000000e+00 0.000000000000000000e+00
8.548949761100000000e+15 6.808275264199999639e+36 1.840439999999999995e+39 1.000000000000000000e+00 0.000000000000000000e+00
8.502562282500000000e+15 6.766526533400000093e+36 1.835439999999999860e+39 1.000000000000000000e+00 0.000000000000000000e+00
8.456300998100000000e+15 6.724891377500000413e+36 1.830440000000000028e+39 1.000000000000000000e+00 0.000000000000000000e+00
8.410165907900000000e+15 6.683369796300000116e+36 1.825439999999999893e+39 1.000000000000000000e+00 0.000000000000000000e+00
8.364157011900000000e+15 6.641961789900000035e+36 1.820440000000000060e+39 1.000000000000000000e+00 0.000000000000000000e+00
8.318274310100000000e+15 6.600667358300000168e+36 1.815439999999999925e+39 1.000000000000000000e+00 0.000000000000000000e+00
8.272517802600000000e+15 6.559486501500000517e+36 1.810440000000000092e+39 1.000000000000000000e+00 0.000000000000000000e+00
8.226887489200000000e+15 6.518419219499999901e+36 1.805439999999999957e+39 1.000000000000000000e+00 0.000000000000000000e+00
8.181383370100000000e+15 6.477465512199999847e+36 1.800440000000000125e+39 1.000000000000000000e+00 0.000000000000000000e+00
8.136005445200000000e+15 6.436625379799999661e+36 1.795439999999999990e+39 1.000000000000000000e+00 0.000000000000000000e+00
8.090753714400000000e+15 6.395898822199999690e+36 1.790439999999999855e+39 1.000000000000000000e+00 0.000000000000000000e+00
8.045628178000000000e+15 6.355285839300000282e+36 1.785440000000000022e+39 1.000000000000000000e+00 0.000000000000000000e+00
8.000628835700000000e+15 6.314786431299999561e+36 1.780439999999999887e+39 1.000000000000000000e+00 0.000000000000000000e+00
7.955755687600000000e+15 6.274400598000000584e+36 1.775440000000000054e+39 1.000000000000000000e+00 0.000000000000000000e+00
7.911008733800000000e+15 6.234128339600000293e+36 1.770439999999999919e+39 1.000000000000000000e+00 0.000000000000000000e+00
7.866387974100000000e+15 6.193969655900000566e+36 1.765440000000000087e+39 1.000000000000000000e+00 0.000000000000000000e+00
7.821893408700000000e+15 6.153924546999999873e+36 1.760439999999999952e+39 1.000000000000000000e+00 0.000000000000000000e+00
7.777525037500000000e+15 6.113993012900000575e+36 1.755440000000000119e+39 1.000000000000000000e+00 0.000000000000000000e+00
7.733282860500000000e+15 6.074175053600000313e+36 1.750439999999999984e+39 1.000000000000000000e+00 0.000000000000000000e+00
7.689166877700000000e+15 6.034470669100000266e+36 1.745439999999999849e+39 1.000000000000000000e+00 0.000000000000000000e+00
7.645177089100000000e+15 5.994879859400000434e+36 1.740440000000000016e+39 1.000000000000000000e+00 0.000000000000000000e+00
7.601313494800000000e+15 5.955402624499999636e+36 1.735439999999999881e+39 1.000000000000000000e+00 0.000000000000000000e+00
7.557576094600000000e+15 5.916038964300000582e+36 1.730440000000000049e+39 1.000000000000000000e+00 0.000000000000000000e+00
7.513964888700000000e+15 5.876788879000000215e+36 1.725439999999999914e+39 1.000000000000000000e+00 0.000000000000000000e+00
7.470479877000000000e+15 5.837652368500000064e+36 1.720440000000000081e+39 1.000000000000000000e+00 0.000000000000000000e+00
7.427121059500000000e+15 5.798629432700000475e+36 1.715439999999999946e+39 1.000000000000000000e+00 0.000000000000000000e+00
7.383888436200000000e+15 5.759720071699999921e+36 1.710440000000000113e+39 1.000000000000000000e+00 0.000000000000000000e+00
7.340782007100000000e+15 5.720924285600000415e+36 1.705439999999999978e+39 1.000000000000000000e+00 0.000000000000000000e+00
7.297801772300000000e+15 5.682242074200000291e+36 1.700440000000000146e+39 1.000000000000000000e+00 0.000000000000000000e+00
7.254947731600000000e+15 5.643673437600000383e+36 1.695440000000000011e+39 1.000000000000000000e+00 0.000000000000000000e+00
7.212219885200000000e+15 5.605218375799999509e+36 1.690439999999999876e+39 1.000000000000000000e+00 0.000000000000000000e+00
7.169618233000000000e+15 5.566876888800000031e+36 1.685440000000000043e+39 1.000000000000000000e+00 0.000000000000000000e+00
7.127142774900000000e+15 5.528648976599999587e+36 1.680439999999999908e+39 1.000000000000000000e+00 0.000000000000000000e+00
7.084793511200000000e+15 5.490534639200000540e+36 1.675440000000000075e+39 1.000000000000000000e+00 0.000000000000000000e+00
7.042570441600000000e+15 5.452533876600000527e+36 1.670439999999999941e+39 1.000000000000000000e+00 0.000000000000000000e+00
7.000473566200000000e+15 5.414646688799999548e+36 1.665440000000000108e+39 1.000000000000000000e+00 0.000000000000000000e+00
6.958502885100000000e+15 5.376873075700000314e+36 1.660439999999999973e+39 1.000000000000000000e+00 0.000000000000000000e+00
6.916658398100000000e+15 5.339213037499999766e+36 1.655440000000000140e+39 1.000000000000000000e+00 0.000000000000000000e+00
6.874940105400000000e+15 5.301666573999999781e+36 1.650440000000000005e+39 1.000000000000000000e+00 0.000000000000000000e+00
6.833348006900000000e+15 5.264233685400000254e+36 1.645439999999999870e+39 1.000000000000000000e+00 0.000000000000000000e+00
6.791882102600000000e+15 5.226914371500000109e+36 1.640440000000000038e+39 1.000000000000000000e+00 0.000000000000000000e+00
6.750542392500000000e+15 5.189708632400000180e+36 1.635439999999999903e+39 1.000000000000000000e+00 0.000000000000000000e+00
6.709328876600000000e+15 5.152616468200000118e+36 1.630440000000000070e+39 1.000000000000000000e+00 0.000000000000000000e+00
6.668241555000000000e+15 5.115637878700000028e+36 1.625439999999999935e+39 1.000000000000000000e+00 0.000000000000000000e+00
6.627280427500000000e+15 5.078772864000000154e+36 1.620440000000000102e+39 1.000000000000000000e+00 0.000000000000000000e+00
6.586445494300000000e+15 5.042021424099999905e+36 1.615439999999999967e+39 1.000000000000000000e+00 0.000000000000000000e+00
6.545736755300000000e+15 5.005383558999999871e+36 1.610440000000000135e+39 1.000000000000000000e+00 0.000000000000000000e+00
6.505154210500000000e+15 4.968859268599999810e+36 1.605440000000000000e+39 1.000000000000000000e+00 0.000000000000000000e+00
6.464697859900000000e+15 4.932448553100000206e+36 1.600439999999999865e+39 1.000000000000000000e+00 0.000000000000000000e+00
6.424367703500000000e+15 4.896151412400000228e+36 1.595440000000000032e+39 1.000000000000000000e+00 0.000000000000000000e+00
6.384163741400000000e+15 4.859967846400000222e+36 1.590439999999999897e+39 1.000000000000000000e+00 0.000000000000000000e+00
6.344085973400000000e+15 4.823897855300000083e+36 1.585440000000000064e+39 1.000000000000000000e+00 0.000000000000000000e+00
6.304134399700000000e+15 4.787941438899999918e+36 1.580439999999999929e+39 1.000000000000000000e+00 0.000000000000000000e+00
6.264309020200000000e+15 4.752098597299999967e+36 1.575440000000000097e+39 1.000000000000000000e+00 0.000000000000000000e+00
6.224609834900000000e+15 4.716369330599999884e+36 1.570439999999999962e+39 1.000000000000000000e+00 0.000000000000000000e+00
6.185036843800000000e+15 4.680753638599999774e+36 1.565440000000000129e+39 1.000000000000000000e+00 0.000000000000000000e+00
6.145590046900000000e+15 4.645251521399999879e+36 1.560439999999999994e+39 1.000000000000000000e+00 0.000000000000000000e+00
6.106269444300000000e+15 4.609862979000000199e+36 1.555439999999999859e+39 1.000000000000000000e+00 0.000000000000000000e+00
6.067075035800000000e+15 4.574588011400000144e+36 1.550440000000000026e+39 1.000000000000000000e+00 0.000000000000000000e+00
6.028006821600000000e+15 4.539426618599999714e+36 1.545439999999999891e+39 1.000000000000000000e+00 0.000000000000000000e+00
5.989064801500000000e+15 4.504378800600000089e+36 1.540440000000000059e+39 1.000000000000000000e+00 0.000000000000000000e+00
5.950248975700000000e+15 4.469444557299999847e+36 1.535439999999999924e+39 1.000000000000000000e+00 0.000000000000000000e+00
5.911559344100000000e+15 4.434623888900000063e+36 1.530440000000000091e+39 1.000000000000000000e+00 0.000000000000000000e+00
5.872995906800000000e+15 4.399916795299999903e+36 1.525439999999999956e+39 1.000000000000000000e+00 0.000000000000000000e+00
5.834558663600000000e+15 4.365323276399999717e+36 1.520440000000000123e+39 1.000000000000000000e+00 0.000000000000000000e+00
5.796247614600000000e+15 4.330843332399999987e+36 1.515439999999999988e+39 1.000000000000000000e+00 0.000000000000000000e+00
5.758062759900000000e+15 4.296476963100000231e+36 1.510439999999999853e+39 1.000000000000000000e+00 0.000000000000000000e+00
5.720004099400000000e+15 4.262224168600000100e+36 1.505440000000000021e+39 1.000000000000000000e+00 0.000000000000000000e+00
5.682071633100000000e+15 4.228084948900000184e+36 1.500439999999999886e+39 1.000000000000000000e+00 0.000000000000000000e+00
5.644265361000000000e+15 4.194059303999999892e+36 1.495440000000000053e+39 1.000000000000000000e+00 0.000000000000000000e+00
5.606585283100000000e+15 4.160147234000000059e+36 1.490439999999999918e+39 1.000000000000000000e+00 0.000000000000000000e+00
5.569031399400000000e+15 4.126348738599999956e+36 1.485440000000000085e+39 1.000000000000000000e+00 0.000000000000000000e+00
5.531603709900000000e+15 4.092663818099999720e+36 1.480439999999999950e+39 1.000000000000000000e+00 0.000000000000000000e+00
5.494302214700000000e+15 4.059092472400000289e+36 1.475440000000000118e+39 1.000000000000000000e+00 0.000000000000000000e+00
5.457126913700000000e+15 4.025634701499999894e+36 1.470439999999999983e+39 1.000000000000000000e+00 0.000000000000000000e+00
5.420077806900000000e+15 3.992290505399999713e+36 1.465440000000000150e+39 1.000000000000000000e+00 0.000000000000000000e+00
5.383154894300000000e+15 3.959059884000000096e+36 1.460440000000000015e+39 1.000000000000000000e+00 0.000000000000000000e+00
5.346358175900000000e+15 3.925942837499999755e+36 1.455439999999999880e+39 1.000000000000000000e+00 0.000000000000000000e+00
5.309687651700000000e+15 3.892939365699999978e+36 1.450440000000000047e+39 1.000000000000000000e+00 0.000000000000000000e+00
5.273143321700000000e+15 3.860049468699999826e+36 1.445439999999999913e+39 1.000000000000000000e+00 0.000000000000000000e+00
5.236725186000000000e+15 3.827273146600000131e+36 1.440440000000000080e+39 1.000000000000000000e+00 0.000000000000000000e+00
5.200433244400000000e+15 3.794610399199999819e+36 1.435439999999999945e+39 1.000000000000000000e+00 0.000000000000000000e+00
5.164267497100000000e+15 3.762061226599999722e+36 1.430440000000000112e+39 1.000000000000000000e+00 0.000000000000000000e+00
5.128227944000000000e+15 3.729625628799999840e+36 1.425439999999999977e+39 1.000000000000000000e+00 0.000000000000000000e+00
5.092314585100000000e+15 3.697303605800000173e+36 1.420440000000000144e+39 1.000000000000000000e+00 0.000000000000000000e+00
5.056527420500000000e+15 3.665095157600000132e+36 1.415440000000000010e+39 1.000000000000000000e+00 0.000000000000000000e+00
5.020866450000000000e+15 3.633000284199999715e+36 1.410439999999999875e+39 1.000000000000000000e+00 0.000000000000000000e+00
4.985331673700000000e+15 3.601018985499999861e+36 1.405440000000000042e+39 1.000000000000000000e+00 0.000000000000000000e+00
4.949923091700000000e+15 3.569151261699999875e+36 1.400439999999999907e+39 1.000000000000000000e+00 0.000000000000000000e+00
4.914640703900000000e+15 3.537397112700000104e+36 1.395440000000000074e+39 1.000000000000000000e+00 0.000000000000000000e+00
4.879484510300000000e+15 3.505756538399999715e+36 1.390439999999999939e+39 1.000000000000000000e+00 0.000000000000000000e+00
4.844454510900000000e+15 3.474229538999999784e+36 1.385440000000000107e+39 1.000000000000000000e+00 0.000000000000000000e+00
4.809550705700000000e+15 3.442816114299999826e+36 1.380439999999999972e+39 1.000000000000000000e+00 0.000000000000000000e+00
4.774773094700000000e+15 3.411516264400000083e+36 1.375440000000000139e+39 1.000000000000000000e+00 0.000000000000000000e+00
4.740121678000000000e+15 3.380329989299999965e+36 1.370440000000000004e+39 1.000000000000000000e+00 0.000000000000000000e+00
4.705596455400000000e+15 3.349257289099999714e+36 1.365439999999999869e+39 1.000000000000000000e+00 0.000000000000000000e+00
4.671197427100000000e+15 3.318298163600000027e+36 1.360440000000000036e+39 1.000000000000000000e+00 0.000000000000000000e+00
4.636924593000000000e+15 3.287452612899999964e+36 1.355440000000000052e+39 1.000000000000000000e+00 0.000000000000000000e+00
4.602777953100000000e+15 3.256720636899999874e+36 1.350440000000000069e+39 1.000000000000000000e+00 0.000000000000000000e+00
4.568757507400000000e+15 3.226102235800000242e+36 1.345439999999999934e+39 1.000000000000000000e+00 0.000000000000000000e+00
4.534863255900000000e+15 3.195597409500000235e+36 1.340439999999999950e+39 1.000000000000000000e+00 0.000000000000000000e+00
4.501095198600000000e+15 3.165206157999999852e+36 1.335439999999999966e+39 1.000000000000000000e+00 0.000000000000000000e+00
4.467453335600000000e+15 3.134928481200000033e+36 1.330439999999999982e+39 1.000000000000000000e+00 0.000000000000000000e+00
4.433937666800000000e+15 3.104764379300000081e+36 1.325439999999999998e+39 1.000000000000000000e+00 0.000000000000000000e+00
4.400548192200000000e+15 3.074713852100000102e+36 1.320440000000000014e+39 1.000000000000000000e+00 0.000000000000000000e+00
4.367284911700000000e+15 3.044776899799999990e+36 1.315440000000000031e+39 1.000000000000000000e+00 0.000000000000000000e+00
4.334147825600000000e+15 3.014953522199999851e+36 1.310440000000000047e+39 1.000000000000000000e+00 0.000000000000000000e+00
4.301136933600000000e+15 2.985243719399999927e+36 1.305440000000000063e+39 1.000000000000000000e+00 0.000000000000000000e+00
4.268252235800000000e+15 2.955647491400000218e+36 1.300439999999999928e+39 1.000000000000000000e+00 0.000000000000000000e+00
4.235493732300000000e+15 2.926164838200000135e+36 1.295439999999999944e+39 1.000000000000000000e+00 0.000000000000000000e+00
4.202861422900000000e+15 2.896795759800000266e+36 1.290439999999999960e+39 1.000000000000000000e+00 0.000000000000000000e+00
4.170355307800000000e+15 2.867540256200000023e+36 1.285439999999999977e+39 1.000000000000000000e+00 0.000000000000000000e+00
4.137975386900000000e+15 2.838398327399999994e+36 1.280439999999999993e+39 1.000000000000000000e+00 0.000000000000000000e+00
4.105721660200000000e+15 2.809369973400000181e+36 1.275440000000000009e+39 1.000000000000000000e+00 0.000000000000000000e+00
4.073594127700000000e+15 2.780455194099999751e+36 1.270440000000000025e+39 1.000000000000000000e+00 0.000000000000000000e+00
4.041592789500000000e+15 2.751653989699999777e+36 1.265440000000000041e+39 1.000000000000000000e+00 0.000000000000000000e+00
4.009717645400000000e+15 2.722966359999999777e+36 1.260440000000000057e+39 1.000000000000000000e+00 0.000000000000000000e+00
3.977968695600000000e+15 2.694392305200000235e+36 1.255440000000000074e+39 1.000000000000000000e+00 0.000000000000000000e+00
3.946345939900000000e+15 2.665931825100000075e+36 1.250439999999999939e+39 1.000000000000000000e+00 0.000000000000000000e+00
3.914849378500000000e+15 2.637584919800000130e+36 1.245439999999999955e+39 1.000000000000000000e+00 0.000000000000000000e+00
3.883479011300000000e+15 2.609351589400000052e+36 1.240439999999999971e+39 1.000000000000000000e+00 0.000000000000000000e+00
3.852234838300000000e+15 2.581231833699999948e+36 1.235439999999999987e+39 1.000000000000000000e+00 0.000000000000000000e+00
3.821116859600000000e+15 2.553225652800000058e+36 1.230440000000000003e+39 1.000000000000000000e+00 0.000000000000000000e+00
3.790125075000000000e+15 2.525333046700000089e+36 1.225440000000000019e+39 1.000000000000000000e+00 0.000000000000000000e+00
3.759259484700000000e+15 2.497554015400000039e+36 1.220440000000000036e+39 1.000000000000000000e+00 0.000000000000000000e+00
3.728520088500000000e+15 2.469888558899999910e+36 1.215440000000000052e+39 1.000000000000000000e+00 0.000000000000000000e+00
3.697906886600000000e+15 2.442336677100000049e+36 1.210440000000000068e+39 1.000000000000000000e+00 0.000000000000000000e+00
3.667419878900000000e+15 2.414898370200000055e+36 1.205439999999999933e+39 1.000000000000000000e+00 0.000000000000000000e+00
3.637059065400000000e+15 2.387573638099999981e+36 1.200439999999999949e+39 1.000000000000000000e+00 0.000000000000000000e+00
3.606824446100000000e+15 2.360362480699999880e+36 1.195439999999999965e+39 1.000000000000000000e+00 0.000000000000000000e+00
3.576716021100000000e+15 2.333264898199999941e+36 1.190439999999999982e+39 1.000000000000000000e+00 0.000000000000000000e+00
3.546733790200000000e+15 2.306280890399999975e+36 1.185439999999999998e+39 1.000000000000000000e+00 0.000000000000000000e+00
3.516877753600000000e+15 2.279410457399999929e+36 1.180440000000000014e+39 1.000000000000000000e+00 0.000000000000000000e+00
3.487147911200000000e+15 2.252653599200000099e+36 1.175440000000000030e+39 1.000000000000000000e+00 0.000000000000000000e+00
3.457544263000000000e+15 2.226010315900000135e+36 1.170440000000000046e+39 1.000000000000000000e+00 0.000000000000000000e+00
3.428066809000000000e+15 2.199480607300000145e+36 1.165440000000000062e+39 1.000000000000000000e+00 0.000000000000000000e+00
3.398715549200000000e+15 2.173064473500000074e+36 1.160439999999999927e+39 1.000000000000000000e+00 0.000000000000000000e+00
3.369490483600000000e+15 2.146761914499999924e+36 1.155439999999999944e+39 1.000000000000000000e+00 0.000000000000000000e+00
3.340391612300000000e+15 2.120572930200000042e+36 1.150439999999999960e+39 1.000000000000000000e+00 0.000000000000000000e+00
3.311418935100000000e+15 2.094497520800000027e+36 1.145439999999999976e+39 1.000000000000000000e+00 0.000000000000000000e+00
3.282572452200000000e+15 2.068535686199999932e+36 1.140439999999999992e+39 1.000000000000000000e+00 0.000000000000000000e+00
3.253852163500000000e+15 2.042687426300000105e+36 1.135440000000000008e+39 1.000000000000000000e+00 0.000000000000000000e+00
3.225258069000000000e+15 2.016952741300000145e+36 1.130440000000000024e+39 1.000000000000000000e+00 0.000000000000000000e+00
3.196790168700000000e+15 1.991331630999999863e+36 1.125440000000000041e+39 1.000000000000000000e+00 0.000000000000000000e+00
3.168448462700000000e+15 1.965824095600000039e+36 1.120440000000000057e+39 1.000000000000000000e+00 0.000000000000000000e+00
3.140232950800000000e+15 1.940430134899999892e+36 1.115440000000000073e+39 1.000000000000000000e+00 0.000000000000000000e+00
3.112143633200000000e+15 1.915149748999999960e+36 1.110439999999999938e+39 1.000000000000000000e+00 0.000000000000000000e+00
3.084180509700000000e+15 1.889982937899999949e+36 1.105439999999999954e+39 1.000000000000000000e+00 0.000000000000000000e+00
3.056343580500000000e+15 1.864929701599999858e+36 1.100439999999999970e+39 1.000000000000000000e+00 0.000000000000000000e+00
3.028632845500000000e+15 1.839990040099999981e+36 1.095439999999999987e+39 1.000000000000000000e+00 0.000000000000000000e+00
3.001048304700000000e+15 1.815163953400000025e+36 1.090440000000000003e+39 1.000000000000000000e+00 0.000000000000000000e+00
2.973589958200000000e+15 1.790451441499999989e+36 1.085440000000000019e+39 1.000000000000000000e+00 0.000000000000000000e+00
2.946257805800000000e+15 1.765852504399999873e+36 1.080440000000000035e+39 1.000000000000000000e+00 0.000000000000000000e+00
2.919051847600000000e+15 1.741367142099999972e+36 1.075440000000000051e+39 1.000000000000000000e+00 0.000000000000000000e+00
2.891972083700000000e+15 1.716995354500000044e+36 1.070440000000000067e+39 1.000000000000000000e+00 0.000000000000000000e+00
2.865018514000000000e+15 1.692737141799999984e+36 1.065439999999999932e+39 1.000000000000000000e+00 0.000000000000000000e+00
2.838191138500000000e+15 1.668592503799999896e+36 1.060439999999999949e+39 1.000000000000000000e+00 0.000000000000000000e+00
2.811489957200000000e+15 1.644561440699999971e+36 1.055439999999999965e+39 1.000000000000000000e+00 0.000000000000000000e+00
2.784914970100000000e+15 1.620643952300000018e+36 1.050439999999999981e+39 1.000000000000000000e+00 0.000000000000000000e+00
2.758466177300000000e+15 1.596840038699999986e+36 1.045439999999999997e+39 1.000000000000000000e+00 0.000000000000000000e+00
2.732143578600000000e+15 1.573149699899999873e+36 1.040440000000000013e+39 1.000000000000000000e+00 0.000000000000000000e+00
2.705947174200000000e+15 1.549572935899999976e+36 1.035440000000000029e+39 1.000000000000000000e+00 0.000000000000000000e+00
2.679876963900000000e+15 1.526109746699999999e+36 1.030440000000000046e+39 1.000000000000000000e+00 0.000000000000000000e+00
2.653932947900000000e+15 1.502760132299999942e+36 1.025440000000000062e+39 1.000000000000000000e+00 0.000000000000000000e+00
2.628115126100000000e+15 1.479524092700000100e+36 1.020439999999999927e+39 1.000000000000000000e+00 0.000000000000000000e+00
2.602423498600000000e+15 1.456401627899999883e+36 1.015439999999999943e+39 1.000000000000000000e+00 0.000000000000000000e+00
2.576858065200000000e+15 1.433392737899999881e+36 1.010439999999999959e+39 1.000000000000000000e+00 0.000000000000000000e+00
2.551418826000000000e+15 1.410497422600000148e+36 1.005439999999999975e+39 1.000000000000000000e+00 0.000000000000000000e+00
2.526105781100000000e+15 1.387715682199999986e+36 1.000439999999999991e+39 1.000000000000000000e+00 0.000000000000000000e+00
2.500918930400000000e+15 1.365047516500000092e+36 9.954400000000000076e+38 1.000000000000000000e+00 0.000000000000000000e+00
2.475858273900000000e+15 1.342492925600000119e+36 9.904400000000000238e+38 1.000000000000000000e+00 0.000000000000000000e+00
2.450923811600000000e+15 1.320051909600000013e+36 9.854400000000000400e+38 1.000000000000000000e+00 0.000000000000000000e+00
2.426115543500000000e+15 1.297724468300000027e+36 9.804400000000000562e+38 1.000000000000000000e+00 0.000000000000000000e+00
2.401433469600000000e+15 1.275510601799999961e+36 9.754400000000000723e+38 1.000000000000000000e+00 0.000000000000000000e+00
2.376877589900000000e+15 1.253410310099999963e+36 9.704399999999999374e+38 1.000000000000000000e+00 0.000000000000000000e+00
2.352447904500000000e+15 1.231423593200000032e+36 9.654399999999999535e+38 1.000000000000000000e+00 0.000000000000000000e+00
2.328144413300000000e+15 1.209550451100000022e+36 9.604399999999999697e+38 1.000000000000000000e+00 0.000000000000000000e+00
2.303967116200000000e+15 1.187790883799999931e+36 9.554399999999999859e+38 1.000000000000000000e+00 0.000000000000000000e+00
2.279916013400000000e+15 1.166144891300000056e+36 9.504400000000000020e+38 1.000000000000000000e+00 0.000000000000000000e+00
2.255991104900000000e+15 1.144612473500000006e+36 9.454400000000000182e+38 1.000000000000000000e+00 0.000000000000000000e+00
2.232192390500000000e+15 1.123193630599999971e+36 9.404400000000000344e+38 1.000000000000000000e+00 0.000000000000000000e+00
2.208519870300000000e+15 1.101888362500000004e+36 9.354400000000000506e+38 1.000000000000000000e+00 0.000000000000000000e+00
2.184973544400000000e+15 1.080696669100000009e+36 9.304400000000000667e+38 1.000000000000000000e+00 0.000000000000000000e+00
2.161553412600000000e+15 1.059618550499999935e+36 9.254399999999999318e+38 1.000000000000000000e+00 0.000000000000000000e+00
2.138259475100000000e+15 1.038654006800000023e+36 9.204399999999999479e+38 1.000000000000000000e+00 0.000000000000000000e+00
2.115091731800000000e+15 1.017803037799999936e+36 9.154399999999999641e+38 1.000000000000000000e+00 0.000000000000000000e+00
2.092050182700000000e+15 9.970656436200000243e+35 9.104399999999999803e+38 1.000000000000000000e+00 0.000000000000000000e+00
2.069134827800000000e+15 9.764418242200000728e+35 9.054399999999999965e+38 1.000000000000000000e+00 0.000000000000000000e+00
2.046345667200000000e+15 9.559315796200000414e+35 9.004400000000000126e+38 1.000000000000000000e+00 0.000000000000000000e+00
2.023682700700000000e+15 9.355349098199999300e+35 8.954400000000000288e+38 1.000000000000000000e+00 0.000000000000000000e+00
2.001145928500000000e+15 9.152518147999999263e+35 8.904400000000000450e+38 1.000000000000000000e+00 0.000000000000000000e+00
1.978735350400000000e+15 8.950822945799999902e+35 8.854400000000000611e+38 1.000000000000000000e+00 0.000000000000000000e+00
1.956450966600000000e+15 8.750263491500000681e+35 8.804399999999999262e+38 1.000000000000000000e+00 0.000000000000000000e+00
1.934292777000000000e+15 8.550839785100000122e+35 8.754399999999999423e+38 1.000000000000000000e+00 0.000000000000000000e+00
1.912260781600000000e+15 8.352551826700000240e+35 8.704399999999999585e+38 1.000000000000000000e+00 0.000000000000000000e+00
1.890354980500000000e+15 8.155399616099999959e+35 8.654399999999999747e+38 1.000000000000000000e+00 0.000000000000000000e+00
1.868575373500000000e+15 7.959383153500000355e+35 8.604399999999999909e+38 1.000000000000000000e+00 0.000000000000000000e+00
1.846921960800000000e+15 7.764502438799999414e+35 8.554400000000000070e+38 1.000000000000000000e+00 0.000000000000000000e+00
1.825394742200000000e+15 7.570757472100000625e+35 8.504400000000000232e+38 1.000000000000000000e+00 0.000000000000000000e+00
1.803993717900000000e+15 7.378148253199999961e+35 8.454400000000000394e+38 1.000000000000000000e+00 0.000000000000000000e+00
1.782718887800000000e+15 7.186674782299999974e+35 8.404400000000000555e+38 1.000000000000000000e+00 0.000000000000000000e+00
1.761570251900000000e+15 6.996337059300000126e+35 8.354400000000000717e+38 1.000000000000000000e+00 0.000000000000000000e+00
1.740547810300000000e+15 6.807135084200000416e+35 8.304399999999999367e+38 1.000000000000000000e+00 0.000000000000000000e+00
1.719651562800000000e+15 6.619068857099999907e+35 8.254399999999999529e+38 1.000000000000000000e+00 0.000000000000000000e+00
1.698881509600000000e+15 6.432138377900000275e+35 8.204399999999999691e+38 1.000000000000000000e+00 0.000000000000000000e+00
1.678237650500000000e+15 6.246343646600000044e+35 8.154399999999999853e+38 1.000000000000000000e+00 0.000000000000000000e+00
1.657719985700000000e+15 6.061684663199999952e+35 8.104400000000000014e+38 1.000000000000000000e+00 0.000000000000000000e+00
1.637328515100000000e+15 5.878161427699999999e+35 8.054400000000000176e+38 1.000000000000000000e+00 0.000000000000000000e+00
1.617063238700000000e+15 5.695773940199999984e+35 8.004400000000000338e+38 1.000000000000000000e+00 0.000000000000000000e+00
1.596924156500000000e+15 5.514522200600000108e+35 7.954400000000000499e+38 1.000000000000000000e+00 0.000000000000000000e+00
1.576911268600000000e+15 5.334406208899999633e+35 7.904400000000000661e+38 3.638522427399999870e+00 0.000000000000000000e+00
1.563230117900000000e+15 5.212651600700000198e+35 7.854399999999999312e+38 3.638522427399999870e+00 0.000000000000000000e+00
1.549634367100000000e+15 5.092924955600000359e+35 7.804399999999999473e+38 3.638522427399999870e+00 0.000000000000000000e+00
1.536123127000000000e+15 4.975205163800000055e+35 7.754399999999999635e+38 3.638522427399999870e+00 0.000000000000000000e+00
1.522695512500000000e+15 4.859471201900000238e+35 7.704399999999999797e+38 3.638522427399999870e+00 0.000000000000000000e+00
1.509350641800000000e+15 4.745702132599999783e+35 7.654399999999999958e+38 3.638522427399999870e+00 0.000000000000000000e+00
1.496087636900000000e+15 4.633877105300000191e+35 7.604400000000000120e+38 3.638522427399999870e+00 0.000000000000000000e+00
1.482905623300000000e+15 4.523975356099999683e+35 7.554400000000000282e+38 3.638522427399999870e+00 0.000000000000000000e+00
1.469803730400000000e+15 4.415976208199999779e+35 7.504400000000000443e+38 3.638522427399999870e+00 0.000000000000000000e+00
1.456781091100000000e+15 4.309859071999999932e+35 7.454400000000000605e+38 3.638522427399999870e+00 0.000000000000000000e+00
1.443836842000000000e+15 4.205603445200000282e+35 7.404399999999999256e+38 3.638522427399999870e+00 0.000000000000000000e+00
1.430970123400000000e+15 4.103188913299999909e+35 7.354399999999999417e+38 3.638522427399999870e+00 0.000000000000000000e+00
1.418180079500000000e+15 4.002595149400000194e+35 7.304399999999999579e+38 3.638522427399999870e+00 0.000000000000000000e+00
1.405465857800000000e+15 3.903801914799999922e+35 7.254399999999999741e+38 3.638522427399999870e+00 0.000000000000000000e+00
1.392826609800000000e+15 3.806789058999999709e+35 7.204399999999999902e+38 3.638522427399999870e+00 0.000000000000000000e+00
1.380261490800000000e+15 3.711536520200000266e+35 7.154400000000000064e+38 3.638522427399999870e+00 0.000000000000000000e+00
1.367769659600000000e+15 3.618024325000000044e+35 7.104400000000000226e+38 3.638522427399999870e+00 0.000000000000000000e+00
1.355350278800000000e+15 3.526232589099999739e+35 7.054400000000000387e+38 3.638522427399999870e+00 0.000000000000000000e+00
1.343002514800000000e+15 3.436141517300000076e+35 7.004400000000000549e+38 3.638522427399999870e+00 0.000000000000000000e+00
1.330725537900000000e+15 3.347731403799999729e+35 6.954400000000000711e+38 3.638522427399999870e+00 0.000000000000000000e+00
1.318518522000000000e+15 3.260982632499999892e+35 6.904399999999999361e+38 3.638522427399999870e+00 0.000000000000000000e+00
1.306380644700000000e+15 3.175875677100000014e+35 6.854399999999999523e+38 3.638522427399999870e+00 0.000000000000000000e+00
1.294311087700000000e+15 3.092391101199999818e+35 6.804399999999999685e+38 3.638522427399999870e+00 0.000000000000000000e+00
1.282309036100000000e+15 3.010509558899999935e+35 6.754399999999999846e+38 3.638522427399999870e+00 0.000000000000000000e+00
1.270373679300000000e+15 2.930211795000000038e+35 6.704400000000000008e+38 3.638522427399999870e+00 0.000000000000000000e+00
1.258504210100000000e+15 2.851478644799999971e+35 6.654400000000000170e+38 3.638522427399999870e+00 0.000000000000000000e+00
1.246699825200000000e+15 2.774291034799999830e+35 6.604400000000000331e+38 3.638522427399999870e+00 0.000000000000000000e+00
1.234959725500000000e+15 2.698629982800000125e+35 6.554399999999999737e+38 3.638522427399999870e+00 0.000000000000000000e+00
1.223283115200000000e+15 2.624476598099999909e+35 6.504399999999999899e+38 3.638522427399999870e+00 0.000000000000000000e+00
1.211669202900000000e+15 2.551812081900000030e+35 6.454400000000000061e+38 3.638522427399999870e+00 0.000000000000000000e+00
1.200117200800000000e+15 2.480617727099999846e+35 6.404400000000000223e+38 3.638522427399999870e+00 0.000000000000000000e+00
1.188626324800000000e+15 2.410874919400000184e+35 6.354399999999999629e+38 3.638522427399999870e+00 0.000000000000000000e+00
1.177195795200000000e+15 2.342565136799999917e+35 6.304399999999999790e+38 3.638522427399999870e+00 0.000000000000000000e+00
1.165824835700000000e+15 2.275669949999999953e+35 6.254399999999999952e+38 3.638522427399999870e+00 0.000000000000000000e+00
1.154512674300000000e+15 2.210171022999999827e+35 6.204400000000000114e+38 3.638522427399999870e+00 0.000000000000000000e+00
1.143258542800000000e+15 2.146050113200000078e+35 6.154400000000000275e+38 3.638522427399999870e+00 0.000000000000000000e+00
1.132061676800000000e+15 2.083289071499999834e+35 6.104399999999999681e+38 3.638522427399999870e+00 0.000000000000000000e+00
1.120921316000000000e+15 2.021869842599999907e+35 6.054399999999999843e+38 3.638522427399999870e+00 0.000000000000000000e+00
1.109836704100000000e+15 1.961774465699999906e+35 6.004400000000000005e+38 3.638522427399999870e+00 0.000000000000000000e+00
1.098807088700000000e+15 1.902985074199999950e+35 5.954400000000000167e+38 3.638522427399999870e+00 0.000000000000000000e+00
1.087831721400000000e+15 1.845483896299999836e+35 5.904400000000000328e+38 3.638522427399999870e+00 0.000000000000000000e+00
1.076909857900000000e+15 1.789253255400000076e+35 5.854399999999999734e+38 3.638522427399999870e+00 0.000000000000000000e+00
1.066040757700000000e+15 1.734275569900000091e+35 5.804399999999999896e+38 3.638522427399999870e+00 0.000000000000000000e+00
1.055223684400000000e+15 1.680533354199999892e+35 5.754400000000000058e+38 3.638522427399999870e+00 0.000000000000000000e+00
1.044457905900000000e+15 1.628009218299999962e+35 5.704400000000000219e+38 3.638522427399999870e+00 0.000000000000000000e+00
1.033742693800000000e+15 1.576685868500000035e+35 5.654399999999999625e+38 3.638522427399999870e+00 0.000000000000000000e+00
1.023077324000000000e+15 1.526546107899999942e+35 5.604399999999999787e+38 3.638522427399999870e+00 0.000000000000000000e+00
1.012461076300000000e+15 1.477572835900000057e+35 5.554399999999999949e+38 3.638522427399999870e+00 0.000000000000000000e+00
1.001893234700000000e+15 1.429749049499999984e+35 5.504400000000000111e+38 3.638522427399999870e+00 0.000000000000000000e+00
9.913730873300000000e+14 1.383057843000000082e+35 5.454400000000000272e+38 3.638522427399999870e+00 0.000000000000000000e+00
9.808999263400000000e+14 1.337482408299999938e+35 5.404399999999999678e+38 3.638522427399999870e+00 0.000000000000000000e+00
9.704730480700000000e+14 1.293006035599999920e+35 5.354399999999999840e+38 3.638522427399999870e+00 0.000000000000000000e+00
9.600917530000000000e+14 1.249612113600000036e+35 5.304400000000000002e+38 3.638522427399999870e+00 0.000000000000000000e+00
9.497553457600000000e+14 1.207284129399999950e+35 5.254400000000000163e+38 3.638522427399999870e+00 0.000000000000000000e+00
9.394631351500000000e+14 1.166005669599999913e+35 5.204400000000000325e+38 3.638522427399999870e+00 0.000000000000000000e+00
9.292144341700000000e+14 1.125760420000000078e+35 5.154399999999999731e+38 3.638522427399999870e+00 0.000000000000000000e+00
9.190085600200000000e+14 1.086532166200000027e+35 5.104399999999999893e+38 3.638522427399999870e+00 0.000000000000000000e+00
9.088448341000000000e+14 1.048304793900000022e+35 5.054400000000000055e+38 3.638522427399999870e+00 0.000000000000000000e+00
8.987225820500000000e+14 1.011062289300000015e+35 5.004400000000000216e+38 3.638522427399999870e+00 0.000000000000000000e+00
8.886411337700000000e+14 9.747887395699999988e+34 4.954399999999999622e+38 3.638522427399999870e+00 0.000000000000000000e+00
8.785998234000000000e+14 9.394683328500000079e+34 4.904399999999999784e+38 3.638522427399999870e+00 0.000000000000000000e+00
8.685979893600000000e+14 9.050853589899999251e+34 4.854399999999999946e+38 3.638522427399999870e+00 0.000000000000000000e+00
8.586349743900000000e+14 8.716242097300000441e+34 4.804400000000000107e+38 3.638522427399999870e+00 0.000000000000000000e+00
8.487101255000000000e+14 8.390693791200000437e+34 4.754400000000000269e+38 3.638522427399999870e+00 0.000000000000000000e+00
8.388227940500000000e+14 8.074054639499999703e+34 4.704399999999999675e+38 3.638522427399999870e+00 0.000000000000000000e+00
8.289723357400000000e+14 7.766171640699999661e+34 4.654399999999999837e+38 3.638522427399999870e+00 0.000000000000000000e+00
8.191581106100000000e+14 7.466892828000000007e+34 4.604399999999999999e+38 3.638522427399999870e+00 0.000000000000000000e+00
8.093794830800000000e+14 7.176067273799999840e+34 4.554400000000000160e+38 3.638522427399999870e+00 0.000000000000000000e+00
7.996358219900000000e+14 6.893545093199999872e+34 4.504400000000000322e+38 3.638522427399999870e+00 0.000000000000000000e+00
7.899265005500000000e+14 6.619177448400000069e+34 4.454399999999999728e+38 3.638522427399999870e+00 0.000000000000000000e+00
7.802508964300000000e+14 6.352816552699999936e+34 4.404399999999999890e+38 3.638522427399999870e+00 0.000000000000000000e+00
7.706083917100000000e+14 6.094315674999999647e+34 4.354400000000000051e+38 3.638522427399999870e+00 0.000000000000000000e+00
7.610056767900000000e+14 5.852336287799999706e+34 4.304400000000000213e+38 3.222222222200000097e+00 0.000000000000000000e+00
7.514245452800000000e+14 5.636100681700000439e+34 4.254400000000000375e+38 3.222222222200000097e+00 0.000000000000000000e+00
7.418712850100000000e+14 5.425439325699999751e+34 4.204399999999999781e+38 3.222222222200000097e+00 0.000000000000000000e+00
7.323454961800000000e+14 5.220272255300000149e+34 4.154399999999999943e+38 3.222222222200000097e+00 0.000000000000000000e+00
7.228467800100000000e+14 5.020519717099999885e+34 4.104400000000000104e+38 3.222222222200000097e+00 0.000000000000000000e+00
7.133747387900000000e+14 4.826102170700000218e+34 4.054400000000000266e+38 3.222222222200000097e+00 0.000000000000000000e+00
7.039289759100000000e+14 4.636940290900000086e+34 4.004399999999999672e+38 3.222222222200000097e+00 0.000000000000000000e+00
6.945090958200000000e+14 4.452954969400000075e+34 3.954399999999999834e+38 3.222222222200000097e+00 0.000000000000000000e+00
6.851147040800000000e+14 4.274067317300000176e+34 3.904399999999999995e+38 3.222222222200000097e+00 0.000000000000000000e+00
6.757454073500000000e+14 4.100198667000000132e+34 3.854400000000000157e+38 3.222222222200000097e+00 0.000000000000000000e+00
6.664008134000000000e+14 3.931270574299999839e+34 3.804400000000000319e+38 3.222222222200000097e+00 0.000000000000000000e+00
6.570805311500000000e+14 3.767204821000000132e+34 3.754399999999999725e+38 3.222222222200000097e+00 0.000000000000000000e+00
6.477841706500000000e+14 3.607923416999999963e+34 3.704399999999999887e+38 3.222222222200000097e+00 0.000000000000000000e+00
6.385113431000000000e+14 3.453348602600000087e+34 3.654400000000000048e+38 3.222222222200000097e+00 0.000000000000000000e+00
6.292616608600000000e+14 3.303402851100000165e+34 3.604400000000000210e+38 3.222222222200000097e+00 0.000000000000000000e+00
6.200347374800000000e+14 3.158008871100000149e+34 3.554400000000000372e+38 3.222222222200000097e+00 0.000000000000000000e+00
6.108301876800000000e+14 3.017089609100000140e+34 3.504399999999999778e+38 3.222222222200000097e+00 0.000000000000000000e+00
6.016476274200000000e+14 2.880568252200000058e+34 3.454399999999999939e+38 3.222222222200000097e+00 0.000000000000000000e+00
5.924866738300000000e+14 2.748368230499999900e+34 3.404400000000000101e+38 3.222222222200000097e+00 0.000000000000000000e+00
5.833469452900000000e+14 2.620413220299999789e+34 3.354399999999999885e+38 3.222222222200000097e+00 0.000000000000000000e+00
5.742280614400000000e+14 2.496627146199999912e+34 3.304400000000000047e+38 3.222222222200000097e+00 0.000000000000000000e+00
5.651296431500000000e+14 2.376934184800000026e+34 3.254399999999999831e+38 3.222222222200000097e+00 0.000000000000000000e+00
5.560513125800000000e+14 2.261258766999999925e+34 3.204399999999999992e+38 3.222222222200000097e+00 0.000000000000000000e+00
5.469926931700000000e+14 2.149525581300000199e+34 3.154400000000000154e+38 3.222222222200000097e+00 0.000000000000000000e+00
5.379534096700000000e+14 2.041659576999999980e+34 3.104399999999999938e+38 3.222222222200000097e+00 0.000000000000000000e+00
5.289330881400000000e+14 1.937585967299999950e+34 3.054400000000000100e+38 3.222222222200000097e+00 0.000000000000000000e+00
5.199313559800000000e+14 1.837230232500000079e+34 3.004399999999999883e+38 3.222222222200000097e+00 0.000000000000000000e+00
5.109478419600000000e+14 1.740518123600000022e+34 2.954400000000000045e+38 3.222222222200000097e+00 0.000000000000000000e+00
5.019821761800000000e+14 1.647375665699999916e+34 2.904399999999999829e+38 3.222222222200000097e+00 0.000000000000000000e+00
4.930339901800000000e+14 1.557729161700000113e+34 2.854399999999999991e+38 3.222222222200000097e+00 0.000000000000000000e+00
4.841029168700000000e+14 1.471505195600000101e+34 2.804400000000000152e+38 3.222222222200000097e+00 0.000000000000000000e+00
4.751885906000000000e+14 1.388630637099999896e+34 2.754399999999999936e+38 3.222222222200000097e+00 0.000000000000000000e+00
4.662906471500000000e+14 1.309032644800000084e+34 2.704400000000000098e+38 3.222222222200000097e+00 0.000000000000000000e+00
4.574087238000000000e+14 1.232638670699999953e+34 2.654399999999999882e+38 3.222222222200000097e+00 0.000000000000000000e+00
4.485424592800000000e+14 1.159376464100000056e+34 2.604400000000000044e+38 3.222222222200000097e+00 0.000000000000000000e+00
4.396914938600000000e+14 1.089174076299999938e+34 2.554399999999999827e+38 3.222222222200000097e+00 0.000000000000000000e+00
4.308554693300000000e+14 1.021959865000000045e+34 2.504399999999999989e+38 3.222222222200000097e+00 0.000000000000000000e+00
4.220340290100000000e+14 9.576624986100000044e+33 2.454400000000000151e+38 3.222222222200000097e+00 0.000000000000000000e+00
4.132320000000000000e+14 8.945510000000000213e+33 2.404399999999999935e+38 2.230999999999999872e+00 0.000000000000000000e+00
4.044360000000000000e+14 8.534839999999999849e+33 2.354400000000000096e+38 2.240000000000000213e+00 0.000000000000000000e+00
3.956480000000000000e+14 8.131759999999999505e+33 2.304399999999999880e+38 2.249000000000000110e+00 0.000000000000000000e+00
3.868670000000000000e+14 7.736850000000000018e+33 2.254400000000000042e+38 2.257000000000000117e+00 0.000000000000000000e+00
3.780950000000000000e+14 7.350640000000000403e+33 2.204399999999999826e+38 2.265000000000000124e+00 0.000000000000000000e+00
3.693310000000000000e+14 6.973600000000000027e+33 2.154399999999999988e+38 2.271999999999999797e+00 0.000000000000000000e+00
3.605750000000000000e+14 6.606160000000000026e+33 2.104400000000000149e+38 2.278000000000000025e+00 0.000000000000000000e+00
3.518270000000000000e+14 6.248699999999999717e+33 2.054399999999999933e+38 2.283999999999999808e+00 0.000000000000000000e+00
3.430880000000000000e+14 5.901570000000000320e+33 2.004400000000000095e+38 2.289000000000000146e+00 0.000000000000000000e+00
3.343570000000000000e+14 5.565059999999999949e+33 1.954399999999999879e+38 2.293000000000000149e+00 0.000000000000000000e+00
3.256340000000000000e+14 5.239419999999999639e+33 1.904400000000000040e+38 2.297000000000000153e+00 0.000000000000000000e+00
3.169200000000000000e+14 4.924849999999999759e+33 1.854399999999999824e+38 2.299999999999999822e+00 0.000000000000000000e+00
3.082140000000000000e+14 4.621520000000000275e+33 1.804399999999999986e+38 2.302000000000000046e+00 0.000000000000000000e+00
2.995170000000000000e+14 4.329539999999999777e+33 1.754400000000000148e+38 2.303999999999999826e+00 0.000000000000000000e+00
2.908280000000000000e+14 4.048989999999999909e+33 1.704399999999999932e+38 2.305000000000000160e+00 0.000000000000000000e+00
2.821480000000000000e+14 3.779920000000000189e+33 1.654400000000000093e+38 2.305000000000000160e+00 0.000000000000000000e+00
2.734760000000000000e+14 3.522319999999999905e+33 1.604400000000000066e+38 2.303999999999999826e+00 0.000000000000000000e+00
2.648130000000000000e+14 3.276150000000000252e+33 1.554400000000000039e+38 2.302999999999999936e+00 0.000000000000000000e+00
2.561580000000000000e+14 3.041309999999999894e+33 1.504400000000000012e+38 2.301000000000000156e+00 0.000000000000000000e+00
2.475120000000000000e+14 2.817699999999999798e+33 1.454399999999999984e+38 2.297000000000000153e+00 0.000000000000000000e+00
1.620350000000000000e+14 1.191739999999999950e+33 9.568689999999999160e+37 2.237000000000000099e+00 3.385449999999999755e+29
1.615430000000000000e+14 1.185329999999999998e+33 9.539839999999999355e+37 2.237999999999999989e+00 3.921269999999999921e+29
1.610500000000000000e+14 1.178849999999999975e+33 9.510989999999999549e+37 2.238999999999999879e+00 4.313339999999999950e+29
1.605580000000000000e+14 1.172339999999999983e+33 9.482139999999999744e+37 2.240000000000000213e+00 4.639450000000000271e+29
1.600650000000000000e+14 1.165829999999999991e+33 9.453299999999999297e+37 2.241000000000000103e+00 4.927259999999999660e+29
1.595730000000000000e+14 1.159320000000000000e+33 9.424449999999999492e+37 2.241999999999999993e+00 5.190130000000000313e+29
1.590810000000000000e+14 1.152810000000000008e+33 9.395599999999999686e+37 2.242999999999999883e+00 5.435580000000000185e+29
1.585880000000000000e+14 1.146310000000000006e+33 9.366749999999999881e+37 2.244000000000000217e+00 5.668260000000000029e+29
1.580960000000000000e+14 1.139819999999999993e+33 9.337900000000000075e+37 2.245000000000000107e+00 5.891239999999999833e+29
1.576040000000000000e+14 1.133339999999999970e+33 9.309059999999999629e+37 2.245999999999999996e+00 6.106669999999999997e+29
1.571110000000000000e+14 1.126869999999999936e+33 9.280209999999999823e+37 2.246999999999999886e+00 6.316089999999999742e+29
1.566190000000000000e+14 1.120420000000000026e+33 9.251360000000000018e+37 2.248000000000000220e+00 6.520640000000000456e+29
1.561270000000000000e+14 1.113969999999999972e+33 9.222510000000000212e+37 2.249000000000000110e+00 6.721210000000000042e+29
1.556350000000000000e+14 1.107540000000000041e+33 9.193660000000000407e+37 2.206999999999999851e+00 6.918449999999999816e+29
1.551420000000000000e+14 1.101119999999999955e+33 9.164819999999999960e+37 2.205999999999999961e+00 7.112920000000000262e+29
1.546500000000000000e+14 1.094710000000000003e+33 9.135970000000000155e+37 2.205000000000000071e+00 7.305050000000000193e+29
1.541580000000000000e+14 1.088320000000000031e+33 9.107120000000000350e+37 2.205000000000000071e+00 7.495169999999999845e+29
1.536660000000000000e+14 1.081940000000000047e+33 9.078270000000000544e+37 2.204000000000000181e+00 7.683580000000000582e+29
1.531740000000000000e+14 1.075570000000000054e+33 9.049420000000000739e+37 2.202999999999999847e+00 7.870509999999999840e+29
1.526820000000000000e+14 1.069220000000000039e+33 9.020580000000000292e+37 2.201999999999999957e+00 8.056160000000000403e+29
1.521900000000000000e+14 1.062880000000000015e+33 8.991730000000000487e+37 2.201000000000000068e+00 8.240689999999999999e+29
1.516980000000000000e+14 1.056559999999999969e+33 8.962880000000000681e+37 2.201000000000000068e+00 8.424250000000000013e+29
1.512050000000000000e+14 1.050250000000000057e+33 8.934030000000000876e+37 2.200000000000000178e+00 8.606940000000000431e+29
1.507130000000000000e+14 1.043949999999999991e+33 8.905179999999999181e+37 2.198999999999999844e+00 8.788879999999999547e+29
1.502210000000000000e+14 1.037670000000000047e+33 8.876340000000000624e+37 2.197999999999999954e+00 8.970150000000000447e+29
1.497300000000000000e+14 1.031409999999999939e+33 8.847490000000000818e+37 2.197000000000000064e+00 9.150809999999999463e+29
1.492380000000000000e+14 1.025159999999999965e+33 8.818639999999999124e+37 2.197000000000000064e+00 9.330939999999999679e+29
1.487460000000000000e+14 1.018919999999999980e+33 8.789789999999999318e+37 2.196000000000000174e+00 9.510580000000000527e+29
1.482540000000000000e+14 1.012709999999999964e+33 8.760939999999999513e+37 2.194999999999999840e+00 9.689780000000000592e+29
1.477620000000000000e+14 1.006499999999999948e+33 8.732099999999999066e+37 2.193999999999999950e+00 9.868579999999999307e+29
1.472700000000000000e+14 1.000320000000000045e+33 8.703249999999999261e+37 2.193000000000000060e+00 1.004700000000000061e+30
1.467780000000000000e+14 9.941440000000000507e+32 8.674399999999999455e+37 2.193000000000000060e+00 1.022509999999999942e+30
1.462860000000000000e+14 9.879890000000000493e+32 8.645549999999999650e+37 2.192000000000000171e+00 1.040289999999999969e+30
1.457950000000000000e+14 9.818489999999999603e+32 8.616699999999999845e+37 2.190999999999999837e+00 1.058039999999999999e+30
1.453030000000000000e+14 9.757259999999999545e+32 8.587859999999999398e+37 2.189999999999999947e+00 1.075760000000000034e+30
1.448110000000000000e+14 9.696180000000000050e+32 8.559009999999999593e+37 2.189000000000000057e+00 1.093449999999999932e+30
1.443190000000000000e+14 9.635269999999999947e+32 8.530159999999999787e+37 2.188000000000000167e+00 1.111119999999999974e+30
1.438280000000000000e+14 9.574530000000000675e+32 8.501309999999999982e+37 2.188000000000000167e+00 1.128760000000000020e+30
1.433360000000000000e+14 9.519740000000000248e+32 8.472460000000000176e+37 2.185999999999999943e+00 7.152490000000000030e+29
1.428450000000000000e+14 9.459390000000000426e+32 8.443619999999999730e+37 2.185000000000000053e+00 7.238849999999999676e+29
1.423530000000000000e+14 9.399199999999999861e+32 8.414769999999999924e+37 2.184000000000000163e+00 7.325169999999999889e+29
1.418610000000000000e+14 9.339190000000000261e+32 8.385920000000000119e+37 2.184000000000000163e+00 7.411459999999999826e+29
1.413700000000000000e+14 9.279339999999999917e+32 8.357070000000000313e+37 2.182999999999999829e+00 7.497699999999999770e+29
1.384210000000000000e+14 8.936859999999999568e+32 8.183979999999999895e+37 2.176000000000000156e+00 4.140869999999999920e+29
1.379290000000000000e+14 8.878319999999999445e+32 8.155140000000000393e+37 2.174999999999999822e+00 4.162790000000000067e+29
1.374380000000000000e+14 8.819950000000000154e+32 8.126289999999999643e+37 2.173999999999999932e+00 4.184800000000000341e+29
1.369470000000000000e+14 8.761750000000000254e+32 8.097439999999999838e+37 2.173000000000000043e+00 4.206880000000000324e+29
1.359640000000000000e+14 8.645870000000000200e+32 8.039740000000000227e+37 2.170999999999999819e+00 4.251250000000000119e+29
1.344900000000000000e+14 8.473339999999999351e+32 7.953200000000000169e+37 2.168000000000000149e+00 4.318189999999999970e+29
1.320340000000000000e+14 8.189290000000000536e+32 7.808959999999999556e+37 2.164000000000000146e+00 4.430310000000000064e+29
1.315430000000000000e+14 8.133010000000000365e+32 7.780109999999999751e+37 2.162999999999999812e+00 4.452770000000000275e+29
1.310520000000000000e+14 8.076909999999999718e+32 7.751259999999999945e+37 2.161999999999999922e+00 4.475219999999999924e+29
1.305610000000000000e+14 8.020990000000000037e+32 7.722420000000000443e+37 2.161000000000000032e+00 4.497659999999999716e+29
1.295790000000000000e+14 7.909690000000000688e+32 7.664719999999999888e+37 2.158999999999999808e+00 4.542490000000000009e+29
1.246700000000000000e+14 7.364059999999999394e+32 7.376239999999999607e+37 2.148000000000000131e+00 4.764389999999999684e+29
1.192730000000000000e+14 6.785259999999999939e+32 7.058910000000000465e+37 2.136000000000000121e+00 5.000369999999999766e+29
1.187820000000000000e+14 6.733770000000000399e+32 7.030059999999999715e+37 2.134999999999999787e+00 5.021230000000000202e+29
1.158400000000000000e+14 6.428810000000000163e+32 6.856979999999999600e+37 2.128000000000000114e+00 5.143919999999999932e+29
1.148590000000000000e+14 6.328689999999999689e+32 6.799279999999999989e+37 2.125999999999999890e+00 5.183800000000000220e+29
1.143690000000000000e+14 6.294760000000000014e+32 6.770430000000000183e+37 2.121999999999999886e+00 5.787510000000000103e+29
1.138780000000000000e+14 6.245460000000000210e+32 6.741580000000000378e+37 2.120999999999999996e+00 5.773880000000000336e+29
1.133880000000000000e+14 6.196350000000000064e+32 6.712739999999999931e+37 2.120000000000000107e+00 5.760130000000000164e+29
1.128980000000000000e+14 6.147430000000000296e+32 6.683890000000000126e+37 2.119000000000000217e+00 5.746270000000000148e+29
1.124080000000000000e+14 6.098700000000000186e+32 6.655040000000000321e+37 2.116999999999999993e+00 5.732289999999999726e+29
1.119180000000000000e+14 6.050159999999999735e+32 6.626189999999999571e+37 2.116000000000000103e+00 5.718190000000000307e+29
1.114270000000000000e+14 6.001809999999999661e+32 6.597339999999999765e+37 2.115000000000000213e+00 5.703969999999999779e+29
1.109370000000000000e+14 5.953649999999999967e+32 6.568500000000000263e+37 2.113999999999999879e+00 5.689640000000000110e+29
1.104470000000000000e+14 5.905679999999999930e+32 6.539650000000000458e+37 2.112000000000000099e+00 5.675170000000000321e+29
1.099570000000000000e+14 5.857909999999999685e+32 6.510799999999999708e+37 2.111000000000000210e+00 5.660589999999999984e+29
1.094670000000000000e+14 5.810319999999999685e+32 6.481949999999999902e+37 2.109999999999999876e+00 5.645880000000000088e+29
1.089770000000000000e+14 5.762930000000000197e+32 6.453100000000000097e+37 2.108000000000000096e+00 5.631049999999999787e+29
1.084870000000000000e+14 5.715720000000000233e+32 6.424259999999999650e+37 2.107000000000000206e+00 5.616089999999999926e+29
1.079970000000000000e+14 5.668710000000000061e+32 6.395409999999999845e+37 2.105999999999999872e+00 5.601009999999999659e+29
1.075070000000000000e+14 5.621890000000000267e+32 6.366560000000000039e+37 2.104000000000000092e+00 5.585799999999999834e+29
1.070170000000000000e+14 5.575270000000000266e+32 6.337710000000000234e+37 2.103000000000000203e+00 5.570459999999999745e+29
1.065270000000000000e+14 5.528829999999999788e+32 6.308860000000000428e+37 2.100999999999999979e+00 5.554990000000000096e+29
1.060370000000000000e+14 5.482589999999999823e+32 6.280019999999999982e+37 2.100000000000000089e+00 5.539400000000000043e+29
1.055470000000000000e+14 5.436540000000000236e+32 6.251170000000000176e+37 2.099000000000000199e+00 5.523669999999999868e+29
1.050570000000000000e+14 5.390680000000000307e+32 6.222320000000000371e+37 2.096999999999999975e+00 5.507819999999999992e+29
1.045680000000000000e+14 5.345020000000000170e+32 6.193469999999999621e+37 2.096000000000000085e+00 5.491839999999999853e+29
1.040780000000000000e+14 5.299549999999999690e+32 6.164619999999999816e+37 2.093999999999999861e+00 5.475730000000000154e+29
1.035880000000000000e+14 5.254270000000000310e+32 6.135780000000000314e+37 2.092999999999999972e+00 5.459490000000000192e+29
1.030980000000000000e+14 5.209179999999999867e+32 6.106929999999999564e+37 2.092000000000000082e+00 5.443119999999999967e+29
1.026080000000000000e+14 5.164289999999999937e+32 6.078079999999999758e+37 2.089999999999999858e+00 5.426620000000000182e+29
1.021190000000000000e+14 5.119589999999999664e+32 6.049229999999999953e+37 2.088999999999999968e+00 5.409990000000000134e+29
1.016290000000000000e+14 5.075089999999999904e+32 6.020380000000000147e+37 2.087000000000000188e+00 5.393229999999999823e+29
1.011390000000000000e+14 5.030779999999999801e+32 5.991539999999999701e+37 2.085999999999999854e+00 5.376339999999999953e+29
1.006500000000000000e+14 4.986660000000000078e+32 5.962689999999999895e+37 2.084000000000000075e+00 5.359319999999999820e+29
1.001600000000000000e+14 4.942730000000000012e+32 5.933840000000000090e+37 2.083000000000000185e+00 5.342170000000000127e+29
9.967050000000000000e+13 4.898999999999999737e+32 5.904990000000000284e+37 2.080999999999999961e+00 5.324900000000000029e+29
9.918090000000000000e+13 4.855469999999999975e+32 5.876139999999999534e+37 2.080000000000000071e+00 5.307489999999999809e+29
9.869140000000000000e+13 4.812129999999999871e+32 5.847300000000000032e+37 2.077999999999999847e+00 5.289959999999999888e+29
9.820190000000000000e+13 4.768980000000000146e+32 5.818450000000000227e+37 2.076999999999999957e+00 5.272299999999999704e+29
9.771240000000000000e+13 4.726030000000000212e+32 5.789600000000000421e+37 2.075000000000000178e+00 5.254509999999999961e+29
9.722290000000000000e+13 4.683269999999999936e+32 5.760749999999999671e+37 2.073999999999999844e+00 5.236589999999999954e+29
9.673340000000000000e+13 4.640710000000000172e+32 5.731899999999999866e+37 2.072000000000000064e+00 5.218550000000000246e+29
9.624400000000000000e+13 4.598340000000000067e+32 5.703060000000000364e+37 2.069999999999999840e+00 5.200380000000000275e+29
9.575460000000000000e+13 4.556160000000000339e+32 5.674209999999999614e+37 2.068999999999999950e+00 5.182080000000000041e+29
9.526520000000000000e+13 4.518219999999999654e+32 5.645359999999999809e+37 2.065999999999999837e+00 6.220899999999999653e+29
9.477590000000000000e+13 4.476469999999999911e+32 5.616510000000000003e+37 2.064999999999999947e+00 6.181229999999999899e+29
9.428650000000000000e+13 4.434930000000000094e+32 5.587660000000000198e+37 2.063000000000000167e+00 6.141579999999999860e+29
9.379720000000000000e+13 4.393569999999999801e+32 5.558819999999999751e+37 2.060999999999999943e+00 6.101939999999999679e+29
9.330790000000000000e+13 4.352410000000000020e+32 5.529969999999999946e+37 2.060000000000000053e+00 6.062329999999999775e+29
9.281870000000000000e+13 4.311439999999999897e+32 5.501120000000000140e+37 2.057999999999999829e+00 6.022729999999999729e+29
9.232940000000000000e+13 4.270670000000000286e+32 5.472270000000000335e+37 2.056000000000000050e+00 5.983150000000000103e+29
9.184020000000000000e+13 4.230090000000000333e+32 5.443419999999999585e+37 2.055000000000000160e+00 5.943590000000000192e+29
9.135100000000000000e+13 4.189700000000000038e+32 5.414580000000000083e+37 2.052999999999999936e+00 5.904059999999999854e+29
9.086180000000000000e+13 4.149510000000000256e+32 5.385730000000000277e+37 2.051000000000000156e+00 5.864549999999999937e+29
9.037270000000000000e+13 4.109510000000000131e+32 5.356880000000000472e+37 2.049999999999999822e+00 5.825059999999999734e+29
8.988360000000000000e+13 4.069709999999999798e+32 5.328029999999999722e+37 2.048000000000000043e+00 5.785609999999999667e+29
8.939450000000000000e+13 4.030099999999999844e+32 5.299179999999999916e+37 2.045999999999999819e+00 5.746180000000000020e+29
8.890540000000000000e+13 3.990689999999999681e+32 5.270340000000000414e+37 2.044000000000000039e+00 5.706779999999999945e+29
8.841630000000000000e+13 3.951469999999999897e+32 5.241489999999999664e+37 2.043000000000000149e+00 5.667410000000000149e+29
8.792730000000000000e+13 3.912449999999999904e+32 5.212639999999999859e+37 2.040999999999999925e+00 5.628069999999999925e+29
8.743830000000000000e+13 3.873620000000000290e+32 5.183790000000000054e+37 2.039000000000000146e+00 5.588769999999999837e+29
8.694930000000000000e+13 3.834980000000000334e+32 5.154940000000000248e+37 2.036999999999999922e+00 5.549500000000000026e+29
8.646040000000000000e+13 3.796540000000000169e+32 5.126099999999999802e+37 2.036000000000000032e+00 5.510280000000000208e+29
8.597140000000000000e+13 3.758289999999999663e+32 5.097249999999999996e+37 2.033999999999999808e+00 5.471089999999999964e+29
8.548250000000000000e+13 3.720239999999999669e+32 5.068400000000000191e+37 2.032000000000000028e+00 5.431939999999999854e+29
8.499370000000000000e+13 3.682380000000000053e+32 5.039550000000000385e+37 2.029999999999999805e+00 5.392829999999999880e+29
8.450480000000000000e+13 3.644720000000000229e+32 5.010699999999999635e+37 2.028000000000000025e+00 5.353769999999999899e+29
8.401600000000000000e+13 3.607250000000000063e+32 4.981860000000000133e+37 2.025999999999999801e+00 5.314750000000000052e+29
8.352720000000000000e+13 3.569979999999999688e+32 4.953010000000000328e+37 2.024000000000000021e+00 5.275780000000000199e+29
8.303840000000000000e+13 3.532899999999999692e+32 4.924159999999999578e+37 2.023000000000000131e+00 5.236860000000000339e+29
8.254960000000000000e+13 3.496020000000000209e+32 4.895309999999999772e+37 2.020999999999999908e+00 5.197989999999999768e+29
8.206090000000000000e+13 3.459329999999999662e+32 4.866459999999999967e+37 2.019000000000000128e+00 5.159169999999999893e+29
8.157220000000000000e+13 3.422830000000000215e+32 4.837620000000000465e+37 2.016999999999999904e+00 5.120400000000000012e+29
8.108350000000000000e+13 3.386529999999999839e+32 4.808769999999999715e+37 2.015000000000000124e+00 5.081699999999999839e+29
8.059480000000000000e+13 3.350429999999999975e+32 4.779919999999999909e+37 2.012999999999999901e+00 5.043039999999999801e+29
8.010620000000000000e+13 3.314519999999999769e+32 4.751070000000000104e+37 2.011000000000000121e+00 5.004450000000000176e+29
7.961750000000000000e+13 3.278799999999999942e+32 4.722220000000000299e+37 2.008999999999999897e+00 4.965919999999999697e+29
7.912900000000000000e+13 3.243279999999999906e+32 4.693379999999999852e+37 2.007000000000000117e+00 4.927449999999999774e+29
7.864040000000000000e+13 3.207960000000000022e+32 4.664530000000000047e+37 2.004999999999999893e+00 4.889039999999999701e+29
7.815180000000000000e+13 3.172830000000000157e+32 4.635680000000000241e+37 2.003000000000000114e+00 4.850700000000000040e+29
7.766330000000000000e+13 3.137889999999999949e+32 4.606830000000000436e+37 2.000999999999999890e+00 4.812430000000000088e+29
7.717480000000000000e+13 3.103149999999999893e+32 4.577979999999999686e+37 1.999000000000000110e+00 4.774219999999999987e+29
7.668640000000000000e+13 3.068599999999999856e+32 4.549140000000000184e+37 1.997000000000000108e+00 4.736090000000000156e+29
7.619790000000000000e+13 3.034249999999999970e+32 4.520290000000000378e+37 1.995000000000000107e+00 4.698030000000000033e+29
7.570950000000000000e+13 3.000090000000000103e+32 4.491439999999999628e+37 1.993000000000000105e+00 4.660040000000000323e+29
7.522110000000000000e+13 2.966130000000000028e+32 4.462589999999999823e+37 1.991000000000000103e+00 4.622130000000000180e+29
7.473270000000000000e+13 2.932359999999999970e+32 4.433740000000000017e+37 1.989000000000000101e+00 4.584300000000000307e+29
7.424440000000000000e+13 2.898790000000000065e+32 4.404899999999999571e+37 1.987000000000000099e+00 4.546540000000000142e+29
7.375600000000000000e+13 2.865410000000000178e+32 4.376049999999999765e+37 1.983999999999999986e+00 4.508870000000000105e+29
7.326770000000000000e+13 2.832219999999999949e+32 4.347199999999999960e+37 1.981999999999999984e+00 4.471280000000000339e+29
7.277950000000000000e+13 2.799229999999999872e+32 4.318350000000000154e+37 1.979999999999999982e+00 4.433770000000000139e+29
7.229120000000000000e+13 2.766430000000000173e+32 4.289500000000000349e+37 1.977999999999999980e+00 4.396350000000000067e+29
7.180300000000000000e+13 2.733829999999999906e+32 4.260659999999999902e+37 1.975999999999999979e+00 4.359020000000000124e+29
7.131480000000000000e+13 2.701430000000000150e+32 4.231810000000000097e+37 1.973999999999999977e+00 4.321780000000000308e+29
7.082660000000000000e+13 2.669209999999999920e+32 4.202959999999999819e+37 1.971000000000000085e+00 4.284620000000000059e+29
7.033840000000000000e+13 2.637199999999999974e+32 4.174110000000000014e+37 1.969000000000000083e+00 4.247559999999999795e+29
6.985030000000000000e+13 2.605369999999999914e+32 4.145260000000000208e+37 1.967000000000000082e+00 4.210600000000000221e+29
6.936220000000000000e+13 2.573740000000000005e+32 4.116420000000000234e+37 1.965000000000000080e+00 4.173730000000000072e+29
6.887410000000000000e+13 2.542309999999999888e+32 4.087569999999999956e+37 1.961999999999999966e+00 4.136950000000000051e+29
6.838610000000000000e+13 2.511060000000000016e+32 4.058720000000000151e+37 1.959999999999999964e+00 4.100279999999999873e+29
6.789800000000000000e+13 2.480020000000000069e+32 4.029869999999999873e+37 1.957999999999999963e+00 4.063699999999999824e+29
6.741000000000000000e+13 2.449160000000000007e+32 4.001020000000000068e+37 1.955999999999999961e+00 4.027230000000000322e+29
6.692210000000000000e+13 2.418500000000000096e+32 3.972180000000000093e+37 1.953000000000000069e+00 3.990860000000000102e+29
6.643410000000000000e+13 2.388039999999999978e+32 3.943329999999999816e+37 1.951000000000000068e+00 3.954599999999999725e+29
6.594620000000000000e+13 2.357760000000000104e+32 3.914480000000000010e+37 1.949000000000000066e+00 3.918440000000000039e+29
6.545830000000000000e+13 2.327680000000000022e+32 3.885630000000000205e+37 1.945999999999999952e+00 3.882390000000000196e+29
6.497040000000000000e+13 2.297800000000000091e+32 3.856779999999999927e+37 1.943999999999999950e+00 3.846450000000000197e+29
6.448250000000000000e+13 2.268110000000000179e+32 3.827939999999999953e+37 1.941999999999999948e+00 3.810610000000000184e+29
6.399470000000000000e+13 2.238609999999999925e+32 3.799090000000000147e+37 1.939000000000000057e+00 3.774899999999999730e+29
6.350690000000000000e+13 2.209309999999999823e+32 3.770239999999999870e+37 1.937000000000000055e+00 3.739289999999999966e+29
6.301910000000000000e+13 2.180189999999999966e+32 3.741390000000000064e+37 1.933999999999999941e+00 3.703799999999999904e+29
6.253130000000000000e+13 2.151280000000000034e+32 3.712539999999999787e+37 1.931999999999999940e+00 3.668430000000000246e+29
6.204360000000000000e+13 2.122549999999999987e+32 3.683699999999999812e+37 1.929000000000000048e+00 3.633169999999999729e+29
6.155590000000000000e+13 2.094020000000000091e+32 3.654850000000000007e+37 1.927000000000000046e+00 3.598030000000000321e+29
6.106820000000000000e+13 2.065679999999999854e+32 3.626000000000000201e+37 1.923999999999999932e+00 3.563019999999999769e+29
6.058060000000000000e+13 2.037540000000000128e+32 3.597149999999999924e+37 1.921999999999999931e+00 3.528119999999999764e+29
6.009290000000000000e+13 2.009579999999999927e+32 3.568300000000000118e+37 1.919000000000000039e+00 3.493350000000000022e+29
5.960530000000000000e+13 1.981819999999999878e+32 3.539460000000000144e+37 1.917000000000000037e+00 3.458699999999999982e+29
5.911770000000000000e+13 1.954249999999999848e+32 3.510609999999999866e+37 1.913999999999999924e+00 3.424180000000000205e+29
5.863020000000000000e+13 1.926879999999999969e+32 3.481760000000000061e+37 1.911999999999999922e+00 3.389780000000000129e+29
5.814260000000000000e+13 1.899700000000000108e+32 3.452909999999999783e+37 1.909000000000000030e+00 3.355510000000000317e+29
5.765510000000000000e+13 1.872700000000000132e+32 3.424059999999999978e+37 1.907000000000000028e+00 3.321370000000000064e+29
5.716760000000000000e+13 1.845910000000000081e+32 3.395220000000000003e+37 1.903999999999999915e+00 3.287360000000000075e+29
5.668020000000000000e+13 1.819299999999999915e+32 3.366370000000000198e+37 1.901999999999999913e+00 3.253480000000000348e+29
5.619280000000000000e+13 1.792880000000000128e+32 3.337519999999999920e+37 1.899000000000000021e+00 3.219730000000000181e+29
5.570530000000000000e+13 1.766660000000000132e+32 3.308670000000000115e+37 1.895999999999999908e+00 3.186110000000000277e+29
5.521800000000000000e+13 1.740630000000000154e+32 3.279819999999999837e+37 1.893999999999999906e+00 3.152630000000000142e+29
5.473060000000000000e+13 1.714789999999999834e+32 3.250979999999999863e+37 1.891000000000000014e+00 3.119290000000000128e+29
5.424330000000000000e+13 1.689139999999999893e+32 3.222130000000000057e+37 1.887999999999999901e+00 3.086080000000000026e+29
5.375600000000000000e+13 1.663679999999999970e+32 3.193279999999999780e+37 1.885999999999999899e+00 3.053010000000000044e+29
5.326870000000000000e+13 1.638419999999999839e+32 3.164429999999999974e+37 1.883000000000000007e+00 3.020069999999999974e+29
5.278140000000000000e+13 1.613339999999999952e+32 3.135580000000000169e+37 1.879999999999999893e+00 2.987279999999999883e+29
5.229420000000000000e+13 1.588460000000000038e+32 3.106740000000000194e+37 1.877000000000000002e+00 2.954620000000000055e+29
5.180700000000000000e+13 1.563769999999999961e+32 3.077889999999999917e+37 1.875000000000000000e+00 2.922109999999999853e+29
5.131980000000000000e+13 1.539259999999999949e+32 3.049040000000000111e+37 1.872000000000000108e+00 2.889729999999999915e+29
5.083270000000000000e+13 1.514950000000000089e+32 3.020189999999999833e+37 1.868999999999999995e+00 2.857499999999999956e+29
5.034550000000000000e+13 1.490830000000000067e+32 2.991340000000000028e+37 1.866000000000000103e+00 2.825410000000000118e+29
4.985840000000000000e+13 1.466900000000000064e+32 2.962500000000000054e+37 1.864000000000000101e+00 2.793469999999999907e+29
4.937140000000000000e+13 1.443149999999999945e+32 2.933649999999999776e+37 1.860999999999999988e+00 2.761670000000000168e+29
4.888430000000000000e+13 1.419599999999999978e+32 2.904799999999999971e+37 1.858000000000000096e+00 2.730020000000000057e+29
4.839730000000000000e+13 1.396240000000000029e+32 2.875950000000000165e+37 1.854999999999999982e+00 2.698510000000000067e+29
4.791030000000000000e+13 1.373059999999999965e+32 2.847099999999999887e+37 1.852000000000000091e+00 2.667139999999999846e+29
4.742330000000000000e+13 1.350080000000000052e+32 2.818259999999999913e+37 1.848999999999999977e+00 2.635930000000000165e+29
4.693640000000000000e+13 1.327280000000000024e+32 2.789410000000000108e+37 1.846000000000000085e+00 2.604859999999999901e+29
4.644950000000000000e+13 1.304679999999999968e+32 2.760559999999999830e+37 1.844000000000000083e+00 2.573939999999999968e+29
4.596260000000000000e+13 1.282259999999999977e+32 2.731710000000000025e+37 1.840999999999999970e+00 2.543170000000000014e+29
4.547570000000000000e+13 1.260030000000000004e+32 2.702860000000000219e+37 1.838000000000000078e+00 2.512550000000000039e+29
4.498890000000000000e+13 1.237990000000000049e+32 2.674019999999999773e+37 1.834999999999999964e+00 2.482080000000000043e+29
4.450210000000000000e+13 1.216139999999999932e+32 2.645169999999999967e+37 1.832000000000000073e+00 2.451750000000000168e+29
4.401530000000000000e+13 1.194470000000000060e+32 2.616320000000000162e+37 1.828999999999999959e+00 2.421580000000000129e+29
4.352850000000000000e+13 1.172990000000000027e+32 2.587469999999999884e+37 1.826000000000000068e+00 2.391560000000000070e+29
4.304180000000000000e+13 1.151709999999999965e+32 2.558620000000000078e+37 1.822999999999999954e+00 2.361689999999999989e+29
4.255510000000000000e+13 1.130600000000000014e+32 2.529780000000000104e+37 1.820000000000000062e+00 2.331969999999999887e+29
4.206840000000000000e+13 1.109690000000000035e+32 2.500929999999999826e+37 1.816999999999999948e+00 2.302400000000000115e+29
4.158170000000000000e+13 1.088959999999999940e+32 2.472080000000000021e+37 1.814000000000000057e+00 2.272989999999999829e+29
4.109510000000000000e+13 1.068420000000000044e+32 2.443230000000000216e+37 1.810999999999999943e+00 2.243720000000000015e+29
4.060850000000000000e+13 1.048069999999999986e+32 2.414379999999999938e+37 1.808000000000000052e+00 2.214610000000000039e+29
4.012190000000000000e+13 1.027899999999999993e+32 2.385539999999999964e+37 1.804999999999999938e+00 2.185650000000000040e+29
3.963540000000000000e+13 1.007920000000000018e+32 2.356690000000000158e+37 1.802000000000000046e+00 2.156840000000000021e+29
3.914880000000000000e+13 9.881189999999999499e+31 2.327839999999999880e+37 1.798999999999999932e+00 2.128179999999999981e+29
3.866240000000000000e+13 9.685090000000000578e+31 2.298990000000000075e+37 1.796000000000000041e+00 2.099680000000000129e+29
3.817590000000000000e+13 9.490839999999999369e+31 2.270139999999999797e+37 1.792999999999999927e+00 2.071329999999999904e+29
3.768940000000000000e+13 9.298439999999999476e+31 2.241299999999999823e+37 1.790000000000000036e+00 2.043130000000000010e+29
3.720300000000000000e+13 9.107900000000000671e+31 2.212450000000000018e+37 1.786999999999999922e+00 2.015080000000000095e+29
3.671670000000000000e+13 8.919199999999999806e+31 2.183600000000000212e+37 1.784000000000000030e+00 1.987180000000000159e+29
3.623030000000000000e+13 8.732350000000000256e+31 2.154749999999999934e+37 1.780999999999999917e+00 1.959440000000000059e+29
3.574400000000000000e+13 8.547350000000000220e+31 2.125899999999999893e+37 1.778000000000000025e+00 1.931849999999999938e+29
3.525770000000000000e+13 8.364180000000000151e+31 2.097059999999999918e+37 1.774999999999999911e+00 1.904399999999999938e+29
3.477140000000000000e+13 8.182859999999999596e+31 2.068210000000000113e+37 1.772000000000000020e+00 1.877110000000000127e+29
3.428510000000000000e+13 8.003369999999999909e+31 2.039360000000000071e+37 1.768000000000000016e+00 1.849969999999999943e+29
3.379890000000000000e+13 7.825719999999999963e+31 2.010510000000000030e+37 1.764999999999999902e+00 1.822980000000000089e+29
3.331270000000000000e+13 7.649899999999999983e+31 1.981659999999999988e+37 1.762000000000000011e+00 1.796139999999999862e+29
3.282660000000000000e+13 7.475909999999999971e+31 1.952820000000000014e+37 1.758999999999999897e+00 1.769449999999999966e+29
3.234040000000000000e+13 7.303749999999999926e+31 1.923969999999999972e+37 1.756000000000000005e+00 1.742899999999999840e+29
3.185430000000000000e+13 7.133419999999999848e+31 1.895119999999999931e+37 1.752999999999999892e+00 1.716509999999999901e+29
3.136830000000000000e+13 6.964909999999999964e+31 1.866269999999999889e+37 1.750000000000000000e+00 1.690260000000000084e+29
3.088220000000000000e+13 6.798220000000000274e+31 1.837420000000000084e+37 1.747000000000000108e+00 1.664159999999999894e+29
3.039620000000000000e+13 6.633349999999999876e+31 1.808580000000000110e+37 1.743999999999999995e+00 1.638199999999999825e+29
2.991020000000000000e+13 6.470299999999999673e+31 1.779730000000000068e+37 1.741000000000000103e+00 1.612390000000000086e+29
2.942420000000000000e+13 6.309069999999999663e+31 1.750880000000000026e+37 1.737999999999999989e+00 1.586720000000000117e+29
2.893830000000000000e+13 6.149650000000000073e+31 1.722029999999999985e+37 1.735000000000000098e+00 1.561199999999999950e+29
2.845240000000000000e+13 5.992049999999999777e+31 1.693179999999999943e+37 1.731999999999999984e+00 1.535820000000000081e+29
2.796650000000000000e+13 5.836250000000000127e+31 1.664339999999999969e+37 1.729000000000000092e+00 1.510579999999999981e+29
2.748070000000000000e+13 5.682269999999999770e+31 1.635489999999999927e+37 1.725999999999999979e+00 1.485480000000000001e+29
2.699490000000000000e+13 5.530090000000000061e+31 1.606639999999999886e+37 1.723000000000000087e+00 1.460530000000000001e+29
2.650910000000000000e+13 5.379710000000000097e+31 1.577790000000000080e+37 1.719999999999999973e+00 1.435700000000000054e+29
2.602340000000000000e+13 5.231139999999999653e+31 1.548940000000000039e+37 1.717000000000000082e+00 1.411020000000000085e+29
2.553760000000000000e+13 5.084379999999999630e+31 1.520100000000000064e+37 1.713999999999999968e+00 1.386470000000000029e+29
2.505190000000000000e+13 4.939409999999999579e+31 1.491250000000000023e+37 1.711000000000000076e+00 1.362059999999999917e+29
2.456630000000000000e+13 4.796249999999999949e+31 1.462399999999999981e+37 1.707999999999999963e+00 1.337780000000000068e+29
2.408070000000000000e+13 4.654880000000000291e+31 1.433549999999999940e+37 1.705000000000000071e+00 1.313629999999999955e+29
2.359510000000000000e+13 4.515310000000000380e+31 1.404699999999999898e+37 1.703000000000000069e+00 1.289609999999999929e+29
2.310950000000000000e+13 4.377540000000000214e+31 1.375859999999999924e+37 1.699999999999999956e+00 1.265709999999999956e+29
2.262400000000000000e+13 4.241569999999999795e+31 1.347009999999999882e+37 1.697000000000000064e+00 1.241949999999999928e+29
2.213850000000000000e+13 4.107400000000000023e+31 1.318160000000000077e+37 1.693999999999999950e+00 1.218299999999999921e+29
2.165300000000000000e+13 3.975020000000000224e+31 1.289310000000000035e+37 1.691999999999999948e+00 1.194780000000000000e+29
2.116750000000000000e+13 3.844449999999999944e+31 1.260459999999999994e+37 1.689000000000000057e+00 1.171379999999999957e+29
2.068210000000000000e+13 3.715670000000000088e+31 1.231620000000000019e+37 1.687000000000000055e+00 1.148099999999999967e+29
2.019680000000000000e+13 3.588689999999999977e+31 1.202769999999999978e+37 1.683999999999999941e+00 1.124929999999999997e+29
1.971140000000000000e+13 3.463510000000000064e+31 1.173919999999999936e+37 1.681999999999999940e+00 1.101880000000000080e+29
1.922610000000000000e+13 3.340129999999999896e+31 1.145069999999999895e+37 1.679000000000000048e+00 1.078940000000000008e+29
1.874090000000000000e+13 3.218560000000000149e+31 1.116220000000000089e+37 1.677000000000000046e+00 1.056099999999999921e+29
1.825560000000000000e+13 3.098790000000000148e+31 1.087380000000000115e+37 1.675000000000000044e+00 1.033370000000000029e+29
1.777040000000000000e+13 2.980839999999999890e+31 1.058529999999999955e+37 1.671999999999999931e+00 1.010739999999999948e+29
1.728530000000000000e+13 2.864689999999999829e+31 1.029680000000000032e+37 1.669999999999999929e+00 9.882070000000000712e+28
1.680010000000000000e+13 2.750370000000000185e+31 1.000829999999999990e+37 1.667999999999999927e+00 9.657700000000000612e+28
1.631500000000000000e+13 2.637869999999999835e+31 9.719840000000000463e+36 1.665999999999999925e+00 9.434239999999999891e+28
1.583000000000000000e+13 2.527190000000000128e+31 9.431359999999999946e+36 1.663999999999999924e+00 9.211650000000000877e+28
1.534500000000000000e+13 2.418350000000000163e+31 9.142879999999999429e+36 1.661999999999999922e+00 8.989890000000000619e+28
1.486000000000000000e+13 2.311349999999999937e+31 8.854400000000000092e+36 1.661000000000000032e+00 8.768909999999999830e+28
1.437500000000000000e+13 2.206200000000000127e+31 8.565919999999999574e+36 1.659000000000000030e+00 8.548670000000000836e+28
1.389010000000000000e+13 2.102910000000000054e+31 8.277440000000000238e+36 1.657999999999999918e+00 8.329109999999999213e+28
1.340530000000000000e+13 2.001479999999999944e+31 7.988959999999999720e+36 1.655999999999999917e+00 8.110169999999999332e+28
1.292040000000000000e+13 1.901940000000000018e+31 7.700480000000000384e+36 1.655000000000000027e+00 7.891800000000000145e+28
1.243570000000000000e+13 1.804290000000000050e+31 7.411999999999999866e+36 1.653999999999999915e+00 7.673930000000000008e+28
1.195090000000000000e+13 1.708550000000000039e+31 7.123520000000000530e+36 1.653000000000000025e+00 7.456489999999999916e+28
1.146620000000000000e+13 1.614739999999999980e+31 6.835040000000000012e+36 1.651999999999999913e+00 7.239390000000000268e+28
1.098160000000000000e+13 1.522870000000000098e+31 6.546559999999999495e+36 1.651000000000000023e+00 7.022560000000000301e+28
1.049690000000000000e+13 1.432959999999999940e+31 6.258080000000000158e+36 1.651000000000000023e+00 6.805899999999999676e+28
1.001240000000000000e+13 1.345039999999999952e+31 5.969599999999999641e+36 1.649999999999999911e+00 6.589290000000000100e+28
9.527850000000000000e+12 1.259139999999999904e+31 5.681120000000000304e+36 1.649999999999999911e+00 6.372630000000000355e+28
9.043380000000000000e+12 1.175280000000000019e+31 5.392639999999999787e+36 1.649999999999999911e+00 6.155779999999999793e+28
8.558950000000000000e+12 1.093500000000000066e+31 5.104159999999999860e+36 1.649999999999999911e+00 5.938600000000000403e+28
8.074580000000000000e+12 1.013840000000000039e+31 4.815679999999999933e+36 1.649999999999999911e+00 5.720910000000000346e+28
7.590250000000000000e+12 9.363350000000000457e+30 4.527200000000000006e+36 1.651000000000000023e+00 5.502519999999999684e+28
7.105980000000000000e+12 8.610389999999999663e+30 4.238720000000000079e+36 1.651000000000000023e+00 5.283199999999999927e+28
6.621770000000000000e+12 7.880080000000000179e+30 3.950240000000000152e+36 1.651000000000000023e+00 5.062690000000000373e+28
6.137610000000000000e+12 7.173059999999999663e+30 3.661760000000000225e+36 1.651999999999999913e+00 4.840680000000000151e+28
5.653510000000000000e+12 6.490050000000000266e+30 3.373279999999999707e+36 1.651999999999999913e+00 4.616769999999999669e+28
5.169480000000000000e+12 5.831909999999999613e+30 3.084799999999999780e+36 1.651999999999999913e+00 4.390519999999999904e+28
4.685510000000000000e+12 5.199619999999999819e+30 2.796319999999999853e+36 1.651999999999999913e+00 4.161329999999999709e+28
4.201610000000000000e+12 4.594330000000000159e+30 2.507839999999999926e+36 1.649999999999999911e+00 3.928450000000000070e+28
3.717790000000000000e+12 4.017409999999999877e+30 2.219359999999999999e+36 1.647999999999999909e+00 3.690890000000000106e+28
3.234040000000000000e+12 3.470459999999999872e+30 1.930880000000000072e+36 1.641999999999999904e+00 3.447289999999999796e+28
2.750390000000000000e+12 2.955389999999999876e+30 1.642400000000000145e+36 1.633000000000000007e+00 3.195670000000000020e+28
4.299000000000000000e+11 7.805000000000000069e+29 2.572000000000000181e+35 1.330000000000000071e+00 1.506450000000000062e+28
4.188000000000000000e+11 7.537999999999999717e+29 2.505999999999999897e+35 1.330000000000000071e+00 1.455129999999999927e+28
3.325000000000000000e+11 5.815999999999999745e+29 1.990000000000000163e+35 1.330000000000000071e+00 1.165809999999999924e+28
2.640000000000000000e+11 4.472999999999999815e+29 1.581000000000000083e+35 1.330000000000000071e+00 9.297799999999999813e+27
2.096000000000000000e+11 3.289999999999999843e+29 1.256000000000000028e+35 1.330000000000000071e+00 6.841069999999999801e+27
1.844000000000000000e+11 2.892000000000000018e+29 1.105000000000000000e+35 1.330000000000000071e+00 6.221810000000000396e+27
1.664000000000000000e+11 2.597000000000000095e+29 9.975999999999999784e+34 1.330000000000000071e+00 3.996079999999999920e+27
1.322000000000000000e+11 2.033000000000000102e+29 7.923999999999999875e+34 1.330000000000000071e+00 3.293160000000000158e+27
1.049000000000000000e+11 1.494999999999999961e+29 6.294000000000000085e+34 1.330000000000000071e+00 2.422460000000000012e+27
8.332000000000000000e+10 1.100000000000000064e+29 4.999999999999999843e+34 1.330000000000000071e+00 1.782300000000000002e+27
6.617000000000000000e+10 8.088999999999999432e+28 3.971999999999999897e+34 1.330000000000000071e+00 1.311289999999999924e+27
5.254000000000000000e+10 5.949000000000000344e+28 3.155000000000000010e+34 1.330000000000000071e+00 9.646129999999999985e+26
4.172000000000000000e+10 4.628000000000000126e+28 2.505999999999999897e+34 1.330000000000000071e+00 7.875200000000000595e+26
3.313000000000000000e+10 3.403999999999999866e+28 1.989999999999999932e+34 1.330000000000000071e+00 5.791050000000000196e+26
2.631000000000000000e+10 2.502999999999999803e+28 1.580999999999999991e+34 1.330000000000000071e+00 4.261170000000000143e+26
2.090000000000000000e+10 1.938000000000000082e+28 1.255999999999999936e+34 1.330000000000000071e+00 3.451690000000000088e+26
1.659000000000000000e+10 1.425000000000000067e+28 9.976000000000000246e+33 1.330000000000000071e+00 2.538950000000000110e+26
1.318000000000000000e+10 1.048000000000000007e+28 7.924000000000000337e+33 1.330000000000000071e+00 1.867689999999999969e+26
1.046000000000000000e+10 7.701999999999999683e+27 6.294000000000000085e+33 1.330000000000000071e+00 1.373879999999999975e+26
8.312000000000000000e+09 5.662000000000000348e+27 4.999999999999999728e+33 1.330000000000000071e+00 1.010819999999999921e+26
6.601000000000000000e+09 4.362000000000000029e+27 3.972000000000000127e+33 1.330000000000000071e+00 8.130089999999999436e+25
4.164000000000000000e+09 2.356000000000000079e+27 2.505999999999999955e+33 1.330000000000000071e+00 4.399369999999999874e+25
2.626000000000000000e+09 1.272000000000000034e+27 1.580999999999999991e+33 1.330000000000000071e+00 2.380450000000000180e+25
1.657000000000000000e+09 6.859999999999999767e+26 9.975999999999999957e+32 1.330000000000000071e+00 1.288319999999999913e+25
1.316000000000000000e+09 5.036000000000000296e+26 7.924000000000000337e+32 1.330000000000000071e+00 9.477099999999999527e+24
1.045000000000000000e+09 4.128999999999999924e+26 6.293999999999999941e+32 1.330000000000000071e+00 6.794269999999999770e+24
8.301000000000000000e+08 3.039000000000000162e+26 4.999999999999999728e+32 1.330000000000000071e+00 4.998809999999999830e+24
5.237000000000000000e+08 1.628999999999999891e+26 3.154999999999999923e+32 1.330000000000000071e+00 2.705450000000000161e+24
3.304000000000000000e+08 8.737999999999999925e+25 1.990000000000000076e+32 1.330000000000000071e+00 1.463449999999999964e+24
2.624000000000000000e+08 6.675999999999999817e+25 1.580999999999999919e+32 1.330000000000000071e+00 1.123400000000000065e+24
1.315000000000000000e+08 2.603999999999999941e+25 7.923999999999999616e+31 1.330000000000000071e+00 4.472499999999999827e+23
6.589000000000000000e+07 1.006000000000000014e+25 3.972000000000000199e+31 1.330000000000000071e+00 1.780890000000000165e+23
3.302000000000000000e+07 3.832999999999999839e+24 1.989999999999999986e+31 1.330000000000000071e+00 7.086450000000000092e+22
1.655000000000000000e+07 1.435000000000000086e+24 9.975999999999999642e+30 1.330000000000000071e+00 2.822060000000000131e+22
8.293000000000000000e+06 5.250000000000000315e+23 4.999999999999999818e+30 1.330000000000000071e+00 1.123529999999999934e+22
6.588000000000000000e+06 3.910999999999999759e+23 3.972000000000000087e+30 1.330000000000000071e+00 8.163429999999999541e+21
2.622000000000000000e+06 9.754999999999999214e+22 1.581000000000000009e+30 1.330000000000000071e+00 2.390210000000000197e+21
1.044000000000000000e+06 2.318000000000000105e+22 6.293999999999999902e+29 1.330000000000000071e+00 6.999960000000000000e+20
4.156000000000000000e+05 5.265999999999999476e+21 2.505999999999999907e+29 1.330000000000000071e+00 2.050380000000000000e+20
1.654000000000000000e+05 1.151000000000000000e+21 9.976000000000000768e+28 1.330000000000000071e+00 6.004390000000000000e+19
6.587000000000000000e+04 2.431000000000000000e+20 3.972000000000000263e+28 1.330000000000000071e+00 1.758760000000000000e+19
2.622000000000000000e+04 4.968000000000000000e+19 1.581000000000000061e+28 1.330000000000000071e+00 5.149550000000000000e+18
1.044000000000000000e+04 9.744000000000000000e+18 6.294999999999999717e+27 1.330000000000000071e+00 1.508420000000000000e+18
