1.008742252400000000e+16 8.212523236799999654e+36 1.995529999999999920e+39 1.000000000000000000e+00 0.000000000000000000e+00
1.003693576100000000e+16 8.167085150199999808e+36 1.990530000000000087e+39 1.000000000000000000e+00 0.000000000000000000e+00
9.986575656100000000e+15 8.121761056000000446e+36 1.985529999999999953e+39 1.000000000000000000e+00 0.000000000000000000e+00
9.936342209800000000e+15 8.076550954399999689e+36 1.980530000000000120e+39 1.000000000000000000e+00 0.000000000000000000e+00
9.886235421800000000e+15 8.031454845199999416e+36 1.975529999999999985e+39 1.000000000000000000e+00 0.000000000000000000e+00
9.836255292100000000e+15 7.986472728500000458e+36 1.970529999999999850e+39 1.000000000000000000e+00 0.000000000000000000e+00
9.786401820800000000e+15 7.941604604300000454e+36 1.965530000000000017e+39 1.000000000000000000e+00 0.000000000000000000e+00
9.736675007700000000e+15 7.896850472499999752e+36 1.960529999999999882e+39 1.000000000000000000e+00 0.000000000000000000e+00
9.687074853000000000e+15 7.852210333300000017e+36 1.955530000000000050e+39 1.000000000000000000e+00 0.000000000000000000e+00
9.637601356600000000e+15 7.807684186499999585e+36 1.950529999999999915e+39 1.000000000000000000e+00 0.000000000000000000e+00
9.588254518400000000e+15 7.763272032200000468e+36 1.945530000000000082e+39 1.000000000000000000e+00 0.000000000000000000e+00
9.539034338600000000e+15 7.718973870299999473e+36 1.940529999999999947e+39 1.000000000000000000e+00 0.000000000000000000e+00
9.489940817200000000e+15 7.674789700999999445e+36 1.935530000000000114e+39 1.000000000000000000e+00 0.000000000000000000e+00
9.440973954000000000e+15 7.630719524099999900e+36 1.930529999999999979e+39 1.000000000000000000e+00 0.000000000000000000e+00
9.392133749100000000e+15 7.586763339800000141e+36 1.925530000000000147e+39 1.000000000000000000e+00 0.000000000000000000e+00
9.343420202500000000e+15 7.542921147899999685e+36 1.920530000000000012e+39 1.000000000000000000e+00 0.000000000000000000e+00
9.294833314300000000e+15 7.499192948399999712e+36 1.915529999999999877e+39 1.000000000000000000e+00 0.000000000000000000e+00
9.246373084400000000e+15 7.455578741499999525e+36 1.910530000000000044e+39 1.000000000000000000e+00 0.000000000000000000e+00
9.198039512700000000e+15 7.412078526999999821e+36 1.905529999999999909e+39 1.000000000000000000e+00 0.000000000000000000e+00
9.149832599400000000e+15 7.368692305099999904e+36 1.900530000000000076e+39 1.000000000000000000e+00 0.000000000000000000e+00
9.101752344400000000e+15 7.325420075600000470e+36 1.895529999999999941e+39 1.000000000000000000e+00 0.000000000000000000e+00
9.053798747700000000e+15 7.282261838500000337e+36 1.890530000000000109e+39 1.000000000000000000e+00 0.000000000000000000e+00
9.005971809400000000e+15 7.239217593999999992e+36 1.885529999999999974e+39 1.000000000000000000e+00 0.000000000000000000e+00
8.958271529300000000e+15 7.196287341900000129e+36 1.880530000000000141e+39 1.000000000000000000e+00 0.000000000000000000e+00
8.910697907600000000e+15 7.153471082400000054e+36 1.875530000000000006e+39 1.000000000000000000e+00 0.000000000000000000e+00
8.863250944100000000e+15 7.110768815300000461e+36 1.870529999999999871e+39 1.000000000000000000e+00 0.000000000000000000e+00
8.815930639000000000e+15 7.068180540600000170e+36 1.865530000000000038e+39 1.000000000000000000e+00 0.000000000000000000e+00
8.768736992200000000e+15 7.025706258499999666e+36 1.860529999999999903e+39 1.000000000000000000e+00 0.000000000000000000e+00
8.721670003700000000e+15 6.983345968900000477e+36 1.855530000000000071e+39 1.000000000000000000e+00 0.000000000000000000e+00
8.674729673500000000e+15 6.941099671699999410e+36 1.850529999999999936e+39 1.000000000000000000e+00 0.000000000000000000e+00
8.627916001600000000e+15 6.898967366999999658e+36 1.845530000000000103e+39 1.000000000000000000e+00 0.000000000000000000e+00
8.581228988000000000e+15 6.856949054800000041e+36 1.840529999999999968e+39 1.000000000000000000e+00 0.000000000000000000e+00
8.534668632700000000e+15 6.815044734999999726e+36 1.835530000000000135e+39 1.000000000000000000e+00 0.000000000000000000e+00
8.488234935800000000e+15 6.773254407800000379e+36 1.830530000000000000e+39 1.000000000000000000e+00 0.000000000000000000e+00
8.441927897200000000e+15 6.731578073000000334e+36 1.825529999999999865e+39 1.000000000000000000e+00 0.000000000000000000e+00
8.395747516800000000e+15 6.690015730700000423e+36 1.820530000000000033e+39 1.000000000000000000e+00 0.000000000000000000e+00
8.349693794800000000e+15 6.648567380899999467e+36 1.815529999999999898e+39 1.000000000000000000e+00 0.000000000000000000e+00
8.303766731100000000e+15 6.607233023599999826e+36 1.810530000000000065e+39 1.000000000000000000e+00 0.000000000000000000e+00
8.257966325700000000e+15 6.566012658699999487e+36 1.805529999999999930e+39 1.000000000000000000e+00 0.000000000000000000e+00
8.212292578600000000e+15 6.524906286300000464e+36 1.800530000000000097e+39 1.000000000000000000e+00 0.000000000000000000e+00
8.166745489900000000e+15 6.483913906400000395e+36 1.795529999999999962e+39 1.000000000000000000e+00 0.000000000000000000e+00
8.121325059400000000e+15 6.443035519000000460e+36 1.790530000000000130e+39 1.000000000000000000e+00 0.000000000000000000e+00
8.076031287300000000e+15 6.402271124099999480e+36 1.785529999999999995e+39 1.000000000000000000e+00 0.000000000000000000e+00
8.030864173400000000e+15 6.361620721699999815e+36 1.780529999999999860e+39 1.000000000000000000e+00 0.000000000000000000e+00
7.985823717900000000e+15 6.321084311699999453e+36 1.775530000000000027e+39 1.000000000000000000e+00 0.000000000000000000e+00
7.940909920700000000e+15 6.280661894200000405e+36 1.770529999999999892e+39 1.000000000000000000e+00 0.000000000000000000e+00
7.896122781800000000e+15 6.240353469200000312e+36 1.765530000000000059e+39 1.000000000000000000e+00 0.000000000000000000e+00
7.851462301200000000e+15 6.200159036599999521e+36 1.760529999999999925e+39 1.000000000000000000e+00 0.000000000000000000e+00
7.806928478900000000e+15 6.160078596599999698e+36 1.755530000000000092e+39 1.000000000000000000e+00 0.000000000000000000e+00
7.762521315000000000e+15 6.120112149000000357e+36 1.750529999999999957e+39 1.000000000000000000e+00 0.000000000000000000e+00
7.718240809300000000e+15 6.080259693899999970e+36 1.745530000000000124e+39 1.000000000000000000e+00 0.000000000000000000e+00
7.674086962000000000e+15 6.040521231299999719e+36 1.740529999999999989e+39 1.000000000000000000e+00 0.000000000000000000e+00
7.630059772900000000e+15 6.000896761199999602e+36 1.735529999999999854e+39 1.000000000000000000e+00 0.000000000000000000e+00
7.586159242200000000e+15 5.961386283599999619e+36 1.730530000000000022e+39 1.000000000000000000e+00 0.000000000000000000e+00
7.542385369800000000e+15 5.921989798400000120e+36 1.725529999999999887e+39 1.000000000000000000e+00 0.000000000000000000e+00
7.498738155700000000e+15 5.882707305699999575e+36 1.720530000000000054e+39 1.000000000000000000e+00 0.000000000000000000e+00
7.455217599900000000e+15 5.843538805500000345e+36 1.715529999999999919e+39 1.000000000000000000e+00 0.000000000000000000e+00
7.411823702400000000e+15 5.804484297800000069e+36 1.710530000000000086e+39 1.000000000000000000e+00 0.000000000000000000e+00
7.368556463300000000e+15 5.765543782500000276e+36 1.705529999999999951e+39 1.000000000000000000e+00 0.000000000000000000e+00
7.325415882400000000e+15 5.726717259800000270e+36 1.700530000000000119e+39 1.000000000000000000e+00 0.000000000000000000e+00
7.282401959900000000e+15 5.688004729499999566e+36 1.695529999999999984e+39 1.000000000000000000e+00 0.000000000000000000e+00
7.239514695700000000e+15 5.649406191700000177e+36 1.690530000000000151e+39 1.000000000000000000e+00 0.000000000000000000e+00
7.196754089800000000e+15 5.610921646300000091e+36 1.685530000000000016e+39 1.000000000000000000e+00 0.000000000000000000e+00
7.154120142200000000e+15 5.572551093499999791e+36 1.680529999999999881e+39 1.000000000000000000e+00 0.000000000000000000e+00
7.111612852900000000e+15 5.534294533099999974e+36 1.675530000000000048e+39 1.000000000000000000e+00 0.000000000000000000e+00
7.069232221900000000e+15 5.496151965299999944e+36 1.670529999999999913e+39 1.000000000000000000e+00 0.000000000000000000e+00
7.026978249200000000e+15 5.458123389900000397e+36 1.665530000000000081e+39 1.000000000000000000e+00 0.000000000000000000e+00
6.984850934800000000e+15 5.420208806900000151e+36 1.660529999999999946e+39 1.000000000000000000e+00 0.000000000000000000e+00
6.942850278800000000e+15 5.382408216499999693e+36 1.655530000000000113e+39 1.000000000000000000e+00 0.000000000000000000e+00
6.900976281100000000e+15 5.344721618499999717e+36 1.650529999999999978e+39 1.000000000000000000e+00 0.000000000000000000e+00
6.859228941600000000e+15 5.307149012999999877e+36 1.645530000000000145e+39 1.000000000000000000e+00 0.000000000000000000e+00
6.817608260500000000e+15 5.269690400000000171e+36 1.640530000000000010e+39 1.000000000000000000e+00 0.000000000000000000e+00
6.776114237700000000e+15 5.232345779500000009e+36 1.635529999999999875e+39 1.000000000000000000e+00 0.000000000000000000e+00
6.734746873200000000e+15 5.195115151499999982e+36 1.630530000000000043e+39 1.000000000000000000e+00 0.000000000000000000e+00
6.693506167100000000e+15 5.157998515899999848e+36 1.625529999999999908e+39 1.000000000000000000e+00 0.000000000000000000e+00
6.652392119200000000e+15 5.120995872799999848e+36 1.620530000000000075e+39 1.000000000000000000e+00 0.000000000000000000e+00
6.611404729600000000e+15 5.084107222199999984e+36 1.615529999999999940e+39 1.000000000000000000e+00 0.000000000000000000e+00
6.570543998400000000e+15 5.047332564100000254e+36 1.610530000000000107e+39 1.000000000000000000e+00 0.000000000000000000e+00
6.529809925500000000e+15 5.010671898500000068e+36 1.605529999999999972e+39 1.000000000000000000e+00 0.000000000000000000e+00
6.489202510800000000e+15 4.974125225299999775e+36 1.600530000000000140e+39 1.000000000000000000e+00 0.000000000000000000e+00
6.448721754500000000e+15 4.937692544699999859e+36 1.595530000000000005e+39 1.000000000000000000e+00 0.000000000000000000e+00
6.408367656500000000e+15 4.901373856499999836e+36 1.590529999999999870e+39 1.000000000000000000e+00 0.000000000000000000e+00
6.368140216900000000e+15 4.865169160700000295e+36 1.585530000000000037e+39 1.000000000000000000e+00 0.000000000000000000e+00
6.328039435500000000e+15 4.829078457499999951e+36 1.580529999999999902e+39 1.000000000000000000e+00 0.000000000000000000e+00
6.288065312400000000e+15 4.793101746700000089e+36 1.575530000000000069e+39 1.000000000000000000e+00 0.000000000000000000e+00
6.248217847700000000e+15 4.757239028500000015e+36 1.570529999999999934e+39 1.000000000000000000e+00 0.000000000000000000e+00
6.208497041200000000e+15 4.721490302699999833e+36 1.565530000000000102e+39 1.000000000000000000e+00 0.000000000000000000e+00
6.168902893100000000e+15 4.685855569399999785e+36 1.560529999999999967e+39 1.000000000000000000e+00 0.000000000000000000e+00
6.129435403300000000e+15 4.650334828500000221e+36 1.555530000000000134e+39 1.000000000000000000e+00 0.000000000000000000e+00
6.090094571800000000e+15 4.614928080199999852e+36 1.550529999999999999e+39 1.000000000000000000e+00 0.000000000000000000e+00
6.050880398600000000e+15 4.579635324299999967e+36 1.545529999999999864e+39 1.000000000000000000e+00 0.000000000000000000e+00
6.011792883700000000e+15 4.544456560900000216e+36 1.540530000000000031e+39 1.000000000000000000e+00 0.000000000000000000e+00
5.972832027100000000e+15 4.509391790000000010e+36 1.535529999999999897e+39 1.000000000000000000e+00 0.000000000000000000e+00
5.933997828900000000e+15 4.474441011599999939e+36 1.530530000000000064e+39 1.000000000000000000e+00 0.000000000000000000e+00
5.895290288900000000e+15 4.439604225599999760e+36 1.525529999999999929e+39 1.000000000000000000e+00 0.000000000000000000e+00
5.856709407300000000e+15 4.404881432099999716e+36 1.520530000000000096e+39 1.000000000000000000e+00 0.000000000000000000e+00
5.818255184000000000e+15 4.370272631099999807e+36 1.515529999999999961e+39 1.000000000000000000e+00 0.000000000000000000e+00
5.779927618900000000e+15 4.335777822600000032e+36 1.510530000000000128e+39 1.000000000000000000e+00 0.000000000000000000e+00
5.741726712200000000e+15 4.301397006599999802e+36 1.505529999999999994e+39 1.000000000000000000e+00 0.000000000000000000e+00
5.703652463900000000e+15 4.267130183000000055e+36 1.500529999999999859e+39 1.000000000000000000e+00 0.000000000000000000e+00
5.665704873800000000e+15 4.232977352000000095e+36 1.495530000000000026e+39 1.000000000000000000e+00 0.000000000000000000e+00
5.627883942000000000e+15 4.198938513400000027e+36 1.490529999999999891e+39 1.000000000000000000e+00 0.000000000000000000e+00
5.590189668600000000e+15 4.165013667300000093e+36 1.485530000000000058e+39 1.000000000000000000e+00 0.000000000000000000e+00
5.552622053400000000e+15 4.131202813600000053e+36 1.480529999999999923e+39 1.000000000000000000e+00 0.000000000000000000e+00
5.515181096600000000e+15 4.097505952499999799e+36 1.475530000000000091e+39 1.000000000000000000e+00 0.000000000000000000e+00
5.477866798100000000e+15 4.063923083800000027e+36 1.470529999999999956e+39 1.000000000000000000e+00 0.000000000000000000e+00
5.440679157900000000e+15 4.030454207599999801e+36 1.465530000000000123e+39 1.000000000000000000e+00 0.000000000000000000e+00
5.403618176000000000e+15 3.997099323899999709e+36 1.460529999999999988e+39 1.000000000000000000e+00 0.000000000000000000e+00
5.366683852400000000e+15 3.963858432699999752e+36 1.455529999999999853e+39 1.000000000000000000e+00 0.000000000000000000e+00
5.329876187100000000e+15 3.930731533900000277e+36 1.450530000000000020e+39 1.000000000000000000e+00 0.000000000000000000e+00
5.293195180100000000e+15 3.897718627699999999e+36 1.445529999999999885e+39 1.000000000000000000e+00 0.000000000000000000e+00
5.256640831500000000e+15 3.864819713900000204e+36 1.440530000000000053e+39 1.000000000000000000e+00 0.000000000000000000e+00
5.220213141100000000e+15 3.832034792599999954e+36 1.435529999999999918e+39 1.000000000000000000e+00 0.000000000000000000e+00
5.183912109100000000e+15 3.799363863799999838e+36 1.430530000000000085e+39 1.000000000000000000e+00 0.000000000000000000e+00
5.147737735400000000e+15 3.766806927400000205e+36 1.425529999999999950e+39 1.000000000000000000e+00 0.000000000000000000e+00
5.111690020000000000e+15 3.734363983599999768e+36 1.420530000000000117e+39 1.000000000000000000e+00 0.000000000000000000e+00
5.075768962900000000e+15 3.702035032199999814e+36 1.415529999999999982e+39 1.000000000000000000e+00 0.000000000000000000e+00
5.039974564100000000e+15 3.669820073299999995e+36 1.410530000000000150e+39 1.000000000000000000e+00 0.000000000000000000e+00
5.004306823600000000e+15 3.637719106800000069e+36 1.405530000000000015e+39 1.000000000000000000e+00 0.000000000000000000e+00
4.968765741500000000e+15 3.605732132899999929e+36 1.400529999999999880e+39 1.000000000000000000e+00 0.000000000000000000e+00
4.933351317600000000e+15 3.573859151400000272e+36 1.395530000000000047e+39 1.000000000000000000e+00 0.000000000000000000e+00
4.898063552100000000e+15 3.542100162400000159e+36 1.390529999999999912e+39 1.000000000000000000e+00 0.000000000000000000e+00
4.862902444900000000e+15 3.510455165900000181e+36 1.385530000000000079e+39 1.000000000000000000e+00 0.000000000000000000e+00
4.827867996000000000e+15 3.478924161899999748e+36 1.380529999999999944e+39 1.000000000000000000e+00 0.000000000000000000e+00
4.792960205300000000e+15 3.447507150400000040e+36 1.375530000000000112e+39 1.000000000000000000e+00 0.000000000000000000e+00
4.758179073100000000e+15 3.416204131300000224e+36 1.370529999999999977e+39 1.000000000000000000e+00 0.000000000000000000e+00
4.723524599100000000e+15 3.385015104699999953e+36 1.365530000000000144e+39 1.000000000000000000e+00 0.000000000000000000e+00
4.688996783400000000e+15 3.353940070599999817e+36 1.360530000000000009e+39 1.000000000000000000e+00 0.000000000000000000e+00
4.654595626100000000e+15 3.322979028999999815e+36 1.355530000000000025e+39 1.000000000000000000e+00 0.000000000000000000e+00
4.620321127000000000e+15 3.292131979899999948e+36 1.350530000000000041e+39 1.000000000000000000e+00 0.000000000000000000e+00
4.586173286300000000e+15 3.261398923199999974e+36 1.345530000000000058e+39 1.000000000000000000e+00 0.000000000000000000e+00
4.552152103900000000e+15 3.230779859000000134e+36 1.340530000000000074e+39 1.000000000000000000e+00 0.000000000000000000e+00
4.518257579700000000e+15 3.200274787299999839e+36 1.335529999999999939e+39 1.000000000000000000e+00 0.000000000000000000e+00
4.484489713900000000e+15 3.169883708100000269e+36 1.330529999999999955e+39 1.000000000000000000e+00 0.000000000000000000e+00
4.450848506500000000e+15 3.139606621400000243e+36 1.325529999999999971e+39 1.000000000000000000e+00 0.000000000000000000e+00
4.417333957300000000e+15 3.109443527100000110e+36 1.320529999999999987e+39 1.000000000000000000e+00 0.000000000000000000e+00
4.383946066400000000e+15 3.079394425300000111e+36 1.315530000000000003e+39 1.000000000000000000e+00 0.000000000000000000e+00
4.350684833900000000e+15 3.049459316000000248e+36 1.310530000000000020e+39 1.000000000000000000e+00 0.000000000000000000e+00
4.317550259600000000e+15 3.019638199199999929e+36 1.305530000000000036e+39 1.000000000000000000e+00 0.000000000000000000e+00
4.284542343700000000e+15 2.989931074899999744e+36 1.300530000000000052e+39 1.000000000000000000e+00 0.000000000000000000e+00
4.251661086100000000e+15 2.960337943000000043e+36 1.295530000000000068e+39 1.000000000000000000e+00 0.000000000000000000e+00
4.218906486800000000e+15 2.930858803700000128e+36 1.290529999999999933e+39 1.000000000000000000e+00 0.000000000000000000e+00
4.186278545800000000e+15 2.901493656800000106e+36 1.285529999999999949e+39 1.000000000000000000e+00 0.000000000000000000e+00
4.153777263100000000e+15 2.872242502400000218e+36 1.280529999999999966e+39 1.000000000000000000e+00 0.000000000000000000e+00
4.121402638700000000e+15 2.843105340400000223e+36 1.275529999999999982e+39 1.000000000000000000e+00 0.000000000000000000e+00
4.089154672700000000e+15 2.814082171000000015e+36 1.270529999999999998e+39 1.000000000000000000e+00 0.000000000000000000e+00
4.057033364900000000e+15 2.785172994000000290e+36 1.265530000000000014e+39 1.000000000000000000e+00 0.000000000000000000e+00
4.025038715500000000e+15 2.756377809500000109e+36 1.260530000000000030e+39 1.000000000000000000e+00 0.000000000000000000e+00
3.993170724300000000e+15 2.727696617500000062e+36 1.255530000000000046e+39 1.000000000000000000e+00 0.000000000000000000e+00
3.961429391500000000e+15 2.699129417899999909e+36 1.250530000000000063e+39 1.000000000000000000e+00 0.000000000000000000e+00
3.929814717000000000e+15 2.670676210900000132e+36 1.245529999999999928e+39 1.000000000000000000e+00 0.000000000000000000e+00
3.898326700800000000e+15 2.642336996299999953e+36 1.240529999999999944e+39 1.000000000000000000e+00 0.000000000000000000e+00
3.866965343000000000e+15 2.614111774199999908e+36 1.235529999999999960e+39 1.000000000000000000e+00 0.000000000000000000e+00
3.835730643400000000e+15 2.586000544599999998e+36 1.230529999999999976e+39 1.000000000000000000e+00 0.000000000000000000e+00
3.804622602100000000e+15 2.558003307499999928e+36 1.225529999999999992e+39 1.000000000000000000e+00 0.000000000000000000e+00
3.773641219200000000e+15 2.530120062800000046e+36 1.220530000000000008e+39 1.000000000000000000e+00 0.000000000000000000e+00
3.742786494600000000e+15 2.502350810699999950e+36 1.215530000000000025e+39 1.000000000000000000e+00 0.000000000000000000e+00
3.712058428200000000e+15 2.474695551000000042e+36 1.210530000000000041e+39 1.000000000000000000e+00 0.000000000000000000e+00
3.681457020200000000e+15 2.447154283799999973e+36 1.205530000000000057e+39 1.000000000000000000e+00 0.000000000000000000e+00
3.650982270500000000e+15 2.419727009000000092e+36 1.200530000000000073e+39 1.000000000000000000e+00 0.000000000000000000e+00
3.620634179100000000e+15 2.392413726799999998e+36 1.195529999999999938e+39 1.000000000000000000e+00 0.000000000000000000e+00
3.590412746100000000e+15 2.365214437000000092e+36 1.190529999999999954e+39 1.000000000000000000e+00 0.000000000000000000e+00
3.560317971300000000e+15 2.338129139700000025e+36 1.185529999999999971e+39 1.000000000000000000e+00 0.000000000000000000e+00
3.530349854800000000e+15 2.311157834900000093e+36 1.180529999999999987e+39 1.000000000000000000e+00 0.000000000000000000e+00
3.500508396700000000e+15 2.284300522600000000e+36 1.175530000000000003e+39 1.000000000000000000e+00 0.000000000000000000e+00
3.470793596900000000e+15 2.257557202700000096e+36 1.170530000000000019e+39 1.000000000000000000e+00 0.000000000000000000e+00
3.441205455300000000e+15 2.230927875399999978e+36 1.165530000000000035e+39 1.000000000000000000e+00 0.000000000000000000e+00
3.411743972100000000e+15 2.204412540500000047e+36 1.160530000000000051e+39 1.000000000000000000e+00 0.000000000000000000e+00
3.382409147200000000e+15 2.178011198099999956e+36 1.155530000000000068e+39 1.000000000000000000e+00 0.000000000000000000e+00
3.353200980700000000e+15 2.151723848200000000e+36 1.150529999999999933e+39 1.000000000000000000e+00 0.000000000000000000e+00
3.324119472400000000e+15 2.125550490699999937e+36 1.145529999999999949e+39 1.000000000000000000e+00 0.000000000000000000e+00
3.295164622400000000e+15 2.099491125799999955e+36 1.140529999999999965e+39 1.000000000000000000e+00 0.000000000000000000e+00
3.266336430800000000e+15 2.073545753299999866e+36 1.135529999999999981e+39 1.000000000000000000e+00 0.000000000000000000e+00
3.237634897400000000e+15 2.047714373299999912e+36 1.130529999999999997e+39 1.000000000000000000e+00 0.000000000000000000e+00
3.209060022400000000e+15 2.021996985700000145e+36 1.125530000000000013e+39 1.000000000000000000e+00 0.000000000000000000e+00
3.180611805700000000e+15 1.996393590699999870e+36 1.120530000000000030e+39 1.000000000000000000e+00 0.000000000000000000e+00
3.152290247300000000e+15 1.970904188100000078e+36 1.115530000000000046e+39 1.000000000000000000e+00 0.000000000000000000e+00
3.124095347200000000e+15 1.945528778000000125e+36 1.110530000000000062e+39 1.000000000000000000e+00 0.000000000000000000e+00
3.096027105400000000e+15 1.920267360400000012e+36 1.105529999999999927e+39 1.000000000000000000e+00 0.000000000000000000e+00
3.068085522000000000e+15 1.895119935300000034e+36 1.100529999999999943e+39 1.000000000000000000e+00 0.000000000000000000e+00
3.040270596800000000e+15 1.870086502699999895e+36 1.095529999999999959e+39 1.000000000000000000e+00 0.000000000000000000e+00
3.012582329900000000e+15 1.845167062499999944e+36 1.090529999999999975e+39 1.000000000000000000e+00 0.000000000000000000e+00
2.985020721400000000e+15 1.820361614800000128e+36 1.085529999999999992e+39 1.000000000000000000e+00 0.000000000000000000e+00
2.957585771200000000e+15 1.795670159599999856e+36 1.080530000000000008e+39 1.000000000000000000e+00 0.000000000000000000e+00
2.930277479300000000e+15 1.771092696900000015e+36 1.075530000000000024e+39 1.000000000000000000e+00 0.000000000000000000e+00
2.903095845700000000e+15 1.746629226700000012e+36 1.070530000000000040e+39 1.000000000000000000e+00 0.000000000000000000e+00
2.876040870400000000e+15 1.722279748899999903e+36 1.065530000000000056e+39 1.000000000000000000e+00 0.000000000000000000e+00
2.849112553400000000e+15 1.698044263599999928e+36 1.060530000000000072e+39 1.000000000000000000e+00 0.000000000000000000e+00
2.822310894700000000e+15 1.673922770800000088e+36 1.055529999999999938e+39 1.000000000000000000e+00 0.000000000000000000e+00
2.795635894400000000e+15 1.649915270500000087e+36 1.050529999999999954e+39 1.000000000000000000e+00 0.000000000000000000e+00
2.769087552400000000e+15 1.626021762699999926e+36 1.045529999999999970e+39 1.000000000000000000e+00 0.000000000000000000e+00
2.742665868600000000e+15 1.602242247299999953e+36 1.040529999999999986e+39 1.000000000000000000e+00 0.000000000000000000e+00
2.716370843200000000e+15 1.578576724400000114e+36 1.035530000000000002e+39 1.000000000000000000e+00 0.000000000000000000e+00
2.690202476100000000e+15 1.555025194100000063e+36 1.030530000000000018e+39 1.000000000000000000e+00 0.000000000000000000e+00
2.664160767300000000e+15 1.531587656099999956e+36 1.025530000000000035e+39 1.000000000000000000e+00 0.000000000000000000e+00
2.638245716800000000e+15 1.508264110699999932e+36 1.020530000000000051e+39 1.000000000000000000e+00 0.000000000000000000e+00
2.612457324600000000e+15 1.485054557700000095e+36 1.015530000000000067e+39 1.000000000000000000e+00 0.000000000000000000e+00
2.586795590800000000e+15 1.461958997300000045e+36 1.010529999999999932e+39 1.000000000000000000e+00 0.000000000000000000e+00
2.561260515200000000e+15 1.438977429299999888e+36 1.005529999999999948e+39 1.000000000000000000e+00 0.000000000000000000e+00
2.535852098000000000e+15 1.416109853799999865e+36 1.000529999999999964e+39 1.000000000000000000e+00 0.000000000000000000e+00
2.510590513800000000e+15 1.393374428000000112e+36 9.955340000000000263e+38 1.000000000000000000e+00 0.000000000000000000e+00
2.485435311900000000e+15 1.370734746300000110e+36 9.905340000000000424e+38 1.000000000000000000e+00 0.000000000000000000e+00
2.460406768300000000e+15 1.348209057000000001e+36 9.855340000000000586e+38 1.000000000000000000e+00 0.000000000000000000e+00
2.435504882900000000e+15 1.325797360200000026e+36 9.805340000000000748e+38 1.000000000000000000e+00 0.000000000000000000e+00
2.410729655900000000e+15 1.303499655900000039e+36 9.755339999999999398e+38 1.000000000000000000e+00 0.000000000000000000e+00
2.386081087200000000e+15 1.281315944100000039e+36 9.705339999999999560e+38 1.000000000000000000e+00 0.000000000000000000e+00
2.361559176900000000e+15 1.259246224699999932e+36 9.655339999999999722e+38 1.000000000000000000e+00 0.000000000000000000e+00
2.337163924800000000e+15 1.237290497900000054e+36 9.605339999999999883e+38 1.000000000000000000e+00 0.000000000000000000e+00
2.312895331000000000e+15 1.215448763500000068e+36 9.555340000000000045e+38 1.000000000000000000e+00 0.000000000000000000e+00
2.288753395600000000e+15 1.193721021600000070e+36 9.505340000000000207e+38 1.000000000000000000e+00 0.000000000000000000e+00
2.264738118400000000e+15 1.172107272200000059e+36 9.455340000000000368e+38 1.000000000000000000e+00 0.000000000000000000e+00
2.240849499600000000e+15 1.150607515199999940e+36 9.405340000000000530e+38 1.000000000000000000e+00 0.000000000000000000e+00
2.217087539100000000e+15 1.129221750800000051e+36 9.355340000000000692e+38 1.000000000000000000e+00 0.000000000000000000e+00
2.193452236900000000e+15 1.107949978800000054e+36 9.305339999999999342e+38 1.000000000000000000e+00 0.000000000000000000e+00
2.169943593000000000e+15 1.086792199300000045e+36 9.255339999999999504e+38 1.000000000000000000e+00 0.000000000000000000e+00
2.146561607400000000e+15 1.065748412199999928e+36 9.205339999999999666e+38 1.000000000000000000e+00 0.000000000000000000e+00
2.123306280100000000e+15 1.044818617700000041e+36 9.155339999999999827e+38 1.000000000000000000e+00 0.000000000000000000e+00
2.100177611200000000e+15 1.024002815600000046e+36 9.105339999999999989e+38 1.000000000000000000e+00 0.000000000000000000e+00
2.077175600500000000e+15 1.003301006099999985e+36 9.055340000000000151e+38 1.000000000000000000e+00 0.000000000000000000e+00
2.054300248200000000e+15 9.827131889499999908e+35 9.005340000000000312e+38 1.000000000000000000e+00 0.000000000000000000e+00
2.031551554200000000e+15 9.622393643299999975e+35 8.955340000000000474e+38 1.000000000000000000e+00 0.000000000000000000e+00
2.008929518500000000e+15 9.418795321900000315e+35 8.905340000000000636e+38 1.000000000000000000e+00 0.000000000000000000e+00
1.986434141100000000e+15 9.216336925299999452e+35 8.855339999999999286e+38 1.000000000000000000e+00 0.000000000000000000e+00
1.964065422000000000e+15 9.015018453500000338e+35 8.805339999999999448e+38 1.000000000000000000e+00 0.000000000000000000e+00
1.941823361200000000e+15 8.814839906500000021e+35 8.755339999999999610e+38 1.000000000000000000e+00 0.000000000000000000e+00
1.919707958700000000e+15 8.615801284299999976e+35 8.705339999999999771e+38 1.000000000000000000e+00 0.000000000000000000e+00
1.897719214600000000e+15 8.417902586900000205e+35 8.655339999999999933e+38 1.000000000000000000e+00 0.000000000000000000e+00
1.875857128700000000e+15 8.221143814300000706e+35 8.605340000000000095e+38 1.000000000000000000e+00 0.000000000000000000e+00
1.854121701200000000e+15 8.025524966500000005e+35 8.555340000000000256e+38 1.000000000000000000e+00 0.000000000000000000e+00
1.832512932000000000e+15 7.831046043499999577e+35 8.505340000000000418e+38 1.000000000000000000e+00 0.000000000000000000e+00
1.811030821100000000e+15 7.637707045299999421e+35 8.455340000000000580e+38 1.000000000000000000e+00 0.000000000000000000e+00
1.789675368500000000e+15 7.445507972000000076e+35 8.405340000000000741e+38 1.000000000000000000e+00 0.000000000000000000e+00
1.768446574200000000e+15 7.254448823400000466e+35 8.355339999999999392e+38 1.000000000000000000e+00 0.000000000000000000e+00
1.747344438200000000e+15 7.064529599599999653e+35 8.305339999999999554e+38 1.000000000000000000e+00 0.000000000000000000e+00
1.726368960600000000e+15 6.875750300699999651e+35 8.255339999999999715e+38 1.000000000000000000e+00 0.000000000000000000e+00
1.705520141200000000e+15 6.688110926499999384e+35 8.205339999999999877e+38 1.000000000000000000e+00 0.000000000000000000e+00
1.684797980200000000e+15 6.501611477100000128e+35 8.155340000000000039e+38 1.000000000000000000e+00 0.000000000000000000e+00
1.664202477400000000e+15 6.316251952600000206e+35 8.105340000000000200e+38 1.000000000000000000e+00 0.000000000000000000e+00
1.643733633000000000e+15 6.132032352800000020e+35 8.055340000000000362e+38 1.000000000000000000e+00 0.000000000000000000e+00
1.623391446900000000e+15 5.948952677899999906e+35 8.005340000000000524e+38 1.000000000000000000e+00 0.000000000000000000e+00
1.603175919100000000e+15 5.767012927700000266e+35 7.955340000000000685e+38 1.000000000000000000e+00 0.000000000000000000e+00
1.583087049600000000e+15 5.586213102399999960e+35 7.905339999999999336e+38 1.000000000000000000e+00 0.000000000000000000e+00
1.563124838500000000e+15 5.406553201899999927e+35 7.855339999999999498e+38 1.000000000000000000e+00 0.000000000000000000e+00
1.543289285600000000e+15 5.228033226100000367e+35 7.805339999999999659e+38 1.000000000000000000e+00 0.000000000000000000e+00
1.523580391100000000e+15 5.050653175200000142e+35 7.755339999999999821e+38 1.000000000000000000e+00 0.000000000000000000e+00
1.503998154800000000e+15 4.874413049100000190e+35 7.705339999999999983e+38 1.000000000000000000e+00 0.000000000000000000e+00
1.484542576900000000e+15 4.699312847799999773e+35 7.655340000000000144e+38 1.000000000000000000e+00 0.000000000000000000e+00
1.465213657300000000e+15 4.525352571199999829e+35 7.605340000000000306e+38 1.000000000000000000e+00 0.000000000000000000e+00
1.446011396000000000e+15 4.352532219499999958e+35 7.555340000000000468e+38 3.985074626899999917e+00 0.000000000000000000e+00
1.433283465200000000e+15 4.238873601000000276e+35 7.505340000000000629e+38 3.985074626899999917e+00 0.000000000000000000e+00
1.420638834800000000e+15 4.127452902199999757e+35 7.455339999999999280e+38 3.985074626899999917e+00 0.000000000000000000e+00
1.408076406800000000e+15 4.018240625499999791e+35 7.405339999999999442e+38 3.985074626899999917e+00 0.000000000000000000e+00
1.395595090400000000e+15 3.911207467100000084e+35 7.355339999999999603e+38 3.985074626899999917e+00 0.000000000000000000e+00
1.383193802100000000e+15 3.806324317700000205e+35 7.305339999999999765e+38 3.985074626899999917e+00 0.000000000000000000e+00
1.370871465700000000e+15 3.703562262200000186e+35 7.255339999999999927e+38 3.985074626899999917e+00 0.000000000000000000e+00
1.358627012000000000e+15 3.602892579800000324e+35 7.205340000000000088e+38 3.985074626899999917e+00 0.000000000000000000e+00
1.346459379300000000e+15 3.504286744100000242e+35 7.155340000000000250e+38 3.985074626899999917e+00 0.000000000000000000e+00
1.334367513000000000e+15 3.407716422900000026e+35 7.105340000000000412e+38 3.985074626899999917e+00 0.000000000000000000e+00
1.322350365600000000e+15 3.313153478499999994e+35 7.055340000000000573e+38 3.985074626899999917e+00 0.000000000000000000e+00
1.310406897200000000e+15 3.220569967300000023e+35 7.005340000000000735e+38 3.985074626899999917e+00 0.000000000000000000e+00
1.298536074800000000e+15 3.129938140399999821e+35 6.955339999999999386e+38 3.985074626899999917e+00 0.000000000000000000e+00
1.286736872800000000e+15 3.041230443200000096e+35 6.905339999999999547e+38 3.985074626899999917e+00 0.000000000000000000e+00
1.275008272800000000e+15 2.954419515599999947e+35 6.855339999999999709e+38 3.985074626899999917e+00 0.000000000000000000e+00
1.263349263600000000e+15 2.869478191799999839e+35 6.805339999999999871e+38 3.985074626899999917e+00 0.000000000000000000e+00
1.251758841300000000e+15 2.786379500599999903e+35 6.755340000000000032e+38 3.985074626899999917e+00 0.000000000000000000e+00
1.240236009100000000e+15 2.705096665300000132e+35 6.705340000000000194e+38 3.985074626899999917e+00 0.000000000000000000e+00
1.228779777700000000e+15 2.625603103700000014e+35 6.655340000000000356e+38 3.985074626899999917e+00 0.000000000000000000e+00
1.217389164800000000e+15 2.547872428100000005e+35 6.605339999999999762e+38 3.985074626899999917e+00 0.000000000000000000e+00
1.206063195600000000e+15 2.471878445500000026e+35 6.555339999999999924e+38 3.985074626899999917e+00 0.000000000000000000e+00
1.194800902100000000e+15 2.397595157300000060e+35 6.505340000000000085e+38 3.985074626899999917e+00 0.000000000000000000e+00
1.183601324000000000e+15 2.324996759700000088e+35 6.455340000000000247e+38 3.985074626899999917e+00 0.000000000000000000e+00
1.172463508100000000e+15 2.254057643300000159e+35 6.405339999999999653e+38 3.985074626899999917e+00 0.000000000000000000e+00
1.161386508300000000e+15 2.184752393699999916e+35 6.355339999999999815e+38 3.985074626899999917e+00 0.000000000000000000e+00
1.150369385900000000e+15 2.117055790699999840e+35 6.305339999999999976e+38 3.985074626899999917e+00 0.000000000000000000e+00
1.139411209400000000e+15 2.050942809299999975e+35 6.255340000000000138e+38 3.985074626899999917e+00 0.000000000000000000e+00
1.128511054600000000e+15 1.986388618900000062e+35 6.205340000000000300e+38 3.985074626899999917e+00 0.000000000000000000e+00
1.117668004500000000e+15 1.923368583800000010e+35 6.155339999999999706e+38 3.985074626899999917e+00 0.000000000000000000e+00
1.106881149300000000e+15 1.861858262900000128e+35 6.105339999999999868e+38 3.985074626899999917e+00 0.000000000000000000e+00
1.096149586500000000e+15 1.801833410000000157e+35 6.055340000000000029e+38 3.985074626899999917e+00 0.000000000000000000e+00
1.085472420900000000e+15 1.743269973800000004e+35 6.005340000000000191e+38 3.985074626899999917e+00 0.000000000000000000e+00
1.074848764400000000e+15 1.686144097700000147e+35 5.955340000000000353e+38 3.985074626899999917e+00 0.000000000000000000e+00
1.064277736400000000e+15 1.630432120099999925e+35 5.905339999999999759e+38 3.985074626899999917e+00 0.000000000000000000e+00
1.053758463400000000e+15 1.576110574099999984e+35 5.855339999999999920e+38 3.985074626899999917e+00 0.000000000000000000e+00
1.043290079100000000e+15 1.523156187800000014e+35 5.805340000000000082e+38 3.985074626899999917e+00 0.000000000000000000e+00
1.032871724500000000e+15 1.471545884400000029e+35 5.755340000000000244e+38 3.985074626899999917e+00 0.000000000000000000e+00
1.022502547900000000e+15 1.421256781800000056e+35 5.705339999999999650e+38 3.985074626899999917e+00 0.000000000000000000e+00
1.012181705000000000e+15 1.372266193100000060e+35 5.655339999999999812e+38 3.985074626899999917e+00 0.000000000000000000e+00
1.001908358400000000e+15 1.324551626200000006e+35 5.605339999999999973e+38 3.985074626899999917e+00 0.000000000000000000e+00
9.916816782100000000e+14 1.278090784199999977e+35 5.555340000000000135e+38 3.985074626899999917e+00 0.000000000000000000e+00
9.815008417800000000e+14 1.232861565300000011e+35 5.505340000000000297e+38 3.985074626899999917e+00 0.000000000000000000e+00
9.713650336900000000e+14 1.188842062699999929e+35 5.455339999999999703e+38 3.985074626899999917e+00 0.000000000000000000e+00
9.612734457600000000e+14 1.146010564700000056e+35 5.405339999999999864e+38 3.985074626899999917e+00 0.000000000000000000e+00
9.512252771200000000e+14 1.104345554699999934e+35 5.355340000000000026e+38 3.985074626899999917e+00 0.000000000000000000e+00
9.412197341200000000e+14 1.063825711499999928e+35 5.305340000000000188e+38 3.985074626899999917e+00 0.000000000000000000e+00
9.312560304100000000e+14 1.024429908800000022e+35 5.255340000000000350e+38 3.985074626899999917e+00 0.000000000000000000e+00
9.213333869000000000e+14 9.861372157500000002e+34 5.205339999999999756e+38 3.985074626899999917e+00 0.000000000000000000e+00
9.114510317500000000e+14 9.489268966799999955e+34 5.155339999999999917e+38 3.985074626899999917e+00 0.000000000000000000e+00
9.016082004000000000e+14 9.127784111599999950e+34 5.105340000000000079e+38 3.985074626899999917e+00 0.000000000000000000e+00
8.918041355700000000e+14 8.776714141199999707e+34 5.055340000000000241e+38 3.985074626899999917e+00 0.000000000000000000e+00
8.820380872300000000e+14 8.435857558099999592e+34 5.005339999999999647e+38 3.985074626899999917e+00 0.000000000000000000e+00
8.723093126500000000e+14 8.105014818200000219e+34 4.955339999999999809e+38 3.985074626899999917e+00 0.000000000000000000e+00
8.626170763400000000e+14 7.783988331800000444e+34 4.905339999999999970e+38 3.985074626899999917e+00 0.000000000000000000e+00
8.529606501100000000e+14 7.472582463200000009e+34 4.855340000000000132e+38 3.985074626899999917e+00 0.000000000000000000e+00
8.433393130300000000e+14 7.170603531200000392e+34 4.805340000000000294e+38 3.985074626899999917e+00 0.000000000000000000e+00
8.337523514600000000e+14 6.877859809500000306e+34 4.755339999999999700e+38 3.985074626899999917e+00 0.000000000000000000e+00
8.241990590200000000e+14 6.594161526999999720e+34 4.705339999999999861e+38 3.985074626899999917e+00 0.000000000000000000e+00
8.146787366200000000e+14 6.319320867799999850e+34 4.655340000000000023e+38 3.985074626899999917e+00 0.000000000000000000e+00
8.051906924600000000e+14 6.053151972100000440e+34 4.605340000000000185e+38 3.985074626899999917e+00 0.000000000000000000e+00
7.957342419900000000e+14 5.795470935900000358e+34 4.555340000000000346e+38 3.985074626899999917e+00 0.000000000000000000e+00
7.863087079800000000e+14 5.546095811600000089e+34 4.505339999999999753e+38 3.985074626899999917e+00 0.000000000000000000e+00
7.769134204400000000e+14 5.304846608499999804e+34 4.455339999999999914e+38 3.985074626899999917e+00 0.000000000000000000e+00
7.675477167200000000e+14 5.071545292699999565e+34 4.405340000000000076e+38 3.985074626899999917e+00 0.000000000000000000e+00
7.582109413900000000e+14 4.846015787699999966e+34 4.355340000000000238e+38 3.985074626899999917e+00 0.000000000000000000e+00
7.489081253100000000e+14 4.634711531300000016e+34 4.305339999999999644e+38 3.564102564100000148e+00 0.000000000000000000e+00
7.396249375200000000e+14 4.445712202799999568e+34 4.255339999999999805e+38 3.564102564100000148e+00 0.000000000000000000e+00
7.303660563800000000e+14 4.262322098800000118e+34 4.205339999999999967e+38 3.564102564100000148e+00 0.000000000000000000e+00
7.211310366500000000e+14 4.084438475699999806e+34 4.155340000000000129e+38 3.564102564100000148e+00 0.000000000000000000e+00
7.119194360900000000e+14 3.911959277100000059e+34 4.105340000000000290e+38 3.564102564100000148e+00 0.000000000000000000e+00
7.027308154600000000e+14 3.744783136800000049e+34 4.055339999999999697e+38 3.564102564100000148e+00 0.000000000000000000e+00
6.935647384900000000e+14 3.582809382400000079e+34 4.005339999999999858e+38 3.564102564100000148e+00 0.000000000000000000e+00
6.844207719800000000e+14 3.425938039799999950e+34 3.955340000000000020e+38 3.564102564100000148e+00 0.000000000000000000e+00
6.752984857300000000e+14 3.274069836100000063e+34 3.905340000000000182e+38 3.564102564100000148e+00 0.000000000000000000e+00
6.661974526300000000e+14 3.127106203900000186e+34 3.855340000000000343e+38 3.564102564100000148e+00 0.000000000000000000e+00
6.571172486200000000e+14 2.984949285100000138e+34 3.805339999999999749e+38 3.564102564100000148e+00 0.000000000000000000e+00
6.480574527400000000e+14 2.847501934900000076e+34 3.755339999999999911e+38 3.564102564100000148e+00 0.000000000000000000e+00
6.390176471400000000e+14 2.714667725999999917e+34 3.705340000000000073e+38 3.564102564100000148e+00 0.000000000000000000e+00
6.299974171000000000e+14 2.586350952600000090e+34 3.655340000000000234e+38 3.564102564100000148e+00 0.000000000000000000e+00
6.209963510200000000e+14 2.462456634699999831e+34 3.605339999999999641e+38 3.564102564100000148e+00 0.000000000000000000e+00
6.120140405100000000e+14 2.342890522200000041e+34 3.555339999999999802e+38 3.564102564100000148e+00 0.000000000000000000e+00
6.030500803200000000e+14 2.227559099900000182e+34 3.505339999999999964e+38 3.564102564100000148e+00 0.000000000000000000e+00
5.941040684200000000e+14 2.116369591000000025e+34 3.455340000000000126e+38 3.564102564100000148e+00 0.000000000000000000e+00
5.851756060000000000e+14 2.009229962799999993e+34 3.405340000000000287e+38 3.564102564100000148e+00 0.000000000000000000e+00
5.762642975000000000e+14 1.906048930399999967e+34 3.355340000000000071e+38 3.564102564100000148e+00 0.000000000000000000e+00
5.673697506100000000e+14 1.806735962099999998e+34 3.305339999999999855e+38 3.564102564100000148e+00 0.000000000000000000e+00
5.584915763100000000e+14 1.711201284000000084e+34 3.255340000000000017e+38 3.564102564100000148e+00 0.000000000000000000e+00
5.496293888800000000e+14 1.619355885100000093e+34 3.205340000000000178e+38 3.564102564100000148e+00 0.000000000000000000e+00
5.407828059500000000e+14 1.531111522100000061e+34 3.155339999999999962e+38 3.564102564100000148e+00 0.000000000000000000e+00
5.319514484700000000e+14 1.446380725100000071e+34 3.105340000000000124e+38 3.564102564100000148e+00 0.000000000000000000e+00
5.231349407700000000e+14 1.365076802499999889e+34 3.055339999999999908e+38 3.564102564100000148e+00 0.000000000000000000e+00
5.143329106000000000e+14 1.287113846599999959e+34 3.005340000000000070e+38 3.564102564100000148e+00 0.000000000000000000e+00
5.055449891100000000e+14 1.212406739000000041e+34 2.955339999999999854e+38 3.564102564100000148e+00 0.000000000000000000e+00
4.967708108900000000e+14 1.140871156600000101e+34 2.905340000000000015e+38 3.564102564100000148e+00 0.000000000000000000e+00
4.880100140200000000e+14 1.072423577399999986e+34 2.855340000000000177e+38 3.564102564100000148e+00 0.000000000000000000e+00
4.792622400600000000e+14 1.006981286000000050e+34 2.805339999999999961e+38 3.564102564100000148e+00 0.000000000000000000e+00
4.705271341100000000e+14 9.444623804699999499e+33 2.755340000000000122e+38 3.564102564100000148e+00 0.000000000000000000e+00
4.618043448000000000e+14 8.847857779300000394e+33 2.705339999999999906e+38 3.564102564100000148e+00 0.000000000000000000e+00
4.530935243600000000e+14 8.278712215299999428e+33 2.655340000000000068e+38 3.564102564100000148e+00 0.000000000000000000e+00
4.443943286200000000e+14 7.736392867900000351e+33 2.605339999999999852e+38 3.564102564100000148e+00 0.000000000000000000e+00
4.357064170300000000e+14 7.220113884799999916e+33 2.555340000000000014e+38 3.564102564100000148e+00 0.000000000000000000e+00
4.270294527300000000e+14 6.729097876199999804e+33 2.505340000000000175e+38 3.564102564100000148e+00 0.000000000000000000e+00
4.183631025500000000e+14 6.262575985999999999e+33 2.455339999999999959e+38 3.564102564100000148e+00 0.000000000000000000e+00
4.097060000000000000e+14 5.804140000000000502e+33 2.405340000000000121e+38 2.494000000000000217e+00 0.000000000000000000e+00
4.010620000000000000e+14 5.520709999999999600e+33 2.355339999999999905e+38 2.500000000000000000e+00 0.000000000000000000e+00
3.924230000000000000e+14 5.243209999999999582e+33 2.305340000000000067e+38 2.504999999999999893e+00 0.000000000000000000e+00
3.837900000000000000e+14 4.971960000000000115e+33 2.255339999999999850e+38 2.508999999999999897e+00 0.000000000000000000e+00
3.751630000000000000e+14 4.707270000000000155e+33 2.205340000000000012e+38 2.512999999999999901e+00 0.000000000000000000e+00
3.665410000000000000e+14 4.449440000000000255e+33 2.155340000000000174e+38 2.516000000000000014e+00 0.000000000000000000e+00
3.579250000000000000e+14 4.198729999999999855e+33 2.105339999999999958e+38 2.517999999999999794e+00 0.000000000000000000e+00
3.493140000000000000e+14 3.955410000000000260e+33 2.055340000000000119e+38 2.520000000000000018e+00 0.000000000000000000e+00
3.407090000000000000e+14 3.719699999999999799e+33 2.005339999999999903e+38 2.520999999999999908e+00 0.000000000000000000e+00
3.321100000000000000e+14 3.491810000000000127e+33 1.955340000000000065e+38 2.520999999999999908e+00 0.000000000000000000e+00
3.235160000000000000e+14 3.271910000000000057e+33 1.905339999999999849e+38 2.520000000000000018e+00 0.000000000000000000e+00
3.149270000000000000e+14 3.060149999999999867e+33 1.855340000000000011e+38 2.517999999999999794e+00 0.000000000000000000e+00
3.063450000000000000e+14 2.856679999999999833e+33 1.805340000000000172e+38 2.515000000000000124e+00 0.000000000000000000e+00
2.977680000000000000e+14 2.661569999999999736e+33 1.755339999999999956e+38 2.511000000000000121e+00 0.000000000000000000e+00
2.891960000000000000e+14 2.474889999999999937e+33 1.705340000000000118e+38 2.504999999999999893e+00 0.000000000000000000e+00
2.806310000000000000e+14 2.296669999999999971e+33 1.655340000000000091e+38 2.499000000000000110e+00 0.000000000000000000e+00
2.720710000000000000e+14 2.126919999999999974e+33 1.605340000000000063e+38 2.491000000000000103e+00 0.000000000000000000e+00
2.635170000000000000e+14 1.965590000000000140e+33 1.555340000000000036e+38 2.480999999999999872e+00 0.000000000000000000e+00
2.549690000000000000e+14 1.812599999999999977e+33 1.505340000000000009e+38 2.468999999999999861e+00 0.000000000000000000e+00
2.464280000000000000e+14 1.667829999999999898e+33 1.455339999999999982e+38 2.455999999999999961e+00 0.000000000000000000e+00
2.378940000000000000e+14 1.531049999999999999e+33 1.405339999999999955e+38 2.440999999999999837e+00 0.000000000000000000e+00
2.293700000000000000e+14 1.402189999999999919e+33 1.355339999999999927e+38 2.423999999999999932e+00 0.000000000000000000e+00
2.208510000000000000e+14 1.281160000000000042e+33 1.305340000000000089e+38 2.403000000000000025e+00 0.000000000000000000e+00
2.123380000000000000e+14 1.167740000000000019e+33 1.255340000000000062e+38 2.379999999999999893e+00 0.000000000000000000e+00
2.038290000000000000e+14 1.061740000000000049e+33 1.205340000000000035e+38 2.354000000000000092e+00 0.000000000000000000e+00
1.953250000000000000e+14 9.629800000000000313e+32 1.155340000000000007e+38 2.325000000000000178e+00 0.000000000000000000e+00
1.868260000000000000e+14 8.712339999999999700e+32 1.105339999999999980e+38 2.291999999999999815e+00 0.000000000000000000e+00
1.728720000000000000e+14 7.810200000000000710e+32 1.023219999999999914e+38 2.359999999999999876e+00 2.007149999999999876e+29
1.723820000000000000e+14 7.774370000000000132e+32 1.020330000000000065e+38 2.365000000000000213e+00 2.573129999999999872e+29
1.718930000000000000e+14 7.737080000000000211e+32 1.017449999999999953e+38 2.369000000000000217e+00 2.917890000000000026e+29
1.714030000000000000e+14 7.699429999999999800e+32 1.014559999999999915e+38 2.373000000000000220e+00 3.186929999999999880e+29
1.709130000000000000e+14 7.661650000000000533e+32 1.011679999999999992e+38 2.376999999999999780e+00 3.416370000000000039e+29
1.704230000000000000e+14 7.623839999999999424e+32 1.008800000000000068e+38 2.379999999999999893e+00 3.621569999999999958e+29
1.699330000000000000e+14 7.586029999999999756e+32 1.005910000000000031e+38 2.383999999999999897e+00 3.810539999999999772e+29
1.694440000000000000e+14 7.548250000000000490e+32 1.003029999999999918e+38 2.387000000000000011e+00 3.988030000000000219e+29
1.689540000000000000e+14 7.510520000000000450e+32 1.000140000000000070e+38 2.391000000000000014e+00 4.157050000000000031e+29
1.684640000000000000e+14 7.472829999999999505e+32 9.972560000000000249e+37 2.394000000000000128e+00 4.319650000000000327e+29
1.679740000000000000e+14 7.435209999999999495e+32 9.943710000000000443e+37 2.398000000000000131e+00 4.477249999999999920e+29
1.674850000000000000e+14 7.397650000000000287e+32 9.914860000000000638e+37 2.400999999999999801e+00 4.630930000000000347e+29
1.669950000000000000e+14 7.360150000000000440e+32 9.886020000000000191e+37 2.404999999999999805e+00 4.781459999999999810e+29
1.665050000000000000e+14 7.322730000000000222e+32 9.857170000000000386e+37 2.407999999999999918e+00 4.929440000000000337e+29
1.660160000000000000e+14 7.285379999999999499e+32 9.828320000000000580e+37 2.411999999999999922e+00 5.075359999999999888e+29
1.655260000000000000e+14 7.248109999999999845e+32 9.799470000000000775e+37 2.415000000000000036e+00 5.219579999999999679e+29
1.650360000000000000e+14 7.210909999999999686e+32 9.770619999999999080e+37 2.419000000000000039e+00 5.362420000000000086e+29
1.645470000000000000e+14 7.173790000000000596e+32 9.741780000000000523e+37 2.422000000000000153e+00 5.504100000000000094e+29
1.640570000000000000e+14 7.136749999999999694e+32 9.712930000000000717e+37 2.426000000000000156e+00 5.644849999999999952e+29
1.635680000000000000e+14 7.099789999999999861e+32 9.684080000000000912e+37 2.020000000000000018e+00 5.784820000000000342e+29
1.630780000000000000e+14 7.062919999999999791e+32 9.655229999999999218e+37 2.017999999999999794e+00 5.924149999999999977e+29
1.625880000000000000e+14 7.026129999999999348e+32 9.626379999999999412e+37 2.016999999999999904e+00 6.062959999999999968e+29
1.620990000000000000e+14 6.989419999999999976e+32 9.597540000000000854e+37 2.015000000000000124e+00 6.201360000000000157e+29
1.616090000000000000e+14 6.952800000000000365e+32 9.568689999999999160e+37 2.013999999999999790e+00 6.339419999999999549e+29
1.611200000000000000e+14 6.916260000000000383e+32 9.539839999999999355e+37 2.012000000000000011e+00 6.477230000000000384e+29
1.606300000000000000e+14 6.879810000000000164e+32 9.510989999999999549e+37 2.011000000000000121e+00 6.614830000000000686e+29
1.601410000000000000e+14 6.843449999999999706e+32 9.482139999999999744e+37 2.008999999999999897e+00 6.752279999999999602e+29
1.596510000000000000e+14 6.807180000000000451e+32 9.453299999999999297e+37 2.008000000000000007e+00 6.889629999999999939e+29
1.591620000000000000e+14 6.770989999999999384e+32 9.424449999999999492e+37 2.005999999999999783e+00 7.026919999999999721e+29
1.586720000000000000e+14 6.734899999999999654e+32 9.395599999999999686e+37 2.004999999999999893e+00 7.164170000000000072e+29
1.581830000000000000e+14 6.698889999999999552e+32 9.366749999999999881e+37 2.003000000000000114e+00 7.301429999999999578e+29
1.576930000000000000e+14 6.662979999999999346e+32 9.337900000000000075e+37 2.001999999999999780e+00 7.438699999999999644e+29
1.572040000000000000e+14 6.627150000000000210e+32 9.309059999999999629e+37 2.000000000000000000e+00 7.576010000000000550e+29
1.567140000000000000e+14 6.591419999999999528e+32 9.280209999999999823e+37 1.999000000000000110e+00 7.713389999999999757e+29
1.562250000000000000e+14 6.555790000000000184e+32 9.251360000000000018e+37 1.997000000000000108e+00 7.850840000000000080e+29
1.557360000000000000e+14 6.520240000000000467e+32 9.222510000000000212e+37 1.995999999999999996e+00 7.988370000000000673e+29
1.552460000000000000e+14 6.484789999999999926e+32 9.193660000000000407e+37 1.993999999999999995e+00 8.125999999999999845e+29
1.547570000000000000e+14 6.449429999999999868e+32 9.164819999999999960e+37 1.993000000000000105e+00 8.263739999999999564e+29
1.542670000000000000e+14 6.414160000000000292e+32 9.135970000000000155e+37 1.991000000000000103e+00 8.401589999999999830e+29
1.537780000000000000e+14 6.382859999999999752e+32 9.107120000000000350e+37 1.989999999999999991e+00 5.402070000000000125e+29
1.532890000000000000e+14 6.347839999999999916e+32 9.078270000000000544e+37 1.987999999999999989e+00 5.471039999999999971e+29
1.527990000000000000e+14 6.312919999999999976e+32 9.049420000000000739e+37 1.987000000000000099e+00 5.540140000000000079e+29
1.523100000000000000e+14 6.278089999999999797e+32 9.020580000000000292e+37 1.985000000000000098e+00 5.609369999999999747e+29
1.518210000000000000e+14 6.243350000000000102e+32 8.991730000000000487e+37 1.983000000000000096e+00 5.678719999999999821e+29
1.513310000000000000e+14 6.208710000000000303e+32 8.962880000000000681e+37 1.981999999999999984e+00 5.748200000000000157e+29
1.508420000000000000e+14 6.182369999999999783e+32 8.934030000000000876e+37 1.979000000000000092e+00 3.201189999999999840e+29
1.479070000000000000e+14 5.977779999999999762e+32 8.760939999999999513e+37 1.969999999999999973e+00 3.314880000000000135e+29
1.474170000000000000e+14 5.944020000000000199e+32 8.732099999999999066e+37 1.969000000000000083e+00 3.334290000000000072e+29
1.469280000000000000e+14 5.910349999999999677e+32 8.703249999999999261e+37 1.967000000000000082e+00 3.353809999999999853e+29
1.464390000000000000e+14 5.876779999999999772e+32 8.674399999999999455e+37 1.965999999999999970e+00 3.373440000000000182e+29
1.459500000000000000e+14 5.843300000000000349e+32 8.645549999999999650e+37 1.963999999999999968e+00 3.393169999999999792e+29
1.444820000000000000e+14 5.743449999999999881e+32 8.559009999999999593e+37 1.959000000000000075e+00 3.452909999999999954e+29
1.430150000000000000e+14 5.644479999999999649e+32 8.472460000000000176e+37 1.955000000000000071e+00 3.513359999999999875e+29
1.420370000000000000e+14 5.578990000000000282e+32 8.414769999999999924e+37 1.951999999999999957e+00 3.553980000000000199e+29
1.410590000000000000e+14 5.513889999999999643e+32 8.357070000000000313e+37 1.947999999999999954e+00 3.594830000000000069e+29
1.400810000000000000e+14 5.449179999999999895e+32 8.299380000000000061e+37 1.945000000000000062e+00 3.635870000000000052e+29
1.376360000000000000e+14 5.289140000000000302e+32 8.155140000000000393e+37 1.937000000000000055e+00 3.739080000000000137e+29
1.356800000000000000e+14 5.162879999999999820e+32 8.039740000000000227e+37 1.931000000000000050e+00 3.822050000000000119e+29
1.351910000000000000e+14 5.131569999999999867e+32 8.010899999999999780e+37 1.929000000000000048e+00 3.842819999999999724e+29
1.347020000000000000e+14 5.100349999999999675e+32 7.982049999999999975e+37 1.927999999999999936e+00 3.863599999999999890e+29
1.342140000000000000e+14 5.069240000000000233e+32 7.953200000000000169e+37 1.925999999999999934e+00 3.884380000000000056e+29
1.317690000000000000e+14 4.915150000000000207e+32 7.808959999999999556e+37 1.917999999999999927e+00 3.988190000000000056e+29
1.303030000000000000e+14 4.823890000000000015e+32 7.722420000000000443e+37 1.913000000000000034e+00 4.050329999999999879e+29
1.293260000000000000e+14 4.763550000000000326e+32 7.664719999999999888e+37 1.909999999999999920e+00 4.091640000000000247e+29
1.263930000000000000e+14 4.584930000000000201e+32 7.491630000000000414e+37 1.899999999999999911e+00 4.214860000000000184e+29
1.259050000000000000e+14 4.555510000000000296e+32 7.462779999999999664e+37 1.899000000000000021e+00 4.235269999999999980e+29
1.254160000000000000e+14 4.526190000000000287e+32 7.433940000000000162e+37 1.897000000000000020e+00 4.255629999999999783e+29
1.239500000000000000e+14 4.438820000000000221e+32 7.347389999999999801e+37 1.891999999999999904e+00 4.316440000000000216e+29
1.215080000000000000e+14 4.295190000000000251e+32 7.203150000000000133e+37 1.883999999999999897e+00 4.416719999999999728e+29
1.205300000000000000e+14 4.238430000000000148e+32 7.145459999999999881e+37 1.881000000000000005e+00 4.456419999999999760e+29
1.200420000000000000e+14 4.210200000000000300e+32 7.116610000000000076e+37 1.879000000000000004e+00 4.476169999999999790e+29
1.195530000000000000e+14 4.182070000000000349e+32 7.087760000000000270e+37 1.877000000000000002e+00 4.495859999999999970e+29
1.190650000000000000e+14 4.154040000000000293e+32 7.058910000000000465e+37 1.875999999999999890e+00 4.515469999999999879e+29
1.185770000000000000e+14 4.135559999999999656e+32 7.030059999999999715e+37 1.872000000000000108e+00 5.204469999999999839e+29
1.180880000000000000e+14 4.107910000000000357e+32 7.001220000000000213e+37 1.870999999999999996e+00 5.199850000000000068e+29
1.176000000000000000e+14 4.080339999999999966e+32 6.972370000000000407e+37 1.868999999999999995e+00 5.195130000000000312e+29
1.171110000000000000e+14 4.052880000000000325e+32 6.943519999999999657e+37 1.866999999999999993e+00 5.190319999999999723e+29
1.166230000000000000e+14 4.025509999999999725e+32 6.914669999999999852e+37 1.864999999999999991e+00 5.185399999999999995e+29
1.161340000000000000e+14 3.998239999999999742e+32 6.885820000000000046e+37 1.864000000000000101e+00 5.180380000000000280e+29
1.156460000000000000e+14 3.971069999999999655e+32 6.856979999999999600e+37 1.862000000000000099e+00 5.175259999999999876e+29
1.151580000000000000e+14 3.943990000000000051e+32 6.828129999999999794e+37 1.860000000000000098e+00 5.170030000000000332e+29
1.146690000000000000e+14 3.917019999999999755e+32 6.799279999999999989e+37 1.858999999999999986e+00 5.164690000000000241e+29
1.141810000000000000e+14 3.890129999999999809e+32 6.770430000000000183e+37 1.856999999999999984e+00 5.159250000000000163e+29
1.136930000000000000e+14 3.863349999999999892e+32 6.741580000000000378e+37 1.854999999999999982e+00 5.153710000000000100e+29
1.132040000000000000e+14 3.836659999999999737e+32 6.712739999999999931e+37 1.852999999999999980e+00 5.148050000000000335e+29
1.127160000000000000e+14 3.810060000000000064e+32 6.683890000000000126e+37 1.852000000000000091e+00 5.142289999999999881e+29
1.122280000000000000e+14 3.783569999999999701e+32 6.655040000000000321e+37 1.850000000000000089e+00 5.136420000000000286e+29
1.117390000000000000e+14 3.757169999999999821e+32 6.626189999999999571e+37 1.848000000000000087e+00 5.130430000000000286e+29
1.112510000000000000e+14 3.730859999999999702e+32 6.597339999999999765e+37 1.846999999999999975e+00 5.124340000000000301e+29
1.107630000000000000e+14 3.704650000000000200e+32 6.568500000000000263e+37 1.844999999999999973e+00 5.118139999999999767e+29
1.102750000000000000e+14 3.678539999999999874e+32 6.539650000000000458e+37 1.842999999999999972e+00 5.111820000000000236e+29
1.097860000000000000e+14 3.652520000000000030e+32 6.510799999999999708e+37 1.840999999999999970e+00 5.105390000000000158e+29
1.092980000000000000e+14 3.626600000000000082e+32 6.481949999999999902e+37 1.840000000000000080e+00 5.098850000000000235e+29
1.088100000000000000e+14 3.600769999999999895e+32 6.453100000000000097e+37 1.838000000000000078e+00 5.092199999999999766e+29
1.083220000000000000e+14 3.575040000000000326e+32 6.424259999999999650e+37 1.836000000000000076e+00 5.085430000000000298e+29
1.078330000000000000e+14 3.549409999999999931e+32 6.395409999999999845e+37 1.834000000000000075e+00 5.078550000000000283e+29
1.073450000000000000e+14 3.523859999999999886e+32 6.366560000000000039e+37 1.832999999999999963e+00 5.071549999999999863e+29
1.068570000000000000e+14 3.498419999999999870e+32 6.337710000000000234e+37 1.830999999999999961e+00 5.064440000000000302e+29
1.063690000000000000e+14 3.473060000000000203e+32 6.308860000000000428e+37 1.828999999999999959e+00 5.057220000000000194e+29
1.058810000000000000e+14 3.447809999999999845e+32 6.280019999999999982e+37 1.826999999999999957e+00 5.049879999999999681e+29
1.053930000000000000e+14 3.422639999999999837e+32 6.251170000000000176e+37 1.826000000000000068e+00 5.042420000000000170e+29
1.049050000000000000e+14 3.397579999999999857e+32 6.222320000000000371e+37 1.824000000000000066e+00 5.034850000000000111e+29
1.044170000000000000e+14 3.372600000000000227e+32 6.193469999999999621e+37 1.822000000000000064e+00 5.027160000000000351e+29
1.039280000000000000e+14 3.347719999999999772e+32 6.164619999999999816e+37 1.820999999999999952e+00 5.019360000000000044e+29
1.034400000000000000e+14 3.322929999999999799e+32 6.135780000000000314e+37 1.818999999999999950e+00 5.011440000000000035e+29
1.029520000000000000e+14 3.298239999999999723e+32 6.106929999999999564e+37 1.816999999999999948e+00 5.003400000000000324e+29
1.024640000000000000e+14 3.273640000000000129e+32 6.078079999999999758e+37 1.814999999999999947e+00 4.995240000000000208e+29
1.019760000000000000e+14 3.249130000000000297e+32 6.049229999999999953e+37 1.814000000000000057e+00 4.986970000000000248e+29
1.014880000000000000e+14 3.224720000000000001e+32 6.020380000000000147e+37 1.812000000000000055e+00 4.978579999999999883e+29
1.010000000000000000e+14 3.200399999999999827e+32 5.991539999999999701e+37 1.810000000000000053e+00 4.970069999999999816e+29
1.005120000000000000e+14 3.176170000000000136e+32 5.962689999999999895e+37 1.808000000000000052e+00 4.961449999999999905e+29
1.000240000000000000e+14 3.152039999999999980e+32 5.933840000000000090e+37 1.806999999999999940e+00 4.952710000000000293e+29
9.953630000000000000e+13 3.127999999999999947e+32 5.904990000000000284e+37 1.804999999999999938e+00 4.943850000000000276e+29
9.904830000000000000e+13 3.104050000000000037e+32 5.876139999999999534e+37 1.802999999999999936e+00 4.934869999999999853e+29
9.856040000000000000e+13 3.080189999999999888e+32 5.847300000000000032e+37 1.800999999999999934e+00 4.925769999999999729e+29
9.807250000000000000e+13 3.056429999999999996e+32 5.818450000000000227e+37 1.800000000000000044e+00 4.916559999999999761e+29
9.758460000000000000e+13 3.032750000000000092e+32 5.789600000000000421e+37 1.798000000000000043e+00 4.907230000000000091e+29
9.709670000000000000e+13 3.009170000000000084e+32 5.760749999999999671e+37 1.796000000000000041e+00 4.897780000000000016e+29
9.660880000000000000e+13 2.985679999999999838e+32 5.731899999999999866e+37 1.794999999999999929e+00 4.888210000000000240e+29
9.612090000000000000e+13 2.962280000000000075e+32 5.703060000000000364e+37 1.792999999999999927e+00 4.878520000000000058e+29
9.563300000000000000e+13 2.938979999999999848e+32 5.674209999999999614e+37 1.790999999999999925e+00 4.868720000000000032e+29
9.514520000000000000e+13 2.915759999999999969e+32 5.645359999999999809e+37 1.788999999999999924e+00 4.858800000000000305e+29
9.465730000000000000e+13 2.892639999999999986e+32 5.616510000000000003e+37 1.788000000000000034e+00 4.848760000000000173e+29
9.416950000000000000e+13 2.869610000000000126e+32 5.587660000000000198e+37 1.786000000000000032e+00 4.838600000000000339e+29
9.368170000000000000e+13 2.846659999999999894e+32 5.558819999999999751e+37 1.784000000000000030e+00 4.828329999999999957e+29
9.319390000000000000e+13 2.826019999999999922e+32 5.529969999999999946e+37 1.782000000000000028e+00 5.869169999999999707e+29
9.270610000000000000e+13 2.803290000000000110e+32 5.501120000000000140e+37 1.780000000000000027e+00 5.843269999999999841e+29
9.221840000000000000e+13 2.780639999999999926e+32 5.472270000000000335e+37 1.778000000000000025e+00 5.817300000000000266e+29
9.173060000000000000e+13 2.758089999999999998e+32 5.443419999999999585e+37 1.776000000000000023e+00 5.791270000000000136e+29
9.124290000000000000e+13 2.735620000000000058e+32 5.414580000000000083e+37 1.774999999999999911e+00 5.765180000000000155e+29
9.075510000000000000e+13 2.713250000000000015e+32 5.385730000000000277e+37 1.772999999999999909e+00 5.739030000000000324e+29
9.026740000000000000e+13 2.690959999999999960e+32 5.356880000000000472e+37 1.770999999999999908e+00 5.712810000000000080e+29
8.977970000000000000e+13 2.668760000000000028e+32 5.328029999999999722e+37 1.768999999999999906e+00 5.686539999999999844e+29
8.929200000000000000e+13 2.646649999999999858e+32 5.299179999999999916e+37 1.768000000000000016e+00 5.660199999999999899e+29
8.880430000000000000e+13 2.624630000000000171e+32 5.270340000000000414e+37 1.766000000000000014e+00 5.633809999999999960e+29
8.831670000000000000e+13 2.602699999999999885e+32 5.241489999999999664e+37 1.764000000000000012e+00 5.607360000000000171e+29
8.782900000000000000e+13 2.580849999999999948e+32 5.212639999999999859e+37 1.762000000000000011e+00 5.580839999999999970e+29
8.734140000000000000e+13 2.559099999999999908e+32 5.183790000000000054e+37 1.760999999999999899e+00 5.554269999999999776e+29
8.685370000000000000e+13 2.537429999999999856e+32 5.154940000000000248e+37 1.758999999999999897e+00 5.527639999999999731e+29
8.636610000000000000e+13 2.515849999999999926e+32 5.126099999999999802e+37 1.756999999999999895e+00 5.500959999999999693e+29
8.587850000000000000e+13 2.494349999999999985e+32 5.097249999999999996e+37 1.756000000000000005e+00 5.474219999999999804e+29
8.539090000000000000e+13 2.472949999999999940e+32 5.068400000000000191e+37 1.754000000000000004e+00 5.447420000000000064e+29
8.490340000000000000e+13 2.451629999999999884e+32 5.039550000000000385e+37 1.752000000000000002e+00 5.420559999999999770e+29
8.441580000000000000e+13 2.430399999999999950e+32 5.010699999999999635e+37 1.750000000000000000e+00 5.393660000000000044e+29
8.392830000000000000e+13 2.409250000000000004e+32 4.981860000000000133e+37 1.749000000000000110e+00 5.366689999999999906e+29
8.344070000000000000e+13 2.388189999999999821e+32 4.953010000000000328e+37 1.747000000000000108e+00 5.339680000000000337e+29
8.295320000000000000e+13 2.367220000000000121e+32 4.924159999999999578e+37 1.745000000000000107e+00 5.312610000000000213e+29
8.246570000000000000e+13 2.346330000000000049e+32 4.895309999999999772e+37 1.743999999999999995e+00 5.285490000000000097e+29
8.197820000000000000e+13 2.325530000000000100e+32 4.866459999999999967e+37 1.741999999999999993e+00 5.258319999999999987e+29
8.149080000000000000e+13 2.304819999999999912e+32 4.837620000000000465e+37 1.739999999999999991e+00 5.231090000000000026e+29
8.100330000000000000e+13 2.284190000000000074e+32 4.808769999999999715e+37 1.739000000000000101e+00 5.203819999999999931e+29
8.051580000000000000e+13 2.263649999999999998e+32 4.779919999999999909e+37 1.737000000000000099e+00 5.176489999999999984e+29
8.002840000000000000e+13 2.243189999999999910e+32 4.751070000000000104e+37 1.735000000000000098e+00 5.149119999999999903e+29
7.954100000000000000e+13 2.222819999999999945e+32 4.722220000000000299e+37 1.733000000000000096e+00 5.121699999999999828e+29
7.905360000000000000e+13 2.202540000000000102e+32 4.693379999999999852e+37 1.731999999999999984e+00 5.094229999999999761e+29
7.856620000000000000e+13 2.182339999999999888e+32 4.664530000000000047e+37 1.729999999999999982e+00 5.066709999999999701e+29
7.807880000000000000e+13 2.162220000000000023e+32 4.635680000000000241e+37 1.727999999999999980e+00 5.039150000000000209e+29
7.759140000000000000e+13 2.142189999999999920e+32 4.606830000000000436e+37 1.727000000000000091e+00 5.011530000000000163e+29
7.710410000000000000e+13 2.122240000000000165e+32 4.577979999999999686e+37 1.725000000000000089e+00 4.983879999999999839e+29
7.661680000000000000e+13 2.102380000000000173e+32 4.549140000000000184e+37 1.723999999999999977e+00 4.956169999999999665e+29
7.612940000000000000e+13 2.082600000000000170e+32 4.520290000000000378e+37 1.721999999999999975e+00 4.928429999999999917e+29
7.564210000000000000e+13 2.062900000000000156e+32 4.491439999999999628e+37 1.719999999999999973e+00 4.900640000000000176e+29
7.515480000000000000e+13 2.043289999999999903e+32 4.462589999999999823e+37 1.719000000000000083e+00 4.872799999999999739e+29
7.466750000000000000e+13 2.023760000000000000e+32 4.433740000000000017e+37 1.717000000000000082e+00 4.844929999999999728e+29
7.418030000000000000e+13 2.004319999999999858e+32 4.404899999999999571e+37 1.715000000000000080e+00 4.817009999999999724e+29
7.369300000000000000e+13 1.984949999999999933e+32 4.376049999999999765e+37 1.713999999999999968e+00 4.789050000000000288e+29
7.320580000000000000e+13 1.965670000000000129e+32 4.347199999999999960e+37 1.711999999999999966e+00 4.761050000000000014e+29
7.271860000000000000e+13 1.946480000000000088e+32 4.318350000000000154e+37 1.711000000000000076e+00 4.733010000000000309e+29
7.223130000000000000e+13 1.927370000000000035e+32 4.289500000000000349e+37 1.709000000000000075e+00 4.704929999999999764e+29
7.174410000000000000e+13 1.908329999999999837e+32 4.260659999999999902e+37 1.707000000000000073e+00 4.676809999999999788e+29
7.125700000000000000e+13 1.889389999999999896e+32 4.231810000000000097e+37 1.705999999999999961e+00 4.648649999999999678e+29
7.076980000000000000e+13 1.870520000000000169e+32 4.202959999999999819e+37 1.703999999999999959e+00 4.620450000000000135e+29
7.028260000000000000e+13 1.851730000000000072e+32 4.174110000000000014e+37 1.703000000000000069e+00 4.592220000000000316e+29
6.979550000000000000e+13 1.833030000000000096e+32 4.145260000000000208e+37 1.701000000000000068e+00 4.563949999999999658e+29
6.930840000000000000e+13 1.814410000000000109e+32 4.116420000000000234e+37 1.699000000000000066e+00 4.535640000000000272e+29
6.882130000000000000e+13 1.795870000000000111e+32 4.087569999999999956e+37 1.697999999999999954e+00 4.507299999999999905e+29
6.833420000000000000e+13 1.777410000000000102e+32 4.058720000000000151e+37 1.695999999999999952e+00 4.478920000000000106e+29
6.784710000000000000e+13 1.759039999999999855e+32 4.029869999999999873e+37 1.695000000000000062e+00 4.450510000000000031e+29
6.736000000000000000e+13 1.740739999999999823e+32 4.001020000000000068e+37 1.693000000000000060e+00 4.422059999999999820e+29
6.687300000000000000e+13 1.722520000000000141e+32 3.972180000000000093e+37 1.691999999999999948e+00 4.393589999999999894e+29
6.638590000000000000e+13 1.704389999999999860e+32 3.943329999999999816e+37 1.689999999999999947e+00 4.365069999999999974e+29
6.589890000000000000e+13 1.686330000000000154e+32 3.914480000000000010e+37 1.689000000000000057e+00 4.336530000000000339e+29
6.541190000000000000e+13 1.668359999999999851e+32 3.885630000000000205e+37 1.687000000000000055e+00 4.307949999999999865e+29
6.492490000000000000e+13 1.650469999999999896e+32 3.856779999999999927e+37 1.685999999999999943e+00 4.279339999999999818e+29
6.443790000000000000e+13 1.632650000000000157e+32 3.827939999999999953e+37 1.683999999999999941e+00 4.250710000000000055e+29
6.395100000000000000e+13 1.614920000000000000e+32 3.799090000000000147e+37 1.683000000000000052e+00 4.222040000000000157e+29
6.346400000000000000e+13 1.597260000000000058e+32 3.770239999999999870e+37 1.681000000000000050e+00 4.193339999999999981e+29
6.297710000000000000e+13 1.579690000000000058e+32 3.741390000000000064e+37 1.679999999999999938e+00 4.164610000000000232e+29
6.249020000000000000e+13 1.562189999999999914e+32 3.712539999999999787e+37 1.679000000000000048e+00 4.135860000000000064e+29
6.200330000000000000e+13 1.544780000000000072e+32 3.683699999999999812e+37 1.677000000000000046e+00 4.107069999999999760e+29
6.151640000000000000e+13 1.527440000000000085e+32 3.654850000000000007e+37 1.675999999999999934e+00 4.078259999999999741e+29
6.102950000000000000e+13 1.510180000000000086e+32 3.626000000000000201e+37 1.673999999999999932e+00 4.049420000000000148e+29
6.054260000000000000e+13 1.493000000000000077e+32 3.597149999999999924e+37 1.673000000000000043e+00 4.020550000000000278e+29
6.005580000000000000e+13 1.475900000000000056e+32 3.568300000000000118e+37 1.671999999999999931e+00 3.991659999999999989e+29
5.956900000000000000e+13 1.458880000000000024e+32 3.539460000000000144e+37 1.669999999999999929e+00 3.962740000000000126e+29
5.908210000000000000e+13 1.441930000000000027e+32 3.510609999999999866e+37 1.669000000000000039e+00 3.933799999999999844e+29
5.859530000000000000e+13 1.425069999999999972e+32 3.481760000000000061e+37 1.667000000000000037e+00 3.904829999999999988e+29
5.810860000000000000e+13 1.408279999999999952e+32 3.452909999999999783e+37 1.665999999999999925e+00 3.875829999999999854e+29
5.762180000000000000e+13 1.391569999999999922e+32 3.424059999999999978e+37 1.665000000000000036e+00 3.846819999999999863e+29
5.713500000000000000e+13 1.374940000000000060e+32 3.395220000000000003e+37 1.663999999999999924e+00 3.817769999999999737e+29
5.664830000000000000e+13 1.358380000000000053e+32 3.366370000000000198e+37 1.661999999999999922e+00 3.788709999999999753e+29
5.616160000000000000e+13 1.341900000000000035e+32 3.337519999999999920e+37 1.661000000000000032e+00 3.759620000000000196e+29
5.567490000000000000e+13 1.325500000000000005e+32 3.308670000000000115e+37 1.659999999999999920e+00 3.730510000000000219e+29
5.518820000000000000e+13 1.309179999999999964e+32 3.279819999999999837e+37 1.657999999999999918e+00 3.701379999999999823e+29
5.470150000000000000e+13 1.292939999999999912e+32 3.250979999999999863e+37 1.657000000000000028e+00 3.672219999999999853e+29
5.421490000000000000e+13 1.276770000000000076e+32 3.222130000000000057e+37 1.655999999999999917e+00 3.643050000000000025e+29
5.372820000000000000e+13 1.260680000000000047e+32 3.193279999999999780e+37 1.655000000000000027e+00 3.613849999999999920e+29
5.324160000000000000e+13 1.244660000000000054e+32 3.164429999999999974e+37 1.653999999999999915e+00 3.584630000000000100e+29
5.275500000000000000e+13 1.228720000000000050e+32 3.135580000000000169e+37 1.651999999999999913e+00 3.555389999999999859e+29
5.226840000000000000e+13 1.212860000000000035e+32 3.106740000000000194e+37 1.651000000000000023e+00 3.526129999999999904e+29
5.178180000000000000e+13 1.197080000000000008e+32 3.077889999999999917e+37 1.649999999999999911e+00 3.496860000000000090e+29
5.129530000000000000e+13 1.181370000000000016e+32 3.049040000000000111e+37 1.649000000000000021e+00 3.467559999999999999e+29
5.080870000000000000e+13 1.165730000000000060e+32 3.020189999999999833e+37 1.647999999999999909e+00 3.438240000000000193e+29
5.032220000000000000e+13 1.150180000000000045e+32 2.991340000000000028e+37 1.647000000000000020e+00 3.408909999999999825e+29
4.983570000000000000e+13 1.134700000000000066e+32 2.962500000000000054e+37 1.645999999999999908e+00 3.379549999999999883e+29
4.934920000000000000e+13 1.119289999999999942e+32 2.933649999999999776e+37 1.645000000000000018e+00 3.350180000000000083e+29
4.886270000000000000e+13 1.103959999999999987e+32 2.904799999999999971e+37 1.643999999999999906e+00 3.320789999999999865e+29
4.837630000000000000e+13 1.088710000000000021e+32 2.875950000000000165e+37 1.643000000000000016e+00 3.291379999999999930e+29
4.788980000000000000e+13 1.073530000000000089e+32 2.847099999999999887e+37 1.641999999999999904e+00 3.261950000000000280e+29
4.740340000000000000e+13 1.058429999999999967e+32 2.818259999999999913e+37 1.641000000000000014e+00 3.232510000000000068e+29
4.691700000000000000e+13 1.043400000000000059e+32 2.789410000000000108e+37 1.639999999999999902e+00 3.203050000000000140e+29
4.643060000000000000e+13 1.028449999999999960e+32 2.760559999999999830e+37 1.639000000000000012e+00 3.173569999999999793e+29
4.594420000000000000e+13 1.013580000000000030e+32 2.731710000000000025e+37 1.637999999999999901e+00 3.144079999999999940e+29
4.545790000000000000e+13 9.987780000000000008e+31 2.702860000000000219e+37 1.637000000000000011e+00 3.114570000000000020e+29
4.497150000000000000e+13 9.840530000000000279e+31 2.674019999999999773e+37 1.635999999999999899e+00 3.085040000000000032e+29
4.448520000000000000e+13 9.694039999999999541e+31 2.645169999999999967e+37 1.635000000000000009e+00 3.055499999999999834e+29
4.399890000000000000e+13 9.548299999999999824e+31 2.616320000000000162e+37 1.633999999999999897e+00 3.025939999999999921e+29
4.351260000000000000e+13 9.403319999999999100e+31 2.587469999999999884e+37 1.633000000000000007e+00 2.996370000000000149e+29
4.302630000000000000e+13 9.259079999999999621e+31 2.558620000000000078e+37 1.633000000000000007e+00 2.966779999999999959e+29
4.254010000000000000e+13 9.115599999999999135e+31 2.529780000000000104e+37 1.631999999999999895e+00 2.937170000000000052e+29
4.205390000000000000e+13 8.972869999999999670e+31 2.500929999999999826e+37 1.631000000000000005e+00 2.907549999999999936e+29
4.156760000000000000e+13 8.830899999999999196e+31 2.472080000000000021e+37 1.629999999999999893e+00 2.877910000000000104e+29
4.108140000000000000e+13 8.689669999999999969e+31 2.443230000000000216e+37 1.629999999999999893e+00 2.848260000000000063e+29
4.059530000000000000e+13 8.549199999999999734e+31 2.414379999999999938e+37 1.629000000000000004e+00 2.818589999999999954e+29
4.010910000000000000e+13 8.409490000000000293e+31 2.385539999999999964e+37 1.627999999999999892e+00 2.788909999999999987e+29
3.962300000000000000e+13 8.270520000000000297e+31 2.356690000000000158e+37 1.627999999999999892e+00 2.759209999999999952e+29
3.913680000000000000e+13 8.132309999999999293e+31 2.327839999999999880e+37 1.627000000000000002e+00 2.729500000000000060e+29
3.865070000000000000e+13 7.994850000000000210e+31 2.298990000000000075e+37 1.627000000000000002e+00 2.699770000000000100e+29
3.816470000000000000e+13 7.858150000000000119e+31 2.270139999999999797e+37 1.625999999999999890e+00 2.670029999999999931e+29
3.767860000000000000e+13 7.722200000000000147e+31 2.241299999999999823e+37 1.625999999999999890e+00 2.640270000000000045e+29
3.719250000000000000e+13 7.587010000000000069e+31 2.212450000000000018e+37 1.625000000000000000e+00 2.610490000000000093e+29
3.670650000000000000e+13 7.452579999999999883e+31 2.183600000000000212e+37 1.625000000000000000e+00 2.580699999999999930e+29
3.622050000000000000e+13 7.318899999999999817e+31 2.154749999999999934e+37 1.624000000000000110e+00 2.550899999999999910e+29
3.573450000000000000e+13 7.185979999999999643e+31 2.125899999999999893e+37 1.624000000000000110e+00 2.521080000000000174e+29
3.524860000000000000e+13 7.053830000000000036e+31 2.097059999999999918e+37 1.624000000000000110e+00 2.491240000000000018e+29
3.476260000000000000e+13 6.922440000000000323e+31 2.068210000000000113e+37 1.622999999999999998e+00 2.461390000000000005e+29
3.427670000000000000e+13 6.791809999999999601e+31 2.039360000000000071e+37 1.622999999999999998e+00 2.431530000000000134e+29
3.379080000000000000e+13 6.661939999999999673e+31 2.010510000000000030e+37 1.622999999999999998e+00 2.401649999999999843e+29
3.330490000000000000e+13 6.532850000000000085e+31 1.981659999999999988e+37 1.622999999999999998e+00 2.371749999999999837e+29
3.281900000000000000e+13 6.404520000000000391e+31 1.952820000000000014e+37 1.622000000000000108e+00 2.341830000000000115e+29
3.233320000000000000e+13 6.276960000000000362e+31 1.923969999999999972e+37 1.622000000000000108e+00 2.311899999999999832e+29
3.184740000000000000e+13 6.150179999999999773e+31 1.895119999999999931e+37 1.622000000000000108e+00 2.281949999999999832e+29
3.136160000000000000e+13 6.024180000000000425e+31 1.866269999999999889e+37 1.622000000000000108e+00 2.251989999999999975e+29
3.087580000000000000e+13 5.898949999999999843e+31 1.837420000000000084e+37 1.622000000000000108e+00 2.222010000000000051e+29
3.039000000000000000e+13 5.774510000000000275e+31 1.808580000000000110e+37 1.622000000000000108e+00 2.192010000000000059e+29
2.990430000000000000e+13 5.650850000000000147e+31 1.779730000000000068e+37 1.622000000000000108e+00 2.161999999999999857e+29
2.941860000000000000e+13 5.527980000000000133e+31 1.750880000000000026e+37 1.622000000000000108e+00 2.131960000000000081e+29
2.893290000000000000e+13 5.405900000000000232e+31 1.722029999999999985e+37 1.622000000000000108e+00 2.101910000000000096e+29
2.844720000000000000e+13 5.284620000000000219e+31 1.693179999999999943e+37 1.622999999999999998e+00 2.071840000000000043e+29
2.796160000000000000e+13 5.164140000000000093e+31 1.664339999999999969e+37 1.622999999999999998e+00 2.041749999999999923e+29
2.747590000000000000e+13 5.044459999999999854e+31 1.635489999999999927e+37 1.622999999999999998e+00 2.011640000000000087e+29
2.699030000000000000e+13 4.925590000000000177e+31 1.606639999999999886e+37 1.624000000000000110e+00 1.981509999999999832e+29
2.650470000000000000e+13 4.807539999999999933e+31 1.577790000000000080e+37 1.624000000000000110e+00 1.951359999999999861e+29
2.601920000000000000e+13 4.690300000000000251e+31 1.548940000000000039e+37 1.624000000000000110e+00 1.921190000000000174e+29
2.553370000000000000e+13 4.573889999999999776e+31 1.520100000000000064e+37 1.625000000000000000e+00 1.891000000000000068e+29
2.504820000000000000e+13 4.458310000000000310e+31 1.491250000000000023e+37 1.625000000000000000e+00 1.860780000000000037e+29
2.456270000000000000e+13 4.343560000000000052e+31 1.462399999999999981e+37 1.625999999999999890e+00 1.830550000000000147e+29
2.407720000000000000e+13 4.229660000000000349e+31 1.433549999999999940e+37 1.627000000000000002e+00 1.800289999999999981e+29
2.359180000000000000e+13 4.116610000000000301e+31 1.404699999999999898e+37 1.627000000000000002e+00 1.769999999999999889e+29
2.310640000000000000e+13 4.004420000000000132e+31 1.375859999999999924e+37 1.627999999999999892e+00 1.739690000000000081e+29
2.262100000000000000e+13 3.893089999999999842e+31 1.347009999999999882e+37 1.629000000000000004e+00 1.709359999999999854e+29
2.213560000000000000e+13 3.782639999999999877e+31 1.318160000000000077e+37 1.629999999999999893e+00 1.679000000000000053e+29
2.165030000000000000e+13 3.673069999999999789e+31 1.289310000000000035e+37 1.631000000000000005e+00 1.648609999999999975e+29
2.116500000000000000e+13 3.564389999999999801e+31 1.260459999999999994e+37 1.631999999999999895e+00 1.618189999999999972e+29
2.067970000000000000e+13 3.456610000000000136e+31 1.231620000000000019e+37 1.633000000000000007e+00 1.587749999999999901e+29
2.019450000000000000e+13 3.349740000000000117e+31 1.202769999999999978e+37 1.633999999999999897e+00 1.557270000000000047e+29
1.970930000000000000e+13 3.243800000000000193e+31 1.173919999999999936e+37 1.635000000000000009e+00 1.526759999999999916e+29
1.922410000000000000e+13 3.138800000000000136e+31 1.145069999999999895e+37 1.635999999999999899e+00 1.496220000000000035e+29
1.873890000000000000e+13 3.034739999999999946e+31 1.116220000000000089e+37 1.637999999999999901e+00 1.465640000000000019e+29
1.825380000000000000e+13 2.931649999999999845e+31 1.087380000000000115e+37 1.639000000000000012e+00 1.435030000000000078e+29
1.776870000000000000e+13 2.829529999999999833e+31 1.058529999999999955e+37 1.641000000000000014e+00 1.404380000000000001e+29
1.728360000000000000e+13 2.728399999999999906e+31 1.029680000000000032e+37 1.641999999999999904e+00 1.373700000000000000e+29
1.679860000000000000e+13 2.628280000000000061e+31 1.000829999999999990e+37 1.643999999999999906e+00 1.342970000000000005e+29
1.631360000000000000e+13 2.529180000000000073e+31 9.719840000000000463e+36 1.645999999999999908e+00 1.312190000000000017e+29
1.582860000000000000e+13 2.431130000000000162e+31 9.431359999999999946e+36 1.647999999999999909e+00 1.281379999999999928e+29
1.534370000000000000e+13 2.334140000000000102e+31 9.142879999999999429e+36 1.649000000000000021e+00 1.250509999999999988e+29
1.485880000000000000e+13 2.238229999999999889e+31 8.854400000000000092e+36 1.651000000000000023e+00 1.219590000000000055e+29
1.437390000000000000e+13 2.143430000000000195e+31 8.565919999999999574e+36 1.653000000000000025e+00 1.188619999999999954e+29
1.388900000000000000e+13 2.049760000000000117e+31 8.277440000000000238e+36 1.655999999999999917e+00 1.157600000000000035e+29
1.340420000000000000e+13 1.957240000000000102e+31 7.988959999999999720e+36 1.657999999999999918e+00 1.126510000000000056e+29
1.291950000000000000e+13 1.865909999999999919e+31 7.700480000000000384e+36 1.659999999999999920e+00 1.095360000000000050e+29
1.243470000000000000e+13 1.775790000000000015e+31 7.411999999999999866e+36 1.663000000000000034e+00 1.064139999999999983e+29
1.195000000000000000e+13 1.686909999999999937e+31 7.123520000000000530e+36 1.665000000000000036e+00 1.032850000000000032e+29
1.146540000000000000e+13 1.599309999999999904e+31 6.835040000000000012e+36 1.667999999999999927e+00 1.001479999999999987e+29
1.098080000000000000e+13 1.513019999999999911e+31 6.546559999999999495e+36 1.669999999999999929e+00 9.700190000000000039e+28
1.049620000000000000e+13 1.428089999999999952e+31 6.258080000000000158e+36 1.673000000000000043e+00 9.384690000000000544e+28
1.001170000000000000e+13 1.344550000000000021e+31 5.969599999999999641e+36 1.675999999999999934e+00 9.068189999999999431e+28
9.527190000000000000e+12 1.262460000000000112e+31 5.681120000000000304e+36 1.679000000000000048e+00 8.750599999999999738e+28
9.042760000000000000e+12 1.181859999999999992e+31 5.392639999999999787e+36 1.681999999999999940e+00 8.431799999999999652e+28
8.558360000000000000e+12 1.102820000000000103e+31 5.104159999999999860e+36 1.683999999999999941e+00 8.111669999999999121e+28
8.074020000000000000e+12 1.025379999999999988e+31 4.815679999999999933e+36 1.687000000000000055e+00 7.790060000000000276e+28
7.589720000000000000e+12 9.496249999999999732e+30 4.527200000000000006e+36 1.689999999999999947e+00 7.466810000000000114e+28
7.105480000000000000e+12 8.756200000000000496e+30 4.238720000000000079e+36 1.691999999999999948e+00 7.141700000000000004e+28
6.621290000000000000e+12 8.034489999999999800e+30 3.950240000000000152e+36 1.695000000000000062e+00 6.814489999999999837e+28
6.137160000000000000e+12 7.332039999999999765e+30 3.661760000000000225e+36 1.697000000000000064e+00 6.484869999999999624e+28
5.653090000000000000e+12 6.649860000000000250e+30 3.373279999999999707e+36 1.697999999999999954e+00 6.152449999999999629e+28
5.169080000000000000e+12 5.989079999999999970e+30 3.084799999999999780e+36 1.699000000000000066e+00 5.816760000000000377e+28
4.685140000000000000e+12 5.351019999999999864e+30 2.796319999999999853e+36 1.697999999999999954e+00 5.477170000000000267e+28
4.201270000000000000e+12 4.737139999999999726e+30 2.507839999999999926e+36 1.695999999999999952e+00 5.132870000000000259e+28
3.717470000000000000e+12 4.149119999999999883e+30 2.219359999999999999e+36 1.691000000000000059e+00 4.782719999999999844e+28
3.233750000000000000e+12 3.588900000000000060e+30 1.930880000000000072e+36 1.683000000000000052e+00 4.425129999999999633e+28
2.750120000000000000e+12 3.058689999999999947e+30 1.642400000000000145e+36 1.669000000000000039e+00 4.057729999999999891e+28
2.266590000000000000e+12 2.560949999999999759e+30 1.353919999999999923e+36 1.645999999999999908e+00 3.676679999999999787e+28
4.299000000000000000e+11 7.805000000000000069e+29 2.572000000000000181e+35 1.330000000000000071e+00 1.506450000000000062e+28
4.188000000000000000e+11 7.537999999999999717e+29 2.505999999999999897e+35 1.330000000000000071e+00 1.455129999999999927e+28
3.325000000000000000e+11 5.815999999999999745e+29 1.990000000000000163e+35 1.330000000000000071e+00 1.165809999999999924e+28
2.640000000000000000e+11 4.472999999999999815e+29 1.581000000000000083e+35 1.330000000000000071e+00 9.297799999999999813e+27
2.096000000000000000e+11 3.289999999999999843e+29 1.256000000000000028e+35 1.330000000000000071e+00 6.841069999999999801e+27
1.844000000000000000e+11 2.892000000000000018e+29 1.105000000000000000e+35 1.330000000000000071e+00 6.221810000000000396e+27
1.664000000000000000e+11 2.597000000000000095e+29 9.975999999999999784e+34 1.330000000000000071e+00 3.996079999999999920e+27
1.322000000000000000e+11 2.033000000000000102e+29 7.923999999999999875e+34 1.330000000000000071e+00 3.293160000000000158e+27
1.049000000000000000e+11 1.494999999999999961e+29 6.294000000000000085e+34 1.330000000000000071e+00 2.422460000000000012e+27
8.332000000000000000e+10 1.100000000000000064e+29 4.999999999999999843e+34 1.330000000000000071e+00 1.782300000000000002e+27
6.617000000000000000e+10 8.088999999999999432e+28 3.971999999999999897e+34 1.330000000000000071e+00 1.311289999999999924e+27
5.254000000000000000e+10 5.949000000000000344e+28 3.155000000000000010e+34 1.330000000000000071e+00 9.646129999999999985e+26
4.172000000000000000e+10 4.628000000000000126e+28 2.505999999999999897e+34 1.330000000000000071e+00 7.875200000000000595e+26
3.313000000000000000e+10 3.403999999999999866e+28 1.989999999999999932e+34 1.330000000000000071e+00 5.791050000000000196e+26
2.631000000000000000e+10 2.502999999999999803e+28 1.580999999999999991e+34 1.330000000000000071e+00 4.261170000000000143e+26
2.090000000000000000e+10 1.938000000000000082e+28 1.255999999999999936e+34 1.330000000000000071e+00 3.451690000000000088e+26
1.659000000000000000e+10 1.425000000000000067e+28 9.976000000000000246e+33 1.330000000000000071e+00 2.538950000000000110e+26
1.318000000000000000e+10 1.048000000000000007e+28 7.924000000000000337e+33 1.330000000000000071e+00 1.867689999999999969e+26
1.046000000000000000e+10 7.701999999999999683e+27 6.294000000000000085e+33 1.330000000000000071e+00 1.373879999999999975e+26
8.312000000000000000e+09 5.662000000000000348e+27 4.999999999999999728e+33 1.330000000000000071e+00 1.010819999999999921e+26
6.601000000000000000e+09 4.362000000000000029e+27 3.972000000000000127e+33 1.330000000000000071e+00 8.130089999999999436e+25
4.164000000000000000e+09 2.356000000000000079e+27 2.505999999999999955e+33 1.330000000000000071e+00 4.399369999999999874e+25
2.626000000000000000e+09 1.272000000000000034e+27 1.580999999999999991e+33 1.330000000000000071e+00 2.380450000000000180e+25
1.657000000000000000e+09 6.859999999999999767e+26 9.975999999999999957e+32 1.330000000000000071e+00 1.288319999999999913e+25
1.316000000000000000e+09 5.036000000000000296e+26 7.924000000000000337e+32 1.330000000000000071e+00 9.477099999999999527e+24
1.045000000000000000e+09 4.128999999999999924e+26 6.293999999999999941e+32 1.330000000000000071e+00 6.794269999999999770e+24
8.301000000000000000e+08 3.039000000000000162e+26 4.999999999999999728e+32 1.330000000000000071e+00 4.998809999999999830e+24
5.237000000000000000e+08 1.628999999999999891e+26 3.154999999999999923e+32 1.330000000000000071e+00 2.705450000000000161e+24
3.304000000000000000e+08 8.737999999999999925e+25 1.990000000000000076e+32 1.330000000000000071e+00 1.463449999999999964e+24
2.624000000000000000e+08 6.675999999999999817e+25 1.580999999999999919e+32 1.330000000000000071e+00 1.123400000000000065e+24
1.315000000000000000e+08 2.603999999999999941e+25 7.923999999999999616e+31 1.330000000000000071e+00 4.472499999999999827e+23
6.589000000000000000e+07 1.006000000000000014e+25 3.972000000000000199e+31 1.330000000000000071e+00 1.780890000000000165e+23
3.302000000000000000e+07 3.832999999999999839e+24 1.989999999999999986e+31 1.330000000000000071e+00 7.086450000000000092e+22
1.655000000000000000e+07 1.435000000000000086e+24 9.975999999999999642e+30 1.330000000000000071e+00 2.822060000000000131e+22
8.293000000000000000e+06 5.250000000000000315e+23 4.999999999999999818e+30 1.330000000000000071e+00 1.123529999999999934e+22
6.588000000000000000e+06 3.910999999999999759e+23 3.972000000000000087e+30 1.330000000000000071e+00 8.163429999999999541e+21
2.622000000000000000e+06 9.754999999999999214e+22 1.581000000000000009e+30 1.330000000000000071e+00 2.390210000000000197e+21
1.044000000000000000e+06 2.318000000000000105e+22 6.293999999999999902e+29 1.330000000000000071e+00 6.999960000000000000e+20
4.156000000000000000e+05 5.265999999999999476e+21 2.505999999999999907e+29 1.330000000000000071e+00 2.050380000000000000e+20
1.654000000000000000e+05 1.151000000000000000e+21 9.976000000000000768e+28 1.330000000000000071e+00 6.004390000000000000e+19
6.587000000000000000e+04 2.431000000000000000e+20 3.972000000000000263e+28 1.330000000000000071e+00 1.758760000000000000e+19
2.622000000000000000e+04 4.968000000000000000e+19 1.581000000000000061e+28 1.330000000000000071e+00 5.149550000000000000e+18
1.044000000000000000e+04 9.744000000000000000e+18 6.294999999999999717e+27 1.330000000000000071e+00 1.508420000000000000e+18
