9.980898162600000000e+15 8.071945481399999813e+36 1.995629999999999856e+39 1.000000000000000000e+00 0.000000000000000000e+00
9.930947045800000000e+15 8.026989476300000234e+36 1.990630000000000024e+39 1.000000000000000000e+00 0.000000000000000000e+00
9.881121237200000000e+15 7.982146248500000204e+36 1.985629999999999889e+39 1.000000000000000000e+00 0.000000000000000000e+00
9.831420736900000000e+15 7.937415798200000208e+36 1.980630000000000056e+39 1.000000000000000000e+00 0.000000000000000000e+00
9.781845544800000000e+15 7.892798125299999411e+36 1.975629999999999921e+39 1.000000000000000000e+00 0.000000000000000000e+00
9.732395660900000000e+15 7.848293229800000177e+36 1.970630000000000088e+39 1.000000000000000000e+00 0.000000000000000000e+00
9.683071085200000000e+15 7.803901111700000143e+36 1.965629999999999953e+39 1.000000000000000000e+00 0.000000000000000000e+00
9.633871817800000000e+15 7.759621771100000143e+36 1.960630000000000121e+39 1.000000000000000000e+00 0.000000000000000000e+00
9.584797858600000000e+15 7.715455207799999691e+36 1.955629999999999986e+39 1.000000000000000000e+00 0.000000000000000000e+00
9.535849207600000000e+15 7.671401421899999620e+36 1.950629999999999851e+39 1.000000000000000000e+00 0.000000000000000000e+00
9.487025864800000000e+15 7.627460413399999930e+36 1.945630000000000018e+39 1.000000000000000000e+00 0.000000000000000000e+00
9.438327830300000000e+15 7.583632182299999441e+36 1.940629999999999883e+39 1.000000000000000000e+00 0.000000000000000000e+00
9.389755104000000000e+15 7.539916728600000514e+36 1.935630000000000050e+39 1.000000000000000000e+00 0.000000000000000000e+00
9.341307685900000000e+15 7.496314052400000439e+36 1.930629999999999915e+39 1.000000000000000000e+00 0.000000000000000000e+00
9.292985576100000000e+15 7.452824153499999913e+36 1.925630000000000083e+39 1.000000000000000000e+00 0.000000000000000000e+00
9.244788774400000000e+15 7.409447031999999768e+36 1.920629999999999948e+39 1.000000000000000000e+00 0.000000000000000000e+00
9.196717281000000000e+15 7.366182687999999656e+36 1.915630000000000115e+39 1.000000000000000000e+00 0.000000000000000000e+00
9.148771095900000000e+15 7.323031121300000274e+36 1.910629999999999980e+39 1.000000000000000000e+00 0.000000000000000000e+00
9.100950218900000000e+15 7.279992332099999744e+36 1.905630000000000147e+39 1.000000000000000000e+00 0.000000000000000000e+00
9.053254650200000000e+15 7.237066320199999943e+36 1.900630000000000012e+39 1.000000000000000000e+00 0.000000000000000000e+00
9.005684389700000000e+15 7.194253085800000175e+36 1.895629999999999878e+39 1.000000000000000000e+00 0.000000000000000000e+00
8.958239437400000000e+15 7.151552628699999956e+36 1.890630000000000045e+39 1.000000000000000000e+00 0.000000000000000000e+00
8.910919793400000000e+15 7.108964949099999770e+36 1.885629999999999910e+39 1.000000000000000000e+00 0.000000000000000000e+00
8.863725457500000000e+15 7.066490046800000313e+36 1.880630000000000077e+39 1.000000000000000000e+00 0.000000000000000000e+00
8.816656429900000000e+15 7.024127921999999709e+36 1.875629999999999942e+39 1.000000000000000000e+00 0.000000000000000000e+00
8.769712710600000000e+15 6.981878574499999834e+36 1.870630000000000109e+39 1.000000000000000000e+00 0.000000000000000000e+00
8.722894299400000000e+15 6.939742004499999993e+36 1.865629999999999975e+39 1.000000000000000000e+00 0.000000000000000000e+00
8.676201196500000000e+15 6.897718211900000532e+36 1.860630000000000142e+39 1.000000000000000000e+00 0.000000000000000000e+00
8.629633401800000000e+15 6.855807196700000272e+36 1.855630000000000007e+39 1.000000000000000000e+00 0.000000000000000000e+00
8.583190915300000000e+15 6.814008958799999561e+36 1.850629999999999872e+39 1.000000000000000000e+00 0.000000000000000000e+00
8.536873737100000000e+15 6.772323498400000063e+36 1.845630000000000039e+39 1.000000000000000000e+00 0.000000000000000000e+00
8.490681867100000000e+15 6.730750815399999766e+36 1.840629999999999904e+39 1.000000000000000000e+00 0.000000000000000000e+00
8.444615305300000000e+15 6.689290909799999850e+36 1.835630000000000072e+39 1.000000000000000000e+00 0.000000000000000000e+00
8.398674051700000000e+15 6.647943781600000315e+36 1.830629999999999937e+39 1.000000000000000000e+00 0.000000000000000000e+00
8.352858106400000000e+15 6.606709430799999981e+36 1.825630000000000104e+39 1.000000000000000000e+00 0.000000000000000000e+00
8.307167469300000000e+15 6.565587857400000028e+36 1.820629999999999969e+39 1.000000000000000000e+00 0.000000000000000000e+00
8.261602140400000000e+15 6.524579061400000456e+36 1.815630000000000136e+39 1.000000000000000000e+00 0.000000000000000000e+00
8.216162119700000000e+15 6.483683042800000085e+36 1.810630000000000001e+39 1.000000000000000000e+00 0.000000000000000000e+00
8.170847407300000000e+15 6.442899801600000095e+36 1.805629999999999866e+39 1.000000000000000000e+00 0.000000000000000000e+00
8.125658003100000000e+15 6.402229337800000486e+36 1.800630000000000034e+39 1.000000000000000000e+00 0.000000000000000000e+00
8.080593907100000000e+15 6.361671651400000078e+36 1.795629999999999899e+39 1.000000000000000000e+00 0.000000000000000000e+00
8.035655119300000000e+15 6.321226742400000051e+36 1.790630000000000066e+39 1.000000000000000000e+00 0.000000000000000000e+00
7.990841639800000000e+15 6.280894610800000405e+36 1.785629999999999931e+39 1.000000000000000000e+00 0.000000000000000000e+00
7.946153468500000000e+15 6.240675256699999612e+36 1.780630000000000098e+39 1.000000000000000000e+00 0.000000000000000000e+00
7.901590605400000000e+15 6.200568679899999548e+36 1.775629999999999963e+39 1.000000000000000000e+00 0.000000000000000000e+00
7.857153050500000000e+15 6.160574880499999865e+36 1.770630000000000131e+39 1.000000000000000000e+00 0.000000000000000000e+00
7.812840803900000000e+15 6.120693858500000563e+36 1.765629999999999996e+39 1.000000000000000000e+00 0.000000000000000000e+00
7.768653865500000000e+15 6.080925614000000114e+36 1.760629999999999861e+39 1.000000000000000000e+00 0.000000000000000000e+00
7.724592235300000000e+15 6.041270146800000394e+36 1.755630000000000028e+39 1.000000000000000000e+00 0.000000000000000000e+00
7.680655913400000000e+15 6.001727457099999527e+36 1.750629999999999893e+39 1.000000000000000000e+00 0.000000000000000000e+00
7.636844899600000000e+15 5.962297544700000569e+36 1.745630000000000060e+39 1.000000000000000000e+00 0.000000000000000000e+00
7.593159194100000000e+15 5.922980409800000464e+36 1.740629999999999925e+39 1.000000000000000000e+00 0.000000000000000000e+00
7.549598796800000000e+15 5.883776052199999907e+36 1.735630000000000093e+39 1.000000000000000000e+00 0.000000000000000000e+00
7.506163707800000000e+15 5.844684472100000565e+36 1.730629999999999958e+39 1.000000000000000000e+00 0.000000000000000000e+00
7.462853927000000000e+15 5.805705669299999590e+36 1.725630000000000125e+39 1.000000000000000000e+00 0.000000000000000000e+00
7.419669454400000000e+15 5.766839643999999829e+36 1.720629999999999990e+39 1.000000000000000000e+00 0.000000000000000000e+00
7.376610290000000000e+15 5.728086395999999617e+36 1.715629999999999855e+39 1.000000000000000000e+00 0.000000000000000000e+00
7.333676433800000000e+15 5.689445925499999437e+36 1.710630000000000022e+39 1.000000000000000000e+00 0.000000000000000000e+00
7.290867885900000000e+15 5.650918232399999640e+36 1.705629999999999887e+39 1.000000000000000000e+00 0.000000000000000000e+00
7.248184646200000000e+15 5.612503316600000571e+36 1.700630000000000055e+39 1.000000000000000000e+00 0.000000000000000000e+00
7.205626714800000000e+15 5.574201178300000354e+36 1.695629999999999920e+39 1.000000000000000000e+00 0.000000000000000000e+00
7.163194091500000000e+15 5.536011817400000519e+36 1.690630000000000087e+39 1.000000000000000000e+00 0.000000000000000000e+00
7.120886776500000000e+15 5.497935233899999885e+36 1.685629999999999952e+39 1.000000000000000000e+00 0.000000000000000000e+00
7.078704769700000000e+15 5.459971427799999632e+36 1.680630000000000119e+39 1.000000000000000000e+00 0.000000000000000000e+00
7.036648071100000000e+15 5.422120399099999760e+36 1.675629999999999984e+39 1.000000000000000000e+00 0.000000000000000000e+00
6.994716680800000000e+15 5.384382147699999436e+36 1.670629999999999850e+39 1.000000000000000000e+00 0.000000000000000000e+00
6.952910598700000000e+15 5.346756673800000326e+36 1.665630000000000017e+39 1.000000000000000000e+00 0.000000000000000000e+00
6.911229824800000000e+15 5.309243977299999827e+36 1.660629999999999882e+39 1.000000000000000000e+00 0.000000000000000000e+00
6.869674359100000000e+15 5.271844058199999708e+36 1.655630000000000049e+39 1.000000000000000000e+00 0.000000000000000000e+00
6.828244201700000000e+15 5.234556916499999971e+36 1.650629999999999914e+39 1.000000000000000000e+00 0.000000000000000000e+00
6.786939352500000000e+15 5.197382552300000268e+36 1.645630000000000081e+39 1.000000000000000000e+00 0.000000000000000000e+00
6.745759811500000000e+15 5.160320965400000112e+36 1.640629999999999947e+39 1.000000000000000000e+00 0.000000000000000000e+00
6.704705578700000000e+15 5.123372155899999748e+36 1.635630000000000114e+39 1.000000000000000000e+00 0.000000000000000000e+00
6.663776654200000000e+15 5.086536123799999764e+36 1.630629999999999979e+39 1.000000000000000000e+00 0.000000000000000000e+00
6.622973037900000000e+15 5.049812869100000162e+36 1.625630000000000146e+39 1.000000000000000000e+00 0.000000000000000000e+00
6.582294729800000000e+15 5.013202391799999761e+36 1.620630000000000011e+39 1.000000000000000000e+00 0.000000000000000000e+00
6.541741729900000000e+15 4.976704691999999983e+36 1.615629999999999876e+39 1.000000000000000000e+00 0.000000000000000000e+00
6.501314038300000000e+15 4.940319769499999753e+36 1.610630000000000044e+39 1.000000000000000000e+00 0.000000000000000000e+00
6.461011654900000000e+15 4.904047624399999905e+36 1.605629999999999909e+39 1.000000000000000000e+00 0.000000000000000000e+00
6.420834579700000000e+15 4.867888256800000090e+36 1.600630000000000076e+39 1.000000000000000000e+00 0.000000000000000000e+00
6.380782812700000000e+15 4.831841666499999823e+36 1.595629999999999941e+39 1.000000000000000000e+00 0.000000000000000000e+00
6.340856354000000000e+15 4.795907853599999938e+36 1.590630000000000108e+39 1.000000000000000000e+00 0.000000000000000000e+00
6.301055203500000000e+15 4.760086818200000086e+36 1.585629999999999973e+39 1.000000000000000000e+00 0.000000000000000000e+00
6.261379361200000000e+15 4.724378560099999782e+36 1.580630000000000141e+39 1.000000000000000000e+00 0.000000000000000000e+00
6.221828827200000000e+15 4.688783079500000102e+36 1.575630000000000006e+39 1.000000000000000000e+00 0.000000000000000000e+00
6.182403601300000000e+15 4.653300376199999971e+36 1.570629999999999871e+39 1.000000000000000000e+00 0.000000000000000000e+00
6.143103683700000000e+15 4.617930450399999872e+36 1.565630000000000038e+39 1.000000000000000000e+00 0.000000000000000000e+00
6.103929074300000000e+15 4.582673302000000155e+36 1.560629999999999903e+39 1.000000000000000000e+00 0.000000000000000000e+00
6.064879773200000000e+15 4.547528930899999987e+36 1.555630000000000070e+39 1.000000000000000000e+00 0.000000000000000000e+00
6.025955780300000000e+15 4.512497337299999851e+36 1.550629999999999935e+39 1.000000000000000000e+00 0.000000000000000000e+00
5.987157095600000000e+15 4.477578521100000097e+36 1.545630000000000103e+39 1.000000000000000000e+00 0.000000000000000000e+00
5.948483719100000000e+15 4.442772482199999891e+36 1.540629999999999968e+39 1.000000000000000000e+00 0.000000000000000000e+00
5.909935650900000000e+15 4.408079220799999719e+36 1.535630000000000135e+39 1.000000000000000000e+00 0.000000000000000000e+00
5.871512890800000000e+15 4.373498736799999928e+36 1.530630000000000000e+39 1.000000000000000000e+00 0.000000000000000000e+00
5.833215439000000000e+15 4.339031030199999927e+36 1.525629999999999865e+39 1.000000000000000000e+00 0.000000000000000000e+00
5.795043295500000000e+15 4.304676100999999718e+36 1.520630000000000032e+39 1.000000000000000000e+00 0.000000000000000000e+00
5.756996460100000000e+15 4.270433949100000237e+36 1.515629999999999897e+39 1.000000000000000000e+00 0.000000000000000000e+00
5.719074933000000000e+15 4.236304574700000200e+36 1.510630000000000065e+39 1.000000000000000000e+00 0.000000000000000000e+00
5.681278714100000000e+15 4.202287977699999953e+36 1.505629999999999930e+39 1.000000000000000000e+00 0.000000000000000000e+00
5.643607803400000000e+15 4.168384158100000088e+36 1.500630000000000097e+39 1.000000000000000000e+00 0.000000000000000000e+00
5.606062201000000000e+15 4.134593115900000013e+36 1.495629999999999962e+39 1.000000000000000000e+00 0.000000000000000000e+00
5.568641906800000000e+15 4.100914851099999730e+36 1.490630000000000129e+39 1.000000000000000000e+00 0.000000000000000000e+00
5.531346920800000000e+15 4.067349363699999827e+36 1.485629999999999994e+39 1.000000000000000000e+00 0.000000000000000000e+00
5.494177243000000000e+15 4.033896653799999958e+36 1.480629999999999859e+39 1.000000000000000000e+00 0.000000000000000000e+00
5.457132873500000000e+15 4.000556721200000228e+36 1.475630000000000027e+39 1.000000000000000000e+00 0.000000000000000000e+00
5.420213812200000000e+15 3.967329566000000288e+36 1.470629999999999892e+39 1.000000000000000000e+00 0.000000000000000000e+00
5.383420059100000000e+15 3.934215188200000140e+36 1.465630000000000059e+39 1.000000000000000000e+00 0.000000000000000000e+00
5.346751614200000000e+15 3.901213587799999782e+36 1.460629999999999924e+39 1.000000000000000000e+00 0.000000000000000000e+00
5.310208477600000000e+15 3.868324764900000048e+36 1.455630000000000091e+39 1.000000000000000000e+00 0.000000000000000000e+00
5.273790649200000000e+15 3.835548719299999862e+36 1.450629999999999956e+39 1.000000000000000000e+00 0.000000000000000000e+00
5.237498129000000000e+15 3.802885451100000057e+36 1.445630000000000124e+39 1.000000000000000000e+00 0.000000000000000000e+00
5.201330917000000000e+15 3.770334960400000286e+36 1.440629999999999989e+39 1.000000000000000000e+00 0.000000000000000000e+00
5.165289013300000000e+15 3.737897247000000063e+36 1.435629999999999854e+39 1.000000000000000000e+00 0.000000000000000000e+00
5.129372417800000000e+15 3.705572311000000222e+36 1.430630000000000021e+39 1.000000000000000000e+00 0.000000000000000000e+00
5.093581130500000000e+15 3.673360152499999823e+36 1.425629999999999886e+39 1.000000000000000000e+00 0.000000000000000000e+00
5.057915151400000000e+15 3.641260771300000154e+36 1.420630000000000053e+39 1.000000000000000000e+00 0.000000000000000000e+00
5.022374480600000000e+15 3.609274167599999927e+36 1.415629999999999919e+39 1.000000000000000000e+00 0.000000000000000000e+00
4.986959118000000000e+15 3.577400341300000082e+36 1.410630000000000086e+39 1.000000000000000000e+00 0.000000000000000000e+00
4.951669063600000000e+15 3.545639292299999785e+36 1.405629999999999951e+39 1.000000000000000000e+00 0.000000000000000000e+00
4.916504317500000000e+15 3.513991020800000111e+36 1.400630000000000118e+39 1.000000000000000000e+00 0.000000000000000000e+00
4.881464879600000000e+15 3.482455526599999987e+36 1.395629999999999983e+39 1.000000000000000000e+00 0.000000000000000000e+00
4.846550749800000000e+15 3.451032809899999895e+36 1.390630000000000151e+39 1.000000000000000000e+00 0.000000000000000000e+00
4.811761928400000000e+15 3.419722870600000185e+36 1.385630000000000016e+39 1.000000000000000000e+00 0.000000000000000000e+00
4.777098415100000000e+15 3.388525708700000265e+36 1.380629999999999881e+39 1.000000000000000000e+00 0.000000000000000000e+00
4.742560210100000000e+15 3.357441324099999894e+36 1.375630000000000048e+39 1.000000000000000000e+00 0.000000000000000000e+00
4.708147313300000000e+15 3.326469717000000146e+36 1.370629999999999913e+39 1.000000000000000000e+00 0.000000000000000000e+00
4.673859724700000000e+15 3.295610887300000190e+36 1.365630000000000080e+39 1.000000000000000000e+00 0.000000000000000000e+00
4.639697444400000000e+15 3.264864835000000024e+36 1.360629999999999945e+39 1.000000000000000000e+00 0.000000000000000000e+00
4.605660472300000000e+15 3.234231560100000240e+36 1.355629999999999961e+39 1.000000000000000000e+00 0.000000000000000000e+00
4.571748808400000000e+15 3.203711062600000246e+36 1.350629999999999978e+39 1.000000000000000000e+00 0.000000000000000000e+00
4.537962452700000000e+15 3.173303342500000043e+36 1.345629999999999994e+39 1.000000000000000000e+00 0.000000000000000000e+00
4.504301405200000000e+15 3.143008399800000222e+36 1.340630000000000010e+39 1.000000000000000000e+00 0.000000000000000000e+00
4.470765666000000000e+15 3.112826234500000191e+36 1.335630000000000026e+39 1.000000000000000000e+00 0.000000000000000000e+00
4.437355235000000000e+15 3.082756846599999951e+36 1.330630000000000042e+39 1.000000000000000000e+00 0.000000000000000000e+00
4.404070112300000000e+15 3.052800236100000092e+36 1.325630000000000058e+39 1.000000000000000000e+00 0.000000000000000000e+00
4.370910297700000000e+15 3.022956403000000024e+36 1.320630000000000075e+39 1.000000000000000000e+00 0.000000000000000000e+00
4.337875791400000000e+15 2.993225347299999748e+36 1.315629999999999940e+39 1.000000000000000000e+00 0.000000000000000000e+00
4.304966593300000000e+15 2.963607068999999852e+36 1.310629999999999956e+39 1.000000000000000000e+00 0.000000000000000000e+00
4.272182703500000000e+15 2.934101568099999747e+36 1.305629999999999972e+39 1.000000000000000000e+00 0.000000000000000000e+00
4.239524121800000000e+15 2.904708844700000266e+36 1.300629999999999988e+39 1.000000000000000000e+00 0.000000000000000000e+00
4.206990848400000000e+15 2.875428898599999743e+36 1.295630000000000004e+39 1.000000000000000000e+00 0.000000000000000000e+00
4.174582883200000000e+15 2.846261729900000191e+36 1.290630000000000021e+39 1.000000000000000000e+00 0.000000000000000000e+00
4.142300226300000000e+15 2.817207338700000082e+36 1.285630000000000037e+39 1.000000000000000000e+00 0.000000000000000000e+00
4.110142877500000000e+15 2.788265724800000112e+36 1.280630000000000053e+39 1.000000000000000000e+00 0.000000000000000000e+00
4.078110837000000000e+15 2.759436888299999933e+36 1.275630000000000069e+39 1.000000000000000000e+00 0.000000000000000000e+00
4.046204104700000000e+15 2.730720829299999788e+36 1.270629999999999934e+39 1.000000000000000000e+00 0.000000000000000000e+00
4.014422680700000000e+15 2.702117547599999781e+36 1.265629999999999950e+39 1.000000000000000000e+00 0.000000000000000000e+00
3.982766564800000000e+15 2.673627043399999807e+36 1.260629999999999966e+39 1.000000000000000000e+00 0.000000000000000000e+00
3.951235757200000000e+15 2.645249316499999972e+36 1.255629999999999983e+39 1.000000000000000000e+00 0.000000000000000000e+00
3.919830257800000000e+15 2.616984367099999875e+36 1.250629999999999999e+39 1.000000000000000000e+00 0.000000000000000000e+00
3.888550066700000000e+15 2.588832195099999865e+36 1.245630000000000015e+39 1.000000000000000000e+00 0.000000000000000000e+00
3.857395183800000000e+15 2.560792800399999993e+36 1.240630000000000031e+39 1.000000000000000000e+00 0.000000000000000000e+00
3.826365609000000000e+15 2.532866183199999859e+36 1.235630000000000047e+39 1.000000000000000000e+00 0.000000000000000000e+00
3.795461342600000000e+15 2.505052343400000106e+36 1.230630000000000063e+39 1.000000000000000000e+00 0.000000000000000000e+00
3.764682384300000000e+15 2.477351280899999902e+36 1.225629999999999928e+39 1.000000000000000000e+00 0.000000000000000000e+00
3.734028734300000000e+15 2.449762995900000026e+36 1.220629999999999945e+39 1.000000000000000000e+00 0.000000000000000000e+00
3.703500392500000000e+15 2.422287488299999941e+36 1.215629999999999961e+39 1.000000000000000000e+00 0.000000000000000000e+00
3.673097358900000000e+15 2.394924758099999942e+36 1.210629999999999977e+39 1.000000000000000000e+00 0.000000000000000000e+00
3.642819633600000000e+15 2.367674805200000082e+36 1.205629999999999993e+39 1.000000000000000000e+00 0.000000000000000000e+00
3.612667216400000000e+15 2.340537629799999960e+36 1.200630000000000009e+39 1.000000000000000000e+00 0.000000000000000000e+00
3.582640107500000000e+15 2.313513231799999925e+36 1.195630000000000026e+39 1.000000000000000000e+00 0.000000000000000000e+00
3.552738306900000000e+15 2.286601611199999975e+36 1.190630000000000042e+39 1.000000000000000000e+00 0.000000000000000000e+00
3.522961814400000000e+15 2.259802768000000111e+36 1.185630000000000058e+39 1.000000000000000000e+00 0.000000000000000000e+00
3.493310630200000000e+15 2.233116702200000038e+36 1.180630000000000074e+39 1.000000000000000000e+00 0.000000000000000000e+00
3.463784754200000000e+15 2.206543413800000051e+36 1.175629999999999939e+39 1.000000000000000000e+00 0.000000000000000000e+00
3.434384186400000000e+15 2.180082902799999855e+36 1.170629999999999955e+39 1.000000000000000000e+00 0.000000000000000000e+00
3.405108926900000000e+15 2.153735169200000040e+36 1.165629999999999971e+39 1.000000000000000000e+00 0.000000000000000000e+00
3.375958975600000000e+15 2.127500213099999963e+36 1.160629999999999988e+39 1.000000000000000000e+00 0.000000000000000000e+00
3.346934332500000000e+15 2.101378034300000025e+36 1.155630000000000004e+39 1.000000000000000000e+00 0.000000000000000000e+00
3.318034997600000000e+15 2.075368632899999878e+36 1.150630000000000020e+39 1.000000000000000000e+00 0.000000000000000000e+00
3.289260971000000000e+15 2.049472008900000112e+36 1.145630000000000036e+39 1.000000000000000000e+00 0.000000000000000000e+00
3.260612252600000000e+15 2.023688162300000137e+36 1.140630000000000052e+39 1.000000000000000000e+00 0.000000000000000000e+00
3.232088842400000000e+15 1.998017093199999900e+36 1.135630000000000068e+39 1.000000000000000000e+00 0.000000000000000000e+00
3.203690740400000000e+15 1.972458801400000097e+36 1.130629999999999933e+39 1.000000000000000000e+00 0.000000000000000000e+00
3.175417946700000000e+15 1.947013287000000085e+36 1.125629999999999950e+39 1.000000000000000000e+00 0.000000000000000000e+00
3.147270461100000000e+15 1.921680550100000106e+36 1.120629999999999966e+39 1.000000000000000000e+00 0.000000000000000000e+00
3.119248283900000000e+15 1.896460590499999971e+36 1.115629999999999982e+39 1.000000000000000000e+00 0.000000000000000000e+00
3.091351414800000000e+15 1.871353408399999869e+36 1.110629999999999998e+39 1.000000000000000000e+00 0.000000000000000000e+00
3.063579854000000000e+15 1.846359003599999906e+36 1.105630000000000014e+39 1.000000000000000000e+00 0.000000000000000000e+00
3.035933601400000000e+15 1.821477376299999976e+36 1.100630000000000030e+39 1.000000000000000000e+00 0.000000000000000000e+00
3.008412657000000000e+15 1.796708526299999890e+36 1.095630000000000047e+39 1.000000000000000000e+00 0.000000000000000000e+00
2.981017020800000000e+15 1.772052453800000132e+36 1.090630000000000063e+39 1.000000000000000000e+00 0.000000000000000000e+00
2.953746692900000000e+15 1.747509158599999922e+36 1.085629999999999928e+39 1.000000000000000000e+00 0.000000000000000000e+00
2.926601673200000000e+15 1.723078640900000041e+36 1.080629999999999944e+39 1.000000000000000000e+00 0.000000000000000000e+00
2.899581961700000000e+15 1.698760900599999951e+36 1.075629999999999960e+39 1.000000000000000000e+00 0.000000000000000000e+00
2.872687558400000000e+15 1.674555937600000000e+36 1.070629999999999976e+39 1.000000000000000000e+00 0.000000000000000000e+00
2.845918463400000000e+15 1.650463752100000082e+36 1.065629999999999993e+39 1.000000000000000000e+00 0.000000000000000000e+00
2.819274676600000000e+15 1.626484343999999955e+36 1.060630000000000009e+39 1.000000000000000000e+00 0.000000000000000000e+00
2.792756198000000000e+15 1.602617713299999914e+36 1.055630000000000025e+39 1.000000000000000000e+00 0.000000000000000000e+00
2.766363027700000000e+15 1.578863859900000012e+36 1.050630000000000041e+39 1.000000000000000000e+00 0.000000000000000000e+00
2.740095165500000000e+15 1.555222784000000142e+36 1.045630000000000057e+39 1.000000000000000000e+00 0.000000000000000000e+00
2.713952611600000000e+15 1.531694485500000064e+36 1.040630000000000073e+39 1.000000000000000000e+00 0.000000000000000000e+00
2.687935366000000000e+15 1.508278964400000072e+36 1.035629999999999938e+39 1.000000000000000000e+00 0.000000000000000000e+00
2.662043428500000000e+15 1.484976220699999871e+36 1.030629999999999955e+39 1.000000000000000000e+00 0.000000000000000000e+00
2.636276799300000000e+15 1.461786254400000051e+36 1.025629999999999971e+39 1.000000000000000000e+00 0.000000000000000000e+00
2.610635478300000000e+15 1.438709065500000022e+36 1.020629999999999987e+39 1.000000000000000000e+00 0.000000000000000000e+00
2.585119465500000000e+15 1.415744654000000078e+36 1.015630000000000003e+39 1.000000000000000000e+00 0.000000000000000000e+00
2.559728761000000000e+15 1.392893019899999926e+36 1.010630000000000019e+39 1.000000000000000000e+00 0.000000000000000000e+00
2.534463364700000000e+15 1.370154163199999860e+36 1.005630000000000035e+39 1.000000000000000000e+00 0.000000000000000000e+00
2.509323276600000000e+15 1.347528084000000122e+36 1.000630000000000052e+39 1.000000000000000000e+00 0.000000000000000000e+00
2.484303506300000000e+15 1.325010290699999989e+36 9.956289999999999808e+38 1.000000000000000000e+00 0.000000000000000000e+00
2.459414059700000000e+15 1.302609788800000054e+36 9.906289999999999969e+38 1.000000000000000000e+00 0.000000000000000000e+00
2.434649921300000000e+15 1.280322064199999962e+36 9.856290000000000131e+38 1.000000000000000000e+00 0.000000000000000000e+00
2.410011091200000000e+15 1.258147117100000051e+36 9.806290000000000293e+38 1.000000000000000000e+00 0.000000000000000000e+00
2.385497569300000000e+15 1.236084947399999930e+36 9.756290000000000454e+38 1.000000000000000000e+00 0.000000000000000000e+00
2.361109355600000000e+15 1.214135555100000044e+36 9.706290000000000616e+38 1.000000000000000000e+00 0.000000000000000000e+00
2.336846450200000000e+15 1.192298940199999948e+36 9.656289999999999267e+38 1.000000000000000000e+00 0.000000000000000000e+00
2.312708852900000000e+15 1.170575102699999938e+36 9.606289999999999428e+38 1.000000000000000000e+00 0.000000000000000000e+00
2.288696563900000000e+15 1.148964042600000014e+36 9.556289999999999590e+38 1.000000000000000000e+00 0.000000000000000000e+00
2.264809583200000000e+15 1.127465759900000029e+36 9.506289999999999752e+38 1.000000000000000000e+00 0.000000000000000000e+00
2.241047910600000000e+15 1.106080254599999982e+36 9.456289999999999913e+38 1.000000000000000000e+00 0.000000000000000000e+00
2.217411546300000000e+15 1.084807526700000022e+36 9.406290000000000075e+38 1.000000000000000000e+00 0.000000000000000000e+00
2.193900490200000000e+15 1.063647576199999999e+36 9.356290000000000237e+38 1.000000000000000000e+00 0.000000000000000000e+00
2.170514742300000000e+15 1.042600403100000063e+36 9.306290000000000398e+38 1.000000000000000000e+00 0.000000000000000000e+00
2.147254302700000000e+15 1.021666007400000065e+36 9.256290000000000560e+38 1.000000000000000000e+00 0.000000000000000000e+00
2.124119171200000000e+15 1.000844389199999953e+36 9.206290000000000722e+38 1.000000000000000000e+00 0.000000000000000000e+00
2.101109348000000000e+15 9.801355482900000733e+35 9.156289999999999372e+38 1.000000000000000000e+00 0.000000000000000000e+00
2.078224833100000000e+15 9.595394848099999983e+35 9.106289999999999534e+38 1.000000000000000000e+00 0.000000000000000000e+00
2.055465626300000000e+15 9.390561987400000631e+35 9.056289999999999696e+38 1.000000000000000000e+00 0.000000000000000000e+00
2.032831727800000000e+15 9.186856900799999726e+35 9.006289999999999857e+38 1.000000000000000000e+00 0.000000000000000000e+00
2.010323137500000000e+15 8.984279588100000618e+35 8.956290000000000019e+38 1.000000000000000000e+00 0.000000000000000000e+00
1.987939855500000000e+15 8.782830049499999957e+35 8.906290000000000181e+38 1.000000000000000000e+00 0.000000000000000000e+00
1.965681881600000000e+15 8.582508284900000157e+35 8.856290000000000343e+38 1.000000000000000000e+00 0.000000000000000000e+00
1.943549216000000000e+15 8.383314294400000278e+35 8.806290000000000504e+38 1.000000000000000000e+00 0.000000000000000000e+00
1.921541858600000000e+15 8.185248077899999784e+35 8.756290000000000666e+38 1.000000000000000000e+00 0.000000000000000000e+00
1.899659809400000000e+15 7.988309635400000150e+35 8.706289999999999316e+38 1.000000000000000000e+00 0.000000000000000000e+00
1.877903068500000000e+15 7.792498967000000439e+35 8.656289999999999478e+38 1.000000000000000000e+00 0.000000000000000000e+00
1.856271635800000000e+15 7.597816072499999574e+35 8.606289999999999640e+38 1.000000000000000000e+00 0.000000000000000000e+00
1.834765511300000000e+15 7.404260952200000644e+35 8.556289999999999801e+38 1.000000000000000000e+00 0.000000000000000000e+00
1.813384695000000000e+15 7.211833605800000562e+35 8.506289999999999963e+38 1.000000000000000000e+00 0.000000000000000000e+00
1.792129187000000000e+15 7.020534033500000402e+35 8.456290000000000125e+38 1.000000000000000000e+00 0.000000000000000000e+00
1.770998987200000000e+15 6.830362235199999626e+35 8.406290000000000287e+38 1.000000000000000000e+00 0.000000000000000000e+00
1.749994095600000000e+15 6.641318210899999711e+35 8.356290000000000448e+38 1.000000000000000000e+00 0.000000000000000000e+00
1.729114512300000000e+15 6.453401960699999717e+35 8.306290000000000610e+38 3.392344497599999897e+00 0.000000000000000000e+00
1.714433719300000000e+15 6.322567554299999888e+35 8.256289999999999260e+38 3.392344497599999897e+00 0.000000000000000000e+00
1.699840328500000000e+15 6.193615010999999776e+35 8.206289999999999422e+38 3.392344497599999897e+00 0.000000000000000000e+00
1.685333603600000000e+15 6.066528481600000266e+35 8.156289999999999584e+38 3.392344497599999897e+00 0.000000000000000000e+00
1.670912810400000000e+15 5.941292154999999682e+35 8.106289999999999745e+38 3.392344497599999897e+00 0.000000000000000000e+00
1.656577216200000000e+15 5.817890258099999898e+35 8.056289999999999907e+38 3.392344497599999897e+00 0.000000000000000000e+00
1.642326090300000000e+15 5.696307055900000233e+35 8.006290000000000069e+38 3.392344497599999897e+00 0.000000000000000000e+00
1.628158703700000000e+15 5.576526851399999858e+35 7.956290000000000231e+38 3.392344497599999897e+00 0.000000000000000000e+00
1.614074329000000000e+15 5.458533986399999895e+35 7.906290000000000392e+38 3.392344497599999897e+00 0.000000000000000000e+00
1.600072240900000000e+15 5.342312841099999777e+35 7.856290000000000554e+38 3.392344497599999897e+00 0.000000000000000000e+00
1.586151715600000000e+15 5.227847834400000350e+35 7.806290000000000716e+38 3.392344497599999897e+00 0.000000000000000000e+00
1.572312031400000000e+15 5.115123423999999972e+35 7.756289999999999366e+38 3.392344497599999897e+00 0.000000000000000000e+00
1.558552468200000000e+15 5.004124106699999821e+35 7.706289999999999528e+38 3.392344497599999897e+00 0.000000000000000000e+00
1.544872307700000000e+15 4.894834418400000204e+35 7.656289999999999689e+38 3.392344497599999897e+00 0.000000000000000000e+00
1.531270833600000000e+15 4.787238934399999957e+35 7.606289999999999851e+38 3.392344497599999897e+00 0.000000000000000000e+00
1.517747331300000000e+15 4.681322269400000133e+35 7.556290000000000013e+38 3.392344497599999897e+00 0.000000000000000000e+00
1.504301088100000000e+15 4.577069077699999911e+35 7.506290000000000175e+38 3.392344497599999897e+00 0.000000000000000000e+00
1.490931393200000000e+15 4.474464053499999687e+35 7.456290000000000336e+38 3.392344497599999897e+00 0.000000000000000000e+00
1.477637537400000000e+15 4.373491930900000333e+35 7.406290000000000498e+38 3.392344497599999897e+00 0.000000000000000000e+00
1.464418813700000000e+15 4.274137484099999848e+35 7.356290000000000660e+38 3.392344497599999897e+00 0.000000000000000000e+00
1.451274516800000000e+15 4.176385527499999795e+35 7.306289999999999310e+38 3.392344497599999897e+00 0.000000000000000000e+00
1.438203943300000000e+15 4.080220916000000278e+35 7.256289999999999472e+38 3.392344497599999897e+00 0.000000000000000000e+00
1.425206391500000000e+15 3.985628545300000071e+35 7.206289999999999634e+38 3.392344497599999897e+00 0.000000000000000000e+00
1.412281162000000000e+15 3.892593351499999640e+35 7.156289999999999795e+38 3.392344497599999897e+00 0.000000000000000000e+00
1.399427557000000000e+15 3.801100312000000074e+35 7.106289999999999957e+38 3.392344497599999897e+00 0.000000000000000000e+00
1.386644880700000000e+15 3.711134445100000198e+35 7.056290000000000119e+38 3.392344497599999897e+00 0.000000000000000000e+00
1.373932439200000000e+15 3.622680810599999797e+35 7.006290000000000280e+38 3.392344497599999897e+00 0.000000000000000000e+00
1.361289540500000000e+15 3.535724509500000221e+35 6.956290000000000442e+38 3.392344497599999897e+00 0.000000000000000000e+00
1.348715494600000000e+15 3.450250684700000024e+35 6.906290000000000604e+38 3.392344497599999897e+00 0.000000000000000000e+00
1.336209613300000000e+15 3.366244520900000336e+35 6.856289999999999254e+38 3.392344497599999897e+00 0.000000000000000000e+00
1.323771210700000000e+15 3.283691244699999864e+35 6.806289999999999416e+38 3.392344497599999897e+00 0.000000000000000000e+00
1.311399602400000000e+15 3.202576124999999992e+35 6.756290000000000333e+38 3.392344497599999897e+00 0.000000000000000000e+00
1.299094106300000000e+15 3.122884473199999955e+35 6.706289999999999739e+38 3.392344497599999897e+00 0.000000000000000000e+00
1.286854042100000000e+15 3.044601643099999990e+35 6.656289999999999901e+38 3.392344497599999897e+00 0.000000000000000000e+00
1.274678731700000000e+15 2.967713031300000167e+35 6.606290000000000063e+38 3.392344497599999897e+00 0.000000000000000000e+00
1.262567498700000000e+15 2.892204077599999953e+35 6.556290000000000224e+38 3.392344497599999897e+00 0.000000000000000000e+00
1.250519668800000000e+15 2.818060264600000125e+35 6.506289999999999630e+38 3.392344497599999897e+00 0.000000000000000000e+00
1.238534570000000000e+15 2.745267118599999854e+35 6.456289999999999792e+38 3.392344497599999897e+00 0.000000000000000000e+00
1.226611531900000000e+15 2.673810209400000065e+35 6.406289999999999954e+38 3.392344497599999897e+00 0.000000000000000000e+00
1.214749886500000000e+15 2.603675150500000077e+35 6.356290000000000115e+38 3.392344497599999897e+00 0.000000000000000000e+00
1.202948967500000000e+15 2.534847599399999958e+35 6.306290000000000277e+38 3.392344497599999897e+00 0.000000000000000000e+00
1.191208110900000000e+15 2.467313257800000121e+35 6.256289999999999683e+38 3.392344497599999897e+00 0.000000000000000000e+00
1.179526654700000000e+15 2.401057871899999991e+35 6.206289999999999845e+38 3.392344497599999897e+00 0.000000000000000000e+00
1.167903939000000000e+15 2.336067232300000041e+35 6.156290000000000007e+38 3.392344497599999897e+00 0.000000000000000000e+00
1.156339305800000000e+15 2.272327174799999830e+35 6.106290000000000168e+38 3.392344497599999897e+00 0.000000000000000000e+00
1.144832099400000000e+15 2.209823579999999902e+35 6.056290000000000330e+38 3.392344497599999897e+00 0.000000000000000000e+00
1.133381666300000000e+15 2.148542373800000053e+35 6.006289999999999736e+38 3.392344497599999897e+00 0.000000000000000000e+00
1.121987354700000000e+15 2.088469527699999834e+35 5.956289999999999898e+38 3.392344497599999897e+00 0.000000000000000000e+00
1.110648515300000000e+15 2.029591058899999826e+35 5.906290000000000059e+38 3.392344497599999897e+00 0.000000000000000000e+00
1.099364500800000000e+15 1.971893030599999933e+35 5.856290000000000221e+38 3.392344497599999897e+00 0.000000000000000000e+00
1.088134666100000000e+15 1.915361552200000088e+35 5.806289999999999627e+38 3.392344497599999897e+00 0.000000000000000000e+00
1.076958368200000000e+15 1.859982779600000020e+35 5.756289999999999789e+38 3.392344497599999897e+00 0.000000000000000000e+00
1.065834966200000000e+15 1.805742915300000163e+35 5.706289999999999951e+38 3.392344497599999897e+00 0.000000000000000000e+00
1.054763821500000000e+15 1.752628208699999942e+35 5.656290000000000112e+38 3.392344497599999897e+00 0.000000000000000000e+00
1.043744297800000000e+15 1.700624956699999899e+35 5.606290000000000274e+38 3.392344497599999897e+00 0.000000000000000000e+00
1.032775760700000000e+15 1.649719503199999922e+35 5.556289999999999680e+38 3.392344497599999897e+00 0.000000000000000000e+00
1.021857578200000000e+15 1.599898240199999996e+35 5.506289999999999842e+38 3.392344497599999897e+00 0.000000000000000000e+00
1.010989120500000000e+15 1.551147607500000063e+35 5.456290000000000003e+38 3.392344497599999897e+00 0.000000000000000000e+00
1.000169760100000000e+15 1.503454092999999977e+35 5.406290000000000165e+38 3.392344497599999897e+00 0.000000000000000000e+00
9.893988716800000000e+14 1.456804233199999977e+35 5.356290000000000327e+38 3.392344497599999897e+00 0.000000000000000000e+00
9.786758321800000000e+14 1.411184613600000068e+35 5.306289999999999733e+38 3.392344497599999897e+00 0.000000000000000000e+00
9.680000208500000000e+14 1.366581868300000088e+35 5.256289999999999895e+38 3.392344497599999897e+00 0.000000000000000000e+00
9.573708192000000000e+14 1.322982680999999917e+35 5.206290000000000056e+38 3.392344497599999897e+00 0.000000000000000000e+00
9.467876110900000000e+14 1.280373784900000044e+35 5.156290000000000218e+38 3.392344497599999897e+00 0.000000000000000000e+00
9.362497826500000000e+14 1.238741963299999997e+35 5.106289999999999624e+38 3.392344497599999897e+00 0.000000000000000000e+00
9.257567223700000000e+14 1.198074049400000037e+35 5.056289999999999786e+38 3.392344497599999897e+00 0.000000000000000000e+00
9.153078210800000000e+14 1.158356927099999921e+35 5.006289999999999947e+38 3.392344497599999897e+00 0.000000000000000000e+00
9.049024719600000000e+14 1.119577531000000012e+35 4.956290000000000109e+38 3.392344497599999897e+00 0.000000000000000000e+00
8.945400705700000000e+14 1.081722846799999919e+35 4.906290000000000271e+38 3.392344497599999897e+00 0.000000000000000000e+00
8.842200148600000000e+14 1.044779911499999947e+35 4.856289999999999677e+38 3.392344497599999897e+00 0.000000000000000000e+00
8.739417051700000000e+14 1.008735814200000043e+35 4.806289999999999839e+38 3.392344497599999897e+00 0.000000000000000000e+00
8.637045442800000000e+14 9.735776955699999390e+34 4.756290000000000000e+38 3.392344497599999897e+00 0.000000000000000000e+00
8.535079373700000000e+14 9.392927490199999392e+34 4.706290000000000162e+38 3.392344497599999897e+00 0.000000000000000000e+00
8.433512921000000000e+14 9.058682205100000135e+34 4.656290000000000324e+38 3.392344497599999897e+00 0.000000000000000000e+00
8.332340185900000000e+14 8.732914090800000249e+34 4.606289999999999730e+38 3.392344497599999897e+00 0.000000000000000000e+00
8.231555294100000000e+14 8.415496671999999509e+34 4.556289999999999892e+38 3.392344497599999897e+00 0.000000000000000000e+00
8.131152396600000000e+14 8.106304010399999881e+34 4.506290000000000053e+38 3.392344497599999897e+00 0.000000000000000000e+00
8.031125669400000000e+14 7.805210709299999993e+34 4.456290000000000215e+38 3.392344497599999897e+00 0.000000000000000000e+00
7.931469313800000000e+14 7.512091916200000073e+34 4.406290000000000377e+38 3.392344497599999897e+00 0.000000000000000000e+00
7.832177556600000000e+14 7.226823327499999908e+34 4.356289999999999783e+38 3.392344497599999897e+00 0.000000000000000000e+00
7.733342911100000000e+14 6.967086867500000206e+34 4.306289999999999944e+38 2.587301587299999817e+00 0.000000000000000000e+00
7.634698109300000000e+14 6.759713195099999552e+34 4.256290000000000106e+38 2.587301587299999817e+00 0.000000000000000000e+00
7.536321476900000000e+14 6.556170513800000158e+34 4.206290000000000268e+38 2.587301587299999817e+00 0.000000000000000000e+00
7.438211159200000000e+14 6.356432328100000265e+34 4.156289999999999674e+38 2.587301587299999817e+00 0.000000000000000000e+00
7.340365292300000000e+14 6.160472012299999822e+34 4.106289999999999836e+38 2.587301587299999817e+00 0.000000000000000000e+00
7.242782003300000000e+14 5.968262807900000170e+34 4.056289999999999997e+38 2.587301587299999817e+00 0.000000000000000000e+00
7.145459409500000000e+14 5.779777821800000268e+34 4.006290000000000159e+38 2.587301587299999817e+00 0.000000000000000000e+00
7.048395618900000000e+14 5.594990023700000054e+34 3.956290000000000321e+38 2.587301587299999817e+00 0.000000000000000000e+00
6.951588729600000000e+14 5.413872243500000128e+34 3.906289999999999727e+38 2.587301587299999817e+00 0.000000000000000000e+00
6.855036829700000000e+14 5.236397169200000418e+34 3.856289999999999888e+38 2.587301587299999817e+00 0.000000000000000000e+00
6.758737997200000000e+14 5.062537344299999864e+34 3.806290000000000050e+38 2.587301587299999817e+00 0.000000000000000000e+00
6.662690299900000000e+14 4.892265164500000255e+34 3.756290000000000212e+38 2.587301587299999817e+00 0.000000000000000000e+00
6.566891794900000000e+14 4.725552876000000418e+34 3.706290000000000373e+38 2.587301587299999817e+00 0.000000000000000000e+00
6.471340528900000000e+14 4.562372571600000343e+34 3.656289999999999780e+38 2.587301587299999817e+00 0.000000000000000000e+00
6.376034537400000000e+14 4.402696188599999852e+34 3.606289999999999941e+38 2.587301587299999817e+00 0.000000000000000000e+00
6.280971844800000000e+14 4.246495505300000084e+34 3.556290000000000103e+38 2.587301587299999817e+00 0.000000000000000000e+00
6.186150464400000000e+14 4.093742138100000080e+34 3.506290000000000265e+38 2.587301587299999817e+00 0.000000000000000000e+00
6.091568397700000000e+14 3.944407538299999966e+34 3.456289999999999671e+38 2.587301587299999817e+00 0.000000000000000000e+00
5.997223634400000000e+14 3.798462988600000127e+34 3.406289999999999832e+38 2.587301587299999817e+00 0.000000000000000000e+00
5.903114152500000000e+14 3.655879599599999920e+34 3.356289999999999994e+38 2.587301587299999817e+00 0.000000000000000000e+00
5.809237917200000000e+14 3.516628306500000135e+34 3.306290000000000156e+38 2.587301587299999817e+00 0.000000000000000000e+00
5.715592881600000000e+14 3.380679865200000204e+34 3.256289999999999940e+38 2.587301587299999817e+00 0.000000000000000000e+00
5.622176985700000000e+14 3.248004848499999818e+34 3.206290000000000101e+38 2.587301587299999817e+00 0.000000000000000000e+00
5.528988156500000000e+14 3.118573642100000026e+34 3.156289999999999885e+38 2.587301587299999817e+00 0.000000000000000000e+00
5.436024307700000000e+14 2.992356440499999921e+34 3.106290000000000047e+38 2.587301587299999817e+00 0.000000000000000000e+00
5.343283339100000000e+14 2.869323242599999922e+34 3.056289999999999831e+38 2.587301587299999817e+00 0.000000000000000000e+00
5.250763136700000000e+14 2.749443847500000047e+34 3.006289999999999993e+38 2.587301587299999817e+00 0.000000000000000000e+00
5.158461572100000000e+14 2.632687849399999981e+34 2.956290000000000154e+38 2.587301587299999817e+00 0.000000000000000000e+00
5.066376502200000000e+14 2.519024633200000056e+34 2.906289999999999938e+38 2.587301587299999817e+00 0.000000000000000000e+00
4.974505769100000000e+14 2.408423369500000204e+34 2.856290000000000100e+38 2.587301587299999817e+00 0.000000000000000000e+00
4.882847199100000000e+14 2.300853009000000105e+34 2.806289999999999884e+38 2.587301587299999817e+00 0.000000000000000000e+00
4.791398603100000000e+14 2.196282277099999866e+34 2.756290000000000045e+38 2.587301587299999817e+00 0.000000000000000000e+00
4.700157775800000000e+14 2.094679668800000092e+34 2.706289999999999829e+38 2.587301587299999817e+00 0.000000000000000000e+00
4.609122495200000000e+14 1.996013441900000062e+34 2.656289999999999991e+38 2.587301587299999817e+00 0.000000000000000000e+00
4.518290522300000000e+14 1.900251611499999990e+34 2.606290000000000153e+38 2.587301587299999817e+00 0.000000000000000000e+00
4.427659600800000000e+14 1.807361942900000031e+34 2.556289999999999937e+38 2.587301587299999817e+00 0.000000000000000000e+00
4.337227456300000000e+14 1.717311945500000055e+34 2.506290000000000098e+38 2.587301587299999817e+00 0.000000000000000000e+00
4.246991795900000000e+14 1.630068865100000084e+34 2.456289999999999882e+38 2.587301587299999817e+00 0.000000000000000000e+00
4.157040000000000000e+14 1.546849999999999969e+34 2.406290000000000044e+38 2.975999999999999979e+00 0.000000000000000000e+00
4.066870000000000000e+14 1.453989999999999915e+34 2.356289999999999828e+38 2.976999999999999869e+00 0.000000000000000000e+00
3.976920000000000000e+14 1.364940000000000072e+34 2.306289999999999989e+38 2.976999999999999869e+00 0.000000000000000000e+00
3.887180000000000000e+14 1.279629999999999964e+34 2.256290000000000151e+38 2.978000000000000203e+00 0.000000000000000000e+00
3.797660000000000000e+14 1.197990000000000040e+34 2.206289999999999935e+38 2.978000000000000203e+00 0.000000000000000000e+00
3.708350000000000000e+14 1.119930000000000018e+34 2.156290000000000097e+38 2.978000000000000203e+00 0.000000000000000000e+00
3.619240000000000000e+14 1.045399999999999921e+34 2.106289999999999881e+38 2.976999999999999869e+00 0.000000000000000000e+00
3.530330000000000000e+14 9.743000000000000276e+33 2.056290000000000042e+38 2.976999999999999869e+00 0.000000000000000000e+00
3.441620000000000000e+14 9.065669999999999555e+33 2.006289999999999826e+38 2.975999999999999979e+00 0.000000000000000000e+00
3.353090000000000000e+14 8.421220000000000323e+33 1.956289999999999988e+38 2.974000000000000199e+00 0.000000000000000000e+00
3.264760000000000000e+14 7.808860000000000088e+33 1.906290000000000150e+38 2.972999999999999865e+00 0.000000000000000000e+00
3.176610000000000000e+14 7.227799999999999817e+33 1.856289999999999933e+38 2.970000000000000195e+00 0.000000000000000000e+00
3.088640000000000000e+14 6.677269999999999592e+33 1.806290000000000095e+38 2.967999999999999972e+00 0.000000000000000000e+00
3.000840000000000000e+14 6.156449999999999979e+33 1.756289999999999879e+38 2.963999999999999968e+00 0.000000000000000000e+00
2.913220000000000000e+14 5.664520000000000391e+33 1.706290000000000041e+38 2.959999999999999964e+00 0.000000000000000000e+00
2.825760000000000000e+14 5.200680000000000507e+33 1.656290000000000013e+38 2.955000000000000071e+00 0.000000000000000000e+00
2.738470000000000000e+14 4.764079999999999918e+33 1.606289999999999986e+38 2.950000000000000178e+00 0.000000000000000000e+00
2.651340000000000000e+14 4.353890000000000207e+33 1.556289999999999959e+38 2.943000000000000060e+00 0.000000000000000000e+00
2.564370000000000000e+14 3.969229999999999987e+33 1.506289999999999932e+38 2.935000000000000053e+00 0.000000000000000000e+00
2.477560000000000000e+14 3.609239999999999863e+33 1.456290000000000094e+38 2.926000000000000156e+00 0.000000000000000000e+00
2.390890000000000000e+14 3.273019999999999910e+33 1.406290000000000066e+38 2.915000000000000036e+00 0.000000000000000000e+00
2.304380000000000000e+14 2.959649999999999933e+33 1.356290000000000039e+38 2.903000000000000025e+00 0.000000000000000000e+00
2.218020000000000000e+14 2.668190000000000045e+33 1.306290000000000012e+38 2.888999999999999790e+00 0.000000000000000000e+00
2.131810000000000000e+14 2.397619999999999870e+33 1.256289999999999985e+38 2.873000000000000220e+00 0.000000000000000000e+00
2.045760000000000000e+14 2.146830000000000130e+33 1.206289999999999957e+38 2.854000000000000092e+00 0.000000000000000000e+00
1.959890000000000000e+14 1.914399999999999999e+33 1.156289999999999930e+38 2.833000000000000185e+00 0.000000000000000000e+00
1.874240000000000000e+14 1.698950000000000050e+33 1.106290000000000092e+38 2.807999999999999829e+00 0.000000000000000000e+00
1.788700000000000000e+14 1.501729999999999990e+33 1.056290000000000065e+38 2.778999999999999915e+00 0.000000000000000000e+00
1.703270000000000000e+14 1.321900000000000116e+33 1.006290000000000038e+38 2.745000000000000107e+00 0.000000000000000000e+00
1.617930000000000000e+14 1.158570000000000060e+33 9.562879999999999497e+37 2.706999999999999851e+00 0.000000000000000000e+00
1.532690000000000000e+14 1.010820000000000059e+33 9.062879999999999224e+37 2.664000000000000146e+00 0.000000000000000000e+00
1.437010000000000000e+14 8.936930000000000504e+32 8.501309999999999982e+37 2.697000000000000064e+00 1.902660000000000043e+29
1.432100000000000000e+14 8.873579999999999483e+32 8.472460000000000176e+37 2.701000000000000068e+00 2.322319999999999840e+29
1.427190000000000000e+14 8.809390000000000202e+32 8.443619999999999730e+37 2.704000000000000181e+00 2.613210000000000131e+29
1.422280000000000000e+14 8.745079999999999317e+32 8.414769999999999924e+37 2.706999999999999851e+00 2.856339999999999909e+29
1.417370000000000000e+14 8.680839999999999367e+32 8.385920000000000119e+37 2.709999999999999964e+00 3.074329999999999923e+29
1.412460000000000000e+14 8.616739999999999849e+32 8.357070000000000313e+37 2.713999999999999968e+00 3.276979999999999849e+29
1.407560000000000000e+14 8.552809999999999720e+32 8.328219999999999563e+37 2.717000000000000082e+00 3.469440000000000016e+29
1.402650000000000000e+14 8.489070000000000691e+32 8.299380000000000061e+37 2.720000000000000195e+00 3.654730000000000067e+29
1.397740000000000000e+14 8.425560000000000414e+32 8.270530000000000256e+37 2.456999999999999851e+00 3.834799999999999729e+29
1.392830000000000000e+14 8.362260000000000061e+32 8.241680000000000450e+37 2.454000000000000181e+00 4.010919999999999947e+29
1.387920000000000000e+14 8.299210000000000169e+32 8.212829999999999700e+37 2.451000000000000068e+00 4.184020000000000169e+29
1.383020000000000000e+14 8.236390000000000470e+32 8.183979999999999895e+37 2.447999999999999954e+00 4.354750000000000303e+29
1.378110000000000000e+14 8.173819999999999790e+32 8.155140000000000393e+37 2.444999999999999840e+00 4.523589999999999860e+29
1.373200000000000000e+14 8.111499999999999570e+32 8.126289999999999643e+37 2.442000000000000171e+00 4.690909999999999911e+29
1.368290000000000000e+14 8.049439999999999943e+32 8.097439999999999838e+37 2.439000000000000057e+00 4.856989999999999998e+29
1.363390000000000000e+14 7.987639999999999470e+32 8.068590000000000032e+37 2.435999999999999943e+00 5.022070000000000225e+29
1.358480000000000000e+14 7.926099999999999590e+32 8.039740000000000227e+37 2.432999999999999829e+00 5.186299999999999868e+29
1.353580000000000000e+14 7.864830000000000438e+32 8.010899999999999780e+37 2.430000000000000160e+00 5.349819999999999752e+29
1.348670000000000000e+14 7.803830000000000572e+32 7.982049999999999975e+37 2.427000000000000046e+00 5.512760000000000140e+29
1.343770000000000000e+14 7.743099999999999993e+32 7.953200000000000169e+37 2.423000000000000043e+00 5.675190000000000037e+29
1.338860000000000000e+14 7.682650000000000274e+32 7.924350000000000364e+37 2.419999999999999929e+00 5.837179999999999855e+29
1.333950000000000000e+14 7.622469999999999843e+32 7.895499999999999614e+37 2.416999999999999815e+00 5.998790000000000149e+29
1.329050000000000000e+14 7.562570000000000272e+32 7.866660000000000112e+37 2.414000000000000146e+00 6.160070000000000208e+29
1.324150000000000000e+14 7.502939999999999988e+32 7.837810000000000306e+37 2.411000000000000032e+00 6.321050000000000310e+29
1.319240000000000000e+14 7.443600000000000699e+32 7.808959999999999556e+37 2.407999999999999918e+00 6.481760000000000027e+29
1.314340000000000000e+14 7.384549999999999522e+32 7.780109999999999751e+37 2.404999999999999805e+00 6.642220000000000483e+29
1.309430000000000000e+14 7.325770000000000514e+32 7.751259999999999945e+37 2.402000000000000135e+00 6.802440000000000129e+29
1.304530000000000000e+14 7.267279999999999619e+32 7.722420000000000443e+37 2.398000000000000131e+00 6.962429999999999526e+29
1.299630000000000000e+14 7.209079999999999719e+32 7.693569999999999693e+37 2.395000000000000018e+00 7.122209999999999796e+29
1.294720000000000000e+14 7.151160000000000679e+32 7.664719999999999888e+37 2.391999999999999904e+00 7.281779999999999533e+29
1.289820000000000000e+14 7.098410000000000146e+32 7.635870000000000083e+37 2.388999999999999790e+00 4.589370000000000014e+29
1.284920000000000000e+14 7.041129999999999575e+32 7.607020000000000277e+37 2.384999999999999787e+00 4.670700000000000087e+29
1.280020000000000000e+14 6.984140000000000000e+32 7.578179999999999831e+37 2.382000000000000117e+00 4.751949999999999890e+29
1.260410000000000000e+14 6.769890000000000530e+32 7.462779999999999664e+37 2.367999999999999883e+00 2.597250000000000059e+29
1.255510000000000000e+14 6.714450000000000060e+32 7.433940000000000162e+37 2.365000000000000213e+00 2.621889999999999893e+29
1.226110000000000000e+14 6.387829999999999907e+32 7.260849999999999744e+37 2.345000000000000195e+00 2.770070000000000040e+29
1.177120000000000000e+14 5.866360000000000250e+32 6.972370000000000407e+37 2.310999999999999943e+00 3.014949999999999922e+29
1.172220000000000000e+14 5.815790000000000039e+32 6.943519999999999657e+37 2.306999999999999940e+00 3.039109999999999893e+29
1.157530000000000000e+14 5.665779999999999799e+32 6.856979999999999600e+37 2.295999999999999819e+00 3.111109999999999945e+29
1.152640000000000000e+14 5.616340000000000284e+32 6.828129999999999794e+37 2.293000000000000149e+00 3.134940000000000033e+29
1.137950000000000000e+14 5.469740000000000238e+32 6.741580000000000378e+37 2.282000000000000028e+00 3.205830000000000030e+29
1.133050000000000000e+14 5.421440000000000113e+32 6.712739999999999931e+37 2.278999999999999915e+00 3.229249999999999964e+29
1.123260000000000000e+14 5.325680000000000284e+32 6.655040000000000321e+37 2.270999999999999908e+00 3.275770000000000161e+29
1.113480000000000000e+14 5.231040000000000298e+32 6.597339999999999765e+37 2.263999999999999790e+00 3.321820000000000001e+29
1.103690000000000000e+14 5.137530000000000287e+32 6.539650000000000458e+37 2.257000000000000117e+00 3.367379999999999769e+29
1.098790000000000000e+14 5.091189999999999705e+32 6.510799999999999708e+37 2.253000000000000114e+00 3.389970000000000243e+29
1.093900000000000000e+14 5.045129999999999985e+32 6.481949999999999902e+37 2.249000000000000110e+00 3.412419999999999893e+29
1.089010000000000000e+14 4.999349999999999684e+32 6.453100000000000097e+37 2.245999999999999996e+00 3.434749999999999840e+29
1.084110000000000000e+14 4.953840000000000111e+32 6.424259999999999650e+37 2.241999999999999993e+00 3.456929999999999809e+29
1.079220000000000000e+14 4.908609999999999959e+32 6.395409999999999845e+37 2.237999999999999989e+00 3.478980000000000219e+29
1.074330000000000000e+14 4.876579999999999746e+32 6.366560000000000039e+37 2.233000000000000096e+00 3.891829999999999710e+29
1.069440000000000000e+14 4.832169999999999748e+32 6.337710000000000234e+37 2.229000000000000092e+00 3.889130000000000090e+29
1.064540000000000000e+14 4.788020000000000343e+32 6.308860000000000428e+37 2.225999999999999979e+00 3.886279999999999788e+29
1.059650000000000000e+14 4.744140000000000225e+32 6.280019999999999982e+37 2.221999999999999975e+00 3.883259999999999792e+29
1.054760000000000000e+14 4.700540000000000248e+32 6.251170000000000176e+37 2.217999999999999972e+00 3.880089999999999817e+29
1.049870000000000000e+14 4.657200000000000144e+32 6.222320000000000371e+37 2.213999999999999968e+00 3.876750000000000147e+29
1.044980000000000000e+14 4.614119999999999913e+32 6.193469999999999621e+37 2.209999999999999964e+00 3.873249999999999937e+29
1.040090000000000000e+14 4.571319999999999823e+32 6.164619999999999816e+37 2.205999999999999961e+00 3.869580000000000032e+29
1.035200000000000000e+14 4.528780000000000327e+32 6.135780000000000314e+37 2.201999999999999957e+00 3.865750000000000291e+29
1.030310000000000000e+14 4.486499999999999983e+32 6.106929999999999564e+37 2.198999999999999844e+00 3.861760000000000009e+29
1.025420000000000000e+14 4.444489999999999647e+32 6.078079999999999758e+37 2.194999999999999840e+00 3.857609999999999890e+29
1.020520000000000000e+14 4.402739999999999904e+32 6.049229999999999953e+37 2.190999999999999837e+00 3.853290000000000077e+29
1.015630000000000000e+14 4.361250000000000034e+32 6.020380000000000147e+37 2.186999999999999833e+00 3.848809999999999724e+29
1.010750000000000000e+14 4.320030000000000172e+32 5.991539999999999701e+37 2.182999999999999829e+00 3.844170000000000237e+29
1.005860000000000000e+14 4.279070000000000182e+32 5.962689999999999895e+37 2.178999999999999826e+00 3.839370000000000210e+29
1.000970000000000000e+14 4.238359999999999933e+32 5.933840000000000090e+37 2.174999999999999822e+00 3.834410000000000347e+29
9.960770000000000000e+13 4.197919999999999690e+32 5.904990000000000284e+37 2.170999999999999819e+00 3.829280000000000085e+29
9.911890000000000000e+13 4.157729999999999907e+32 5.876139999999999534e+37 2.166999999999999815e+00 3.823999999999999844e+29
9.863000000000000000e+13 4.117799999999999998e+32 5.847300000000000032e+37 2.162999999999999812e+00 3.818549999999999909e+29
9.814110000000000000e+13 4.078129999999999962e+32 5.818450000000000227e+37 2.158999999999999808e+00 3.812949999999999995e+29
9.765230000000000000e+13 4.038709999999999665e+32 5.789600000000000421e+37 2.154999999999999805e+00 3.807179999999999682e+29
9.716350000000000000e+13 3.999549999999999963e+32 5.760749999999999671e+37 2.150999999999999801e+00 3.801260000000000095e+29
9.667480000000000000e+13 3.960640000000000000e+32 5.731899999999999866e+37 2.146999999999999797e+00 3.795179999999999967e+29
9.618600000000000000e+13 3.921989999999999910e+32 5.703060000000000364e+37 2.142999999999999794e+00 3.788949999999999860e+29
9.569730000000000000e+13 3.883590000000000280e+32 5.674209999999999614e+37 2.138999999999999790e+00 3.782550000000000059e+29
9.520860000000000000e+13 3.845439999999999670e+32 5.645359999999999809e+37 2.134999999999999787e+00 3.776010000000000137e+29
9.471990000000000000e+13 3.807530000000000106e+32 5.616510000000000003e+37 2.129999999999999893e+00 3.769309999999999674e+29
9.423120000000000000e+13 3.769879999999999695e+32 5.587660000000000198e+37 2.125999999999999890e+00 3.762450000000000078e+29
9.374260000000000000e+13 3.732479999999999744e+32 5.558819999999999751e+37 2.121999999999999886e+00 3.755449999999999658e+29
9.325390000000000000e+13 3.695320000000000120e+32 5.529969999999999946e+37 2.117999999999999883e+00 3.748290000000000105e+29
9.276530000000000000e+13 3.658410000000000235e+32 5.501120000000000140e+37 2.113999999999999879e+00 3.740979999999999869e+29
9.227680000000000000e+13 3.621750000000000090e+32 5.472270000000000335e+37 2.109999999999999876e+00 3.733530000000000215e+29
9.178820000000000000e+13 3.585330000000000271e+32 5.443419999999999585e+37 2.105999999999999872e+00 3.725920000000000022e+29
9.129970000000000000e+13 3.549160000000000192e+32 5.414580000000000083e+37 2.101999999999999869e+00 3.718169999999999707e+29
9.081110000000000000e+13 3.516350000000000359e+32 5.385730000000000277e+37 2.096999999999999975e+00 4.472540000000000021e+29
9.032270000000000000e+13 3.480700000000000027e+32 5.356880000000000472e+37 2.092999999999999972e+00 4.449600000000000300e+29
8.983420000000000000e+13 3.445279999999999887e+32 5.328029999999999722e+37 2.088000000000000078e+00 4.426600000000000024e+29
8.934570000000000000e+13 3.410110000000000207e+32 5.299179999999999916e+37 2.084000000000000075e+00 4.403560000000000317e+29
8.885730000000000000e+13 3.375170000000000000e+32 5.270340000000000414e+37 2.080000000000000071e+00 4.380450000000000198e+29
8.836890000000000000e+13 3.340459999999999985e+32 5.241489999999999664e+37 2.076000000000000068e+00 4.357299999999999944e+29
8.788050000000000000e+13 3.305999999999999709e+32 5.212639999999999859e+37 2.072000000000000064e+00 4.334099999999999697e+29
8.739210000000000000e+13 3.271770000000000347e+32 5.183790000000000054e+37 2.067000000000000171e+00 4.310850000000000160e+29
8.690380000000000000e+13 3.237770000000000097e+32 5.154940000000000248e+37 2.063000000000000167e+00 4.287559999999999785e+29
8.641540000000000000e+13 3.204000000000000040e+32 5.126099999999999802e+37 2.059000000000000163e+00 4.264220000000000120e+29
8.592710000000000000e+13 3.170469999999999949e+32 5.097249999999999996e+37 2.053999999999999826e+00 4.240850000000000178e+29
8.543880000000000000e+13 3.137170000000000051e+32 5.068400000000000191e+37 2.049999999999999822e+00 4.217430000000000244e+29
8.495060000000000000e+13 3.104099999999999985e+32 5.039550000000000385e+37 2.045999999999999819e+00 4.193970000000000174e+29
8.446230000000000000e+13 3.071249999999999978e+32 5.010699999999999635e+37 2.041999999999999815e+00 4.170469999999999969e+29
8.397410000000000000e+13 3.038639999999999937e+32 4.981860000000000133e+37 2.036999999999999922e+00 4.146940000000000190e+29
8.348590000000000000e+13 3.006249999999999955e+32 4.953010000000000328e+37 2.032999999999999918e+00 4.123380000000000135e+29
8.299770000000000000e+13 2.974090000000000166e+32 4.924159999999999578e+37 2.028999999999999915e+00 4.099789999999999802e+29
8.250960000000000000e+13 2.942150000000000076e+32 4.895309999999999772e+37 2.024000000000000021e+00 4.076160000000000037e+29
8.202140000000000000e+13 2.910440000000000179e+32 4.866459999999999967e+37 2.020000000000000018e+00 4.052509999999999853e+29
8.153330000000000000e+13 2.878949999999999980e+32 4.837620000000000465e+37 2.016000000000000014e+00 4.028830000000000096e+29
8.104520000000000000e+13 2.847679999999999841e+32 4.808769999999999715e+37 2.011000000000000121e+00 4.005129999999999919e+29
8.055710000000000000e+13 2.816630000000000120e+32 4.779919999999999909e+37 2.007000000000000117e+00 3.981410000000000027e+29
8.006910000000000000e+13 2.785809999999999872e+32 4.751070000000000104e+37 2.001999999999999780e+00 3.957659999999999857e+29
7.958110000000000000e+13 2.755199999999999910e+32 4.722220000000000299e+37 1.997999999999999998e+00 3.933889999999999972e+29
7.909300000000000000e+13 2.724810000000000006e+32 4.693379999999999852e+37 1.993999999999999995e+00 3.910110000000000228e+29
7.860510000000000000e+13 2.694630000000000028e+32 4.664530000000000047e+37 1.989000000000000101e+00 3.886310000000000066e+29
7.811710000000000000e+13 2.664679999999999883e+32 4.635680000000000241e+37 1.985000000000000098e+00 3.862490000000000187e+29
7.762910000000000000e+13 2.634940000000000023e+32 4.606830000000000436e+37 1.979999999999999982e+00 3.838670000000000309e+29
7.714120000000000000e+13 2.605410000000000088e+32 4.577979999999999686e+37 1.975999999999999979e+00 3.814830000000000011e+29
7.665330000000000000e+13 2.576090000000000079e+32 4.549140000000000184e+37 1.971999999999999975e+00 3.790979999999999856e+29
7.616540000000000000e+13 2.546990000000000129e+32 4.520290000000000378e+37 1.967000000000000082e+00 3.767119999999999842e+29
7.567750000000000000e+13 2.518089999999999970e+32 4.491439999999999628e+37 1.963000000000000078e+00 3.743259999999999829e+29
7.518970000000000000e+13 2.489409999999999871e+32 4.462589999999999823e+37 1.957999999999999963e+00 3.719389999999999957e+29
7.470190000000000000e+13 2.460940000000000057e+32 4.433740000000000017e+37 1.953999999999999959e+00 3.695510000000000228e+29
7.421400000000000000e+13 2.432670000000000035e+32 4.404899999999999571e+37 1.949999999999999956e+00 3.671639999999999653e+29
7.372630000000000000e+13 2.404609999999999938e+32 4.376049999999999765e+37 1.945000000000000062e+00 3.647759999999999924e+29
7.323850000000000000e+13 2.376760000000000127e+32 4.347199999999999960e+37 1.941000000000000059e+00 3.623890000000000053e+29
7.275070000000000000e+13 2.349110000000000107e+32 4.318350000000000154e+37 1.935999999999999943e+00 3.600010000000000324e+29
7.226300000000000000e+13 2.321659999999999880e+32 4.289500000000000349e+37 1.931999999999999940e+00 3.576139999999999749e+29
7.177530000000000000e+13 2.294419999999999937e+32 4.260659999999999902e+37 1.927999999999999936e+00 3.552279999999999735e+29
7.128760000000000000e+13 2.267370000000000013e+32 4.231810000000000097e+37 1.923000000000000043e+00 3.528419999999999722e+29
7.080000000000000000e+13 2.240530000000000015e+32 4.202959999999999819e+37 1.919000000000000039e+00 3.504570000000000270e+29
7.031230000000000000e+13 2.213890000000000168e+32 4.174110000000000014e+37 1.913999999999999924e+00 3.480729999999999972e+29
6.982470000000000000e+13 2.187450000000000113e+32 4.145260000000000208e+37 1.909999999999999920e+00 3.456900000000000236e+29
6.933710000000000000e+13 2.161200000000000076e+32 4.116420000000000234e+37 1.905000000000000027e+00 3.433069999999999796e+29
6.884950000000000000e+13 2.135149999999999831e+32 4.087569999999999956e+37 1.901000000000000023e+00 3.409270000000000337e+29
6.836200000000000000e+13 2.109289999999999965e+32 4.058720000000000151e+37 1.897000000000000020e+00 3.385470000000000174e+29
6.787440000000000000e+13 2.083629999999999890e+32 4.029869999999999873e+37 1.891999999999999904e+00 3.361689999999999727e+29
6.738690000000000000e+13 2.058159999999999833e+32 4.001020000000000068e+37 1.887999999999999901e+00 3.337929999999999700e+29
6.689940000000000000e+13 2.032889999999999928e+32 3.972180000000000093e+37 1.883000000000000007e+00 3.314180000000000234e+29
6.641190000000000000e+13 2.007799999999999908e+32 3.943329999999999816e+37 1.879000000000000004e+00 3.290449999999999780e+29
6.592440000000000000e+13 1.982910000000000040e+32 3.914480000000000010e+37 1.875000000000000000e+00 3.266750000000000307e+29
6.543700000000000000e+13 1.958200000000000056e+32 3.885630000000000205e+37 1.870000000000000107e+00 3.243059999999999988e+29
6.494960000000000000e+13 1.933680000000000091e+32 3.856779999999999927e+37 1.866000000000000103e+00 3.219390000000000088e+29
6.446220000000000000e+13 1.909350000000000144e+32 3.827939999999999953e+37 1.860999999999999988e+00 3.195739999999999904e+29
6.397480000000000000e+13 1.885209999999999854e+32 3.799090000000000147e+37 1.856999999999999984e+00 3.172119999999999998e+29
6.348750000000000000e+13 1.861240000000000037e+32 3.770239999999999870e+37 1.852999999999999980e+00 3.148520000000000159e+29
6.300010000000000000e+13 1.837470000000000011e+32 3.741390000000000064e+37 1.848000000000000087e+00 3.124949999999999893e+29
6.251280000000000000e+13 1.813870000000000095e+32 3.712539999999999787e+37 1.844000000000000083e+00 3.101409999999999905e+29
6.202550000000000000e+13 1.790459999999999838e+32 3.683699999999999812e+37 1.840000000000000080e+00 3.077889999999999984e+29
6.153820000000000000e+13 1.767229999999999826e+32 3.654850000000000007e+37 1.834999999999999964e+00 3.054390000000000131e+29
6.105100000000000000e+13 1.744169999999999925e+32 3.626000000000000201e+37 1.830999999999999961e+00 3.030930000000000061e+29
6.056370000000000000e+13 1.721300000000000042e+32 3.597149999999999924e+37 1.826999999999999957e+00 3.007490000000000059e+29
6.007650000000000000e+13 1.698599999999999910e+32 3.568300000000000118e+37 1.822000000000000064e+00 2.984089999999999840e+29
5.958930000000000000e+13 1.676080000000000023e+32 3.539460000000000144e+37 1.818000000000000060e+00 2.960719999999999898e+29
5.910210000000000000e+13 1.653729999999999887e+32 3.510609999999999866e+37 1.814000000000000057e+00 2.937370000000000024e+29
5.861500000000000000e+13 1.631559999999999995e+32 3.481760000000000061e+37 1.810000000000000053e+00 2.914059999999999933e+29
5.812780000000000000e+13 1.609560000000000035e+32 3.452909999999999783e+37 1.804999999999999938e+00 2.890780000000000119e+29
5.764070000000000000e+13 1.587730000000000005e+32 3.424059999999999978e+37 1.800999999999999934e+00 2.867529999999999879e+29
5.715360000000000000e+13 1.566080000000000041e+32 3.395220000000000003e+37 1.796999999999999931e+00 2.844320000000000126e+29
5.666660000000000000e+13 1.544590000000000053e+32 3.366370000000000198e+37 1.792999999999999927e+00 2.821139999999999946e+29
5.617950000000000000e+13 1.523269999999999997e+32 3.337519999999999920e+37 1.788999999999999924e+00 2.797999999999999901e+29
5.569250000000000000e+13 1.502130000000000005e+32 3.308670000000000115e+37 1.784000000000000030e+00 2.774890000000000134e+29
5.520550000000000000e+13 1.481140000000000038e+32 3.279819999999999837e+37 1.780000000000000027e+00 2.751809999999999940e+29
5.471850000000000000e+13 1.460329999999999954e+32 3.250979999999999863e+37 1.776000000000000023e+00 2.728769999999999881e+29
5.423150000000000000e+13 1.439670000000000075e+32 3.222130000000000057e+37 1.772000000000000020e+00 2.705769999999999958e+29
5.374450000000000000e+13 1.419190000000000081e+32 3.193279999999999780e+37 1.768000000000000016e+00 2.682799999999999960e+29
5.325760000000000000e+13 1.398859999999999930e+32 3.164429999999999974e+37 1.764000000000000012e+00 2.659870000000000097e+29
5.277070000000000000e+13 1.378700000000000070e+32 3.135580000000000169e+37 1.760000000000000009e+00 2.636980000000000017e+29
5.228380000000000000e+13 1.358690000000000054e+32 3.106740000000000194e+37 1.756000000000000005e+00 2.614119999999999862e+29
5.179690000000000000e+13 1.338849999999999969e+32 3.077889999999999917e+37 1.752000000000000002e+00 2.591299999999999843e+29
5.131010000000000000e+13 1.319160000000000088e+32 3.049040000000000111e+37 1.747999999999999998e+00 2.568519999999999959e+29
5.082330000000000000e+13 1.299630000000000005e+32 3.020189999999999833e+37 1.743999999999999995e+00 2.545779999999999858e+29
5.033650000000000000e+13 1.280260000000000079e+32 2.991340000000000028e+37 1.739999999999999991e+00 2.523070000000000034e+29
4.984970000000000000e+13 1.261049999999999950e+32 2.962500000000000054e+37 1.735999999999999988e+00 2.500399999999999993e+29
4.936290000000000000e+13 1.241990000000000026e+32 2.933649999999999776e+37 1.731999999999999984e+00 2.477770000000000088e+29
4.887620000000000000e+13 1.223079999999999945e+32 2.904799999999999971e+37 1.729000000000000092e+00 2.455179999999999966e+29
4.838940000000000000e+13 1.204320000000000068e+32 2.875950000000000165e+37 1.725000000000000089e+00 2.432620000000000121e+29
4.790270000000000000e+13 1.185719999999999988e+32 2.847099999999999887e+37 1.721000000000000085e+00 2.410100000000000059e+29
4.741600000000000000e+13 1.167259999999999979e+32 2.818259999999999913e+37 1.717000000000000082e+00 2.387620000000000133e+29
4.692940000000000000e+13 1.148959999999999947e+32 2.789410000000000108e+37 1.713999999999999968e+00 2.365179999999999989e+29
4.644270000000000000e+13 1.130799999999999986e+32 2.760559999999999830e+37 1.709999999999999964e+00 2.342779999999999981e+29
4.595610000000000000e+13 1.112790000000000048e+32 2.731710000000000025e+37 1.705999999999999961e+00 2.320409999999999898e+29
4.546950000000000000e+13 1.094929999999999954e+32 2.702860000000000219e+37 1.703000000000000069e+00 2.298079999999999951e+29
4.498290000000000000e+13 1.077209999999999931e+32 2.674019999999999773e+37 1.699000000000000066e+00 2.275779999999999928e+29
4.449640000000000000e+13 1.059639999999999931e+32 2.645169999999999967e+37 1.695999999999999952e+00 2.253529999999999899e+29
4.400980000000000000e+13 1.042210000000000002e+32 2.616320000000000162e+37 1.691999999999999948e+00 2.231310000000000147e+29
4.352330000000000000e+13 1.024919999999999963e+32 2.587469999999999884e+37 1.689000000000000057e+00 2.209119999999999968e+29
4.303680000000000000e+13 1.007779999999999947e+32 2.558620000000000078e+37 1.685000000000000053e+00 2.186969999999999925e+29
4.255040000000000000e+13 9.907749999999999357e+31 2.529780000000000104e+37 1.681999999999999940e+00 2.164860000000000016e+29
4.206390000000000000e+13 9.739099999999999943e+31 2.500929999999999826e+37 1.679000000000000048e+00 2.142780000000000033e+29
4.157750000000000000e+13 9.571839999999999658e+31 2.472080000000000021e+37 1.675000000000000044e+00 2.120729999999999976e+29
4.109110000000000000e+13 9.405960000000000529e+31 2.443230000000000216e+37 1.671999999999999931e+00 2.098720000000000053e+29
4.060470000000000000e+13 9.241449999999999180e+31 2.414379999999999938e+37 1.669000000000000039e+00 2.076740000000000056e+29
4.011830000000000000e+13 9.078299999999999441e+31 2.385539999999999964e+37 1.665999999999999925e+00 2.054799999999999842e+29
3.963200000000000000e+13 8.916499999999999736e+31 2.356690000000000158e+37 1.663000000000000034e+00 2.032880000000000048e+29
3.914570000000000000e+13 8.756040000000000293e+31 2.327839999999999880e+37 1.659000000000000030e+00 2.011000000000000037e+29
3.865940000000000000e+13 8.596909999999999537e+31 2.298990000000000075e+37 1.655999999999999917e+00 1.989149999999999951e+29
3.817310000000000000e+13 8.439109999999999269e+31 2.270139999999999797e+37 1.653999999999999915e+00 1.967330000000000143e+29
3.768680000000000000e+13 8.282629999999999715e+31 2.241299999999999823e+37 1.651000000000000023e+00 1.945539999999999908e+29
3.720060000000000000e+13 8.127459999999999301e+31 2.212450000000000018e+37 1.647999999999999909e+00 1.923779999999999950e+29
3.671440000000000000e+13 7.973580000000000281e+31 2.183600000000000212e+37 1.645000000000000018e+00 1.902040000000000060e+29
3.622820000000000000e+13 7.820989999999999954e+31 2.154749999999999934e+37 1.641999999999999904e+00 1.880330000000000095e+29
3.574200000000000000e+13 7.669690000000000120e+31 2.125899999999999893e+37 1.639999999999999902e+00 1.858650000000000056e+29
3.525590000000000000e+13 7.519670000000000106e+31 2.097059999999999918e+37 1.637000000000000011e+00 1.836999999999999942e+29
3.476980000000000000e+13 7.370910000000000364e+31 2.068210000000000113e+37 1.633999999999999897e+00 1.815369999999999895e+29
3.428370000000000000e+13 7.223409999999999995e+31 2.039360000000000071e+37 1.631999999999999895e+00 1.793759999999999916e+29
3.379760000000000000e+13 7.077160000000000125e+31 2.010510000000000030e+37 1.629999999999999893e+00 1.772179999999999863e+29
3.331150000000000000e+13 6.932159999999999853e+31 1.981659999999999988e+37 1.627000000000000002e+00 1.750610000000000019e+29
3.282550000000000000e+13 6.788400000000000307e+31 1.952820000000000014e+37 1.625000000000000000e+00 1.729070000000000101e+29
3.233950000000000000e+13 6.645869999999999912e+31 1.923969999999999972e+37 1.622999999999999998e+00 1.707549999999999898e+29
3.185350000000000000e+13 6.504559999999999796e+31 1.895119999999999931e+37 1.620999999999999996e+00 1.686039999999999905e+29
3.136760000000000000e+13 6.364469999999999958e+31 1.866269999999999889e+37 1.618000000000000105e+00 1.664559999999999838e+29
3.088160000000000000e+13 6.225589999999999724e+31 1.837420000000000084e+37 1.616000000000000103e+00 1.643080000000000122e+29
3.039570000000000000e+13 6.087919999999999995e+31 1.808580000000000110e+37 1.614000000000000101e+00 1.621629999999999980e+29
2.990990000000000000e+13 5.951440000000000323e+31 1.779730000000000068e+37 1.612999999999999989e+00 1.600179999999999838e+29
2.942400000000000000e+13 5.816170000000000256e+31 1.750880000000000026e+37 1.610999999999999988e+00 1.578749999999999939e+29
2.893820000000000000e+13 5.682079999999999572e+31 1.722029999999999985e+37 1.608999999999999986e+00 1.557330000000000074e+29
2.845230000000000000e+13 5.549170000000000073e+31 1.693179999999999943e+37 1.606999999999999984e+00 1.535920000000000067e+29
2.796660000000000000e+13 5.417439999999999956e+31 1.664339999999999969e+37 1.606000000000000094e+00 1.514519999999999918e+29
2.748080000000000000e+13 5.286890000000000124e+31 1.635489999999999927e+37 1.604000000000000092e+00 1.493119999999999944e+29
2.699510000000000000e+13 5.157509999999999902e+31 1.606639999999999886e+37 1.602999999999999980e+00 1.471730000000000005e+29
2.650930000000000000e+13 5.029290000000000417e+31 1.577790000000000080e+37 1.602000000000000091e+00 1.450340000000000065e+29
2.602370000000000000e+13 4.902239999999999641e+31 1.548940000000000039e+37 1.600999999999999979e+00 1.428949999999999950e+29
2.553800000000000000e+13 4.776349999999999602e+31 1.520100000000000064e+37 1.600000000000000089e+00 1.407570000000000044e+29
2.505240000000000000e+13 4.651609999999999626e+31 1.491250000000000023e+37 1.598000000000000087e+00 1.386179999999999929e+29
2.456680000000000000e+13 4.528030000000000388e+31 1.462399999999999981e+37 1.598000000000000087e+00 1.364789999999999989e+29
2.408120000000000000e+13 4.405610000000000085e+31 1.433549999999999940e+37 1.596999999999999975e+00 1.343390000000000016e+29
2.359560000000000000e+13 4.284330000000000071e+31 1.404699999999999898e+37 1.596000000000000085e+00 1.321980000000000009e+29
2.311010000000000000e+13 4.164209999999999894e+31 1.375859999999999924e+37 1.594999999999999973e+00 1.300570000000000002e+29
2.262460000000000000e+13 4.045239999999999781e+31 1.347009999999999882e+37 1.594999999999999973e+00 1.279139999999999927e+29
2.213910000000000000e+13 3.927420000000000180e+31 1.318160000000000077e+37 1.594000000000000083e+00 1.257699999999999995e+29
2.165370000000000000e+13 3.810750000000000192e+31 1.289310000000000035e+37 1.594000000000000083e+00 1.236239999999999995e+29
2.116830000000000000e+13 3.695240000000000041e+31 1.260459999999999994e+37 1.594000000000000083e+00 1.214769999999999961e+29
2.068290000000000000e+13 3.580879999999999953e+31 1.231620000000000019e+37 1.594000000000000083e+00 1.193280000000000035e+29
2.019760000000000000e+13 3.467680000000000151e+31 1.202769999999999978e+37 1.594000000000000083e+00 1.171760000000000009e+29
1.971220000000000000e+13 3.355640000000000186e+31 1.173919999999999936e+37 1.594000000000000083e+00 1.150210000000000057e+29
1.922690000000000000e+13 3.244760000000000058e+31 1.145069999999999895e+37 1.594000000000000083e+00 1.128640000000000037e+29
1.874170000000000000e+13 3.135060000000000213e+31 1.116220000000000089e+37 1.594999999999999973e+00 1.107039999999999916e+29
1.825640000000000000e+13 3.026540000000000202e+31 1.087380000000000115e+37 1.594999999999999973e+00 1.085400000000000012e+29
1.777120000000000000e+13 2.919200000000000024e+31 1.058529999999999955e+37 1.596000000000000085e+00 1.063730000000000006e+29
1.728610000000000000e+13 2.813060000000000128e+31 1.029680000000000032e+37 1.596999999999999975e+00 1.042020000000000041e+29
1.680090000000000000e+13 2.708109999999999839e+31 1.000829999999999990e+37 1.598000000000000087e+00 1.020260000000000084e+29
1.631580000000000000e+13 2.604379999999999828e+31 9.719840000000000463e+36 1.598999999999999977e+00 9.984590000000000049e+28
1.583080000000000000e+13 2.501870000000000096e+31 9.431359999999999946e+36 1.600000000000000089e+00 9.766049999999999760e+28
1.534570000000000000e+13 2.400600000000000188e+31 9.142879999999999429e+36 1.600999999999999979e+00 9.546970000000000110e+28
1.486070000000000000e+13 2.300579999999999880e+31 8.854400000000000092e+36 1.602999999999999980e+00 9.327300000000000051e+28
1.437580000000000000e+13 2.201830000000000067e+31 8.565919999999999574e+36 1.604999999999999982e+00 9.107000000000000151e+28
1.389090000000000000e+13 2.104360000000000074e+31 8.277440000000000238e+36 1.606000000000000094e+00 8.886019999999999362e+28
1.340600000000000000e+13 2.008199999999999897e+31 7.988959999999999720e+36 1.608000000000000096e+00 8.664320000000000011e+28
1.292110000000000000e+13 1.913369999999999982e+31 7.700480000000000384e+36 1.610000000000000098e+00 8.441829999999999575e+28
1.243630000000000000e+13 1.819880000000000104e+31 7.411999999999999866e+36 1.612999999999999989e+00 8.218510000000000382e+28
1.195150000000000000e+13 1.727780000000000029e+31 7.123520000000000530e+36 1.614999999999999991e+00 7.994280000000000051e+28
1.146680000000000000e+13 1.637079999999999983e+31 6.835040000000000012e+36 1.618000000000000105e+00 7.769090000000000172e+28
1.098210000000000000e+13 1.547829999999999957e+31 6.546559999999999495e+36 1.620999999999999996e+00 7.542850000000000265e+28
1.049750000000000000e+13 1.460039999999999950e+31 6.258080000000000158e+36 1.624000000000000110e+00 7.315469999999999850e+28
1.001280000000000000e+13 1.373779999999999953e+31 5.969599999999999641e+36 1.627000000000000002e+00 7.086879999999999922e+28
9.528290000000000000e+12 1.289069999999999963e+31 5.681120000000000304e+36 1.629999999999999893e+00 6.856970000000000286e+28
9.043780000000000000e+12 1.205959999999999972e+31 5.392639999999999787e+36 1.633000000000000007e+00 6.625620000000000009e+28
8.559310000000000000e+12 1.124519999999999970e+31 5.104159999999999860e+36 1.637000000000000011e+00 6.392700000000000059e+28
8.074900000000000000e+12 1.044789999999999953e+31 4.815679999999999933e+36 1.639999999999999902e+00 6.158059999999999929e+28
7.590540000000000000e+12 9.668520000000000212e+30 4.527200000000000006e+36 1.643999999999999906e+00 5.921530000000000276e+28
7.106230000000000000e+12 8.907670000000000531e+30 4.238720000000000079e+36 1.647999999999999909e+00 5.682910000000000426e+28
6.621980000000000000e+12 8.166220000000000366e+30 3.950240000000000152e+36 1.651000000000000023e+00 5.441960000000000271e+28
6.137790000000000000e+12 7.445089999999999588e+30 3.661760000000000225e+36 1.655000000000000027e+00 5.198400000000000273e+28
5.653650000000000000e+12 6.745320000000000302e+30 3.373279999999999707e+36 1.657999999999999918e+00 4.951870000000000271e+28
5.169590000000000000e+12 6.068100000000000087e+30 3.084799999999999780e+36 1.661000000000000032e+00 4.701950000000000079e+28
4.685590000000000000e+12 5.414759999999999884e+30 2.796319999999999853e+36 1.663000000000000034e+00 4.448089999999999598e+28
4.201660000000000000e+12 4.786870000000000033e+30 2.507839999999999926e+36 1.663000000000000034e+00 4.189570000000000266e+28
3.717810000000000000e+12 4.186209999999999720e+30 2.219359999999999999e+36 1.661999999999999922e+00 3.925450000000000053e+28
3.234040000000000000e+12 3.614879999999999775e+30 1.930880000000000072e+36 1.657000000000000028e+00 3.654410000000000130e+28
2.750360000000000000e+12 3.075289999999999858e+30 1.642400000000000145e+36 1.647999999999999909e+00 3.374479999999999912e+28
2.266780000000000000e+12 2.570290000000000131e+30 1.353919999999999923e+36 1.631000000000000005e+00 3.082599999999999795e+28
1.783320000000000000e+12 2.102989999999999873e+30 1.065439999999999996e+36 1.602000000000000091e+00 2.773439999999999899e+28
1.299980000000000000e+12 1.676100000000000110e+30 7.769600000000000691e+35 1.550000000000000044e+00 2.435979999999999858e+28
4.299000000000000000e+11 7.805000000000000069e+29 2.572000000000000181e+35 1.330000000000000071e+00 1.506450000000000062e+28
4.188000000000000000e+11 7.537999999999999717e+29 2.505999999999999897e+35 1.330000000000000071e+00 1.455129999999999927e+28
3.325000000000000000e+11 5.815999999999999745e+29 1.990000000000000163e+35 1.330000000000000071e+00 1.165809999999999924e+28
2.640000000000000000e+11 4.472999999999999815e+29 1.581000000000000083e+35 1.330000000000000071e+00 9.297799999999999813e+27
2.096000000000000000e+11 3.289999999999999843e+29 1.256000000000000028e+35 1.330000000000000071e+00 6.841069999999999801e+27
1.844000000000000000e+11 2.892000000000000018e+29 1.105000000000000000e+35 1.330000000000000071e+00 6.221810000000000396e+27
1.664000000000000000e+11 2.597000000000000095e+29 9.975999999999999784e+34 1.330000000000000071e+00 3.996079999999999920e+27
1.322000000000000000e+11 2.033000000000000102e+29 7.923999999999999875e+34 1.330000000000000071e+00 3.293160000000000158e+27
1.049000000000000000e+11 1.494999999999999961e+29 6.294000000000000085e+34 1.330000000000000071e+00 2.422460000000000012e+27
8.332000000000000000e+10 1.100000000000000064e+29 4.999999999999999843e+34 1.330000000000000071e+00 1.782300000000000002e+27
6.617000000000000000e+10 8.088999999999999432e+28 3.971999999999999897e+34 1.330000000000000071e+00 1.311289999999999924e+27
5.254000000000000000e+10 5.949000000000000344e+28 3.155000000000000010e+34 1.330000000000000071e+00 9.646129999999999985e+26
4.172000000000000000e+10 4.628000000000000126e+28 2.505999999999999897e+34 1.330000000000000071e+00 7.875200000000000595e+26
3.313000000000000000e+10 3.403999999999999866e+28 1.989999999999999932e+34 1.330000000000000071e+00 5.791050000000000196e+26
2.631000000000000000e+10 2.502999999999999803e+28 1.580999999999999991e+34 1.330000000000000071e+00 4.261170000000000143e+26
2.090000000000000000e+10 1.938000000000000082e+28 1.255999999999999936e+34 1.330000000000000071e+00 3.451690000000000088e+26
1.659000000000000000e+10 1.425000000000000067e+28 9.976000000000000246e+33 1.330000000000000071e+00 2.538950000000000110e+26
1.318000000000000000e+10 1.048000000000000007e+28 7.924000000000000337e+33 1.330000000000000071e+00 1.867689999999999969e+26
1.046000000000000000e+10 7.701999999999999683e+27 6.294000000000000085e+33 1.330000000000000071e+00 1.373879999999999975e+26
8.312000000000000000e+09 5.662000000000000348e+27 4.999999999999999728e+33 1.330000000000000071e+00 1.010819999999999921e+26
6.601000000000000000e+09 4.362000000000000029e+27 3.972000000000000127e+33 1.330000000000000071e+00 8.130089999999999436e+25
4.164000000000000000e+09 2.356000000000000079e+27 2.505999999999999955e+33 1.330000000000000071e+00 4.399369999999999874e+25
2.626000000000000000e+09 1.272000000000000034e+27 1.580999999999999991e+33 1.330000000000000071e+00 2.380450000000000180e+25
1.657000000000000000e+09 6.859999999999999767e+26 9.975999999999999957e+32 1.330000000000000071e+00 1.288319999999999913e+25
1.316000000000000000e+09 5.036000000000000296e+26 7.924000000000000337e+32 1.330000000000000071e+00 9.477099999999999527e+24
1.045000000000000000e+09 4.128999999999999924e+26 6.293999999999999941e+32 1.330000000000000071e+00 6.794269999999999770e+24
8.301000000000000000e+08 3.039000000000000162e+26 4.999999999999999728e+32 1.330000000000000071e+00 4.998809999999999830e+24
5.237000000000000000e+08 1.628999999999999891e+26 3.154999999999999923e+32 1.330000000000000071e+00 2.705450000000000161e+24
3.304000000000000000e+08 8.737999999999999925e+25 1.990000000000000076e+32 1.330000000000000071e+00 1.463449999999999964e+24
2.624000000000000000e+08 6.675999999999999817e+25 1.580999999999999919e+32 1.330000000000000071e+00 1.123400000000000065e+24
1.315000000000000000e+08 2.603999999999999941e+25 7.923999999999999616e+31 1.330000000000000071e+00 4.472499999999999827e+23
6.589000000000000000e+07 1.006000000000000014e+25 3.972000000000000199e+31 1.330000000000000071e+00 1.780890000000000165e+23
3.302000000000000000e+07 3.832999999999999839e+24 1.989999999999999986e+31 1.330000000000000071e+00 7.086450000000000092e+22
1.655000000000000000e+07 1.435000000000000086e+24 9.975999999999999642e+30 1.330000000000000071e+00 2.822060000000000131e+22
8.293000000000000000e+06 5.250000000000000315e+23 4.999999999999999818e+30 1.330000000000000071e+00 1.123529999999999934e+22
6.588000000000000000e+06 3.910999999999999759e+23 3.972000000000000087e+30 1.330000000000000071e+00 8.163429999999999541e+21
2.622000000000000000e+06 9.754999999999999214e+22 1.581000000000000009e+30 1.330000000000000071e+00 2.390210000000000197e+21
1.044000000000000000e+06 2.318000000000000105e+22 6.293999999999999902e+29 1.330000000000000071e+00 6.999960000000000000e+20
4.156000000000000000e+05 5.265999999999999476e+21 2.505999999999999907e+29 1.330000000000000071e+00 2.050380000000000000e+20
1.654000000000000000e+05 1.151000000000000000e+21 9.976000000000000768e+28 1.330000000000000071e+00 6.004390000000000000e+19
6.587000000000000000e+04 2.431000000000000000e+20 3.972000000000000263e+28 1.330000000000000071e+00 1.758760000000000000e+19
2.622000000000000000e+04 4.968000000000000000e+19 1.581000000000000061e+28 1.330000000000000071e+00 5.149550000000000000e+18
1.044000000000000000e+04 9.744000000000000000e+18 6.294999999999999717e+27 1.330000000000000071e+00 1.508420000000000000e+18
