9.247433017000000000e+15 7.389502968700000154e+36 1.995439999999999947e+39 1.000000000000000000e+00 0.000000000000000000e+00
9.201148251200000000e+15 7.347846679499999541e+36 1.990440000000000115e+39 1.000000000000000000e+00 0.000000000000000000e+00
9.154979607200000000e+15 7.306294899899999675e+36 1.985439999999999980e+39 1.000000000000000000e+00 0.000000000000000000e+00
9.108927085100000000e+15 7.264847629900000554e+36 1.980440000000000147e+39 1.000000000000000000e+00 0.000000000000000000e+00
9.062990684700000000e+15 7.223504869599999470e+36 1.975440000000000012e+39 1.000000000000000000e+00 0.000000000000000000e+00
9.017170406200000000e+15 7.182266618900000313e+36 1.970439999999999877e+39 1.000000000000000000e+00 0.000000000000000000e+00
8.971466249500000000e+15 7.141132877900000374e+36 1.965440000000000044e+39 1.000000000000000000e+00 0.000000000000000000e+00
8.925878214600000000e+15 7.100103646500000000e+36 1.960439999999999909e+39 1.000000000000000000e+00 0.000000000000000000e+00
8.880406301600000000e+15 7.059178924800000024e+36 1.955440000000000077e+39 1.000000000000000000e+00 0.000000000000000000e+00
8.835050510400000000e+15 7.018358712699999614e+36 1.950439999999999942e+39 1.000000000000000000e+00 0.000000000000000000e+00
8.789810841000000000e+15 6.977643010199999949e+36 1.945440000000000109e+39 1.000000000000000000e+00 0.000000000000000000e+00
8.744687293400000000e+15 6.937031817399999503e+36 1.940439999999999974e+39 1.000000000000000000e+00 0.000000000000000000e+00
8.699679867600000000e+15 6.896525134199999802e+36 1.935440000000000141e+39 1.000000000000000000e+00 0.000000000000000000e+00
8.654788563700000000e+15 6.856122960700000500e+36 1.930440000000000006e+39 1.000000000000000000e+00 0.000000000000000000e+00
8.610013381600000000e+15 6.815825296799999583e+36 1.925439999999999871e+39 1.000000000000000000e+00 0.000000000000000000e+00
8.565354321400000000e+15 6.775632142600000244e+36 1.920440000000000039e+39 1.000000000000000000e+00 0.000000000000000000e+00
8.520811382900000000e+15 6.735543498000000471e+36 1.915439999999999904e+39 1.000000000000000000e+00 0.000000000000000000e+00
8.476384566300000000e+15 6.695559363000000263e+36 1.910440000000000071e+39 1.000000000000000000e+00 0.000000000000000000e+00
8.432073871500000000e+15 6.655679737700000453e+36 1.905439999999999936e+39 1.000000000000000000e+00 0.000000000000000000e+00
8.387879298500000000e+15 6.615904622000000209e+36 1.900440000000000103e+39 1.000000000000000000e+00 0.000000000000000000e+00
8.343800847400000000e+15 6.576234016000000364e+36 1.895439999999999968e+39 1.000000000000000000e+00 0.000000000000000000e+00
8.299838518000000000e+15 6.536667919600000083e+36 1.890440000000000136e+39 1.000000000000000000e+00 0.000000000000000000e+00
8.255992310500000000e+15 6.497206332800000549e+36 1.885440000000000001e+39 1.000000000000000000e+00 0.000000000000000000e+00
8.212262224900000000e+15 6.457849255700000232e+36 1.880439999999999866e+39 1.000000000000000000e+00 0.000000000000000000e+00
8.168648261000000000e+15 6.418596688300000314e+36 1.875440000000000033e+39 1.000000000000000000e+00 0.000000000000000000e+00
8.125150419000000000e+15 6.379448630400000309e+36 1.870439999999999898e+39 1.000000000000000000e+00 0.000000000000000000e+00
8.081768698800000000e+15 6.340405082300000354e+36 1.865440000000000066e+39 1.000000000000000000e+00 0.000000000000000000e+00
8.038503100400000000e+15 6.301466043700000312e+36 1.860439999999999931e+39 1.000000000000000000e+00 0.000000000000000000e+00
7.995353623800000000e+15 6.262631514799999488e+36 1.855440000000000098e+39 1.000000000000000000e+00 0.000000000000000000e+00
7.952320269100000000e+15 6.223901495600000243e+36 1.850439999999999963e+39 1.000000000000000000e+00 0.000000000000000000e+00
7.909403036200000000e+15 6.185275985899999731e+36 1.845440000000000130e+39 1.000000000000000000e+00 0.000000000000000000e+00
7.866601925100000000e+15 6.146754986000000450e+36 1.840439999999999995e+39 1.000000000000000000e+00 0.000000000000000000e+00
7.823916935900000000e+15 6.108338495599999901e+36 1.835439999999999860e+39 1.000000000000000000e+00 0.000000000000000000e+00
7.781348068400000000e+15 6.070026515000000583e+36 1.830440000000000028e+39 1.000000000000000000e+00 0.000000000000000000e+00
7.738895322800000000e+15 6.031819043899999998e+36 1.825439999999999893e+39 1.000000000000000000e+00 0.000000000000000000e+00
7.696558699000000000e+15 5.993716082499999812e+36 1.820440000000000060e+39 1.000000000000000000e+00 0.000000000000000000e+00
7.654338197100000000e+15 5.955717630700000371e+36 1.815439999999999925e+39 1.000000000000000000e+00 0.000000000000000000e+00
7.612233817000000000e+15 5.917823688600000148e+36 1.810440000000000092e+39 1.000000000000000000e+00 0.000000000000000000e+00
7.570245558600000000e+15 5.880034256099999490e+36 1.805439999999999957e+39 1.000000000000000000e+00 0.000000000000000000e+00
7.528373422200000000e+15 5.842349333300000411e+36 1.800440000000000125e+39 1.000000000000000000e+00 0.000000000000000000e+00
7.486617407500000000e+15 5.804768920099999717e+36 1.795439999999999990e+39 1.000000000000000000e+00 0.000000000000000000e+00
7.444977514700000000e+15 5.767293016599999422e+36 1.790439999999999855e+39 1.000000000000000000e+00 0.000000000000000000e+00
7.403453743700000000e+15 5.729921622699999872e+36 1.785440000000000022e+39 1.000000000000000000e+00 0.000000000000000000e+00
7.362046094500000000e+15 5.692654738399999888e+36 1.780439999999999887e+39 1.000000000000000000e+00 0.000000000000000000e+00
7.320754567100000000e+15 5.655492363800000302e+36 1.775440000000000054e+39 1.000000000000000000e+00 0.000000000000000000e+00
7.279579161600000000e+15 5.618434498800000281e+36 1.770439999999999919e+39 1.000000000000000000e+00 0.000000000000000000e+00
7.238519877900000000e+15 5.581481143399999826e+36 1.765440000000000087e+39 1.000000000000000000e+00 0.000000000000000000e+00
7.197576716000000000e+15 5.544632297699999770e+36 1.760439999999999952e+39 1.000000000000000000e+00 0.000000000000000000e+00
7.156749675900000000e+15 5.507887961700000111e+36 1.755440000000000119e+39 1.000000000000000000e+00 0.000000000000000000e+00
7.116038757700000000e+15 5.471248135300000018e+36 1.750439999999999984e+39 1.000000000000000000e+00 0.000000000000000000e+00
7.075443961300000000e+15 5.434712818499999490e+36 1.745439999999999849e+39 1.000000000000000000e+00 0.000000000000000000e+00
7.034965286700000000e+15 5.398282011400000541e+36 1.740440000000000016e+39 1.000000000000000000e+00 0.000000000000000000e+00
6.994602733900000000e+15 5.361955713899999977e+36 1.735439999999999881e+39 1.000000000000000000e+00 0.000000000000000000e+00
6.954356303000000000e+15 5.325733926000000159e+36 1.730440000000000049e+39 1.000000000000000000e+00 0.000000000000000000e+00
6.914225993900000000e+15 5.289616647800000149e+36 1.725439999999999914e+39 1.000000000000000000e+00 0.000000000000000000e+00
6.874211806600000000e+15 5.253603879299999947e+36 1.720440000000000081e+39 1.000000000000000000e+00 0.000000000000000000e+00
6.834313741100000000e+15 5.217695620399999901e+36 1.715439999999999946e+39 1.000000000000000000e+00 0.000000000000000000e+00
6.794531797500000000e+15 5.181891871100000010e+36 1.710440000000000113e+39 1.000000000000000000e+00 0.000000000000000000e+00
6.754865975600000000e+15 5.146192631400000275e+36 1.705439999999999978e+39 1.000000000000000000e+00 0.000000000000000000e+00
6.715316275700000000e+15 5.110597901399999758e+36 1.700440000000000146e+39 1.000000000000000000e+00 0.000000000000000000e+00
6.675882697500000000e+15 5.075107681100000229e+36 1.695440000000000011e+39 1.000000000000000000e+00 0.000000000000000000e+00
6.636565241100000000e+15 5.039721970400000266e+36 1.690439999999999876e+39 1.000000000000000000e+00 0.000000000000000000e+00
6.597363906600000000e+15 5.004440769299999868e+36 1.685440000000000043e+39 1.000000000000000000e+00 0.000000000000000000e+00
6.558278693900000000e+15 4.969264077899999869e+36 1.680439999999999908e+39 1.000000000000000000e+00 0.000000000000000000e+00
6.519309603100000000e+15 4.934191896100000025e+36 1.675440000000000075e+39 1.000000000000000000e+00 0.000000000000000000e+00
6.480456634000000000e+15 4.899224223999999989e+36 1.670439999999999941e+39 1.000000000000000000e+00 0.000000000000000000e+00
6.441719786800000000e+15 4.864361061500000109e+36 1.665440000000000108e+39 1.000000000000000000e+00 0.000000000000000000e+00
6.403099061400000000e+15 4.829602408599999794e+36 1.660439999999999973e+39 1.000000000000000000e+00 0.000000000000000000e+00
6.364594457800000000e+15 4.794948265399999878e+36 1.655440000000000140e+39 1.000000000000000000e+00 0.000000000000000000e+00
6.326205976100000000e+15 4.760398631800000117e+36 1.650440000000000005e+39 1.000000000000000000e+00 0.000000000000000000e+00
6.287933616200000000e+15 4.725953507900000164e+36 1.645439999999999870e+39 1.000000000000000000e+00 0.000000000000000000e+00
6.249777378100000000e+15 4.691612893599999777e+36 1.640440000000000038e+39 1.000000000000000000e+00 0.000000000000000000e+00
6.211737261800000000e+15 4.657376788999999788e+36 1.635439999999999903e+39 1.000000000000000000e+00 0.000000000000000000e+00
6.173813267300000000e+15 4.623245193999999955e+36 1.630440000000000070e+39 1.000000000000000000e+00 0.000000000000000000e+00
6.136005394700000000e+15 4.589218108600000277e+36 1.625439999999999935e+39 1.000000000000000000e+00 0.000000000000000000e+00
6.098313643900000000e+15 4.555295532899999817e+36 1.620440000000000102e+39 1.000000000000000000e+00 0.000000000000000000e+00
6.060738015000000000e+15 4.521477466800000103e+36 1.615439999999999967e+39 1.000000000000000000e+00 0.000000000000000000e+00
6.023278507800000000e+15 4.487763910400000197e+36 1.610440000000000135e+39 1.000000000000000000e+00 0.000000000000000000e+00
5.985935122500000000e+15 4.454154863599999857e+36 1.605440000000000000e+39 1.000000000000000000e+00 0.000000000000000000e+00
5.948707859000000000e+15 4.420650326400000262e+36 1.600439999999999865e+39 1.000000000000000000e+00 0.000000000000000000e+00
5.911596717300000000e+15 4.387250298899999886e+36 1.595440000000000032e+39 1.000000000000000000e+00 0.000000000000000000e+00
5.874601697500000000e+15 4.353954781099999907e+36 1.590439999999999897e+39 1.000000000000000000e+00 0.000000000000000000e+00
5.837722799400000000e+15 4.320763772799999842e+36 1.585440000000000064e+39 1.000000000000000000e+00 0.000000000000000000e+00
5.800960023200000000e+15 4.287677274299999827e+36 1.580439999999999929e+39 1.000000000000000000e+00 0.000000000000000000e+00
5.764313368800000000e+15 4.254695285299999725e+36 1.575440000000000097e+39 1.000000000000000000e+00 0.000000000000000000e+00
5.727782836300000000e+15 4.221817806000000022e+36 1.570439999999999962e+39 1.000000000000000000e+00 0.000000000000000000e+00
5.691368425600000000e+15 4.189044836400000126e+36 1.565440000000000129e+39 1.000000000000000000e+00 0.000000000000000000e+00
5.655070136700000000e+15 4.156376376399999796e+36 1.560439999999999994e+39 1.000000000000000000e+00 0.000000000000000000e+00
5.618887969600000000e+15 4.123812426000000212e+36 1.555439999999999859e+39 1.000000000000000000e+00 0.000000000000000000e+00
5.582821924300000000e+15 4.091352985299999846e+36 1.550440000000000026e+39 1.000000000000000000e+00 0.000000000000000000e+00
5.546872000900000000e+15 4.058998054200000226e+36 1.545439999999999891e+39 1.000000000000000000e+00 0.000000000000000000e+00
5.511038199300000000e+15 4.026747632700000171e+36 1.540440000000000059e+39 1.000000000000000000e+00 0.000000000000000000e+00
5.475320519500000000e+15 3.994601720899999924e+36 1.535439999999999924e+39 1.000000000000000000e+00 0.000000000000000000e+00
5.439718961600000000e+15 3.962560318800000075e+36 1.530440000000000091e+39 1.000000000000000000e+00 0.000000000000000000e+00
5.404233525400000000e+15 3.930623426200000140e+36 1.525439999999999956e+39 1.000000000000000000e+00 0.000000000000000000e+00
5.368864211100000000e+15 3.898791043400000255e+36 1.520440000000000123e+39 1.000000000000000000e+00 0.000000000000000000e+00
5.333611018600000000e+15 3.867063170100000283e+36 1.515439999999999988e+39 1.000000000000000000e+00 0.000000000000000000e+00
5.298473948000000000e+15 3.835439806500000120e+36 1.510439999999999853e+39 1.000000000000000000e+00 0.000000000000000000e+00
5.263452999100000000e+15 3.803920952599999764e+36 1.505440000000000021e+39 1.000000000000000000e+00 0.000000000000000000e+00
5.228548172100000000e+15 3.772506608300000154e+36 1.500439999999999886e+39 1.000000000000000000e+00 0.000000000000000000e+00
5.193759467000000000e+15 3.741196773600000110e+36 1.495440000000000053e+39 1.000000000000000000e+00 0.000000000000000000e+00
5.159086883600000000e+15 3.709991448599999873e+36 1.490439999999999918e+39 1.000000000000000000e+00 0.000000000000000000e+00
5.124530422100000000e+15 3.678890633199999792e+36 1.485440000000000085e+39 1.000000000000000000e+00 0.000000000000000000e+00
5.090090082300000000e+15 3.647894327500000110e+36 1.480439999999999950e+39 1.000000000000000000e+00 0.000000000000000000e+00
5.055765864500000000e+15 3.617002531399999993e+36 1.475440000000000118e+39 1.000000000000000000e+00 0.000000000000000000e+00
5.021557768400000000e+15 3.586215244900000032e+36 1.470439999999999983e+39 1.000000000000000000e+00 0.000000000000000000e+00
4.987465794200000000e+15 3.555532468099999879e+36 1.465440000000000150e+39 1.000000000000000000e+00 0.000000000000000000e+00
4.953489941800000000e+15 3.524954200899999881e+36 1.460440000000000015e+39 1.000000000000000000e+00 0.000000000000000000e+00
4.919630211200000000e+15 3.494480443400000282e+36 1.455439999999999880e+39 1.000000000000000000e+00 0.000000000000000000e+00
4.885886602400000000e+15 3.464111195500000248e+36 1.450440000000000047e+39 1.000000000000000000e+00 0.000000000000000000e+00
4.852259115500000000e+15 3.433846457300000022e+36 1.445439999999999913e+39 1.000000000000000000e+00 0.000000000000000000e+00
4.818747750400000000e+15 3.403686228699999952e+36 1.440440000000000080e+39 1.000000000000000000e+00 0.000000000000000000e+00
4.785352507100000000e+15 3.373630509700000037e+36 1.435439999999999945e+39 1.000000000000000000e+00 0.000000000000000000e+00
4.752073385600000000e+15 3.343679300399999931e+36 1.430440000000000112e+39 1.000000000000000000e+00 0.000000000000000000e+00
4.718910386000000000e+15 3.313832600699999980e+36 1.425439999999999977e+39 1.000000000000000000e+00 0.000000000000000000e+00
4.685863508100000000e+15 3.284090410699999837e+36 1.420440000000000144e+39 1.000000000000000000e+00 0.000000000000000000e+00
4.652932752200000000e+15 3.254452730299999850e+36 1.415440000000000010e+39 1.000000000000000000e+00 0.000000000000000000e+00
4.620118118000000000e+15 3.224919559600000261e+36 1.410439999999999875e+39 1.000000000000000000e+00 0.000000000000000000e+00
4.587419605600000000e+15 3.195490898399999996e+36 1.405440000000000042e+39 1.000000000000000000e+00 0.000000000000000000e+00
4.554837215100000000e+15 3.166166746999999780e+36 1.400439999999999907e+39 1.000000000000000000e+00 0.000000000000000000e+00
4.522370946400000000e+15 3.136947105199999720e+36 1.395440000000000074e+39 1.000000000000000000e+00 0.000000000000000000e+00
4.490020799600000000e+15 3.107831972999999816e+36 1.390439999999999939e+39 1.000000000000000000e+00 0.000000000000000000e+00
4.457786774500000000e+15 3.078821350400000068e+36 1.385440000000000107e+39 1.000000000000000000e+00 0.000000000000000000e+00
4.425668871300000000e+15 3.049915237500000128e+36 1.380439999999999972e+39 1.000000000000000000e+00 0.000000000000000000e+00
4.393667089900000000e+15 3.021113634299999996e+36 1.375440000000000139e+39 1.000000000000000000e+00 0.000000000000000000e+00
4.361781430300000000e+15 2.992416540700000019e+36 1.370440000000000004e+39 1.000000000000000000e+00 0.000000000000000000e+00
4.330011892600000000e+15 2.963823956700000198e+36 1.365439999999999869e+39 1.000000000000000000e+00 0.000000000000000000e+00
4.298358476700000000e+15 2.935335882400000185e+36 1.360440000000000036e+39 1.000000000000000000e+00 0.000000000000000000e+00
4.266821182600000000e+15 2.906952317699999738e+36 1.355440000000000052e+39 1.000000000000000000e+00 0.000000000000000000e+00
4.235400010300000000e+15 2.878673262600000037e+36 1.350440000000000069e+39 1.000000000000000000e+00 0.000000000000000000e+00
4.204094959900000000e+15 2.850498717200000143e+36 1.345439999999999934e+39 1.000000000000000000e+00 0.000000000000000000e+00
4.172906031200000000e+15 2.822428681500000058e+36 1.340439999999999950e+39 1.000000000000000000e+00 0.000000000000000000e+00
4.141833224400000000e+15 2.794463155400000128e+36 1.335439999999999966e+39 1.000000000000000000e+00 0.000000000000000000e+00
4.110876539500000000e+15 2.766602138899999764e+36 1.330439999999999982e+39 1.000000000000000000e+00 0.000000000000000000e+00
4.080035976300000000e+15 2.738845632099999797e+36 1.325439999999999998e+39 1.000000000000000000e+00 0.000000000000000000e+00
4.049311535000000000e+15 2.711193634899999987e+36 1.320440000000000014e+39 1.000000000000000000e+00 0.000000000000000000e+00
4.018703215500000000e+15 2.683646147299999742e+36 1.315440000000000031e+39 1.000000000000000000e+00 0.000000000000000000e+00
3.988211017800000000e+15 2.656203169399999896e+36 1.310440000000000047e+39 1.000000000000000000e+00 0.000000000000000000e+00
3.957834942000000000e+15 2.628864701099999910e+36 1.305440000000000063e+39 1.000000000000000000e+00 0.000000000000000000e+00
3.927574988000000000e+15 2.601630742500000027e+36 1.300439999999999928e+39 1.000000000000000000e+00 0.000000000000000000e+00
3.897431155800000000e+15 2.574501293500000004e+36 1.295439999999999944e+39 1.000000000000000000e+00 0.000000000000000000e+00
3.867403445400000000e+15 2.547476354200000085e+36 1.290439999999999960e+39 1.000000000000000000e+00 0.000000000000000000e+00
3.837491856800000000e+15 2.520555924500000026e+36 1.285439999999999977e+39 1.000000000000000000e+00 0.000000000000000000e+00
3.807696390100000000e+15 2.493740004500000071e+36 1.280439999999999993e+39 1.000000000000000000e+00 0.000000000000000000e+00
3.778017045200000000e+15 2.467028594000000028e+36 1.275440000000000009e+39 1.000000000000000000e+00 0.000000000000000000e+00
3.748453822100000000e+15 2.440421693300000036e+36 1.270440000000000025e+39 1.000000000000000000e+00 0.000000000000000000e+00
3.719006720900000000e+15 2.413919302099999958e+36 1.265440000000000041e+39 1.000000000000000000e+00 0.000000000000000000e+00
3.689675741400000000e+15 2.387521420699999929e+36 1.260440000000000057e+39 1.000000000000000000e+00 0.000000000000000000e+00
3.660460883800000000e+15 2.361228048800000110e+36 1.255440000000000074e+39 1.000000000000000000e+00 0.000000000000000000e+00
3.631362148100000000e+15 2.335039186600000098e+36 1.250439999999999939e+39 1.000000000000000000e+00 0.000000000000000000e+00
3.602379534100000000e+15 2.308954834099999894e+36 1.245439999999999955e+39 1.000000000000000000e+00 0.000000000000000000e+00
3.573513042000000000e+15 2.282974991099999898e+36 1.240439999999999971e+39 1.000000000000000000e+00 0.000000000000000000e+00
3.544762671700000000e+15 2.257099657899999953e+36 1.235439999999999987e+39 1.000000000000000000e+00 0.000000000000000000e+00
3.516128423200000000e+15 2.231328834199999921e+36 1.230440000000000003e+39 1.000000000000000000e+00 0.000000000000000000e+00
3.487610296500000000e+15 2.205662520199999993e+36 1.225440000000000019e+39 1.000000000000000000e+00 0.000000000000000000e+00
3.459208291700000000e+15 2.180100715899999872e+36 1.220440000000000036e+39 1.000000000000000000e+00 0.000000000000000000e+00
3.430922408700000000e+15 2.154643421199999907e+36 1.215440000000000052e+39 1.000000000000000000e+00 0.000000000000000000e+00
3.402752647500000000e+15 2.129290636100000097e+36 1.210440000000000068e+39 1.000000000000000000e+00 0.000000000000000000e+00
3.374699008200000000e+15 2.104042360700000096e+36 1.205439999999999933e+39 1.000000000000000000e+00 0.000000000000000000e+00
3.346761490600000000e+15 2.078898594899999955e+36 1.200439999999999949e+39 1.000000000000000000e+00 0.000000000000000000e+00
3.318940094900000000e+15 2.053859338799999918e+36 1.195439999999999965e+39 1.000000000000000000e+00 0.000000000000000000e+00
3.291234821000000000e+15 2.028924592300000036e+36 1.190439999999999982e+39 1.000000000000000000e+00 0.000000000000000000e+00
3.263645669000000000e+15 2.004094355400000014e+36 1.185439999999999998e+39 1.000000000000000000e+00 0.000000000000000000e+00
3.236172638700000000e+15 1.979368628200000096e+36 1.180440000000000014e+39 1.000000000000000000e+00 0.000000000000000000e+00
3.208815730300000000e+15 1.954747410699999986e+36 1.175440000000000030e+39 1.000000000000000000e+00 0.000000000000000000e+00
3.181574943700000000e+15 1.930230702700000084e+36 1.170440000000000046e+39 1.000000000000000000e+00 0.000000000000000000e+00
3.154450279000000000e+15 1.905818504399999990e+36 1.165440000000000062e+39 1.000000000000000000e+00 0.000000000000000000e+00
3.127441736000000000e+15 1.881510815799999999e+36 1.160439999999999927e+39 1.000000000000000000e+00 0.000000000000000000e+00
3.100549314900000000e+15 1.857307636799999868e+36 1.155439999999999944e+39 1.000000000000000000e+00 0.000000000000000000e+00
3.073773015600000000e+15 1.833208967399999894e+36 1.150439999999999960e+39 1.000000000000000000e+00 0.000000000000000000e+00
3.047112838200000000e+15 1.809214807700000022e+36 1.145439999999999976e+39 1.000000000000000000e+00 0.000000000000000000e+00
3.020568782500000000e+15 1.785325157600000012e+36 1.140439999999999992e+39 1.000000000000000000e+00 0.000000000000000000e+00
2.994140848700000000e+15 1.761540017200000104e+36 1.135440000000000008e+39 1.000000000000000000e+00 0.000000000000000000e+00
2.967829036700000000e+15 1.737859386400000057e+36 1.130440000000000024e+39 1.000000000000000000e+00 0.000000000000000000e+00
2.941633346600000000e+15 1.714283265300000112e+36 1.125440000000000041e+39 1.000000000000000000e+00 0.000000000000000000e+00
2.915553778200000000e+15 1.690811653800000029e+36 1.120440000000000057e+39 1.000000000000000000e+00 0.000000000000000000e+00
2.889590331700000000e+15 1.667444551900000101e+36 1.115440000000000073e+39 1.000000000000000000e+00 0.000000000000000000e+00
2.863743007000000000e+15 1.644181959699999981e+36 1.110439999999999938e+39 1.000000000000000000e+00 0.000000000000000000e+00
2.838011804200000000e+15 1.621023877100000017e+36 1.105439999999999954e+39 1.000000000000000000e+00 0.000000000000000000e+00
2.812396723100000000e+15 1.597970304199999861e+36 1.100439999999999970e+39 1.000000000000000000e+00 0.000000000000000000e+00
2.786897763900000000e+15 1.575021240899999861e+36 1.095439999999999987e+39 1.000000000000000000e+00 0.000000000000000000e+00
2.761514926500000000e+15 1.552176687200000016e+36 1.090440000000000003e+39 1.000000000000000000e+00 0.000000000000000000e+00
2.736248210900000000e+15 1.529436643199999980e+36 1.085440000000000019e+39 1.000000000000000000e+00 0.000000000000000000e+00
2.711097617200000000e+15 1.506801108800000099e+36 1.080440000000000035e+39 1.000000000000000000e+00 0.000000000000000000e+00
2.686063145300000000e+15 1.484270084100000026e+36 1.075440000000000051e+39 1.000000000000000000e+00 0.000000000000000000e+00
2.661144795200000000e+15 1.461843569000000108e+36 1.070440000000000067e+39 1.000000000000000000e+00 0.000000000000000000e+00
2.636342566900000000e+15 1.439521563599999999e+36 1.065439999999999932e+39 1.000000000000000000e+00 0.000000000000000000e+00
2.611656460500000000e+15 1.417304067800000045e+36 1.060439999999999949e+39 1.000000000000000000e+00 0.000000000000000000e+00
2.587086475800000000e+15 1.395191081599999952e+36 1.055439999999999965e+39 1.000000000000000000e+00 0.000000000000000000e+00
2.562632613100000000e+15 1.373182605099999962e+36 1.050439999999999981e+39 1.000000000000000000e+00 0.000000000000000000e+00
2.538294872100000000e+15 1.351278638200000128e+36 1.045439999999999997e+39 1.000000000000000000e+00 0.000000000000000000e+00
2.514073252900000000e+15 1.329479181000000102e+36 1.040440000000000013e+39 1.000000000000000000e+00 0.000000000000000000e+00
2.489967755600000000e+15 1.307784233399999937e+36 1.035440000000000029e+39 1.000000000000000000e+00 0.000000000000000000e+00
2.465978380100000000e+15 1.286193795500000021e+36 1.030440000000000046e+39 1.000000000000000000e+00 0.000000000000000000e+00
2.442105126400000000e+15 1.264707867199999967e+36 1.025440000000000062e+39 1.000000000000000000e+00 0.000000000000000000e+00
2.418347994600000000e+15 1.243326448500000069e+36 1.020439999999999927e+39 1.000000000000000000e+00 0.000000000000000000e+00
2.394706984600000000e+15 1.222049539499999978e+36 1.015439999999999943e+39 1.000000000000000000e+00 0.000000000000000000e+00
2.371182096400000000e+15 1.200877140100000043e+36 1.010439999999999959e+39 1.000000000000000000e+00 0.000000000000000000e+00
2.347773330000000000e+15 1.179809250400000064e+36 1.005439999999999975e+39 1.000000000000000000e+00 0.000000000000000000e+00
2.324480685400000000e+15 1.158845870299999945e+36 1.000439999999999991e+39 1.000000000000000000e+00 0.000000000000000000e+00
2.301304162700000000e+15 1.137986999799999982e+36 9.954400000000000076e+38 1.000000000000000000e+00 0.000000000000000000e+00
2.278243761800000000e+15 1.117232638999999974e+36 9.904400000000000238e+38 1.000000000000000000e+00 0.000000000000000000e+00
2.255299482700000000e+15 1.096582787799999975e+36 9.854400000000000400e+38 1.000000000000000000e+00 0.000000000000000000e+00
2.232471325500000000e+15 1.076037446299999931e+36 9.804400000000000562e+38 1.000000000000000000e+00 0.000000000000000000e+00
2.209759290100000000e+15 1.055596614400000043e+36 9.754400000000000723e+38 1.000000000000000000e+00 0.000000000000000000e+00
2.187163376500000000e+15 1.035260292199999963e+36 9.704399999999999374e+38 1.000000000000000000e+00 0.000000000000000000e+00
2.164683584700000000e+15 1.015028479600000038e+36 9.654399999999999535e+38 1.000000000000000000e+00 0.000000000000000000e+00
2.142319914700000000e+15 9.949011766199999342e+35 9.604399999999999697e+38 1.000000000000000000e+00 0.000000000000000000e+00
2.120072366600000000e+15 9.748783833000000135e+35 9.554399999999999859e+38 1.000000000000000000e+00 0.000000000000000000e+00
2.097940940300000000e+15 9.549600996299999271e+35 9.504400000000000020e+38 1.000000000000000000e+00 0.000000000000000000e+00
2.075925635800000000e+15 9.351463256000000639e+35 9.454400000000000182e+38 1.000000000000000000e+00 0.000000000000000000e+00
2.054026453200000000e+15 9.154370612099999812e+35 9.404400000000000344e+38 1.000000000000000000e+00 0.000000000000000000e+00
2.032243392300000000e+15 8.958323064599999741e+35 9.354400000000000506e+38 1.000000000000000000e+00 0.000000000000000000e+00
2.010576453300000000e+15 8.763320613599999489e+35 9.304400000000000667e+38 1.000000000000000000e+00 0.000000000000000000e+00
1.989025636100000000e+15 8.569363258899999456e+35 9.254399999999999318e+38 1.000000000000000000e+00 0.000000000000000000e+00
1.967590940800000000e+15 8.376451000700000717e+35 9.204399999999999479e+38 1.000000000000000000e+00 0.000000000000000000e+00
1.946272367300000000e+15 8.184583838899999783e+35 9.154399999999999641e+38 1.000000000000000000e+00 0.000000000000000000e+00
1.925069915600000000e+15 7.993761773600000143e+35 9.104399999999999803e+38 1.000000000000000000e+00 0.000000000000000000e+00
1.903983585700000000e+15 7.803984804600000722e+35 9.054399999999999965e+38 1.000000000000000000e+00 0.000000000000000000e+00
1.883013377600000000e+15 7.615252932099999644e+35 9.004400000000000126e+38 1.000000000000000000e+00 0.000000000000000000e+00
1.862159291400000000e+15 7.427566155999999322e+35 8.954400000000000288e+38 1.000000000000000000e+00 0.000000000000000000e+00
1.841421327000000000e+15 7.240924476299999757e+35 8.904400000000000450e+38 1.000000000000000000e+00 0.000000000000000000e+00
1.820799484400000000e+15 7.055327893100000010e+35 8.854400000000000611e+38 1.000000000000000000e+00 0.000000000000000000e+00
1.800293763600000000e+15 6.870776406200000483e+35 8.804399999999999262e+38 1.000000000000000000e+00 0.000000000000000000e+00
1.779904164700000000e+15 6.687270015799999297e+35 8.754399999999999423e+38 3.380952381000000173e+00 0.000000000000000000e+00
1.765535509700000000e+15 6.559014409000000252e+35 8.704399999999999585e+38 3.380952381000000173e+00 0.000000000000000000e+00
1.751248156200000000e+15 6.432500975300000280e+35 8.654399999999999747e+38 3.380952381000000173e+00 0.000000000000000000e+00
1.737041459900000000e+15 6.307715910100000018e+35 8.604399999999999909e+38 3.380952381000000173e+00 0.000000000000000000e+00
1.722914778000000000e+15 6.184645439199999699e+35 8.554400000000000070e+38 3.380952381000000173e+00 0.000000000000000000e+00
1.708867469000000000e+15 6.063275818600000282e+35 8.504400000000000232e+38 3.380952381000000173e+00 0.000000000000000000e+00
1.694898893200000000e+15 5.943593335299999640e+35 8.454400000000000394e+38 3.380952381000000173e+00 0.000000000000000000e+00
1.681008411900000000e+15 5.825584306500000065e+35 8.404400000000000555e+38 3.380952381000000173e+00 0.000000000000000000e+00
1.667195388100000000e+15 5.709235080700000160e+35 8.354400000000000717e+38 3.380952381000000173e+00 0.000000000000000000e+00
1.653459186100000000e+15 5.594532036800000332e+35 8.304399999999999367e+38 3.380952381000000173e+00 0.000000000000000000e+00
1.639799171700000000e+15 5.481461585100000054e+35 8.254399999999999529e+38 3.380952381000000173e+00 0.000000000000000000e+00
1.626214712200000000e+15 5.370010166900000135e+35 8.204399999999999691e+38 3.380952381000000173e+00 0.000000000000000000e+00
1.612705176400000000e+15 5.260164254700000113e+35 8.154399999999999853e+38 3.380952381000000173e+00 0.000000000000000000e+00
1.599269934300000000e+15 5.151910352400000062e+35 8.104400000000000014e+38 3.380952381000000173e+00 0.000000000000000000e+00
1.585908357700000000e+15 5.045234995399999659e+35 8.054400000000000176e+38 3.380952381000000173e+00 0.000000000000000000e+00
1.572619819700000000e+15 4.940124750799999992e+35 8.004400000000000338e+38 3.380952381000000173e+00 0.000000000000000000e+00
1.559403694800000000e+15 4.836566217300000074e+35 7.954400000000000499e+38 3.380952381000000173e+00 0.000000000000000000e+00
1.546259359200000000e+15 4.734546025400000132e+35 7.904400000000000661e+38 3.380952381000000173e+00 0.000000000000000000e+00
1.533186190500000000e+15 4.634050837899999863e+35 7.854399999999999312e+38 3.380952381000000173e+00 0.000000000000000000e+00
1.520183567800000000e+15 4.535067349199999844e+35 7.804399999999999473e+38 3.380952381000000173e+00 0.000000000000000000e+00
1.507250871600000000e+15 4.437582286400000058e+35 7.754399999999999635e+38 3.380952381000000173e+00 0.000000000000000000e+00
1.494387484000000000e+15 4.341582408800000163e+35 7.704399999999999797e+38 3.380952381000000173e+00 0.000000000000000000e+00
1.481592788700000000e+15 4.247054507900000227e+35 7.654399999999999958e+38 3.380952381000000173e+00 0.000000000000000000e+00
1.468866170700000000e+15 4.153985408299999666e+35 7.604400000000000120e+38 3.380952381000000173e+00 0.000000000000000000e+00
1.456207016800000000e+15 4.062361966900000319e+35 7.554400000000000282e+38 3.380952381000000173e+00 0.000000000000000000e+00
1.443614715200000000e+15 3.972171073900000019e+35 7.504400000000000443e+38 3.380952381000000173e+00 0.000000000000000000e+00
1.431088655600000000e+15 3.883399652099999897e+35 7.454400000000000605e+38 3.380952381000000173e+00 0.000000000000000000e+00
1.418628229200000000e+15 3.796034657799999631e+35 7.404399999999999256e+38 3.380952381000000173e+00 0.000000000000000000e+00
1.406232829000000000e+15 3.710063080299999919e+35 7.354399999999999417e+38 3.380952381000000173e+00 0.000000000000000000e+00
1.393901849300000000e+15 3.625471942600000341e+35 7.304399999999999579e+38 3.380952381000000173e+00 0.000000000000000000e+00
1.381634686000000000e+15 3.542248301099999958e+35 7.254399999999999741e+38 3.380952381000000173e+00 0.000000000000000000e+00
1.369430736800000000e+15 3.460379245799999866e+35 7.204399999999999902e+38 3.380952381000000173e+00 0.000000000000000000e+00
1.357289400800000000e+15 3.379851900899999780e+35 7.154400000000000064e+38 3.380952381000000173e+00 0.000000000000000000e+00
1.345210078600000000e+15 3.300653424199999968e+35 7.104400000000000226e+38 3.380952381000000173e+00 0.000000000000000000e+00
1.333192172500000000e+15 3.222771007999999825e+35 7.054400000000000387e+38 3.380952381000000173e+00 0.000000000000000000e+00
1.321235086500000000e+15 3.146191878599999976e+35 7.004400000000000549e+38 3.380952381000000173e+00 0.000000000000000000e+00
1.309338226100000000e+15 3.070903296899999969e+35 6.954400000000000711e+38 3.380952381000000173e+00 0.000000000000000000e+00
1.297500998400000000e+15 2.996892558499999919e+35 6.904399999999999361e+38 3.380952381000000173e+00 0.000000000000000000e+00
1.285722812000000000e+15 2.924146993400000004e+35 6.854399999999999523e+38 3.380952381000000173e+00 0.000000000000000000e+00
1.274003077500000000e+15 2.852653966900000132e+35 6.804399999999999685e+38 3.380952381000000173e+00 0.000000000000000000e+00
1.262341206800000000e+15 2.782400879099999844e+35 6.754399999999999846e+38 3.380952381000000173e+00 0.000000000000000000e+00
1.250736613500000000e+15 2.713375165399999887e+35 6.704400000000000008e+38 3.380952381000000173e+00 0.000000000000000000e+00
1.239188713000000000e+15 2.645564296600000174e+35 6.654400000000000170e+38 3.380952381000000173e+00 0.000000000000000000e+00
1.227696922300000000e+15 2.578955779100000119e+35 6.604400000000000331e+38 3.380952381000000173e+00 0.000000000000000000e+00
1.216260659900000000e+15 2.513537154999999913e+35 6.554399999999999737e+38 3.380952381000000173e+00 0.000000000000000000e+00
1.204879346100000000e+15 2.449296001999999988e+35 6.504399999999999899e+38 3.380952381000000173e+00 0.000000000000000000e+00
1.193552403000000000e+15 2.386219934299999946e+35 6.454400000000000061e+38 3.380952381000000173e+00 0.000000000000000000e+00
1.182279254200000000e+15 2.324296601899999970e+35 6.404400000000000223e+38 3.380952381000000173e+00 0.000000000000000000e+00
1.171059325100000000e+15 2.263513691599999918e+35 6.354399999999999629e+38 3.380952381000000173e+00 0.000000000000000000e+00
1.159892042800000000e+15 2.203858926299999996e+35 6.304399999999999790e+38 3.380952381000000173e+00 0.000000000000000000e+00
1.148776836000000000e+15 2.145320066199999824e+35 6.254399999999999952e+38 3.380952381000000173e+00 0.000000000000000000e+00
1.137713135300000000e+15 2.087884907899999872e+35 6.204400000000000114e+38 3.380952381000000173e+00 0.000000000000000000e+00
1.126700373000000000e+15 2.031541285399999824e+35 6.154400000000000275e+38 3.380952381000000173e+00 0.000000000000000000e+00
1.115737983000000000e+15 1.976277069900000089e+35 6.104399999999999681e+38 3.380952381000000173e+00 0.000000000000000000e+00
1.104825401000000000e+15 1.922080170199999890e+35 6.054399999999999843e+38 3.380952381000000173e+00 0.000000000000000000e+00
1.093962064600000000e+15 1.868938532600000045e+35 6.004400000000000005e+38 3.380952381000000173e+00 0.000000000000000000e+00
1.083147413100000000e+15 1.816840141299999956e+35 5.954400000000000167e+38 3.380952381000000173e+00 0.000000000000000000e+00
1.072380887400000000e+15 1.765773018699999957e+35 5.904400000000000328e+38 3.380952381000000173e+00 0.000000000000000000e+00
1.061661930400000000e+15 1.715725225300000041e+35 5.854399999999999734e+38 3.380952381000000173e+00 0.000000000000000000e+00
1.050989986800000000e+15 1.666684860199999959e+35 5.804399999999999896e+38 3.380952381000000173e+00 0.000000000000000000e+00
1.040364502900000000e+15 1.618640060899999999e+35 5.754400000000000058e+38 3.380952381000000173e+00 0.000000000000000000e+00
1.029784926900000000e+15 1.571579004099999926e+35 5.704400000000000219e+38 3.380952381000000173e+00 0.000000000000000000e+00
1.019250709000000000e+15 1.525489905299999977e+35 5.654399999999999625e+38 3.380952381000000173e+00 0.000000000000000000e+00
1.008761301100000000e+15 1.480361019400000022e+35 5.604399999999999787e+38 3.380952381000000173e+00 0.000000000000000000e+00
9.983161567800000000e+14 1.436180640799999920e+35 5.554399999999999949e+38 3.380952381000000173e+00 0.000000000000000000e+00
9.879147317500000000e+14 1.392937103600000038e+35 5.504400000000000111e+38 3.380952381000000173e+00 0.000000000000000000e+00
9.775564834500000000e+14 1.350618781899999913e+35 5.454400000000000272e+38 3.380952381000000173e+00 0.000000000000000000e+00
9.672408712000000000e+14 1.309214089799999916e+35 5.404399999999999678e+38 3.380952381000000173e+00 0.000000000000000000e+00
9.569673562100000000e+14 1.268711482000000042e+35 5.354399999999999840e+38 3.380952381000000173e+00 0.000000000000000000e+00
9.467354016000000000e+14 1.229099453599999950e+35 5.304400000000000002e+38 3.380952381000000173e+00 0.000000000000000000e+00
9.365444723800000000e+14 1.190366540799999953e+35 5.254400000000000163e+38 3.380952381000000173e+00 0.000000000000000000e+00
9.263940354900000000e+14 1.152501320699999943e+35 5.204400000000000325e+38 3.380952381000000173e+00 0.000000000000000000e+00
9.162835597900000000e+14 1.115492411800000054e+35 5.154399999999999731e+38 3.380952381000000173e+00 0.000000000000000000e+00
9.062125160800000000e+14 1.079328474100000088e+35 5.104399999999999893e+38 3.380952381000000173e+00 0.000000000000000000e+00
8.961803771200000000e+14 1.043998209699999974e+35 5.054400000000000055e+38 3.380952381000000173e+00 0.000000000000000000e+00
8.861866176200000000e+14 1.009490362400000019e+35 5.004400000000000216e+38 3.380952381000000173e+00 0.000000000000000000e+00
8.762307142900000000e+14 9.757937186700000661e+34 4.954399999999999622e+38 3.380952381000000173e+00 0.000000000000000000e+00
8.663121458100000000e+14 9.428971073499999164e+34 4.904399999999999784e+38 3.380952381000000173e+00 0.000000000000000000e+00
8.564303928600000000e+14 9.107894002599999474e+34 4.854399999999999946e+38 3.380952381000000173e+00 0.000000000000000000e+00
8.465849381300000000e+14 8.794595123399999121e+34 4.804400000000000107e+38 3.380952381000000173e+00 0.000000000000000000e+00
8.367752663600000000e+14 8.488964019300000377e+34 4.754400000000000269e+38 3.380952381000000173e+00 0.000000000000000000e+00
8.270008643000000000e+14 8.190890710699999632e+34 4.704399999999999675e+38 3.380952381000000173e+00 0.000000000000000000e+00
8.172612207600000000e+14 7.900265657800000232e+34 4.654399999999999837e+38 3.380952381000000173e+00 0.000000000000000000e+00
8.075558266400000000e+14 7.616979763100000090e+34 4.604399999999999999e+38 3.380952381000000173e+00 0.000000000000000000e+00
7.978841748700000000e+14 7.340924375099999953e+34 4.554400000000000160e+38 3.380952381000000173e+00 0.000000000000000000e+00
7.882457605200000000e+14 7.071991290599999712e+34 4.504400000000000322e+38 3.380952381000000173e+00 0.000000000000000000e+00
7.786400807500000000e+14 6.810072758000000096e+34 4.454399999999999728e+38 3.380952381000000173e+00 0.000000000000000000e+00
7.690666348300000000e+14 6.555061480499999945e+34 4.404399999999999890e+38 3.380952381000000173e+00 0.000000000000000000e+00
7.595249241900000000e+14 6.306850619100000346e+34 4.354400000000000051e+38 3.380952381000000173e+00 0.000000000000000000e+00
7.500107802600000000e+14 6.044472386600000147e+34 4.304400000000000213e+38 4.333333333299999701e+00 0.000000000000000000e+00
7.405379560500000000e+14 5.746054656900000184e+34 4.254400000000000375e+38 4.333333333299999701e+00 0.000000000000000000e+00
7.311033463500000000e+14 5.459101279199999724e+34 4.204399999999999781e+38 4.333333333299999701e+00 0.000000000000000000e+00
7.217059114400000000e+14 5.183300341000000046e+34 4.154399999999999943e+38 4.333333333299999701e+00 0.000000000000000000e+00
7.123446279800000000e+14 4.918344836199999583e+34 4.104400000000000104e+38 4.333333333299999701e+00 0.000000000000000000e+00
7.030184889000000000e+14 4.663932646400000036e+34 4.054400000000000266e+38 4.333333333299999701e+00 0.000000000000000000e+00
6.937265033700000000e+14 4.419766520400000413e+34 4.004399999999999672e+38 4.333333333299999701e+00 0.000000000000000000e+00
6.844676967100000000e+14 4.185554055000000450e+34 3.954399999999999834e+38 4.333333333299999701e+00 0.000000000000000000e+00
6.752411103300000000e+14 3.961007674599999981e+34 3.904399999999999995e+38 4.333333333299999701e+00 0.000000000000000000e+00
6.660458016700000000e+14 3.745844611399999881e+34 3.854400000000000157e+38 4.333333333299999701e+00 0.000000000000000000e+00
6.568808441300000000e+14 3.539786884399999867e+34 3.804400000000000319e+38 4.333333333299999701e+00 0.000000000000000000e+00
6.477453270100000000e+14 3.342561279599999895e+34 3.754399999999999725e+38 4.333333333299999701e+00 0.000000000000000000e+00
6.386383553900000000e+14 3.153899328999999819e+34 3.704399999999999887e+38 4.333333333299999701e+00 0.000000000000000000e+00
6.295590501500000000e+14 2.973537289399999893e+34 3.654400000000000048e+38 4.333333333299999701e+00 0.000000000000000000e+00
6.205065478100000000e+14 2.801216121800000095e+34 3.604400000000000210e+38 4.333333333299999701e+00 0.000000000000000000e+00
6.114800005300000000e+14 2.636681470200000167e+34 3.554400000000000372e+38 4.333333333299999701e+00 0.000000000000000000e+00
6.024785759800000000e+14 2.479683639500000096e+34 3.504399999999999778e+38 4.333333333299999701e+00 0.000000000000000000e+00
5.935014573200000000e+14 2.329977574500000224e+34 3.454399999999999939e+38 4.333333333299999701e+00 0.000000000000000000e+00
5.845478430800000000e+14 2.187322837700000073e+34 3.404400000000000101e+38 4.333333333299999701e+00 0.000000000000000000e+00
5.756169471300000000e+14 2.051483587400000036e+34 3.354399999999999885e+38 4.333333333299999701e+00 0.000000000000000000e+00
5.667079985800000000e+14 1.922228555399999939e+34 3.304400000000000047e+38 4.333333333299999701e+00 0.000000000000000000e+00
5.578202417000000000e+14 1.799331024199999997e+34 3.254399999999999831e+38 4.333333333299999701e+00 0.000000000000000000e+00
5.489529358600000000e+14 1.682568804700000070e+34 3.204399999999999992e+38 4.333333333299999701e+00 0.000000000000000000e+00
5.401053554400000000e+14 1.571724213100000067e+34 3.154400000000000154e+38 4.333333333299999701e+00 0.000000000000000000e+00
5.312767897700000000e+14 1.466584047600000051e+34 3.104399999999999938e+38 4.333333333299999701e+00 0.000000000000000000e+00
5.224665430500000000e+14 1.366939564900000062e+34 3.054400000000000100e+38 4.333333333299999701e+00 0.000000000000000000e+00
5.136739342500000000e+14 1.272586457000000026e+34 3.004399999999999883e+38 4.333333333299999701e+00 0.000000000000000000e+00
5.048982970300000000e+14 1.183324826499999900e+34 2.954400000000000045e+38 4.333333333299999701e+00 0.000000000000000000e+00
4.961389797100000000e+14 1.098959162999999924e+34 2.904399999999999829e+38 4.333333333299999701e+00 0.000000000000000000e+00
4.873953451200000000e+14 1.019298318499999991e+34 2.854399999999999991e+38 4.333333333299999701e+00 0.000000000000000000e+00
4.786667705500000000e+14 9.441554825200000400e+33 2.804400000000000152e+38 4.333333333299999701e+00 0.000000000000000000e+00
4.699526476900000000e+14 8.733481570300000260e+33 2.754399999999999936e+38 4.333333333299999701e+00 0.000000000000000000e+00
4.612523824900000000e+14 8.066981313000000431e+33 2.704400000000000098e+38 4.333333333299999701e+00 0.000000000000000000e+00
4.525653951300000000e+14 7.440314561799999825e+33 2.654399999999999882e+38 4.333333333299999701e+00 0.000000000000000000e+00
4.438911198900000000e+14 6.851784181300000337e+33 2.604400000000000044e+38 4.333333333299999701e+00 0.000000000000000000e+00
4.352290050900000000e+14 6.299735129700000187e+33 2.554399999999999827e+38 4.333333333299999701e+00 0.000000000000000000e+00
4.265785130000000000e+14 5.782554193099999434e+33 2.504399999999999989e+38 4.333333333299999701e+00 0.000000000000000000e+00
4.179391197300000000e+14 5.298669715400000470e+33 2.454400000000000151e+38 4.333333333299999701e+00 0.000000000000000000e+00
4.093110000000000000e+14 4.824659999999999933e+33 2.404399999999999935e+38 2.061999999999999833e+00 0.000000000000000000e+00
4.006950000000000000e+14 4.638020000000000092e+33 2.354400000000000096e+38 2.084000000000000075e+00 0.000000000000000000e+00
3.920820000000000000e+14 4.450380000000000140e+33 2.304399999999999880e+38 2.104000000000000092e+00 0.000000000000000000e+00
3.834730000000000000e+14 4.262369999999999853e+33 2.254400000000000042e+38 2.123000000000000220e+00 0.000000000000000000e+00
3.748670000000000000e+14 4.074639999999999851e+33 2.204399999999999826e+38 2.140000000000000124e+00 0.000000000000000000e+00
3.662650000000000000e+14 3.887779999999999951e+33 2.154399999999999988e+38 2.156000000000000139e+00 0.000000000000000000e+00
3.576660000000000000e+14 3.702379999999999971e+33 2.104400000000000149e+38 2.170999999999999819e+00 0.000000000000000000e+00
3.490720000000000000e+14 3.518999999999999905e+33 2.054399999999999933e+38 2.185000000000000053e+00 0.000000000000000000e+00
3.404810000000000000e+14 3.338159999999999787e+33 2.004400000000000095e+38 2.197000000000000064e+00 0.000000000000000000e+00
3.318940000000000000e+14 3.160349999999999827e+33 1.954399999999999879e+38 2.208000000000000185e+00 0.000000000000000000e+00
3.233120000000000000e+14 2.986050000000000101e+33 1.904400000000000040e+38 2.217000000000000082e+00 0.000000000000000000e+00
3.147330000000000000e+14 2.815660000000000194e+33 1.854399999999999824e+38 2.225999999999999979e+00 0.000000000000000000e+00
3.061590000000000000e+14 2.649580000000000264e+33 1.804399999999999986e+38 2.233000000000000096e+00 0.000000000000000000e+00
2.975890000000000000e+14 2.488149999999999959e+33 1.754400000000000148e+38 2.237999999999999989e+00 0.000000000000000000e+00
2.890240000000000000e+14 2.331670000000000117e+33 1.704399999999999932e+38 2.242999999999999883e+00 0.000000000000000000e+00
2.804630000000000000e+14 2.180419999999999870e+33 1.654400000000000093e+38 2.245999999999999996e+00 0.000000000000000000e+00
2.719070000000000000e+14 2.034599999999999876e+33 1.604400000000000066e+38 2.246999999999999886e+00 0.000000000000000000e+00
2.633570000000000000e+14 1.894389999999999947e+33 1.554400000000000039e+38 2.246999999999999886e+00 0.000000000000000000e+00
2.548110000000000000e+14 1.759909999999999958e+33 1.504400000000000012e+38 2.245000000000000107e+00 0.000000000000000000e+00
2.462710000000000000e+14 1.631220000000000133e+33 1.454399999999999984e+38 2.241999999999999993e+00 0.000000000000000000e+00
1.758110000000000000e+14 8.357069999999999848e+32 1.040529999999999986e+38 2.234999999999999876e+00 2.447180000000000038e+29
1.753210000000000000e+14 8.319070000000000522e+32 1.037639999999999948e+38 2.237999999999999989e+00 2.867040000000000159e+29
1.748310000000000000e+14 8.280409999999999578e+32 1.034760000000000025e+38 2.241000000000000103e+00 3.170589999999999932e+29
1.743410000000000000e+14 8.241540000000000149e+32 1.031869999999999987e+38 2.244000000000000217e+00 3.420639999999999860e+29
1.738510000000000000e+14 8.202569999999999384e+32 1.028990000000000064e+38 2.246999999999999886e+00 3.639699999999999794e+29
1.733610000000000000e+14 8.163569999999999659e+32 1.026100000000000026e+38 2.250000000000000000e+00 3.838680000000000167e+29
1.728710000000000000e+14 8.124580000000000067e+32 1.023219999999999914e+38 2.253000000000000114e+00 4.023720000000000253e+29
1.723810000000000000e+14 8.085600000000000610e+32 1.020330000000000065e+38 2.255999999999999783e+00 4.198630000000000080e+29
1.718920000000000000e+14 8.046660000000000245e+32 1.017449999999999953e+38 2.258999999999999897e+00 4.365909999999999996e+29
1.714020000000000000e+14 8.007750000000000282e+32 1.014559999999999915e+38 2.262000000000000011e+00 4.527320000000000319e+29
1.709120000000000000e+14 7.968889999999999547e+32 1.011679999999999992e+38 2.265000000000000124e+00 4.684110000000000167e+29
1.704220000000000000e+14 7.930069999999999346e+32 1.008800000000000068e+38 2.267999999999999794e+00 4.837209999999999690e+29
1.699320000000000000e+14 7.891309999999999947e+32 1.005910000000000031e+38 2.270999999999999908e+00 4.987330000000000056e+29
1.694420000000000000e+14 7.852599999999999775e+32 1.003029999999999918e+38 2.274000000000000021e+00 5.135019999999999780e+29
1.689520000000000000e+14 7.813960000000000540e+32 1.000140000000000070e+38 2.277000000000000135e+00 5.280720000000000347e+29
1.684630000000000000e+14 7.775370000000000532e+32 9.972560000000000249e+37 2.279999999999999805e+00 5.424790000000000159e+29
1.679730000000000000e+14 7.736839999999999885e+32 9.943710000000000443e+37 2.282999999999999918e+00 5.567500000000000303e+29
1.674830000000000000e+14 7.698370000000000040e+32 9.914860000000000638e+37 2.286000000000000032e+00 5.709080000000000325e+29
1.669930000000000000e+14 7.659969999999999689e+32 9.886020000000000191e+37 2.289000000000000146e+00 5.849740000000000054e+29
1.665030000000000000e+14 7.621640000000000275e+32 9.857170000000000386e+37 2.008000000000000007e+00 5.989630000000000174e+29
1.660140000000000000e+14 7.583370000000000222e+32 9.828320000000000580e+37 2.007000000000000117e+00 6.128880000000000243e+29
1.655240000000000000e+14 7.545159999999999529e+32 9.799470000000000775e+37 2.005999999999999783e+00 6.267609999999999963e+29
1.650340000000000000e+14 7.507029999999999907e+32 9.770619999999999080e+37 2.004999999999999893e+00 6.405930000000000586e+29
1.645440000000000000e+14 7.468969999999999779e+32 9.741780000000000523e+37 2.004999999999999893e+00 6.543900000000000554e+29
1.640550000000000000e+14 7.430980000000000587e+32 9.712930000000000717e+37 2.004000000000000004e+00 6.681599999999999434e+29
1.635650000000000000e+14 7.393059999999999448e+32 9.684080000000000912e+37 2.003000000000000114e+00 6.819099999999999750e+29
1.630750000000000000e+14 7.355210000000000687e+32 9.655229999999999218e+37 2.001999999999999780e+00 6.956450000000000087e+29
1.625860000000000000e+14 7.317429999999999979e+32 9.626379999999999412e+37 2.001999999999999780e+00 7.093689999999999877e+29
1.620960000000000000e+14 7.279730000000000340e+32 9.597540000000000854e+37 2.000999999999999890e+00 7.230849999999999396e+29
1.616060000000000000e+14 7.242100000000000197e+32 9.568689999999999160e+37 2.000000000000000000e+00 7.367980000000000046e+29
1.611170000000000000e+14 7.204549999999999682e+32 9.539839999999999355e+37 1.999000000000000110e+00 7.505110000000000695e+29
1.606270000000000000e+14 7.167080000000000236e+32 9.510989999999999549e+37 1.997999999999999998e+00 7.642250000000000499e+29
1.601370000000000000e+14 7.129680000000000285e+32 9.482139999999999744e+37 1.997999999999999998e+00 7.779429999999999734e+29
1.596480000000000000e+14 7.092359999999999963e+32 9.453299999999999297e+37 1.997000000000000108e+00 7.916669999999999524e+29
1.591580000000000000e+14 7.055110000000000577e+32 9.424449999999999492e+37 1.995999999999999996e+00 8.053989999999999583e+29
1.586690000000000000e+14 7.017949999999999511e+32 9.395599999999999686e+37 1.995000000000000107e+00 8.191389999999999913e+29
1.581790000000000000e+14 6.980859999999999381e+32 9.366749999999999881e+37 1.993999999999999995e+00 8.328890000000000229e+29
1.576900000000000000e+14 6.943860000000000455e+32 9.337900000000000075e+37 1.993999999999999995e+00 8.466490000000000531e+29
1.572000000000000000e+14 6.906929999999999582e+32 9.309059999999999629e+37 1.993000000000000105e+00 8.604210000000000534e+29
1.567110000000000000e+14 6.870089999999999913e+32 9.280209999999999823e+37 1.991999999999999993e+00 8.742050000000000239e+29
1.562210000000000000e+14 6.837330000000000028e+32 9.251360000000000018e+37 1.991000000000000103e+00 5.609940000000000089e+29
1.557320000000000000e+14 6.800710000000000418e+32 9.222510000000000212e+37 1.989999999999999991e+00 5.678750000000000098e+29
1.552420000000000000e+14 6.764160000000000302e+32 9.193660000000000407e+37 1.989000000000000101e+00 5.747700000000000228e+29
1.547530000000000000e+14 6.727699999999999949e+32 9.164819999999999960e+37 1.987999999999999989e+00 5.816779999999999917e+29
1.542630000000000000e+14 6.691320000000000665e+32 9.135970000000000155e+37 1.987000000000000099e+00 5.885989999999999869e+29
1.537740000000000000e+14 6.655019999999999568e+32 9.107120000000000350e+37 1.985999999999999988e+00 5.955309999999999665e+29
1.527950000000000000e+14 6.591299999999999365e+32 9.049420000000000739e+37 1.983000000000000096e+00 3.324449999999999911e+29
1.518160000000000000e+14 6.519519999999999488e+32 8.991730000000000487e+37 1.981999999999999984e+00 3.361639999999999734e+29
1.508370000000000000e+14 6.448069999999999700e+32 8.934030000000000876e+37 1.979999999999999982e+00 3.399390000000000041e+29
1.483910000000000000e+14 6.270929999999999906e+32 8.789789999999999318e+37 1.975000000000000089e+00 3.495839999999999812e+29
1.479010000000000000e+14 6.235760000000000227e+32 8.760939999999999513e+37 1.973999999999999977e+00 3.515430000000000005e+29
1.434980000000000000e+14 5.923139999999999900e+32 8.501309999999999982e+37 1.965999999999999970e+00 3.695289999999999837e+29
1.430090000000000000e+14 5.888849999999999736e+32 8.472460000000000176e+37 1.965000000000000080e+00 3.715579999999999932e+29
1.425200000000000000e+14 5.854639999999999921e+32 8.443619999999999730e+37 1.963999999999999968e+00 3.735910000000000161e+29
1.420310000000000000e+14 5.820530000000000002e+32 8.414769999999999924e+37 1.963000000000000078e+00 3.756279999999999822e+29
1.415420000000000000e+14 5.786499999999999711e+32 8.385920000000000119e+37 1.961999999999999966e+00 3.776690000000000322e+29
1.390960000000000000e+14 5.617740000000000267e+32 8.241680000000000450e+37 1.957000000000000073e+00 3.879159999999999666e+29
1.386070000000000000e+14 5.584270000000000258e+32 8.212829999999999700e+37 1.955999999999999961e+00 3.899710000000000287e+29
1.381180000000000000e+14 5.550879999999999877e+32 8.183979999999999895e+37 1.955000000000000071e+00 3.920279999999999920e+29
1.361620000000000000e+14 5.418260000000000111e+32 8.068590000000000032e+37 1.951000000000000068e+00 4.002630000000000272e+29
1.327400000000000000e+14 5.189750000000000220e+32 7.866660000000000112e+37 1.943999999999999950e+00 4.146559999999999962e+29
1.322510000000000000e+14 5.157489999999999815e+32 7.837810000000000306e+37 1.943000000000000060e+00 4.167059999999999887e+29
1.278510000000000000e+14 4.871349999999999718e+32 7.578179999999999831e+37 1.933000000000000052e+00 4.350179999999999822e+29
1.268740000000000000e+14 4.808820000000000293e+32 7.520480000000000220e+37 1.931000000000000050e+00 4.390440000000000338e+29
1.263850000000000000e+14 4.777699999999999997e+32 7.491630000000000414e+37 1.929999999999999938e+00 4.410500000000000183e+29
1.258970000000000000e+14 4.746670000000000184e+32 7.462779999999999664e+37 1.929000000000000048e+00 4.430500000000000178e+29
1.254080000000000000e+14 4.715740000000000267e+32 7.433940000000000162e+37 1.927999999999999936e+00 4.450450000000000180e+29
1.244310000000000000e+14 4.654169999999999986e+32 7.376239999999999607e+37 1.925000000000000044e+00 4.490179999999999785e+29
1.234530000000000000e+14 4.592989999999999875e+32 7.318539999999999996e+37 1.923000000000000043e+00 4.529669999999999987e+29
1.224760000000000000e+14 4.532189999999999801e+32 7.260849999999999744e+37 1.921000000000000041e+00 4.568899999999999663e+29
1.214990000000000000e+14 4.471790000000000031e+32 7.203150000000000133e+37 1.919000000000000039e+00 4.607859999999999659e+29
1.210100000000000000e+14 4.451870000000000317e+32 7.174300000000000328e+37 1.915000000000000036e+00 5.305080000000000290e+29
1.205220000000000000e+14 4.422100000000000056e+32 7.145459999999999881e+37 1.913999999999999924e+00 5.299619999999999793e+29
1.200330000000000000e+14 4.392429999999999691e+32 7.116610000000000076e+37 1.913000000000000034e+00 5.294060000000000014e+29
1.195450000000000000e+14 4.362849999999999809e+32 7.087760000000000270e+37 1.911000000000000032e+00 5.288400000000000249e+29
1.190560000000000000e+14 4.333369999999999822e+32 7.058910000000000465e+37 1.909999999999999920e+00 5.282639999999999795e+29
1.185680000000000000e+14 4.303980000000000318e+32 7.030059999999999715e+37 1.909000000000000030e+00 5.276780000000000058e+29
1.180790000000000000e+14 4.274689999999999989e+32 7.001220000000000213e+37 1.907999999999999918e+00 5.270799999999999916e+29
1.175910000000000000e+14 4.245500000000000277e+32 6.972370000000000407e+37 1.905999999999999917e+00 5.264730000000000350e+29
1.171020000000000000e+14 4.216409999999999740e+32 6.943519999999999657e+37 1.905000000000000027e+00 5.258539999999999674e+29
1.166140000000000000e+14 4.187409999999999686e+32 6.914669999999999852e+37 1.903999999999999915e+00 5.252249999999999717e+29
1.161250000000000000e+14 4.158510000000000248e+32 6.885820000000000046e+37 1.903000000000000025e+00 5.245849999999999915e+29
1.156370000000000000e+14 4.129699999999999851e+32 6.856979999999999600e+37 1.901000000000000023e+00 5.239340000000000270e+29
1.151480000000000000e+14 4.101000000000000205e+32 6.828129999999999794e+37 1.899999999999999911e+00 5.232720000000000078e+29
1.146600000000000000e+14 4.072390000000000321e+32 6.799279999999999989e+37 1.899000000000000021e+00 5.225990000000000042e+29
1.141720000000000000e+14 4.043870000000000199e+32 6.770430000000000183e+37 1.897000000000000020e+00 5.219150000000000162e+29
1.136830000000000000e+14 4.015460000000000106e+32 6.741580000000000378e+37 1.895999999999999908e+00 5.212199999999999734e+29
1.131950000000000000e+14 3.987139999999999776e+32 6.712739999999999931e+37 1.895000000000000018e+00 5.205130000000000309e+29
1.127070000000000000e+14 3.958909999999999928e+32 6.683890000000000126e+37 1.893999999999999906e+00 5.197950000000000336e+29
1.122180000000000000e+14 3.930790000000000110e+32 6.655040000000000321e+37 1.891999999999999904e+00 5.190659999999999816e+29
1.117300000000000000e+14 3.902760000000000054e+32 6.626189999999999571e+37 1.891000000000000014e+00 5.183250000000000298e+29
1.112420000000000000e+14 3.874829999999999894e+32 6.597339999999999765e+37 1.889999999999999902e+00 5.175730000000000232e+29
1.107530000000000000e+14 3.847000000000000350e+32 6.568500000000000263e+37 1.887999999999999901e+00 5.168089999999999761e+29
1.102650000000000000e+14 3.819259999999999848e+32 6.539650000000000458e+37 1.887000000000000011e+00 5.160340000000000150e+29
1.097770000000000000e+14 3.791619999999999962e+32 6.510799999999999708e+37 1.885999999999999899e+00 5.152470000000000134e+29
1.092880000000000000e+14 3.764079999999999972e+32 6.481949999999999902e+37 1.883999999999999897e+00 5.144479999999999713e+29
1.088000000000000000e+14 3.736629999999999745e+32 6.453100000000000097e+37 1.883000000000000007e+00 5.136380000000000151e+29
1.083120000000000000e+14 3.709290000000000267e+32 6.424259999999999650e+37 1.881000000000000005e+00 5.128160000000000184e+29
1.078240000000000000e+14 3.682039999999999831e+32 6.395409999999999845e+37 1.879999999999999893e+00 5.119819999999999812e+29
1.073360000000000000e+14 3.654890000000000011e+32 6.366560000000000039e+37 1.879000000000000004e+00 5.111370000000000300e+29
1.068470000000000000e+14 3.627829999999999953e+32 6.337710000000000234e+37 1.877000000000000002e+00 5.102799999999999678e+29
1.063590000000000000e+14 3.600869999999999791e+32 6.308860000000000428e+37 1.875999999999999890e+00 5.094110000000000059e+29
1.058710000000000000e+14 3.574010000000000246e+32 6.280019999999999982e+37 1.875000000000000000e+00 5.085300000000000035e+29
1.053830000000000000e+14 3.547249999999999876e+32 6.251170000000000176e+37 1.872999999999999998e+00 5.076370000000000309e+29
1.048950000000000000e+14 3.520579999999999988e+32 6.222320000000000371e+37 1.872000000000000108e+00 5.067330000000000035e+29
1.044070000000000000e+14 3.494020000000000130e+32 6.193469999999999621e+37 1.870000000000000107e+00 5.058160000000000202e+29
1.039190000000000000e+14 3.467539999999999901e+32 6.164619999999999816e+37 1.868999999999999995e+00 5.048879999999999822e+29
1.034310000000000000e+14 3.441169999999999701e+32 6.135780000000000314e+37 1.866999999999999993e+00 5.039479999999999740e+29
1.029420000000000000e+14 3.414900000000000117e+32 6.106929999999999564e+37 1.866000000000000103e+00 5.029959999999999956e+29
1.024540000000000000e+14 3.388720000000000296e+32 6.078079999999999758e+37 1.864999999999999991e+00 5.020319999999999768e+29
1.019660000000000000e+14 3.362639999999999650e+32 6.049229999999999953e+37 1.862999999999999989e+00 5.010559999999999877e+29
1.014780000000000000e+14 3.336650000000000207e+32 6.020380000000000147e+37 1.862000000000000099e+00 5.000680000000000285e+29
1.009900000000000000e+14 3.310770000000000073e+32 5.991539999999999701e+37 1.860000000000000098e+00 4.990680000000000288e+29
1.005020000000000000e+14 3.284979999999999701e+32 5.962689999999999895e+37 1.858999999999999986e+00 4.980569999999999743e+29
1.000140000000000000e+14 3.259279999999999812e+32 5.933840000000000090e+37 1.856999999999999984e+00 4.970330000000000342e+29
9.952630000000000000e+13 3.233689999999999952e+32 5.904990000000000284e+37 1.856000000000000094e+00 4.959979999999999690e+29
9.903830000000000000e+13 3.208189999999999855e+32 5.876139999999999534e+37 1.854000000000000092e+00 4.949510000000000041e+29
9.855040000000000000e+13 3.182790000000000013e+32 5.847300000000000032e+37 1.852999999999999980e+00 4.938919999999999986e+29
9.806250000000000000e+13 3.157490000000000068e+32 5.818450000000000227e+37 1.850999999999999979e+00 4.928210000000000229e+29
9.757450000000000000e+13 3.132290000000000018e+32 5.789600000000000421e+37 1.850000000000000089e+00 4.917380000000000068e+29
9.708660000000000000e+13 3.107180000000000091e+32 5.760749999999999671e+37 1.848000000000000087e+00 4.906430000000000204e+29
9.659870000000000000e+13 3.082170000000000059e+32 5.731899999999999866e+37 1.846999999999999975e+00 4.895369999999999793e+29
9.611090000000000000e+13 3.059720000000000027e+32 5.703060000000000364e+37 1.844999999999999973e+00 5.950230000000000100e+29
9.562300000000000000e+13 3.034930000000000055e+32 5.674209999999999614e+37 1.842999999999999972e+00 5.922990000000000282e+29
9.513510000000000000e+13 3.010239999999999978e+32 5.645359999999999809e+37 1.842000000000000082e+00 5.895689999999999909e+29
9.464730000000000000e+13 2.985650000000000158e+32 5.616510000000000003e+37 1.840000000000000080e+00 5.868329999999999685e+29
9.415950000000000000e+13 2.961150000000000099e+32 5.587660000000000198e+37 1.838000000000000078e+00 5.840920000000000172e+29
9.367170000000000000e+13 2.936749999999999937e+32 5.558819999999999751e+37 1.836999999999999966e+00 5.813450000000000105e+29
9.318390000000000000e+13 2.912439999999999897e+32 5.529969999999999946e+37 1.834999999999999964e+00 5.785920000000000187e+29
9.269610000000000000e+13 2.888239999999999886e+32 5.501120000000000140e+37 1.834000000000000075e+00 5.758350000000000133e+29
9.220830000000000000e+13 2.864119999999999864e+32 5.472270000000000335e+37 1.832000000000000073e+00 5.730720000000000229e+29
9.172050000000000000e+13 2.840109999999999872e+32 5.443419999999999585e+37 1.830999999999999961e+00 5.703040000000000332e+29
9.123280000000000000e+13 2.816190000000000002e+32 5.414580000000000083e+37 1.828999999999999959e+00 5.675299999999999881e+29
9.074510000000000000e+13 2.792370000000000028e+32 5.385730000000000277e+37 1.828000000000000069e+00 5.647519999999999998e+29
9.025740000000000000e+13 2.768640000000000176e+32 5.356880000000000472e+37 1.826000000000000068e+00 5.619680000000000264e+29
8.976970000000000000e+13 2.745009999999999860e+32 5.328029999999999722e+37 1.824000000000000066e+00 5.591799999999999691e+29
8.928200000000000000e+13 2.721480000000000161e+32 5.299179999999999916e+37 1.822999999999999954e+00 5.563869999999999829e+29
8.879430000000000000e+13 2.698039999999999863e+32 5.270340000000000414e+37 1.820999999999999952e+00 5.535889999999999975e+29
8.830670000000000000e+13 2.674699999999999821e+32 5.241489999999999664e+37 1.820000000000000062e+00 5.507860000000000127e+29
8.781900000000000000e+13 2.651449999999999902e+32 5.212639999999999859e+37 1.818000000000000060e+00 5.479790000000000144e+29
8.733140000000000000e+13 2.628299999999999878e+32 5.183790000000000054e+37 1.816000000000000059e+00 5.451670000000000168e+29
8.684380000000000000e+13 2.605250000000000111e+32 5.154940000000000248e+37 1.814999999999999947e+00 5.423510000000000058e+29
8.635620000000000000e+13 2.582290000000000106e+32 5.126099999999999802e+37 1.812999999999999945e+00 5.395299999999999954e+29
8.586860000000000000e+13 2.559429999999999996e+32 5.097249999999999996e+37 1.812000000000000055e+00 5.367049999999999715e+29
8.538100000000000000e+13 2.536660000000000009e+32 5.068400000000000191e+37 1.810000000000000053e+00 5.338760000000000045e+29
8.489350000000000000e+13 2.513989999999999918e+32 5.039550000000000385e+37 1.808000000000000052e+00 5.310430000000000239e+29
8.440590000000000000e+13 2.491409999999999949e+32 5.010699999999999635e+37 1.806999999999999940e+00 5.282060000000000299e+29
8.391840000000000000e+13 2.468940000000000010e+32 4.981860000000000133e+37 1.804999999999999938e+00 5.253639999999999662e+29
8.343090000000000000e+13 2.446550000000000059e+32 4.953010000000000328e+37 1.802999999999999936e+00 5.225190000000000155e+29
8.294340000000000000e+13 2.424260000000000005e+32 4.924159999999999578e+37 1.802000000000000046e+00 5.196709999999999667e+29
8.245590000000000000e+13 2.402069999999999846e+32 4.895309999999999772e+37 1.800000000000000044e+00 5.168179999999999889e+29
8.196840000000000000e+13 2.379970000000000170e+32 4.866459999999999967e+37 1.798000000000000043e+00 5.139619999999999835e+29
8.148100000000000000e+13 2.357970000000000029e+32 4.837620000000000465e+37 1.796999999999999931e+00 5.111030000000000207e+29
8.099350000000000000e+13 2.336060000000000011e+32 4.808769999999999715e+37 1.794999999999999929e+00 5.082399999999999740e+29
8.050610000000000000e+13 2.314249999999999889e+32 4.779919999999999909e+37 1.792999999999999927e+00 5.053729999999999842e+29
8.001870000000000000e+13 2.292529999999999889e+32 4.751070000000000104e+37 1.792000000000000037e+00 5.025040000000000228e+29
7.953130000000000000e+13 2.270910000000000145e+32 4.722220000000000299e+37 1.790000000000000036e+00 4.996309999999999775e+29
7.904390000000000000e+13 2.249380000000000163e+32 4.693379999999999852e+37 1.788000000000000034e+00 4.967549999999999749e+29
7.855660000000000000e+13 2.227950000000000077e+32 4.664530000000000047e+37 1.786999999999999922e+00 4.938770000000000007e+29
7.806920000000000000e+13 2.206610000000000114e+32 4.635680000000000241e+37 1.784999999999999920e+00 4.909950000000000130e+29
7.758190000000000000e+13 2.185370000000000046e+32 4.606830000000000436e+37 1.782999999999999918e+00 4.881109999999999834e+29
7.709450000000000000e+13 2.164220000000000101e+32 4.577979999999999686e+37 1.782000000000000028e+00 4.852239999999999964e+29
7.660720000000000000e+13 2.143170000000000052e+32 4.549140000000000184e+37 1.780000000000000027e+00 4.823339999999999816e+29
7.611990000000000000e+13 2.122210000000000125e+32 4.520290000000000378e+37 1.778000000000000025e+00 4.794419999999999953e+29
7.563270000000000000e+13 2.101350000000000093e+32 4.491439999999999628e+37 1.776999999999999913e+00 4.765469999999999813e+29
7.514540000000000000e+13 2.080579999999999824e+32 4.462589999999999823e+37 1.774999999999999911e+00 4.736499999999999957e+29
7.465810000000000000e+13 2.059900000000000038e+32 4.433740000000000017e+37 1.772999999999999909e+00 4.707509999999999682e+29
7.417090000000000000e+13 2.039320000000000148e+32 4.404899999999999571e+37 1.770999999999999908e+00 4.678499999999999691e+29
7.368370000000000000e+13 2.018830000000000019e+32 4.376049999999999765e+37 1.770000000000000018e+00 4.649460000000000126e+29
7.319650000000000000e+13 1.998440000000000147e+32 4.347199999999999960e+37 1.768000000000000016e+00 4.620410000000000000e+29
7.270930000000000000e+13 1.978140000000000037e+32 4.318350000000000154e+37 1.766000000000000014e+00 4.591330000000000301e+29
7.222210000000000000e+13 1.957939999999999823e+32 4.289500000000000349e+37 1.764999999999999902e+00 4.562240000000000039e+29
7.173500000000000000e+13 1.937830000000000091e+32 4.260659999999999902e+37 1.762999999999999901e+00 4.533130000000000063e+29
7.124780000000000000e+13 1.917810000000000122e+32 4.231810000000000097e+37 1.760999999999999899e+00 4.503999999999999666e+29
7.076070000000000000e+13 1.897890000000000048e+32 4.202959999999999819e+37 1.758999999999999897e+00 4.474860000000000116e+29
7.027360000000000000e+13 1.878060000000000097e+32 4.174110000000000014e+37 1.758000000000000007e+00 4.445700000000000146e+29
6.978650000000000000e+13 1.858319999999999908e+32 4.145260000000000208e+37 1.756000000000000005e+00 4.416530000000000318e+29
6.929940000000000000e+13 1.838679999999999975e+32 4.116420000000000234e+37 1.754000000000000004e+00 4.387349999999999929e+29
6.881230000000000000e+13 1.819130000000000164e+32 4.087569999999999956e+37 1.752999999999999892e+00 4.358149999999999824e+29
6.832530000000000000e+13 1.799670000000000116e+32 4.058720000000000151e+37 1.750999999999999890e+00 4.328939999999999861e+29
6.783820000000000000e+13 1.780309999999999964e+32 4.029869999999999873e+37 1.749000000000000110e+00 4.299720000000000041e+29
6.735120000000000000e+13 1.761039999999999933e+32 4.001020000000000068e+37 1.747000000000000108e+00 4.270489999999999658e+29
6.686420000000000000e+13 1.741860000000000026e+32 3.972180000000000093e+37 1.745999999999999996e+00 4.241250000000000122e+29
6.637720000000000000e+13 1.722780000000000014e+32 3.943329999999999816e+37 1.743999999999999995e+00 4.212009999999999882e+29
6.589030000000000000e+13 1.703790000000000124e+32 3.914480000000000010e+37 1.741999999999999993e+00 4.182749999999999926e+29
6.540330000000000000e+13 1.684889999999999997e+32 3.885630000000000205e+37 1.741000000000000103e+00 4.153489999999999970e+29
6.491630000000000000e+13 1.666090000000000126e+32 3.856779999999999927e+37 1.739000000000000101e+00 4.124230000000000015e+29
6.442940000000000000e+13 1.647369999999999883e+32 3.827939999999999953e+37 1.737000000000000099e+00 4.094960000000000201e+29
6.394250000000000000e+13 1.628749999999999896e+32 3.799090000000000147e+37 1.735000000000000098e+00 4.065679999999999826e+29
6.345560000000000000e+13 1.610229999999999986e+32 3.770239999999999870e+37 1.733999999999999986e+00 4.036400000000000154e+29
6.296870000000000000e+13 1.591790000000000064e+32 3.741390000000000064e+37 1.731999999999999984e+00 4.007119999999999779e+29
6.248190000000000000e+13 1.573450000000000037e+32 3.712539999999999787e+37 1.729999999999999982e+00 3.977830000000000250e+29
6.199500000000000000e+13 1.555199999999999953e+32 3.683699999999999812e+37 1.727999999999999980e+00 3.948540000000000017e+29
6.150820000000000000e+13 1.537039999999999992e+32 3.654850000000000007e+37 1.727000000000000091e+00 3.919260000000000346e+29
6.102140000000000000e+13 1.518969999999999973e+32 3.626000000000000201e+37 1.725000000000000089e+00 3.889970000000000113e+29
6.053460000000000000e+13 1.501000000000000030e+32 3.597149999999999924e+37 1.723000000000000087e+00 3.860679999999999880e+29
6.004780000000000000e+13 1.483110000000000075e+32 3.568300000000000118e+37 1.721999999999999975e+00 3.831400000000000208e+29
5.956100000000000000e+13 1.465320000000000016e+32 3.539460000000000144e+37 1.719999999999999973e+00 3.802119999999999833e+29
5.907420000000000000e+13 1.447620000000000080e+32 3.510609999999999866e+37 1.717999999999999972e+00 3.772830000000000304e+29
5.858750000000000000e+13 1.430020000000000040e+32 3.481760000000000061e+37 1.717000000000000082e+00 3.743559999999999786e+29
5.810080000000000000e+13 1.412499999999999988e+32 3.452909999999999783e+37 1.715000000000000080e+00 3.714280000000000115e+29
5.761410000000000000e+13 1.395070000000000059e+32 3.424059999999999978e+37 1.713000000000000078e+00 3.685020000000000159e+29
5.712740000000000000e+13 1.377740000000000025e+32 3.395220000000000003e+37 1.711000000000000076e+00 3.655750000000000346e+29
5.664070000000000000e+13 1.360499999999999934e+32 3.366370000000000198e+37 1.709999999999999964e+00 3.626500000000000248e+29
5.615400000000000000e+13 1.343349999999999965e+32 3.337519999999999920e+37 1.707999999999999963e+00 3.597250000000000150e+29
5.566740000000000000e+13 1.326289999999999939e+32 3.308670000000000115e+37 1.705999999999999961e+00 3.568000000000000052e+29
5.518080000000000000e+13 1.309320000000000035e+32 3.279819999999999837e+37 1.705000000000000071e+00 3.538769999999999670e+29
5.469420000000000000e+13 1.292440000000000073e+32 3.250979999999999863e+37 1.703000000000000069e+00 3.509539999999999991e+29
5.420760000000000000e+13 1.275650000000000053e+32 3.222130000000000057e+37 1.701000000000000068e+00 3.480320000000000170e+29
5.372100000000000000e+13 1.258959999999999930e+32 3.193279999999999780e+37 1.699999999999999956e+00 3.451110000000000208e+29
5.323450000000000000e+13 1.242349999999999975e+32 3.164429999999999974e+37 1.697999999999999954e+00 3.421910000000000103e+29
5.274790000000000000e+13 1.225829999999999962e+32 3.135580000000000169e+37 1.695999999999999952e+00 3.392719999999999856e+29
5.226140000000000000e+13 1.209410000000000026e+32 3.106740000000000194e+37 1.695000000000000062e+00 3.363540000000000170e+29
5.177490000000000000e+13 1.193070000000000078e+32 3.077889999999999917e+37 1.693000000000000060e+00 3.334380000000000200e+29
5.128840000000000000e+13 1.176830000000000026e+32 3.049040000000000111e+37 1.691999999999999948e+00 3.305220000000000230e+29
5.080190000000000000e+13 1.160679999999999916e+32 3.020189999999999833e+37 1.689999999999999947e+00 3.276079999999999976e+29
5.031550000000000000e+13 1.144609999999999975e+32 2.991340000000000028e+37 1.687999999999999945e+00 3.246950000000000284e+29
4.982900000000000000e+13 1.128639999999999930e+32 2.962500000000000054e+37 1.687000000000000055e+00 3.217829999999999745e+29
4.934260000000000000e+13 1.112750000000000054e+32 2.933649999999999776e+37 1.685000000000000053e+00 3.188730000000000330e+29
4.885620000000000000e+13 1.096960000000000073e+32 2.904799999999999971e+37 1.683999999999999941e+00 3.159640000000000069e+29
4.836980000000000000e+13 1.081260000000000035e+32 2.875950000000000165e+37 1.681999999999999940e+00 3.130569999999999875e+29
4.788340000000000000e+13 1.065639999999999986e+32 2.847099999999999887e+37 1.681000000000000050e+00 3.101509999999999891e+29
4.739710000000000000e+13 1.050120000000000012e+32 2.818259999999999913e+37 1.679000000000000048e+00 3.072460000000000117e+29
4.691070000000000000e+13 1.034680000000000028e+32 2.789410000000000108e+37 1.677000000000000046e+00 3.043430000000000058e+29
4.642440000000000000e+13 1.019339999999999939e+32 2.760559999999999830e+37 1.675999999999999934e+00 3.014420000000000067e+29
4.593810000000000000e+13 1.004080000000000019e+32 2.731710000000000025e+37 1.673999999999999932e+00 2.985419999999999934e+29
4.545180000000000000e+13 9.889160000000000853e+31 2.702860000000000219e+37 1.673000000000000043e+00 2.956439999999999868e+29
4.496560000000000000e+13 9.738399999999999592e+31 2.674019999999999773e+37 1.671000000000000041e+00 2.927479999999999870e+29
4.447930000000000000e+13 9.588520000000000008e+31 2.645169999999999967e+37 1.669999999999999929e+00 2.898530000000000082e+29
4.399310000000000000e+13 9.439539999999999847e+31 2.616320000000000162e+37 1.669000000000000039e+00 2.869600000000000009e+29
4.350690000000000000e+13 9.291449999999999336e+31 2.587469999999999884e+37 1.667000000000000037e+00 2.840690000000000004e+29
4.302070000000000000e+13 9.144260000000000048e+31 2.558620000000000078e+37 1.665999999999999925e+00 2.811789999999999857e+29
4.253450000000000000e+13 8.997960000000000410e+31 2.529780000000000104e+37 1.663999999999999924e+00 2.782910000000000129e+29
4.204840000000000000e+13 8.852540000000000648e+31 2.500929999999999826e+37 1.663000000000000034e+00 2.754050000000000117e+29
4.156220000000000000e+13 8.708020000000000309e+31 2.472080000000000021e+37 1.661999999999999922e+00 2.725210000000000172e+29
4.107610000000000000e+13 8.564399999999999392e+31 2.443230000000000216e+37 1.659999999999999920e+00 2.696389999999999943e+29
4.059000000000000000e+13 8.421660000000000153e+31 2.414379999999999938e+37 1.659000000000000030e+00 2.667579999999999924e+29
4.010390000000000000e+13 8.279810000000000563e+31 2.385539999999999964e+37 1.657999999999999918e+00 2.638799999999999830e+29
3.961790000000000000e+13 8.138850000000000622e+31 2.356690000000000158e+37 1.655999999999999917e+00 2.610029999999999946e+29
3.913180000000000000e+13 7.998790000000000105e+31 2.327839999999999880e+37 1.655000000000000027e+00 2.581280000000000130e+29
3.864580000000000000e+13 7.859610000000000363e+31 2.298990000000000075e+37 1.653999999999999915e+00 2.552540000000000171e+29
3.815980000000000000e+13 7.721330000000000045e+31 2.270139999999999797e+37 1.651999999999999913e+00 2.523830000000000138e+29
3.767380000000000000e+13 7.583929999999999602e+31 2.241299999999999823e+37 1.651000000000000023e+00 2.495129999999999962e+29
3.718790000000000000e+13 7.447430000000000384e+31 2.212450000000000018e+37 1.649999999999999911e+00 2.466460000000000064e+29
3.670190000000000000e+13 7.311810000000000141e+31 2.183600000000000212e+37 1.649000000000000021e+00 2.437800000000000024e+29
3.621600000000000000e+13 7.177090000000000221e+31 2.154749999999999934e+37 1.647999999999999909e+00 2.409160000000000051e+29
3.573010000000000000e+13 7.043259999999999951e+31 2.125899999999999893e+37 1.647000000000000020e+00 2.380529999999999936e+29
3.524420000000000000e+13 6.910320000000000230e+31 2.097059999999999918e+37 1.645999999999999908e+00 2.351930000000000098e+29
3.475830000000000000e+13 6.778279999999999933e+31 2.068210000000000113e+37 1.645000000000000018e+00 2.323340000000000118e+29
3.427250000000000000e+13 6.647120000000000412e+31 2.039360000000000071e+37 1.643999999999999906e+00 2.294769999999999854e+29
3.378660000000000000e+13 6.516870000000000087e+31 2.010510000000000030e+37 1.643000000000000016e+00 2.266210000000000152e+29
3.330080000000000000e+13 6.387499999999999638e+31 1.981659999999999988e+37 1.641999999999999904e+00 2.237670000000000165e+29
3.281510000000000000e+13 6.259030000000000413e+31 1.952820000000000014e+37 1.641000000000000014e+00 2.209149999999999894e+29
3.232930000000000000e+13 6.131459999999999711e+31 1.923969999999999972e+37 1.639999999999999902e+00 2.180650000000000042e+29
3.184360000000000000e+13 6.004790000000000232e+31 1.895119999999999931e+37 1.639000000000000012e+00 2.152160000000000048e+29
3.135780000000000000e+13 5.879020000000000176e+31 1.866269999999999889e+37 1.637999999999999901e+00 2.123679999999999912e+29
3.087210000000000000e+13 5.754139999999999770e+31 1.837420000000000084e+37 1.637000000000000011e+00 2.095219999999999843e+29
3.038650000000000000e+13 5.630170000000000361e+31 1.808580000000000110e+37 1.635999999999999899e+00 2.066769999999999984e+29
2.990080000000000000e+13 5.507100000000000375e+31 1.779730000000000068e+37 1.635999999999999899e+00 2.038339999999999841e+29
2.941520000000000000e+13 5.384939999999999585e+31 1.750880000000000026e+37 1.635000000000000009e+00 2.009919999999999908e+29
2.892960000000000000e+13 5.263689999999999793e+31 1.722029999999999985e+37 1.633999999999999897e+00 1.981520000000000042e+29
2.844400000000000000e+13 5.143350000000000097e+31 1.693179999999999943e+37 1.633999999999999897e+00 1.953120000000000176e+29
2.795840000000000000e+13 5.023919999999999598e+31 1.664339999999999969e+37 1.633000000000000007e+00 1.924740000000000026e+29
2.747290000000000000e+13 4.905400000000000096e+31 1.635489999999999927e+37 1.633000000000000007e+00 1.896359999999999875e+29
2.698730000000000000e+13 4.787810000000000238e+31 1.606639999999999886e+37 1.631999999999999895e+00 1.868000000000000145e+29
2.650180000000000000e+13 4.671129999999999576e+31 1.577790000000000080e+37 1.631999999999999895e+00 1.839640000000000062e+29
2.601640000000000000e+13 4.555380000000000359e+31 1.548940000000000039e+37 1.631999999999999895e+00 1.811289999999999837e+29
2.553090000000000000e+13 4.440550000000000112e+31 1.520100000000000064e+37 1.631000000000000005e+00 1.782950000000000174e+29
2.504550000000000000e+13 4.326660000000000183e+31 1.491250000000000023e+37 1.631000000000000005e+00 1.754620000000000017e+29
2.456010000000000000e+13 4.213699999999999897e+31 1.462399999999999981e+37 1.631000000000000005e+00 1.726289999999999859e+29
2.407470000000000000e+13 4.101689999999999703e+31 1.433549999999999940e+37 1.631000000000000005e+00 1.697960000000000054e+29
2.358940000000000000e+13 3.990610000000000052e+31 1.404699999999999898e+37 1.631000000000000005e+00 1.669629999999999897e+29
2.310400000000000000e+13 3.880489999999999817e+31 1.375859999999999924e+37 1.631000000000000005e+00 1.641309999999999949e+29
2.261870000000000000e+13 3.771320000000000122e+31 1.347009999999999882e+37 1.631000000000000005e+00 1.612980000000000144e+29
2.213340000000000000e+13 3.663120000000000066e+31 1.318160000000000077e+37 1.631000000000000005e+00 1.584659999999999844e+29
2.164820000000000000e+13 3.555879999999999875e+31 1.289310000000000035e+37 1.631000000000000005e+00 1.556330000000000039e+29
2.116300000000000000e+13 3.449610000000000222e+31 1.260459999999999994e+37 1.631000000000000005e+00 1.527990000000000024e+29
2.067780000000000000e+13 3.344319999999999981e+31 1.231620000000000019e+37 1.631000000000000005e+00 1.499650000000000009e+29
2.019260000000000000e+13 3.240030000000000049e+31 1.202769999999999978e+37 1.631999999999999895e+00 1.471299999999999960e+29
1.970750000000000000e+13 3.136730000000000203e+31 1.173919999999999936e+37 1.631999999999999895e+00 1.442940000000000053e+29
1.922230000000000000e+13 3.034430000000000215e+31 1.145069999999999895e+37 1.633000000000000007e+00 1.414560000000000079e+29
1.873730000000000000e+13 2.933150000000000084e+31 1.116220000000000089e+37 1.633000000000000007e+00 1.386170000000000071e+29
1.825220000000000000e+13 2.832889999999999809e+31 1.087380000000000115e+37 1.633999999999999897e+00 1.357770000000000029e+29
1.776720000000000000e+13 2.733669999999999838e+31 1.058529999999999955e+37 1.635000000000000009e+00 1.329340000000000062e+29
1.728220000000000000e+13 2.635499999999999944e+31 1.029680000000000032e+37 1.635999999999999899e+00 1.300890000000000027e+29
1.679720000000000000e+13 2.538380000000000127e+31 1.000829999999999990e+37 1.637000000000000011e+00 1.272410000000000067e+29
1.631230000000000000e+13 2.442340000000000158e+31 9.719840000000000463e+36 1.637999999999999901e+00 1.243910000000000039e+29
1.582730000000000000e+13 2.347380000000000036e+31 9.431359999999999946e+36 1.639000000000000012e+00 1.215370000000000052e+29
1.534250000000000000e+13 2.253520000000000210e+31 9.142879999999999429e+36 1.639999999999999902e+00 1.186799999999999964e+29
1.485760000000000000e+13 2.160789999999999999e+31 8.854400000000000092e+36 1.641000000000000014e+00 1.158189999999999917e+29
1.437280000000000000e+13 2.069189999999999854e+31 8.565919999999999574e+36 1.643000000000000016e+00 1.129530000000000052e+29
1.388800000000000000e+13 1.978739999999999997e+31 8.277440000000000238e+36 1.643999999999999906e+00 1.100820000000000019e+29
1.340330000000000000e+13 1.889469999999999974e+31 7.988959999999999720e+36 1.645999999999999908e+00 1.072059999999999993e+29
1.291860000000000000e+13 1.801390000000000009e+31 7.700480000000000384e+36 1.647999999999999909e+00 1.043239999999999940e+29
1.243390000000000000e+13 1.714540000000000095e+31 7.411999999999999866e+36 1.649999999999999911e+00 1.014360000000000036e+29
1.194930000000000000e+13 1.628940000000000005e+31 7.123520000000000530e+36 1.651999999999999913e+00 9.854020000000000093e+28
1.146470000000000000e+13 1.544609999999999960e+31 6.835040000000000012e+36 1.653999999999999915e+00 9.563650000000000503e+28
1.098010000000000000e+13 1.461579999999999958e+31 6.546559999999999495e+36 1.655999999999999917e+00 9.272399999999999348e+28
1.049560000000000000e+13 1.379899999999999991e+31 6.258080000000000158e+36 1.657999999999999918e+00 8.980169999999999808e+28
1.001110000000000000e+13 1.299590000000000056e+31 5.969599999999999641e+36 1.661000000000000032e+00 8.686869999999999646e+28
9.526690000000000000e+12 1.220699999999999920e+31 5.681120000000000304e+36 1.663000000000000034e+00 8.392380000000000566e+28
9.042300000000000000e+12 1.143270000000000029e+31 5.392639999999999787e+36 1.665999999999999925e+00 8.096559999999999281e+28
8.557950000000000000e+12 1.067339999999999926e+31 5.104159999999999860e+36 1.667999999999999927e+00 7.799270000000000420e+28
8.073650000000000000e+12 9.929780000000000530e+30 4.815679999999999933e+36 1.671000000000000041e+00 7.500319999999999647e+28
7.589400000000000000e+12 9.202309999999999519e+30 4.527200000000000006e+36 1.673999999999999932e+00 7.199509999999999804e+28
7.105200000000000000e+12 8.491649999999999517e+30 4.238720000000000079e+36 1.675999999999999934e+00 6.896599999999999906e+28
6.621050000000000000e+12 7.798550000000000416e+30 3.950240000000000152e+36 1.677999999999999936e+00 6.591289999999999818e+28
6.136950000000000000e+12 7.123799999999999853e+30 3.661760000000000225e+36 1.679999999999999938e+00 6.283249999999999834e+28
5.652910000000000000e+12 6.468319999999999952e+30 3.373279999999999707e+36 1.681999999999999940e+00 5.972049999999999908e+28
5.168940000000000000e+12 5.833119999999999442e+30 3.084799999999999780e+36 1.683000000000000052e+00 5.657149999999999801e+28
4.685020000000000000e+12 5.219380000000000411e+30 2.796319999999999853e+36 1.683000000000000052e+00 5.337870000000000381e+28
4.201170000000000000e+12 4.628429999999999855e+30 2.507839999999999926e+36 1.681000000000000050e+00 5.013320000000000227e+28
3.717400000000000000e+12 4.061799999999999810e+30 2.219359999999999999e+36 1.677000000000000046e+00 4.682310000000000420e+28
3.233700000000000000e+12 3.521270000000000026e+30 1.930880000000000072e+36 1.669999999999999929e+00 4.343150000000000356e+28
2.750090000000000000e+12 3.008840000000000221e+30 1.642400000000000145e+36 1.657000000000000028e+00 3.993360000000000101e+28
2.266570000000000000e+12 2.526790000000000072e+30 1.353919999999999923e+36 1.635999999999999899e+00 3.628969999999999794e+28
1.783160000000000000e+12 2.077390000000000105e+30 1.065439999999999996e+36 1.600999999999999979e+00 3.242959999999999826e+28
4.299000000000000000e+11 7.805000000000000069e+29 2.572000000000000181e+35 1.330000000000000071e+00 1.506450000000000062e+28
4.188000000000000000e+11 7.537999999999999717e+29 2.505999999999999897e+35 1.330000000000000071e+00 1.455129999999999927e+28
3.325000000000000000e+11 5.815999999999999745e+29 1.990000000000000163e+35 1.330000000000000071e+00 1.165809999999999924e+28
2.640000000000000000e+11 4.472999999999999815e+29 1.581000000000000083e+35 1.330000000000000071e+00 9.297799999999999813e+27
2.096000000000000000e+11 3.289999999999999843e+29 1.256000000000000028e+35 1.330000000000000071e+00 6.841069999999999801e+27
1.844000000000000000e+11 2.892000000000000018e+29 1.105000000000000000e+35 1.330000000000000071e+00 6.221810000000000396e+27
1.664000000000000000e+11 2.597000000000000095e+29 9.975999999999999784e+34 1.330000000000000071e+00 3.996079999999999920e+27
1.322000000000000000e+11 2.033000000000000102e+29 7.923999999999999875e+34 1.330000000000000071e+00 3.293160000000000158e+27
1.049000000000000000e+11 1.494999999999999961e+29 6.294000000000000085e+34 1.330000000000000071e+00 2.422460000000000012e+27
8.332000000000000000e+10 1.100000000000000064e+29 4.999999999999999843e+34 1.330000000000000071e+00 1.782300000000000002e+27
6.617000000000000000e+10 8.088999999999999432e+28 3.971999999999999897e+34 1.330000000000000071e+00 1.311289999999999924e+27
5.254000000000000000e+10 5.949000000000000344e+28 3.155000000000000010e+34 1.330000000000000071e+00 9.646129999999999985e+26
4.172000000000000000e+10 4.628000000000000126e+28 2.505999999999999897e+34 1.330000000000000071e+00 7.875200000000000595e+26
3.313000000000000000e+10 3.403999999999999866e+28 1.989999999999999932e+34 1.330000000000000071e+00 5.791050000000000196e+26
2.631000000000000000e+10 2.502999999999999803e+28 1.580999999999999991e+34 1.330000000000000071e+00 4.261170000000000143e+26
2.090000000000000000e+10 1.938000000000000082e+28 1.255999999999999936e+34 1.330000000000000071e+00 3.451690000000000088e+26
1.659000000000000000e+10 1.425000000000000067e+28 9.976000000000000246e+33 1.330000000000000071e+00 2.538950000000000110e+26
1.318000000000000000e+10 1.048000000000000007e+28 7.924000000000000337e+33 1.330000000000000071e+00 1.867689999999999969e+26
1.046000000000000000e+10 7.701999999999999683e+27 6.294000000000000085e+33 1.330000000000000071e+00 1.373879999999999975e+26
8.312000000000000000e+09 5.662000000000000348e+27 4.999999999999999728e+33 1.330000000000000071e+00 1.010819999999999921e+26
6.601000000000000000e+09 4.362000000000000029e+27 3.972000000000000127e+33 1.330000000000000071e+00 8.130089999999999436e+25
4.164000000000000000e+09 2.356000000000000079e+27 2.505999999999999955e+33 1.330000000000000071e+00 4.399369999999999874e+25
2.626000000000000000e+09 1.272000000000000034e+27 1.580999999999999991e+33 1.330000000000000071e+00 2.380450000000000180e+25
1.657000000000000000e+09 6.859999999999999767e+26 9.975999999999999957e+32 1.330000000000000071e+00 1.288319999999999913e+25
1.316000000000000000e+09 5.036000000000000296e+26 7.924000000000000337e+32 1.330000000000000071e+00 9.477099999999999527e+24
1.045000000000000000e+09 4.128999999999999924e+26 6.293999999999999941e+32 1.330000000000000071e+00 6.794269999999999770e+24
8.301000000000000000e+08 3.039000000000000162e+26 4.999999999999999728e+32 1.330000000000000071e+00 4.998809999999999830e+24
5.237000000000000000e+08 1.628999999999999891e+26 3.154999999999999923e+32 1.330000000000000071e+00 2.705450000000000161e+24
3.304000000000000000e+08 8.737999999999999925e+25 1.990000000000000076e+32 1.330000000000000071e+00 1.463449999999999964e+24
2.624000000000000000e+08 6.675999999999999817e+25 1.580999999999999919e+32 1.330000000000000071e+00 1.123400000000000065e+24
1.315000000000000000e+08 2.603999999999999941e+25 7.923999999999999616e+31 1.330000000000000071e+00 4.472499999999999827e+23
6.589000000000000000e+07 1.006000000000000014e+25 3.972000000000000199e+31 1.330000000000000071e+00 1.780890000000000165e+23
3.302000000000000000e+07 3.832999999999999839e+24 1.989999999999999986e+31 1.330000000000000071e+00 7.086450000000000092e+22
1.655000000000000000e+07 1.435000000000000086e+24 9.975999999999999642e+30 1.330000000000000071e+00 2.822060000000000131e+22
8.293000000000000000e+06 5.250000000000000315e+23 4.999999999999999818e+30 1.330000000000000071e+00 1.123529999999999934e+22
6.588000000000000000e+06 3.910999999999999759e+23 3.972000000000000087e+30 1.330000000000000071e+00 8.163429999999999541e+21
2.622000000000000000e+06 9.754999999999999214e+22 1.581000000000000009e+30 1.330000000000000071e+00 2.390210000000000197e+21
1.044000000000000000e+06 2.318000000000000105e+22 6.293999999999999902e+29 1.330000000000000071e+00 6.999960000000000000e+20
4.156000000000000000e+05 5.265999999999999476e+21 2.505999999999999907e+29 1.330000000000000071e+00 2.050380000000000000e+20
1.654000000000000000e+05 1.151000000000000000e+21 9.976000000000000768e+28 1.330000000000000071e+00 6.004390000000000000e+19
6.587000000000000000e+04 2.431000000000000000e+20 3.972000000000000263e+28 1.330000000000000071e+00 1.758760000000000000e+19
2.622000000000000000e+04 4.968000000000000000e+19 1.581000000000000061e+28 1.330000000000000071e+00 5.149550000000000000e+18
1.044000000000000000e+04 9.744000000000000000e+18 6.294999999999999717e+27 1.330000000000000071e+00 1.508420000000000000e+18
