1.006424009400000000e+16 8.136113031499999843e+36 1.998710000000000068e+39 1.000000000000000000e+00 0.000000000000000000e+00
1.001394939800000000e+16 8.090851405199999551e+36 1.993709999999999933e+39 1.000000000000000000e+00 0.000000000000000000e+00
9.963784667600000000e+15 8.045703147800000466e+36 1.988710000000000100e+39 1.000000000000000000e+00 0.000000000000000000e+00
9.913745902600000000e+15 8.000668259300000226e+36 1.983709999999999965e+39 1.000000000000000000e+00 0.000000000000000000e+00
9.863833103100000000e+15 7.955746739700000013e+36 1.978710000000000132e+39 1.000000000000000000e+00 0.000000000000000000e+00
9.814046269000000000e+15 7.910938589099999477e+36 1.973709999999999997e+39 1.000000000000000000e+00 0.000000000000000000e+00
9.764385400400000000e+15 7.866243807300000495e+36 1.968709999999999862e+39 1.000000000000000000e+00 0.000000000000000000e+00
9.714850497200000000e+15 7.821662394400000359e+36 1.963710000000000030e+39 1.000000000000000000e+00 0.000000000000000000e+00
9.665441559400000000e+15 7.777194350400000249e+36 1.958709999999999895e+39 1.000000000000000000e+00 0.000000000000000000e+00
9.616158587100000000e+15 7.732839675300000165e+36 1.953710000000000062e+39 1.000000000000000000e+00 0.000000000000000000e+00
9.567001580200000000e+15 7.688598369100000106e+36 1.948709999999999927e+39 1.000000000000000000e+00 0.000000000000000000e+00
9.517970538800000000e+15 7.644470431899999726e+36 1.943710000000000094e+39 1.000000000000000000e+00 0.000000000000000000e+00
9.469065462800000000e+15 7.600455863499999719e+36 1.938709999999999959e+39 1.000000000000000000e+00 0.000000000000000000e+00
9.420286352300000000e+15 7.556554663999999739e+36 1.933710000000000127e+39 1.000000000000000000e+00 0.000000000000000000e+00
9.371633207200000000e+15 7.512766833399999784e+36 1.928709999999999992e+39 1.000000000000000000e+00 0.000000000000000000e+00
9.323106027500000000e+15 7.469092371699999855e+36 1.923709999999999857e+39 1.000000000000000000e+00 0.000000000000000000e+00
9.274704813300000000e+15 7.425531278899999952e+36 1.918710000000000024e+39 1.000000000000000000e+00 0.000000000000000000e+00
9.226429564500000000e+15 7.382083555000000075e+36 1.913709999999999889e+39 1.000000000000000000e+00 0.000000000000000000e+00
9.178280281200000000e+15 7.338749200000000224e+36 1.908710000000000056e+39 1.000000000000000000e+00 0.000000000000000000e+00
9.130256963300000000e+15 7.295528214000000051e+36 1.903709999999999922e+39 1.000000000000000000e+00 0.000000000000000000e+00
9.082359610900000000e+15 7.252420596800000252e+36 1.898710000000000089e+39 1.000000000000000000e+00 0.000000000000000000e+00
9.034588223900000000e+15 7.209426348500000479e+36 1.893709999999999954e+39 1.000000000000000000e+00 0.000000000000000000e+00
8.986942802400000000e+15 7.166545469099999551e+36 1.888710000000000121e+39 1.000000000000000000e+00 0.000000000000000000e+00
8.939423346300000000e+15 7.123777958599999829e+36 1.883709999999999986e+39 1.000000000000000000e+00 0.000000000000000000e+00
8.892029855600000000e+15 7.081123817000000134e+36 1.878709999999999851e+39 1.000000000000000000e+00 0.000000000000000000e+00
8.844762330400000000e+15 7.038583044300000464e+36 1.873710000000000019e+39 1.000000000000000000e+00 0.000000000000000000e+00
8.797620770700000000e+15 6.996155640499999640e+36 1.868709999999999884e+39 1.000000000000000000e+00 0.000000000000000000e+00
8.750605176300000000e+15 6.953841605699999674e+36 1.863710000000000051e+39 1.000000000000000000e+00 0.000000000000000000e+00
8.703715547500000000e+15 6.911640939700000082e+36 1.858709999999999916e+39 1.000000000000000000e+00 0.000000000000000000e+00
8.656951884000000000e+15 6.869553642600000516e+36 1.853710000000000083e+39 1.000000000000000000e+00 0.000000000000000000e+00
8.610314186000000000e+15 6.827579714399999796e+36 1.848709999999999948e+39 1.000000000000000000e+00 0.000000000000000000e+00
8.563802453500000000e+15 6.785719155100000281e+36 1.843710000000000116e+39 1.000000000000000000e+00 0.000000000000000000e+00
8.517416686400000000e+15 6.743971964699999613e+36 1.838709999999999981e+39 1.000000000000000000e+00 0.000000000000000000e+00
8.471156884700000000e+15 6.702338143200000150e+36 1.833710000000000148e+39 1.000000000000000000e+00 0.000000000000000000e+00
8.425023048500000000e+15 6.660817690599999533e+36 1.828710000000000013e+39 1.000000000000000000e+00 0.000000000000000000e+00
8.379015177800000000e+15 6.619410606900000123e+36 1.823709999999999878e+39 1.000000000000000000e+00 0.000000000000000000e+00
8.333133272400000000e+15 6.578116892099999558e+36 1.818710000000000045e+39 1.000000000000000000e+00 0.000000000000000000e+00
8.287377332600000000e+15 6.536936546200000199e+36 1.813709999999999910e+39 1.000000000000000000e+00 0.000000000000000000e+00
8.241747358100000000e+15 6.495869569300000518e+36 1.808710000000000078e+39 1.000000000000000000e+00 0.000000000000000000e+00
8.196243349100000000e+15 6.454915961200000031e+36 1.803709999999999943e+39 1.000000000000000000e+00 0.000000000000000000e+00
8.150865305600000000e+15 6.414075721999999569e+36 1.798710000000000110e+39 1.000000000000000000e+00 0.000000000000000000e+00
8.105613227500000000e+15 6.373348851700000314e+36 1.793709999999999975e+39 1.000000000000000000e+00 0.000000000000000000e+00
8.060487114800000000e+15 6.332735350299999904e+36 1.788710000000000142e+39 1.000000000000000000e+00 0.000000000000000000e+00
8.015486967600000000e+15 6.292235217799999521e+36 1.783710000000000007e+39 1.000000000000000000e+00 0.000000000000000000e+00
7.970612785800000000e+15 6.251848454200000343e+36 1.778709999999999872e+39 1.000000000000000000e+00 0.000000000000000000e+00
7.925864569500000000e+15 6.211575059500000011e+36 1.773710000000000040e+39 1.000000000000000000e+00 0.000000000000000000e+00
7.881242318600000000e+15 6.171415033699999705e+36 1.768709999999999905e+39 1.000000000000000000e+00 0.000000000000000000e+00
7.836746033200000000e+15 6.131368376799999425e+36 1.763710000000000072e+39 1.000000000000000000e+00 0.000000000000000000e+00
7.792375713200000000e+15 6.091435088800000352e+36 1.758709999999999937e+39 1.000000000000000000e+00 0.000000000000000000e+00
7.748131358700000000e+15 6.051615169700000123e+36 1.753710000000000104e+39 1.000000000000000000e+00 0.000000000000000000e+00
7.704012969500000000e+15 6.011908619499999921e+36 1.748709999999999969e+39 1.000000000000000000e+00 0.000000000000000000e+00
7.660020545900000000e+15 5.972315438199999745e+36 1.743710000000000137e+39 1.000000000000000000e+00 0.000000000000000000e+00
7.616154087700000000e+15 5.932835625900000427e+36 1.738710000000000002e+39 1.000000000000000000e+00 0.000000000000000000e+00
7.572413594900000000e+15 5.893469182400000302e+36 1.733709999999999867e+39 1.000000000000000000e+00 0.000000000000000000e+00
7.528799067600000000e+15 5.854216107800000203e+36 1.728710000000000034e+39 1.000000000000000000e+00 0.000000000000000000e+00
7.485310505700000000e+15 5.815076402100000130e+36 1.723709999999999899e+39 1.000000000000000000e+00 0.000000000000000000e+00
7.441947909200000000e+15 5.776050065300000084e+36 1.718710000000000066e+39 1.000000000000000000e+00 0.000000000000000000e+00
7.398711278300000000e+15 5.737137097400000063e+36 1.713709999999999931e+39 1.000000000000000000e+00 0.000000000000000000e+00
7.355600612700000000e+15 5.698337498400000068e+36 1.708710000000000099e+39 1.000000000000000000e+00 0.000000000000000000e+00
7.312615912600000000e+15 5.659651268300000098e+36 1.703709999999999964e+39 1.000000000000000000e+00 0.000000000000000000e+00
7.269757177900000000e+15 5.621078407100000155e+36 1.698710000000000131e+39 1.000000000000000000e+00 0.000000000000000000e+00
7.227024408700000000e+15 5.582618914800000238e+36 1.693709999999999996e+39 1.000000000000000000e+00 0.000000000000000000e+00
7.184417604900000000e+15 5.544272791400000346e+36 1.688709999999999861e+39 1.000000000000000000e+00 0.000000000000000000e+00
7.141936766600000000e+15 5.506040036900000481e+36 1.683710000000000028e+39 1.000000000000000000e+00 0.000000000000000000e+00
7.099581893700000000e+15 5.467920651299999461e+36 1.678709999999999894e+39 1.000000000000000000e+00 0.000000000000000000e+00
7.057352986300000000e+15 5.429914634599999647e+36 1.673710000000000061e+39 1.000000000000000000e+00 0.000000000000000000e+00
7.015250044300000000e+15 5.392021986799999859e+36 1.668709999999999926e+39 1.000000000000000000e+00 0.000000000000000000e+00
6.973273067700000000e+15 5.354242707900000098e+36 1.663710000000000093e+39 1.000000000000000000e+00 0.000000000000000000e+00
6.931422056600000000e+15 5.316576797899999771e+36 1.658709999999999958e+39 1.000000000000000000e+00 0.000000000000000000e+00
6.889697011000000000e+15 5.279024256800000061e+36 1.653710000000000125e+39 1.000000000000000000e+00 0.000000000000000000e+00
6.848097930700000000e+15 5.241585084599999787e+36 1.648709999999999991e+39 1.000000000000000000e+00 0.000000000000000000e+00
6.806624816000000000e+15 5.204259281300000129e+36 1.643709999999999856e+39 1.000000000000000000e+00 0.000000000000000000e+00
6.765277666600000000e+15 5.167046846899999906e+36 1.638710000000000023e+39 1.000000000000000000e+00 0.000000000000000000e+00
6.724056482700000000e+15 5.129947781399999710e+36 1.633709999999999888e+39 1.000000000000000000e+00 0.000000000000000000e+00
6.682961264300000000e+15 5.092962084800000129e+36 1.628710000000000055e+39 1.000000000000000000e+00 0.000000000000000000e+00
6.641992011300000000e+15 5.056089757099999984e+36 1.623709999999999920e+39 1.000000000000000000e+00 0.000000000000000000e+00
6.601148723700000000e+15 5.019330798299999865e+36 1.618710000000000088e+39 1.000000000000000000e+00 0.000000000000000000e+00
6.560431401600000000e+15 4.982685208399999772e+36 1.613709999999999953e+39 1.000000000000000000e+00 0.000000000000000000e+00
6.519840045000000000e+15 4.946152987399999705e+36 1.608710000000000120e+39 1.000000000000000000e+00 0.000000000000000000e+00
6.479374653700000000e+15 4.909734135300000254e+36 1.603709999999999985e+39 1.000000000000000000e+00 0.000000000000000000e+00
6.439035228000000000e+15 4.873428652100000239e+36 1.598709999999999850e+39 1.000000000000000000e+00 0.000000000000000000e+00
6.398821767600000000e+15 4.837236537800000250e+36 1.593710000000000017e+39 1.000000000000000000e+00 0.000000000000000000e+00
6.358734272700000000e+15 4.801157792400000286e+36 1.588709999999999882e+39 1.000000000000000000e+00 0.000000000000000000e+00
6.318772743300000000e+15 4.765192415899999759e+36 1.583710000000000050e+39 1.000000000000000000e+00 0.000000000000000000e+00
6.278937179300000000e+15 4.729340408299999847e+36 1.578709999999999915e+39 1.000000000000000000e+00 0.000000000000000000e+00
6.239227580700000000e+15 4.693601769599999961e+36 1.573710000000000082e+39 1.000000000000000000e+00 0.000000000000000000e+00
6.199643947600000000e+15 4.657976499800000102e+36 1.568709999999999947e+39 1.000000000000000000e+00 0.000000000000000000e+00
6.160186279900000000e+15 4.622464598900000268e+36 1.563710000000000114e+39 1.000000000000000000e+00 0.000000000000000000e+00
6.120854577700000000e+15 4.587066066899999870e+36 1.558709999999999979e+39 1.000000000000000000e+00 0.000000000000000000e+00
6.081648840900000000e+15 4.551780903800000088e+36 1.553710000000000147e+39 1.000000000000000000e+00 0.000000000000000000e+00
6.042569069600000000e+15 4.516609109599999741e+36 1.548710000000000012e+39 1.000000000000000000e+00 0.000000000000000000e+00
6.003615263700000000e+15 4.481550684300000011e+36 1.543709999999999877e+39 1.000000000000000000e+00 0.000000000000000000e+00
5.964787423300000000e+15 4.446605627899999716e+36 1.538710000000000044e+39 1.000000000000000000e+00 0.000000000000000000e+00
5.926085548200000000e+15 4.411773940400000038e+36 1.533709999999999909e+39 1.000000000000000000e+00 0.000000000000000000e+00
5.887509638700000000e+15 4.377055621799999795e+36 1.528710000000000076e+39 1.000000000000000000e+00 0.000000000000000000e+00
5.849059694600000000e+15 4.342450672100000169e+36 1.523709999999999941e+39 1.000000000000000000e+00 0.000000000000000000e+00
5.810735715900000000e+15 4.307959091299999978e+36 1.518710000000000109e+39 1.000000000000000000e+00 0.000000000000000000e+00
5.772537702700000000e+15 4.273580879399999813e+36 1.513709999999999974e+39 1.000000000000000000e+00 0.000000000000000000e+00
5.734465654900000000e+15 4.239316036300000022e+36 1.508710000000000141e+39 1.000000000000000000e+00 0.000000000000000000e+00
5.696519572500000000e+15 4.205164562199999909e+36 1.503710000000000006e+39 1.000000000000000000e+00 0.000000000000000000e+00
5.658699455700000000e+15 4.171126456999999821e+36 1.498709999999999871e+39 1.000000000000000000e+00 0.000000000000000000e+00
5.621005304200000000e+15 4.137201720699999760e+36 1.493710000000000038e+39 1.000000000000000000e+00 0.000000000000000000e+00
5.583437118200000000e+15 4.103390353299999725e+36 1.488709999999999903e+39 1.000000000000000000e+00 0.000000000000000000e+00
5.545994897600000000e+15 4.069692354799999715e+36 1.483710000000000071e+39 1.000000000000000000e+00 0.000000000000000000e+00
5.508678642500000000e+15 4.036107725199999731e+36 1.478709999999999936e+39 1.000000000000000000e+00 0.000000000000000000e+00
5.471488352800000000e+15 4.002636464499999774e+36 1.473710000000000103e+39 1.000000000000000000e+00 0.000000000000000000e+00
5.434424028600000000e+15 3.969278572699999842e+36 1.468709999999999968e+39 1.000000000000000000e+00 0.000000000000000000e+00
5.397485669800000000e+15 3.936034049799999936e+36 1.463710000000000135e+39 1.000000000000000000e+00 0.000000000000000000e+00
5.360673276500000000e+15 3.902902895800000056e+36 1.458710000000000000e+39 1.000000000000000000e+00 0.000000000000000000e+00
5.323986848600000000e+15 3.869885110700000202e+36 1.453709999999999866e+39 1.000000000000000000e+00 0.000000000000000000e+00
5.287426386100000000e+15 3.836980694499999784e+36 1.448710000000000033e+39 1.000000000000000000e+00 0.000000000000000000e+00
5.250991889100000000e+15 3.804189647199999982e+36 1.443709999999999898e+39 1.000000000000000000e+00 0.000000000000000000e+00
5.214683357600000000e+15 3.771511968800000205e+36 1.438710000000000065e+39 1.000000000000000000e+00 0.000000000000000000e+00
5.178500791400000000e+15 3.738947659200000213e+36 1.433709999999999930e+39 1.000000000000000000e+00 0.000000000000000000e+00
5.142444190800000000e+15 3.706496718599999898e+36 1.428710000000000097e+39 1.000000000000000000e+00 0.000000000000000000e+00
5.106513555500000000e+15 3.674159146900000199e+36 1.423709999999999963e+39 1.000000000000000000e+00 0.000000000000000000e+00
5.070708885700000000e+15 3.641934944099999936e+36 1.418710000000000130e+39 1.000000000000000000e+00 0.000000000000000000e+00
5.035030181400000000e+15 3.609824110200000290e+36 1.413709999999999995e+39 1.000000000000000000e+00 0.000000000000000000e+00
4.999477442500000000e+15 3.577826645200000079e+36 1.408709999999999860e+39 1.000000000000000000e+00 0.000000000000000000e+00
4.964050669000000000e+15 3.545942549099999893e+36 1.403710000000000027e+39 1.000000000000000000e+00 0.000000000000000000e+00
4.928749861000000000e+15 3.514171821899999734e+36 1.398709999999999892e+39 1.000000000000000000e+00 0.000000000000000000e+00
4.893575018500000000e+15 3.482514463600000191e+36 1.393710000000000060e+39 1.000000000000000000e+00 0.000000000000000000e+00
4.858526141300000000e+15 3.450970474200000084e+36 1.388709999999999925e+39 1.000000000000000000e+00 0.000000000000000000e+00
4.823603229700000000e+15 3.419539853599999760e+36 1.383710000000000092e+39 1.000000000000000000e+00 0.000000000000000000e+00
4.788806283400000000e+15 3.388222602000000295e+36 1.378709999999999957e+39 1.000000000000000000e+00 0.000000000000000000e+00
4.754135302600000000e+15 3.357018719300000265e+36 1.373710000000000124e+39 1.000000000000000000e+00 0.000000000000000000e+00
4.719590287300000000e+15 3.325928205500000261e+36 1.368709999999999989e+39 1.000000000000000000e+00 0.000000000000000000e+00
4.685171237400000000e+15 3.294951060600000283e+36 1.363709999999999854e+39 1.000000000000000000e+00 0.000000000000000000e+00
4.650878152900000000e+15 3.264087284599999741e+36 1.358710000000000022e+39 1.000000000000000000e+00 0.000000000000000000e+00
4.616711033900000000e+15 3.233336877499999815e+36 1.353710000000000038e+39 1.000000000000000000e+00 0.000000000000000000e+00
4.582669880300000000e+15 3.202699839299999915e+36 1.348710000000000054e+39 1.000000000000000000e+00 0.000000000000000000e+00
4.548754692200000000e+15 3.172176169899999798e+36 1.343710000000000070e+39 1.000000000000000000e+00 0.000000000000000000e+00
4.514965469500000000e+15 3.141765869499999950e+36 1.338709999999999935e+39 1.000000000000000000e+00 0.000000000000000000e+00
4.481302212300000000e+15 3.111468938000000128e+36 1.333709999999999951e+39 1.000000000000000000e+00 0.000000000000000000e+00
4.447764920500000000e+15 3.081285375399999741e+36 1.328709999999999968e+39 1.000000000000000000e+00 0.000000000000000000e+00
4.414353594200000000e+15 3.051215181699999970e+36 1.323709999999999984e+39 1.000000000000000000e+00 0.000000000000000000e+00
4.381068233300000000e+15 3.021258356900000226e+36 1.318710000000000000e+39 1.000000000000000000e+00 0.000000000000000000e+00
4.347908837800000000e+15 2.991414900999999917e+36 1.313710000000000016e+39 1.000000000000000000e+00 0.000000000000000000e+00
4.314875407800000000e+15 2.961684814000000224e+36 1.308710000000000032e+39 1.000000000000000000e+00 0.000000000000000000e+00
4.281967943200000000e+15 2.932068095799999724e+36 1.303710000000000048e+39 1.000000000000000000e+00 0.000000000000000000e+00
4.249186444100000000e+15 2.902564746600000083e+36 1.298710000000000065e+39 1.000000000000000000e+00 0.000000000000000000e+00
4.216530910400000000e+15 2.873174766299999878e+36 1.293709999999999930e+39 1.000000000000000000e+00 0.000000000000000000e+00
4.184001342200000000e+15 2.843898154900000289e+36 1.288709999999999946e+39 1.000000000000000000e+00 0.000000000000000000e+00
4.151597739400000000e+15 2.814734912400000135e+36 1.283709999999999962e+39 1.000000000000000000e+00 0.000000000000000000e+00
4.119320102000000000e+15 2.785685038800000008e+36 1.278709999999999978e+39 1.000000000000000000e+00 0.000000000000000000e+00
4.087168430100000000e+15 2.756748534000000254e+36 1.273709999999999994e+39 1.000000000000000000e+00 0.000000000000000000e+00
4.055142723600000000e+15 2.727925398200000178e+36 1.268710000000000010e+39 1.000000000000000000e+00 0.000000000000000000e+00
4.023242982600000000e+15 2.699215631300000128e+36 1.263710000000000027e+39 1.000000000000000000e+00 0.000000000000000000e+00
3.991469207100000000e+15 2.670619233300000104e+36 1.258710000000000043e+39 1.000000000000000000e+00 0.000000000000000000e+00
3.959821396900000000e+15 2.642136204200000106e+36 1.253710000000000059e+39 1.000000000000000000e+00 0.000000000000000000e+00
3.928299552200000000e+15 2.613766544000000134e+36 1.248710000000000075e+39 1.000000000000000000e+00 0.000000000000000000e+00
3.896903673000000000e+15 2.585510252599999946e+36 1.243709999999999940e+39 1.000000000000000000e+00 0.000000000000000000e+00
3.865633759200000000e+15 2.557367330200000025e+36 1.238709999999999956e+39 1.000000000000000000e+00 0.000000000000000000e+00
3.834489810800000000e+15 2.529337776700000131e+36 1.233709999999999972e+39 1.000000000000000000e+00 0.000000000000000000e+00
3.803471827900000000e+15 2.501421592099999967e+36 1.228709999999999989e+39 1.000000000000000000e+00 0.000000000000000000e+00
3.772579810500000000e+15 2.473618776400000125e+36 1.223710000000000005e+39 1.000000000000000000e+00 0.000000000000000000e+00
3.741813758500000000e+15 2.445929329600000013e+36 1.218710000000000021e+39 1.000000000000000000e+00 0.000000000000000000e+00
3.711173671900000000e+15 2.418353251599999980e+36 1.213710000000000037e+39 1.000000000000000000e+00 0.000000000000000000e+00
3.680659550700000000e+15 2.390890542599999920e+36 1.208710000000000053e+39 1.000000000000000000e+00 0.000000000000000000e+00
3.650271395100000000e+15 2.363541202499999886e+36 1.203710000000000069e+39 1.000000000000000000e+00 0.000000000000000000e+00
3.620009204800000000e+15 2.336305231299999878e+36 1.198709999999999935e+39 1.000000000000000000e+00 0.000000000000000000e+00
3.589872980000000000e+15 2.309182628999999895e+36 1.193709999999999951e+39 1.000000000000000000e+00 0.000000000000000000e+00
3.559862720700000000e+15 2.282173395499999992e+36 1.188709999999999967e+39 1.000000000000000000e+00 0.000000000000000000e+00
3.529978426700000000e+15 2.255277531000000062e+36 1.183709999999999983e+39 1.000000000000000000e+00 0.000000000000000000e+00
3.500220098300000000e+15 2.228495035399999862e+36 1.178709999999999999e+39 1.000000000000000000e+00 0.000000000000000000e+00
3.470587735300000000e+15 2.201825908699999983e+36 1.173710000000000015e+39 1.000000000000000000e+00 0.000000000000000000e+00
3.441081337700000000e+15 2.175270150900000131e+36 1.168710000000000032e+39 1.000000000000000000e+00 0.000000000000000000e+00
3.411700905500000000e+15 2.148827761900000062e+36 1.163710000000000048e+39 1.000000000000000000e+00 0.000000000000000000e+00
3.382446438900000000e+15 2.122498741899999966e+36 1.158710000000000064e+39 1.000000000000000000e+00 0.000000000000000000e+00
3.353317937600000000e+15 2.096283090799999896e+36 1.153709999999999929e+39 1.000000000000000000e+00 0.000000000000000000e+00
3.324315401800000000e+15 2.070180808600000147e+36 1.148709999999999945e+39 1.000000000000000000e+00 0.000000000000000000e+00
3.295438831500000000e+15 2.044191895300000128e+36 1.143709999999999961e+39 1.000000000000000000e+00 0.000000000000000000e+00
3.266688226500000000e+15 2.018316350799999894e+36 1.138709999999999977e+39 1.000000000000000000e+00 0.000000000000000000e+00
3.238063587100000000e+15 1.992554175299999927e+36 1.133709999999999994e+39 1.000000000000000000e+00 0.000000000000000000e+00
3.209564913000000000e+15 1.966905368699999987e+36 1.128710000000000010e+39 1.000000000000000000e+00 0.000000000000000000e+00
3.181192204500000000e+15 1.941369931000000072e+36 1.123710000000000026e+39 1.000000000000000000e+00 0.000000000000000000e+00
3.152945461300000000e+15 1.915947862099999941e+36 1.118710000000000042e+39 1.000000000000000000e+00 0.000000000000000000e+00
3.124824683600000000e+15 1.890639162200000079e+36 1.113710000000000058e+39 1.000000000000000000e+00 0.000000000000000000e+00
3.096829871400000000e+15 1.865443831199999947e+36 1.108710000000000074e+39 1.000000000000000000e+00 0.000000000000000000e+00
3.068961024600000000e+15 1.840361869100000136e+36 1.103709999999999940e+39 1.000000000000000000e+00 0.000000000000000000e+00
3.041218143200000000e+15 1.815393275800000108e+36 1.098709999999999956e+39 1.000000000000000000e+00 0.000000000000000000e+00
3.013601227300000000e+15 1.790538051500000054e+36 1.093709999999999972e+39 1.000000000000000000e+00 0.000000000000000000e+00
2.986110276800000000e+15 1.765796196100000026e+36 1.088709999999999988e+39 1.000000000000000000e+00 0.000000000000000000e+00
2.958745291800000000e+15 1.741167709600000023e+36 1.083710000000000004e+39 1.000000000000000000e+00 0.000000000000000000e+00
2.931506272200000000e+15 1.716652592000000047e+36 1.078710000000000020e+39 1.000000000000000000e+00 0.000000000000000000e+00
2.904393218100000000e+15 1.692250843199999854e+36 1.073710000000000037e+39 1.000000000000000000e+00 0.000000000000000000e+00
2.877406129400000000e+15 1.667962463399999929e+36 1.068710000000000053e+39 1.000000000000000000e+00 0.000000000000000000e+00
2.850545006100000000e+15 1.643787452500000031e+36 1.063710000000000069e+39 1.000000000000000000e+00 0.000000000000000000e+00
2.823809848300000000e+15 1.619725810499999863e+36 1.058709999999999934e+39 1.000000000000000000e+00 0.000000000000000000e+00
2.797200656000000000e+15 1.595777537300000069e+36 1.053709999999999950e+39 1.000000000000000000e+00 0.000000000000000000e+00
2.770717429100000000e+15 1.571942633099999952e+36 1.048709999999999966e+39 1.000000000000000000e+00 0.000000000000000000e+00
2.744360167600000000e+15 1.548221097799999862e+36 1.043709999999999982e+39 1.000000000000000000e+00 0.000000000000000000e+00
2.718128871600000000e+15 1.524612931300000146e+36 1.038709999999999999e+39 1.000000000000000000e+00 0.000000000000000000e+00
2.692023541000000000e+15 1.501118133800000107e+36 1.033710000000000015e+39 1.000000000000000000e+00 0.000000000000000000e+00
2.666044175800000000e+15 1.477736705200000095e+36 1.028710000000000031e+39 1.000000000000000000e+00 0.000000000000000000e+00
2.640190776100000000e+15 1.454468645500000108e+36 1.023710000000000047e+39 1.000000000000000000e+00 0.000000000000000000e+00
2.614463341900000000e+15 1.431313954599999905e+36 1.018710000000000063e+39 1.000000000000000000e+00 0.000000000000000000e+00
2.588861873100000000e+15 1.408272632699999971e+36 1.013709999999999928e+39 1.000000000000000000e+00 0.000000000000000000e+00
2.563386369700000000e+15 1.385344679700000062e+36 1.008709999999999944e+39 1.000000000000000000e+00 0.000000000000000000e+00
2.538036831800000000e+15 1.362530095599999884e+36 1.003709999999999961e+39 1.000000000000000000e+00 0.000000000000000000e+00
2.512788098800000000e+15 1.339806235900000145e+36 9.987049999999999951e+38 1.000000000000000000e+00 0.000000000000000000e+00
2.487690617700000000e+15 1.317218502899999961e+36 9.937050000000000113e+38 1.000000000000000000e+00 0.000000000000000000e+00
2.462719102100000000e+15 1.294744138799999950e+36 9.887050000000000275e+38 1.000000000000000000e+00 0.000000000000000000e+00
2.437873551900000000e+15 1.272383143700000060e+36 9.837050000000000436e+38 1.000000000000000000e+00 0.000000000000000000e+00
2.413153967200000000e+15 1.250135517399999954e+36 9.787050000000000598e+38 1.000000000000000000e+00 0.000000000000000000e+00
2.388560347900000000e+15 1.228001260099999969e+36 9.737049999999999249e+38 1.000000000000000000e+00 0.000000000000000000e+00
2.364092694000000000e+15 1.205980371600000062e+36 9.687049999999999410e+38 1.000000000000000000e+00 0.000000000000000000e+00
2.339751005600000000e+15 1.184072852000000033e+36 9.637049999999999572e+38 1.000000000000000000e+00 0.000000000000000000e+00
2.315535282700000000e+15 1.162278701399999978e+36 9.587049999999999734e+38 1.000000000000000000e+00 0.000000000000000000e+00
2.291445525200000000e+15 1.140597919600000001e+36 9.537049999999999895e+38 1.000000000000000000e+00 0.000000000000000000e+00
2.267481733100000000e+15 1.119030506700000051e+36 9.487050000000000057e+38 1.000000000000000000e+00 0.000000000000000000e+00
2.243643906500000000e+15 1.097576462800000073e+36 9.437050000000000219e+38 1.000000000000000000e+00 0.000000000000000000e+00
2.219932045300000000e+15 1.076235787700000026e+36 9.387050000000000380e+38 1.000000000000000000e+00 0.000000000000000000e+00
2.196346149600000000e+15 1.055008481599999953e+36 9.337050000000000542e+38 1.000000000000000000e+00 0.000000000000000000e+00
2.172886219300000000e+15 1.033894544299999958e+36 9.287050000000000704e+38 1.000000000000000000e+00 0.000000000000000000e+00
2.149552254400000000e+15 1.012893975899999990e+36 9.237049999999999354e+38 1.000000000000000000e+00 0.000000000000000000e+00
2.126344255000000000e+15 9.920067764699999803e+35 9.187049999999999516e+38 1.000000000000000000e+00 0.000000000000000000e+00
2.103262221100000000e+15 9.712329459099999832e+35 9.137049999999999678e+38 1.000000000000000000e+00 0.000000000000000000e+00
2.080306152500000000e+15 9.505724842399999583e+35 9.087049999999999839e+38 1.000000000000000000e+00 0.000000000000000000e+00
2.057476049500000000e+15 9.300253914800000130e+35 9.037050000000000001e+38 1.000000000000000000e+00 0.000000000000000000e+00
2.034771911900000000e+15 9.095916676100000400e+35 8.987050000000000163e+38 1.000000000000000000e+00 0.000000000000000000e+00
2.012193739700000000e+15 8.892713126499999990e+35 8.937050000000000324e+38 1.000000000000000000e+00 0.000000000000000000e+00
1.989741532900000000e+15 8.690643265899999839e+35 8.887050000000000486e+38 1.000000000000000000e+00 0.000000000000000000e+00
1.967415291600000000e+15 8.489707094199999410e+35 8.837050000000000648e+38 1.000000000000000000e+00 0.000000000000000000e+00
1.945215015800000000e+15 8.289904611599999777e+35 8.787049999999999298e+38 1.000000000000000000e+00 0.000000000000000000e+00
1.923140705400000000e+15 8.091235817899999866e+35 8.737049999999999460e+38 1.000000000000000000e+00 0.000000000000000000e+00
1.901192360400000000e+15 7.893700713299999276e+35 8.687049999999999622e+38 1.000000000000000000e+00 0.000000000000000000e+00
1.879369980900000000e+15 7.697299297599999884e+35 8.637049999999999783e+38 1.000000000000000000e+00 0.000000000000000000e+00
1.857673566800000000e+15 7.502031570899999275e+35 8.587049999999999945e+38 1.000000000000000000e+00 0.000000000000000000e+00
1.836103118200000000e+15 7.307897533299999462e+35 8.537050000000000107e+38 1.000000000000000000e+00 0.000000000000000000e+00
1.814658635000000000e+15 7.114897184599999371e+35 8.487050000000000268e+38 1.000000000000000000e+00 0.000000000000000000e+00
1.793340117300000000e+15 6.923030525000000077e+35 8.437050000000000430e+38 1.000000000000000000e+00 0.000000000000000000e+00
1.772147565000000000e+15 6.732297554300000504e+35 8.387050000000000592e+38 3.364066193899999835e+00 0.000000000000000000e+00
1.757167923700000000e+15 6.598229363699999660e+35 8.337050000000000753e+38 3.364066193899999835e+00 0.000000000000000000e+00
1.742276991000000000e+15 6.466048588100000172e+35 8.287049999999999404e+38 3.364066193899999835e+00 0.000000000000000000e+00
1.727474041900000000e+15 6.335739804099999748e+35 8.237049999999999566e+38 3.364066193899999835e+00 0.000000000000000000e+00
1.712758353000000000e+15 6.207287621799999803e+35 8.187049999999999727e+38 3.364066193899999835e+00 0.000000000000000000e+00
1.698129202800000000e+15 6.080676685600000170e+35 8.137049999999999889e+38 3.364066193899999835e+00 0.000000000000000000e+00
1.683585870900000000e+15 5.955891673799999899e+35 8.087050000000000051e+38 3.364066193899999835e+00 0.000000000000000000e+00
1.669127639000000000e+15 5.832917299000000148e+35 8.037050000000000212e+38 3.364066193899999835e+00 0.000000000000000000e+00
1.654753790200000000e+15 5.711738308300000090e+35 7.987050000000000374e+38 3.364066193899999835e+00 0.000000000000000000e+00
1.640463609100000000e+15 5.592339482899999932e+35 7.937050000000000536e+38 3.364066193899999835e+00 0.000000000000000000e+00
1.626256382200000000e+15 5.474705639200000180e+35 7.887050000000000697e+38 3.364066193899999835e+00 0.000000000000000000e+00
1.612131397400000000e+15 5.358821628000000298e+35 7.837049999999999348e+38 3.364066193899999835e+00 0.000000000000000000e+00
1.598087944300000000e+15 5.244672335200000251e+35 7.787049999999999510e+38 3.364066193899999835e+00 0.000000000000000000e+00
1.584125314300000000e+15 5.132242681600000172e+35 7.737049999999999671e+38 3.364066193899999835e+00 0.000000000000000000e+00
1.570242800300000000e+15 5.021517623300000296e+35 7.687049999999999833e+38 3.364066193899999835e+00 0.000000000000000000e+00
1.556439696900000000e+15 4.912482151899999822e+35 7.637049999999999995e+38 3.364066193899999835e+00 0.000000000000000000e+00
1.542715300300000000e+15 4.805121294300000264e+35 7.587050000000000156e+38 3.364066193899999835e+00 0.000000000000000000e+00
1.529068908500000000e+15 4.699420112999999688e+35 7.537050000000000318e+38 3.364066193899999835e+00 0.000000000000000000e+00
1.515499821100000000e+15 4.595363706599999824e+35 7.487050000000000480e+38 3.364066193899999835e+00 0.000000000000000000e+00
1.502007339500000000e+15 4.492937209299999690e+35 7.437050000000000641e+38 3.364066193899999835e+00 0.000000000000000000e+00
1.488590766500000000e+15 4.392125791600000091e+35 7.387049999999999292e+38 3.364066193899999835e+00 0.000000000000000000e+00
1.475249407100000000e+15 4.292914660200000132e+35 7.337049999999999454e+38 3.364066193899999835e+00 0.000000000000000000e+00
1.461982567500000000e+15 4.195289058300000307e+35 7.287049999999999615e+38 3.364066193899999835e+00 0.000000000000000000e+00
1.448789556000000000e+15 4.099234265499999744e+35 7.237049999999999777e+38 3.364066193899999835e+00 0.000000000000000000e+00
1.435669682300000000e+15 4.004735598100000034e+35 7.187049999999999939e+38 3.364066193899999835e+00 0.000000000000000000e+00
1.422622258200000000e+15 3.911778409599999803e+35 7.137050000000000100e+38 3.364066193899999835e+00 0.000000000000000000e+00
1.409646596900000000e+15 3.820348090299999936e+35 7.087050000000000262e+38 3.364066193899999835e+00 0.000000000000000000e+00
1.396742013600000000e+15 3.730430067600000032e+35 7.037050000000000424e+38 3.364066193899999835e+00 0.000000000000000000e+00
1.383907825000000000e+15 3.642009806699999943e+35 6.987050000000000585e+38 3.364066193899999835e+00 0.000000000000000000e+00
1.371143349900000000e+15 3.555072809899999709e+35 6.937050000000000747e+38 3.364066193899999835e+00 0.000000000000000000e+00
1.358447908600000000e+15 3.469604617400000167e+35 6.887049999999999398e+38 3.364066193899999835e+00 0.000000000000000000e+00
1.345820823200000000e+15 3.385590807500000333e+35 6.837049999999999559e+38 3.364066193899999835e+00 0.000000000000000000e+00
1.333261417800000000e+15 3.303016996200000052e+35 6.787049999999999721e+38 3.364066193899999835e+00 0.000000000000000000e+00
1.320769018100000000e+15 3.221868837999999868e+35 6.737049999999999883e+38 3.364066193899999835e+00 0.000000000000000000e+00
1.308342951600000000e+15 3.142132025800000121e+35 6.687050000000000044e+38 3.364066193899999835e+00 0.000000000000000000e+00
1.295982547800000000e+15 3.063792291000000005e+35 6.637050000000000206e+38 3.364066193899999835e+00 0.000000000000000000e+00
1.283687137800000000e+15 2.986835403799999921e+35 6.587050000000000368e+38 3.364066193899999835e+00 0.000000000000000000e+00
1.271456054700000000e+15 2.911247173399999967e+35 6.537049999999999774e+38 3.364066193899999835e+00 0.000000000000000000e+00
1.259288633400000000e+15 2.837013448399999877e+35 6.487049999999999936e+38 3.364066193899999835e+00 0.000000000000000000e+00
1.247184210500000000e+15 2.764120116300000022e+35 6.437050000000000097e+38 3.364066193899999835e+00 0.000000000000000000e+00
1.235142124700000000e+15 2.692553104399999974e+35 6.387050000000000259e+38 3.364066193899999835e+00 0.000000000000000000e+00
1.223161716300000000e+15 2.622298379900000154e+35 6.337049999999999665e+38 3.364066193899999835e+00 0.000000000000000000e+00
1.211242327800000000e+15 2.553341949599999844e+35 6.287049999999999827e+38 3.364066193899999835e+00 0.000000000000000000e+00
1.199383303400000000e+15 2.485669860599999851e+35 6.237049999999999988e+38 3.364066193899999835e+00 0.000000000000000000e+00
1.187583989100000000e+15 2.419268200400000086e+35 6.187050000000000150e+38 3.364066193899999835e+00 0.000000000000000000e+00
1.175843732900000000e+15 2.354123097000000105e+35 6.137050000000000312e+38 3.364066193899999835e+00 0.000000000000000000e+00
1.164161884900000000e+15 2.290220719099999816e+35 6.087049999999999718e+38 3.364066193899999835e+00 0.000000000000000000e+00
1.152537796800000000e+15 2.227547276399999981e+35 6.037049999999999880e+38 3.364066193899999835e+00 0.000000000000000000e+00
1.140970822500000000e+15 2.166089019799999973e+35 5.987050000000000041e+38 3.364066193899999835e+00 0.000000000000000000e+00
1.129460317600000000e+15 2.105832241599999958e+35 5.937050000000000203e+38 3.364066193899999835e+00 0.000000000000000000e+00
1.118005639900000000e+15 2.046763275599999955e+35 5.887050000000000365e+38 3.364066193899999835e+00 0.000000000000000000e+00
1.106606149100000000e+15 1.988868497700000112e+35 5.837049999999999771e+38 3.364066193899999835e+00 0.000000000000000000e+00
1.095261206700000000e+15 1.932134325500000029e+35 5.787049999999999932e+38 3.364066193899999835e+00 0.000000000000000000e+00
1.083970176400000000e+15 1.876547219199999910e+35 5.737050000000000094e+38 3.364066193899999835e+00 0.000000000000000000e+00
1.072732423900000000e+15 1.822093681399999850e+35 5.687050000000000256e+38 3.364066193899999835e+00 0.000000000000000000e+00
1.061547316700000000e+15 1.768760257500000150e+35 5.637049999999999662e+38 3.364066193899999835e+00 0.000000000000000000e+00
1.050414224500000000e+15 1.716533535800000000e+35 5.587049999999999824e+38 3.364066193899999835e+00 0.000000000000000000e+00
1.039332519000000000e+15 1.665400147900000005e+35 5.537049999999999985e+38 3.364066193899999835e+00 0.000000000000000000e+00
1.028301573900000000e+15 1.615346768999999920e+35 5.487050000000000147e+38 3.364066193899999835e+00 0.000000000000000000e+00
1.017320765000000000e+15 1.566360117899999943e+35 5.437050000000000309e+38 3.364066193899999835e+00 0.000000000000000000e+00
1.006389470200000000e+15 1.518426957299999930e+35 5.387049999999999715e+38 3.364066193899999835e+00 0.000000000000000000e+00
9.955070693200000000e+14 1.471534094400000033e+35 5.337049999999999876e+38 3.364066193899999835e+00 0.000000000000000000e+00
9.846729445000000000e+14 1.425668380600000015e+35 5.287050000000000038e+38 3.364066193899999835e+00 0.000000000000000000e+00
9.738864798200000000e+14 1.380816712500000012e+35 5.237050000000000200e+38 3.364066193899999835e+00 0.000000000000000000e+00
9.631470615200000000e+14 1.336966031200000090e+35 5.187050000000000362e+38 3.364066193899999835e+00 0.000000000000000000e+00
9.524540779800000000e+14 1.294103323600000036e+35 5.137049999999999768e+38 3.364066193899999835e+00 0.000000000000000000e+00
9.418069197200000000e+14 1.252215621899999997e+35 5.087049999999999929e+38 3.364066193899999835e+00 0.000000000000000000e+00
9.312049794100000000e+14 1.211290004200000009e+35 5.037050000000000091e+38 3.364066193899999835e+00 0.000000000000000000e+00
9.206476518900000000e+14 1.171313594899999938e+35 4.987050000000000253e+38 3.364066193899999835e+00 0.000000000000000000e+00
9.101343341900000000e+14 1.132273564700000033e+35 4.937049999999999659e+38 3.364066193899999835e+00 0.000000000000000000e+00
8.996644255400000000e+14 1.094157131099999919e+35 4.887049999999999820e+38 3.364066193899999835e+00 0.000000000000000000e+00
8.892373273500000000e+14 1.056951558700000033e+35 4.837049999999999982e+38 3.364066193899999835e+00 0.000000000000000000e+00
8.788524433100000000e+14 1.020644159399999925e+35 4.787050000000000144e+38 3.364066193899999835e+00 0.000000000000000000e+00
8.685091792900000000e+14 9.852222926300000148e+34 4.737050000000000306e+38 3.364066193899999835e+00 0.000000000000000000e+00
8.582069434600000000e+14 9.506733660400000245e+34 4.687049999999999712e+38 3.364066193899999835e+00 0.000000000000000000e+00
8.479451462400000000e+14 9.169848354400000192e+34 4.637049999999999873e+38 3.364066193899999835e+00 0.000000000000000000e+00
8.377232003500000000e+14 8.841442052700000199e+34 4.587050000000000035e+38 3.364066193899999835e+00 0.000000000000000000e+00
8.275405207800000000e+14 8.521390289600000202e+34 4.537050000000000197e+38 3.364066193899999835e+00 0.000000000000000000e+00
8.173965248700000000e+14 8.209569092099999782e+34 4.487050000000000358e+38 3.364066193899999835e+00 0.000000000000000000e+00
8.072906322900000000e+14 7.905854983799999573e+34 4.437049999999999765e+38 3.364066193899999835e+00 0.000000000000000000e+00
7.972222650300000000e+14 7.610124988200000189e+34 4.387049999999999926e+38 3.364066193899999835e+00 0.000000000000000000e+00
7.871908474700000000e+14 7.322256632100000016e+34 4.337050000000000088e+38 3.364066193899999835e+00 0.000000000000000000e+00
7.771937171300000000e+14 7.103292805600000077e+34 4.287050000000000250e+38 2.234567901200000151e+00 0.000000000000000000e+00
7.672207559800000000e+14 6.919499521899999755e+34 4.237049999999999656e+38 2.234567901200000151e+00 0.000000000000000000e+00
7.572717190500000000e+14 6.738364483999999924e+34 4.187049999999999817e+38 2.234567901200000151e+00 0.000000000000000000e+00
7.473465398100000000e+14 6.559880300299999793e+34 4.137049999999999979e+38 2.234567901200000151e+00 0.000000000000000000e+00
7.374451511200000000e+14 6.384039510899999849e+34 4.087050000000000141e+38 2.234567901200000151e+00 0.000000000000000000e+00
7.275674852100000000e+14 6.210834587100000081e+34 4.037050000000000302e+38 2.234567901200000151e+00 0.000000000000000000e+00
7.177134737000000000e+14 6.040257928799999667e+34 3.987049999999999709e+38 2.234567901200000151e+00 0.000000000000000000e+00
7.078830475300000000e+14 5.872301863999999815e+34 3.937049999999999870e+38 2.234567901200000151e+00 0.000000000000000000e+00
6.980761369800000000e+14 5.706958646299999547e+34 3.887050000000000032e+38 2.234567901200000151e+00 0.000000000000000000e+00
6.882926716600000000e+14 5.544220454000000275e+34 3.837050000000000194e+38 2.234567901200000151e+00 0.000000000000000000e+00
6.785325804700000000e+14 5.384079387599999739e+34 3.787050000000000355e+38 2.234567901200000151e+00 0.000000000000000000e+00
6.687957916100000000e+14 5.226527468599999945e+34 3.737049999999999761e+38 2.234567901200000151e+00 0.000000000000000000e+00
6.590822325400000000e+14 5.071556637699999705e+34 3.687049999999999923e+38 2.234567901200000151e+00 0.000000000000000000e+00
6.493918299900000000e+14 4.919158752100000049e+34 3.637050000000000085e+38 2.234567901200000151e+00 0.000000000000000000e+00
6.397245098900000000e+14 4.769325584599999567e+34 3.587050000000000246e+38 2.234567901200000151e+00 0.000000000000000000e+00
6.300801974200000000e+14 4.622048820399999903e+34 3.537049999999999653e+38 2.234567901200000151e+00 0.000000000000000000e+00
6.204588169500000000e+14 4.477320055999999657e+34 3.487049999999999814e+38 2.234567901200000151e+00 0.000000000000000000e+00
6.108602920300000000e+14 4.335130796200000397e+34 3.437049999999999976e+38 2.234567901200000151e+00 0.000000000000000000e+00
6.012845453400000000e+14 4.195472452099999595e+34 3.387050000000000138e+38 2.234567901200000151e+00 0.000000000000000000e+00
5.917314987300000000e+14 4.058336338499999992e+34 3.337049999999999922e+38 2.234567901200000151e+00 0.000000000000000000e+00
5.822010731400000000e+14 3.923713671799999968e+34 3.287050000000000083e+38 2.234567901200000151e+00 0.000000000000000000e+00
5.726931886000000000e+14 3.791595566700000155e+34 3.237049999999999867e+38 2.234567901200000151e+00 0.000000000000000000e+00
5.632077642200000000e+14 3.661973034000000006e+34 3.187050000000000029e+38 2.234567901200000151e+00 0.000000000000000000e+00
5.537447181300000000e+14 3.534836977800000177e+34 3.137049999999999813e+38 2.234567901200000151e+00 0.000000000000000000e+00
5.443039674600000000e+14 3.410178191900000056e+34 3.087049999999999974e+38 2.234567901200000151e+00 0.000000000000000000e+00
5.348854283600000000e+14 3.287987357200000204e+34 3.037050000000000136e+38 2.234567901200000151e+00 0.000000000000000000e+00
5.254890159100000000e+14 3.168255038599999808e+34 2.987049999999999920e+38 2.234567901200000151e+00 0.000000000000000000e+00
5.161146441000000000e+14 3.050971681099999882e+34 2.937050000000000082e+38 2.234567901200000151e+00 0.000000000000000000e+00
5.067622258400000000e+14 2.936127606300000133e+34 2.887049999999999866e+38 2.234567901200000151e+00 0.000000000000000000e+00
4.974316728700000000e+14 2.823713009199999844e+34 2.837050000000000027e+38 2.234567901200000151e+00 0.000000000000000000e+00
4.881228957900000000e+14 2.713717953800000228e+34 2.787050000000000189e+38 2.234567901200000151e+00 0.000000000000000000e+00
4.788358039300000000e+14 2.606132369000000195e+34 2.737049999999999973e+38 2.234567901200000151e+00 0.000000000000000000e+00
4.695703054200000000e+14 2.500946044700000016e+34 2.687050000000000134e+38 2.234567901200000151e+00 0.000000000000000000e+00
4.603263070700000000e+14 2.398148626600000215e+34 2.637049999999999918e+38 2.234567901200000151e+00 0.000000000000000000e+00
4.511037143600000000e+14 2.297729612300000156e+34 2.587050000000000080e+38 2.234567901200000151e+00 0.000000000000000000e+00
4.419024313700000000e+14 2.199678345599999785e+34 2.537049999999999864e+38 2.234567901200000151e+00 0.000000000000000000e+00
4.327223607700000000e+14 2.103984011299999898e+34 2.487050000000000026e+38 2.234567901200000151e+00 0.000000000000000000e+00
4.236030000000000000e+14 2.031780000000000047e+34 2.437050000000000187e+38 3.103000000000000203e+00 0.000000000000000000e+00
4.144030000000000000e+14 1.911930000000000007e+34 2.387049999999999971e+38 3.107000000000000206e+00 0.000000000000000000e+00
4.052330000000000000e+14 1.796660000000000096e+34 2.337050000000000133e+38 3.109999999999999876e+00 0.000000000000000000e+00
3.960920000000000000e+14 1.685939999999999912e+34 2.287049999999999917e+38 3.113999999999999879e+00 0.000000000000000000e+00
3.869790000000000000e+14 1.579680000000000097e+34 2.237050000000000078e+38 3.116999999999999993e+00 0.000000000000000000e+00
3.778950000000000000e+14 1.477820000000000081e+34 2.187049999999999862e+38 3.120999999999999996e+00 0.000000000000000000e+00
3.688380000000000000e+14 1.380310000000000115e+34 2.137050000000000024e+38 3.124000000000000110e+00 0.000000000000000000e+00
3.598080000000000000e+14 1.287059999999999920e+34 2.087050000000000186e+38 3.126999999999999780e+00 0.000000000000000000e+00
3.508050000000000000e+14 1.197999999999999943e+34 2.037049999999999970e+38 3.129999999999999893e+00 0.000000000000000000e+00
3.418280000000000000e+14 1.113070000000000073e+34 1.987050000000000131e+38 3.132000000000000117e+00 0.000000000000000000e+00
3.328770000000000000e+14 1.032170000000000012e+34 1.937049999999999915e+38 3.134999999999999787e+00 0.000000000000000000e+00
3.239500000000000000e+14 9.552500000000000133e+33 1.887050000000000077e+38 3.137000000000000011e+00 0.000000000000000000e+00
3.150480000000000000e+14 8.822089999999999943e+33 1.837049999999999861e+38 3.138999999999999790e+00 0.000000000000000000e+00
3.061700000000000000e+14 8.129699999999999634e+33 1.787050000000000023e+38 3.140000000000000124e+00 0.000000000000000000e+00
2.973150000000000000e+14 7.474470000000000390e+33 1.737050000000000184e+38 3.141000000000000014e+00 0.000000000000000000e+00
2.884830000000000000e+14 6.855529999999999804e+33 1.687049999999999968e+38 3.141000000000000014e+00 0.000000000000000000e+00
2.796740000000000000e+14 6.271960000000000563e+33 1.637049999999999941e+38 3.141000000000000014e+00 0.000000000000000000e+00
2.708860000000000000e+14 5.722839999999999589e+33 1.587049999999999914e+38 3.140000000000000124e+00 0.000000000000000000e+00
2.621200000000000000e+14 5.207210000000000190e+33 1.537050000000000075e+38 3.137999999999999901e+00 0.000000000000000000e+00
2.533740000000000000e+14 4.724080000000000082e+33 1.487050000000000048e+38 3.134999999999999787e+00 0.000000000000000000e+00
2.446500000000000000e+14 4.272449999999999729e+33 1.437050000000000021e+38 3.130999999999999783e+00 0.000000000000000000e+00
2.359450000000000000e+14 3.851249999999999814e+33 1.387049999999999994e+38 3.125999999999999890e+00 0.000000000000000000e+00
2.272600000000000000e+14 3.459399999999999733e+33 1.337049999999999967e+38 3.119000000000000217e+00 0.000000000000000000e+00
2.185950000000000000e+14 3.095750000000000252e+33 1.287049999999999939e+38 3.109999999999999876e+00 0.000000000000000000e+00
2.099500000000000000e+14 2.759059999999999780e+33 1.237049999999999912e+38 3.100000000000000089e+00 0.000000000000000000e+00
2.013250000000000000e+14 2.447950000000000042e+33 1.187050000000000074e+38 3.087000000000000188e+00 0.000000000000000000e+00
1.927230000000000000e+14 2.160349999999999881e+33 1.137050000000000047e+38 3.071000000000000174e+00 0.000000000000000000e+00
1.841470000000000000e+14 1.895480000000000109e+33 1.087050000000000019e+38 3.049999999999999822e+00 0.000000000000000000e+00
1.755830000000000000e+14 1.654820000000000048e+33 1.037049999999999992e+38 3.025999999999999801e+00 0.000000000000000000e+00
1.670330000000000000e+14 1.437150000000000106e+33 9.870529999999999615e+37 2.995999999999999996e+00 0.000000000000000000e+00
1.584940000000000000e+14 1.241259999999999957e+33 9.370529999999999343e+37 2.960999999999999854e+00 0.000000000000000000e+00
1.499670000000000000e+14 1.065900000000000039e+33 8.870529999999999071e+37 2.919999999999999929e+00 0.000000000000000000e+00
1.414500000000000000e+14 9.098150000000000020e+32 8.370529999999999744e+37 2.870999999999999996e+00 0.000000000000000000e+00
1.333650000000000000e+14 8.028990000000000350e+32 7.895499999999999614e+37 2.923999999999999932e+00 1.635830000000000089e+29
1.328740000000000000e+14 7.961239999999999589e+32 7.866660000000000112e+37 2.928999999999999826e+00 1.909529999999999848e+29
1.323840000000000000e+14 7.893290000000000478e+32 7.837810000000000306e+37 2.934000000000000163e+00 2.129769999999999897e+29
1.318930000000000000e+14 7.825429999999999688e+32 7.808959999999999556e+37 2.939000000000000057e+00 2.325859999999999833e+29
1.314030000000000000e+14 7.757759999999999997e+32 7.780109999999999751e+37 2.943999999999999950e+00 2.508369999999999995e+29
1.309120000000000000e+14 7.690330000000000633e+32 7.751259999999999945e+37 2.645999999999999908e+00 2.682309999999999888e+29
1.304220000000000000e+14 7.623160000000000421e+32 7.722420000000000443e+37 2.641999999999999904e+00 2.850460000000000104e+29
1.299320000000000000e+14 7.556289999999999897e+32 7.693569999999999693e+37 2.637999999999999901e+00 3.014499999999999985e+29
1.294410000000000000e+14 7.489730000000000635e+32 7.664719999999999888e+37 2.633999999999999897e+00 3.175530000000000080e+29
1.289510000000000000e+14 7.423479999999999753e+32 7.635870000000000083e+37 2.629999999999999893e+00 3.334269999999999653e+29
1.284610000000000000e+14 7.357560000000000400e+32 7.607020000000000277e+37 2.625999999999999890e+00 3.491260000000000176e+29
1.279700000000000000e+14 7.291969999999999695e+32 7.578179999999999831e+37 2.621999999999999886e+00 3.646869999999999909e+29
1.274800000000000000e+14 7.226720000000000654e+32 7.549330000000000025e+37 2.617999999999999883e+00 3.801389999999999654e+29
1.269900000000000000e+14 7.161820000000000528e+32 7.520480000000000220e+37 2.613999999999999879e+00 3.955010000000000231e+29
1.265000000000000000e+14 7.097269999999999316e+32 7.491630000000000414e+37 2.609999999999999876e+00 4.107899999999999925e+29
1.260100000000000000e+14 7.033069999999999901e+32 7.462779999999999664e+37 2.605999999999999872e+00 4.260179999999999845e+29
1.255200000000000000e+14 6.969239999999999669e+32 7.433940000000000162e+37 2.600999999999999979e+00 4.411940000000000121e+29
1.250300000000000000e+14 6.905759999999999792e+32 7.405090000000000357e+37 2.596999999999999975e+00 4.563249999999999756e+29
1.245390000000000000e+14 6.842660000000000673e+32 7.376239999999999607e+37 2.592999999999999972e+00 4.714170000000000010e+29
1.240490000000000000e+14 6.779920000000000602e+32 7.347389999999999801e+37 2.588999999999999968e+00 4.864740000000000312e+29
1.235590000000000000e+14 6.717549999999999713e+32 7.318539999999999996e+37 2.584999999999999964e+00 5.014990000000000238e+29
1.230690000000000000e+14 6.655559999999999582e+32 7.289699999999999549e+37 2.580000000000000071e+00 5.164950000000000063e+29
1.225790000000000000e+14 6.593940000000000074e+32 7.260849999999999744e+37 2.576000000000000068e+00 5.314619999999999789e+29
1.220900000000000000e+14 6.532699999999999881e+32 7.231999999999999938e+37 2.572000000000000064e+00 5.464029999999999692e+29
1.216000000000000000e+14 6.471830000000000313e+32 7.203150000000000133e+37 2.568000000000000060e+00 5.613160000000000057e+29
1.211100000000000000e+14 6.411340000000000060e+32 7.174300000000000328e+37 2.563000000000000167e+00 5.762039999999999754e+29
1.206200000000000000e+14 6.351239999999999977e+32 7.145459999999999881e+37 2.559000000000000163e+00 5.910649999999999770e+29
1.201300000000000000e+14 6.296099999999999915e+32 7.116610000000000076e+37 2.553999999999999826e+00 3.688949999999999886e+29
1.196400000000000000e+14 6.236809999999999853e+32 7.087760000000000270e+37 2.549999999999999822e+00 3.765850000000000303e+29
1.186610000000000000e+14 6.129349999999999963e+32 7.030059999999999715e+37 2.540000000000000036e+00 1.979710000000000086e+29
1.176810000000000000e+14 6.013629999999999886e+32 6.972370000000000407e+37 2.531000000000000139e+00 2.029630000000000154e+29
1.152330000000000000e+14 5.730899999999999984e+32 6.828129999999999794e+37 2.508000000000000007e+00 2.153770000000000032e+29
1.142540000000000000e+14 5.620440000000000337e+32 6.770430000000000183e+37 2.499000000000000110e+00 2.203029999999999982e+29
1.113180000000000000e+14 5.298009999999999998e+32 6.597339999999999765e+37 2.470000000000000195e+00 2.348849999999999899e+29
1.103390000000000000e+14 5.193520000000000184e+32 6.539650000000000458e+37 2.460999999999999854e+00 2.396669999999999912e+29
1.093610000000000000e+14 5.090509999999999981e+32 6.481949999999999902e+37 2.451000000000000068e+00 2.444049999999999846e+29
1.083820000000000000e+14 4.988959999999999843e+32 6.424259999999999650e+37 2.440999999999999837e+00 2.490960000000000128e+29
1.078930000000000000e+14 4.938739999999999989e+32 6.395409999999999845e+37 2.435999999999999943e+00 2.514219999999999874e+29
1.064260000000000000e+14 4.790280000000000295e+32 6.308860000000000428e+37 2.420999999999999819e+00 2.583229999999999855e+29
1.059370000000000000e+14 4.741509999999999651e+32 6.280019999999999982e+37 2.415999999999999925e+00 2.605949999999999888e+29
1.054480000000000000e+14 4.693110000000000350e+32 6.251170000000000176e+37 2.411000000000000032e+00 2.628540000000000010e+29
1.049590000000000000e+14 4.645070000000000098e+32 6.222320000000000371e+37 2.404999999999999805e+00 2.650980000000000154e+29
1.044700000000000000e+14 4.597390000000000336e+32 6.193469999999999621e+37 2.399999999999999911e+00 2.673279999999999824e+29
1.039810000000000000e+14 4.550060000000000209e+32 6.164619999999999816e+37 2.395000000000000018e+00 2.695429999999999868e+29
1.034920000000000000e+14 4.503099999999999985e+32 6.135780000000000314e+37 2.390000000000000124e+00 2.717420000000000074e+29
1.030030000000000000e+14 4.468909999999999716e+32 6.106929999999999564e+37 2.383999999999999897e+00 3.001929999999999928e+29
1.025140000000000000e+14 4.422920000000000211e+32 6.078079999999999758e+37 2.378000000000000114e+00 3.002949999999999855e+29
1.020250000000000000e+14 4.377280000000000341e+32 6.049229999999999953e+37 2.373000000000000220e+00 3.003789999999999877e+29
1.015360000000000000e+14 4.331979999999999973e+32 6.020380000000000147e+37 2.367999999999999883e+00 3.004429999999999928e+29
1.010480000000000000e+14 4.287029999999999961e+32 5.991539999999999701e+37 2.362000000000000099e+00 3.004879999999999864e+29
1.005590000000000000e+14 4.242420000000000171e+32 5.962689999999999895e+37 2.357000000000000206e+00 3.005140000000000039e+29
1.000700000000000000e+14 4.198160000000000016e+32 5.933840000000000090e+37 2.350999999999999979e+00 3.005219999999999957e+29
9.958120000000000000e+13 4.154229999999999951e+32 5.904990000000000284e+37 2.346000000000000085e+00 3.005099999999999904e+29
9.909250000000000000e+13 4.110650000000000241e+32 5.876139999999999534e+37 2.339999999999999858e+00 3.004799999999999946e+29
9.860380000000000000e+13 4.067399999999999899e+32 5.847300000000000032e+37 2.334999999999999964e+00 3.004320000000000084e+29
9.811510000000000000e+13 4.024489999999999779e+32 5.818450000000000227e+37 2.329000000000000181e+00 3.003639999999999898e+29
9.762640000000000000e+13 3.981919999999999882e+32 5.789600000000000421e+37 2.323999999999999844e+00 3.002790000000000018e+29
9.713780000000000000e+13 3.939680000000000073e+32 5.760749999999999671e+37 2.318000000000000060e+00 3.001740000000000166e+29
9.664920000000000000e+13 3.897770000000000353e+32 5.731899999999999866e+37 2.313000000000000167e+00 3.000519999999999916e+29
9.616060000000000000e+13 3.856190000000000000e+32 5.703060000000000364e+37 2.306999999999999940e+00 2.999120000000000113e+29
9.567200000000000000e+13 3.814939999999999737e+32 5.674209999999999614e+37 2.301000000000000156e+00 2.997529999999999845e+29
9.518350000000000000e+13 3.774020000000000282e+32 5.645359999999999809e+37 2.295999999999999819e+00 2.995769999999999882e+29
9.469490000000000000e+13 3.733430000000000196e+32 5.616510000000000003e+37 2.290000000000000036e+00 2.993830000000000015e+29
9.420650000000000000e+13 3.693160000000000064e+32 5.587660000000000198e+37 2.283999999999999808e+00 2.991720000000000101e+29
9.371800000000000000e+13 3.653220000000000021e+32 5.558819999999999751e+37 2.278000000000000025e+00 2.989429999999999932e+29
9.322950000000000000e+13 3.613589999999999799e+32 5.529969999999999946e+37 2.273000000000000131e+00 2.986959999999999858e+29
9.274110000000000000e+13 3.574289999999999666e+32 5.501120000000000140e+37 2.266999999999999904e+00 2.984329999999999947e+29
9.225270000000000000e+13 3.535310000000000208e+32 5.472270000000000335e+37 2.261000000000000121e+00 2.981529999999999990e+29
9.176430000000000000e+13 3.496639999999999851e+32 5.443419999999999585e+37 2.254999999999999893e+00 2.978550000000000129e+29
9.127600000000000000e+13 3.458290000000000169e+32 5.414580000000000083e+37 2.249000000000000110e+00 2.975419999999999937e+29
9.078760000000000000e+13 3.420250000000000309e+32 5.385730000000000277e+37 2.242999999999999883e+00 2.972109999999999840e+29
9.029930000000000000e+13 3.382520000000000269e+32 5.356880000000000472e+37 2.237000000000000099e+00 2.968639999999999907e+29
8.981100000000000000e+13 3.345110000000000185e+32 5.328029999999999722e+37 2.230999999999999872e+00 2.965010000000000138e+29
8.932270000000000000e+13 3.307999999999999788e+32 5.299179999999999916e+37 2.225000000000000089e+00 2.961219999999999828e+29
8.883450000000000000e+13 3.274170000000000009e+32 5.270340000000000414e+37 2.218999999999999861e+00 3.548949999999999923e+29
8.834630000000000000e+13 3.237710000000000016e+32 5.241489999999999664e+37 2.213000000000000078e+00 3.532600000000000117e+29
8.785810000000000000e+13 3.201559999999999844e+32 5.212639999999999859e+37 2.206999999999999851e+00 3.516160000000000184e+29
8.736990000000000000e+13 3.165699999999999946e+32 5.183790000000000054e+37 2.201000000000000068e+00 3.499649999999999837e+29
8.688170000000000000e+13 3.130140000000000096e+32 5.154940000000000248e+37 2.194999999999999840e+00 3.483050000000000067e+29
8.639360000000000000e+13 3.094890000000000067e+32 5.126099999999999802e+37 2.189000000000000057e+00 3.466379999999999884e+29
8.590550000000000000e+13 3.059920000000000179e+32 5.097249999999999996e+37 2.182999999999999829e+00 3.449630000000000135e+29
8.541740000000000000e+13 3.025260000000000112e+32 5.068400000000000191e+37 2.177000000000000046e+00 3.432819999999999831e+29
8.492930000000000000e+13 2.990879999999999826e+32 5.039550000000000385e+37 2.170999999999999819e+00 3.415929999999999961e+29
8.444130000000000000e+13 2.956799999999999947e+32 5.010699999999999635e+37 2.164000000000000146e+00 3.398980000000000240e+29
8.395320000000000000e+13 2.922999999999999849e+32 4.981860000000000133e+37 2.157999999999999918e+00 3.381969999999999964e+29
8.346520000000000000e+13 2.889500000000000159e+32 4.953010000000000328e+37 2.152000000000000135e+00 3.364889999999999980e+29
8.297720000000000000e+13 2.856279999999999889e+32 4.924159999999999578e+37 2.145999999999999908e+00 3.347760000000000002e+29
8.248930000000000000e+13 2.823340000000000120e+32 4.895309999999999772e+37 2.138999999999999790e+00 3.330570000000000174e+29
8.200130000000000000e+13 2.790689999999999905e+32 4.866459999999999967e+37 2.133000000000000007e+00 3.313319999999999792e+29
8.151340000000000000e+13 2.758310000000000057e+32 4.837620000000000465e+37 2.126999999999999780e+00 3.296029999999999978e+29
8.102550000000000000e+13 2.726220000000000123e+32 4.808769999999999715e+37 2.120999999999999996e+00 3.278680000000000313e+29
8.053770000000000000e+13 2.694399999999999836e+32 4.779919999999999909e+37 2.113999999999999879e+00 3.261289999999999810e+29
8.004980000000000000e+13 2.662860000000000049e+32 4.751070000000000104e+37 2.108000000000000096e+00 3.243850000000000017e+29
7.956200000000000000e+13 2.631600000000000043e+32 4.722220000000000299e+37 2.101999999999999869e+00 3.226370000000000089e+29
7.907410000000000000e+13 2.600599999999999911e+32 4.693379999999999852e+37 2.095000000000000195e+00 3.208850000000000026e+29
7.858640000000000000e+13 2.569879999999999919e+32 4.664530000000000047e+37 2.088999999999999968e+00 3.191289999999999828e+29
7.809860000000000000e+13 2.539429999999999934e+32 4.635680000000000241e+37 2.081999999999999851e+00 3.173700000000000056e+29
7.761080000000000000e+13 2.509239999999999822e+32 4.606830000000000436e+37 2.076000000000000068e+00 3.156070000000000150e+29
7.712310000000000000e+13 2.479320000000000078e+32 4.577979999999999686e+37 2.069999999999999840e+00 3.138400000000000108e+29
7.663540000000000000e+13 2.449659999999999846e+32 4.549140000000000184e+37 2.063000000000000167e+00 3.120709999999999999e+29
7.614770000000000000e+13 2.420259999999999848e+32 4.520290000000000378e+37 2.056999999999999940e+00 3.103000000000000173e+29
7.566000000000000000e+13 2.391129999999999857e+32 4.491439999999999628e+37 2.049999999999999822e+00 3.085249999999999861e+29
7.517240000000000000e+13 2.362249999999999966e+32 4.462589999999999823e+37 2.044000000000000039e+00 3.067479999999999834e+29
7.468480000000000000e+13 2.333629999999999948e+32 4.433740000000000017e+37 2.036999999999999922e+00 3.049690000000000090e+29
7.419720000000000000e+13 2.305270000000000164e+32 4.404899999999999571e+37 2.031000000000000139e+00 3.031879999999999927e+29
7.370960000000000000e+13 2.277149999999999986e+32 4.376049999999999765e+37 2.024999999999999911e+00 3.014050000000000049e+29
7.322200000000000000e+13 2.249290000000000041e+32 4.347199999999999960e+37 2.017999999999999794e+00 2.996209999999999961e+29
7.273450000000000000e+13 2.221679999999999835e+32 4.318350000000000154e+37 2.012000000000000011e+00 2.978350000000000157e+29
7.224700000000000000e+13 2.194320000000000090e+32 4.289500000000000349e+37 2.004999999999999893e+00 2.960469999999999933e+29
7.175950000000000000e+13 2.167199999999999951e+32 4.260659999999999902e+37 1.999000000000000110e+00 2.942590000000000062e+29
7.127200000000000000e+13 2.140329999999999912e+32 4.231810000000000097e+37 1.991999999999999993e+00 2.924690000000000123e+29
7.078450000000000000e+13 2.113699999999999838e+32 4.202959999999999819e+37 1.985999999999999988e+00 2.906789999999999832e+29
7.029710000000000000e+13 2.087310000000000092e+32 4.174110000000000014e+37 1.979000000000000092e+00 2.888880000000000035e+29
6.980960000000000000e+13 2.061159999999999951e+32 4.145260000000000208e+37 1.973000000000000087e+00 2.870969999999999887e+29
6.932220000000000000e+13 2.035250000000000136e+32 4.116420000000000234e+37 1.965999999999999970e+00 2.853049999999999880e+29
6.883490000000000000e+13 2.009570000000000154e+32 4.087569999999999956e+37 1.959999999999999964e+00 2.835129999999999873e+29
6.834750000000000000e+13 1.984130000000000138e+32 4.058720000000000151e+37 1.953000000000000069e+00 2.817209999999999867e+29
6.786020000000000000e+13 1.958919999999999955e+32 4.029869999999999873e+37 1.947000000000000064e+00 2.799289999999999860e+29
6.737280000000000000e+13 1.933939999999999964e+32 4.001020000000000068e+37 1.939999999999999947e+00 2.781369999999999854e+29
6.688550000000000000e+13 1.909190000000000166e+32 3.972180000000000093e+37 1.933999999999999941e+00 2.763460000000000057e+29
6.639830000000000000e+13 1.884660000000000067e+32 3.943329999999999816e+37 1.927000000000000046e+00 2.745540000000000050e+29
6.591100000000000000e+13 1.860360000000000161e+32 3.914480000000000010e+37 1.921000000000000041e+00 2.727640000000000111e+29
6.542380000000000000e+13 1.836290000000000087e+32 3.885630000000000205e+37 1.913999999999999924e+00 2.709740000000000172e+29
6.493650000000000000e+13 1.812429999999999938e+32 3.856779999999999927e+37 1.907999999999999918e+00 2.691850000000000091e+29
6.444930000000000000e+13 1.788789999999999849e+32 3.827939999999999953e+37 1.901000000000000023e+00 2.673969999999999868e+29
6.396220000000000000e+13 1.765379999999999952e+32 3.799090000000000147e+37 1.895000000000000018e+00 2.656099999999999854e+29
6.347500000000000000e+13 1.742169999999999847e+32 3.770239999999999870e+37 1.887999999999999901e+00 2.638240000000000050e+29
6.298790000000000000e+13 1.719180000000000161e+32 3.741390000000000064e+37 1.881999999999999895e+00 2.620390000000000104e+29
6.250070000000000000e+13 1.696410000000000174e+32 3.712539999999999787e+37 1.875999999999999890e+00 2.602550000000000016e+29
6.201360000000000000e+13 1.673839999999999979e+32 3.683699999999999812e+37 1.868999999999999995e+00 2.584729999999999995e+29
6.152650000000000000e+13 1.651489999999999842e+32 3.654850000000000007e+37 1.862999999999999989e+00 2.566919999999999832e+29
6.103950000000000000e+13 1.629339999999999858e+32 3.626000000000000201e+37 1.856999999999999984e+00 2.549130000000000089e+29
6.055240000000000000e+13 1.607390000000000026e+32 3.597149999999999924e+37 1.850000000000000089e+00 2.531349999999999852e+29
6.006540000000000000e+13 1.585649999999999938e+32 3.568300000000000118e+37 1.844000000000000083e+00 2.513590000000000033e+29
5.957840000000000000e+13 1.564110000000000003e+32 3.539460000000000144e+37 1.838000000000000078e+00 2.495849999999999931e+29
5.909140000000000000e+13 1.542770000000000040e+32 3.510609999999999866e+37 1.830999999999999961e+00 2.478120000000000039e+29
5.860450000000000000e+13 1.521630000000000048e+32 3.481760000000000061e+37 1.824999999999999956e+00 2.460409999999999862e+29
5.811750000000000000e+13 1.500690000000000028e+32 3.452909999999999783e+37 1.818999999999999950e+00 2.442720000000000104e+29
5.763060000000000000e+13 1.479940000000000027e+32 3.424059999999999978e+37 1.812999999999999945e+00 2.425050000000000062e+29
5.714370000000000000e+13 1.459380000000000043e+32 3.395220000000000003e+37 1.806999999999999940e+00 2.407400000000000088e+29
5.665680000000000000e+13 1.439010000000000078e+32 3.366370000000000198e+37 1.800999999999999934e+00 2.389769999999999829e+29
5.616990000000000000e+13 1.418840000000000085e+32 3.337519999999999920e+37 1.794000000000000039e+00 2.372159999999999990e+29
5.568310000000000000e+13 1.398849999999999976e+32 3.308670000000000115e+37 1.788000000000000034e+00 2.354569999999999867e+29
5.519620000000000000e+13 1.379039999999999932e+32 3.279819999999999837e+37 1.782000000000000028e+00 2.337000000000000163e+29
5.470940000000000000e+13 1.359420000000000086e+32 3.250979999999999863e+37 1.776000000000000023e+00 2.319450000000000174e+29
5.422260000000000000e+13 1.339979999999999945e+32 3.222130000000000057e+37 1.770000000000000018e+00 2.301919999999999902e+29
5.373590000000000000e+13 1.320730000000000002e+32 3.193279999999999780e+37 1.764999999999999902e+00 2.284419999999999906e+29
5.324910000000000000e+13 1.301649999999999990e+32 3.164429999999999974e+37 1.758999999999999897e+00 2.266930000000000121e+29
5.276240000000000000e+13 1.282740000000000089e+32 3.135580000000000169e+37 1.752999999999999892e+00 2.249469999999999908e+29
5.227560000000000000e+13 1.264020000000000027e+32 3.106740000000000194e+37 1.747000000000000108e+00 2.232030000000000116e+29
5.178900000000000000e+13 1.245459999999999942e+32 3.077889999999999917e+37 1.741000000000000103e+00 2.214599999999999829e+29
5.130230000000000000e+13 1.227079999999999921e+32 3.049040000000000111e+37 1.735999999999999988e+00 2.197200000000000171e+29
5.081560000000000000e+13 1.208870000000000012e+32 3.020189999999999833e+37 1.729999999999999982e+00 2.179819999999999877e+29
5.032900000000000000e+13 1.190820000000000080e+32 2.991340000000000028e+37 1.723999999999999977e+00 2.162460000000000003e+29
4.984240000000000000e+13 1.172940000000000079e+32 2.962500000000000054e+37 1.719000000000000083e+00 2.145130000000000054e+29
4.935580000000000000e+13 1.155230000000000009e+32 2.933649999999999776e+37 1.713000000000000078e+00 2.127809999999999963e+29
4.886920000000000000e+13 1.137679999999999916e+32 2.904799999999999971e+37 1.707999999999999963e+00 2.110509999999999939e+29
4.838260000000000000e+13 1.120289999999999981e+32 2.875950000000000165e+37 1.701999999999999957e+00 2.093229999999999983e+29
4.789610000000000000e+13 1.103060000000000024e+32 2.847099999999999887e+37 1.697000000000000064e+00 2.075970000000000094e+29
4.740950000000000000e+13 1.085979999999999910e+32 2.818259999999999913e+37 1.691999999999999948e+00 2.058729999999999922e+29
4.692300000000000000e+13 1.069070000000000088e+32 2.789410000000000108e+37 1.687000000000000055e+00 2.041510000000000168e+29
4.643660000000000000e+13 1.052299999999999975e+32 2.760559999999999830e+37 1.681000000000000050e+00 2.024299999999999921e+29
4.595010000000000000e+13 1.035690000000000020e+32 2.731710000000000025e+37 1.675999999999999934e+00 2.007119999999999951e+29
4.546360000000000000e+13 1.019230000000000089e+32 2.702860000000000219e+37 1.671000000000000041e+00 1.989939999999999980e+29
4.497720000000000000e+13 1.002920000000000002e+32 2.674019999999999773e+37 1.665999999999999925e+00 1.972789999999999936e+29
4.449080000000000000e+13 9.867630000000000511e+31 2.645169999999999967e+37 1.661999999999999922e+00 1.955650000000000101e+29
4.400440000000000000e+13 9.707459999999999901e+31 2.616320000000000162e+37 1.657000000000000028e+00 1.938520000000000123e+29
4.351810000000000000e+13 9.548750000000000437e+31 2.587469999999999884e+37 1.651999999999999913e+00 1.921409999999999862e+29
4.303170000000000000e+13 9.391449999999999647e+31 2.558620000000000078e+37 1.647000000000000020e+00 1.904310000000000162e+29
4.254540000000000000e+13 9.235569999999999108e+31 2.529780000000000104e+37 1.643000000000000016e+00 1.887219999999999968e+29
4.205910000000000000e+13 9.081079999999999499e+31 2.500929999999999826e+37 1.637999999999999901e+00 1.870149999999999842e+29
4.157280000000000000e+13 8.927969999999999245e+31 2.472080000000000021e+37 1.633999999999999897e+00 1.853080000000000067e+29
4.108650000000000000e+13 8.776220000000000601e+31 2.443230000000000216e+37 1.629000000000000004e+00 1.836020000000000150e+29
4.060030000000000000e+13 8.625820000000000190e+31 2.414379999999999938e+37 1.625000000000000000e+00 1.818970000000000091e+29
4.011400000000000000e+13 8.476750000000000267e+31 2.385539999999999964e+37 1.620999999999999996e+00 1.801929999999999890e+29
3.962780000000000000e+13 8.328999999999999257e+31 2.356690000000000158e+37 1.616999999999999993e+00 1.784899999999999899e+29
3.914160000000000000e+13 8.182539999999999641e+31 2.327839999999999880e+37 1.612999999999999989e+00 1.767860000000000050e+29
3.865550000000000000e+13 8.037369999999999619e+31 2.298990000000000075e+37 1.608999999999999986e+00 1.750839999999999916e+29
3.816930000000000000e+13 7.893469999999999642e+31 2.270139999999999797e+37 1.604999999999999982e+00 1.733809999999999925e+29
3.768320000000000000e+13 7.750820000000000165e+31 2.241299999999999823e+37 1.600999999999999979e+00 1.716790000000000143e+29
3.719710000000000000e+13 7.609420000000000287e+31 2.212450000000000018e+37 1.598000000000000087e+00 1.699760000000000152e+29
3.671100000000000000e+13 7.469239999999999786e+31 2.183600000000000212e+37 1.594000000000000083e+00 1.682740000000000019e+29
3.622490000000000000e+13 7.330269999999999790e+31 2.154749999999999934e+37 1.590999999999999970e+00 1.665710000000000027e+29
3.573890000000000000e+13 7.192499999999999624e+31 2.125899999999999893e+37 1.586999999999999966e+00 1.648669999999999826e+29
3.525280000000000000e+13 7.055909999999999743e+31 2.097059999999999918e+37 1.584000000000000075e+00 1.631629999999999977e+29
3.476680000000000000e+13 6.920490000000000373e+31 2.068210000000000113e+37 1.580999999999999961e+00 1.614590000000000128e+29
3.428080000000000000e+13 6.786220000000000164e+31 2.039360000000000071e+37 1.578000000000000069e+00 1.597529999999999859e+29
3.379490000000000000e+13 6.653100000000000019e+31 2.010510000000000030e+37 1.574999999999999956e+00 1.580460000000000085e+29
3.330890000000000000e+13 6.521110000000000390e+31 1.981659999999999988e+37 1.572000000000000064e+00 1.563379999999999925e+29
3.282300000000000000e+13 6.390229999999999929e+31 1.952820000000000014e+37 1.568999999999999950e+00 1.546290000000000082e+29
3.233710000000000000e+13 6.260460000000000437e+31 1.923969999999999972e+37 1.566999999999999948e+00 1.529179999999999997e+29
3.185120000000000000e+13 6.131769999999999892e+31 1.895119999999999931e+37 1.564000000000000057e+00 1.512050000000000020e+29
3.136540000000000000e+13 6.004169999999999869e+31 1.866269999999999889e+37 1.562000000000000055e+00 1.494899999999999975e+29
3.087950000000000000e+13 5.877639999999999921e+31 1.837420000000000084e+37 1.560000000000000053e+00 1.477740000000000072e+29
3.039370000000000000e+13 5.752159999999999599e+31 1.808580000000000110e+37 1.558000000000000052e+00 1.460540000000000035e+29
2.990790000000000000e+13 5.627720000000000031e+31 1.779730000000000068e+37 1.556000000000000050e+00 1.443329999999999963e+29
2.942210000000000000e+13 5.504330000000000090e+31 1.750880000000000026e+37 1.554000000000000048e+00 1.426079999999999932e+29
2.893640000000000000e+13 5.381949999999999781e+31 1.722029999999999985e+37 1.552000000000000046e+00 1.408810000000000010e+29
2.845070000000000000e+13 5.260589999999999779e+31 1.693179999999999943e+37 1.550000000000000044e+00 1.391499999999999953e+29
2.796500000000000000e+13 5.140229999999999636e+31 1.664339999999999969e+37 1.548999999999999932e+00 1.374159999999999970e+29
2.747930000000000000e+13 5.020870000000000253e+31 1.635489999999999927e+37 1.546999999999999931e+00 1.356780000000000028e+29
2.699360000000000000e+13 4.902500000000000055e+31 1.606639999999999886e+37 1.546000000000000041e+00 1.339369999999999985e+29
2.650800000000000000e+13 4.785100000000000395e+31 1.577790000000000080e+37 1.544999999999999929e+00 1.321909999999999948e+29
2.602240000000000000e+13 4.668680000000000147e+31 1.548940000000000039e+37 1.544000000000000039e+00 1.304409999999999953e+29
2.553680000000000000e+13 4.553209999999999990e+31 1.520100000000000064e+37 1.542999999999999927e+00 1.286869999999999998e+29
2.505120000000000000e+13 4.438710000000000372e+31 1.491250000000000023e+37 1.542999999999999927e+00 1.269280000000000051e+29
2.456570000000000000e+13 4.325150000000000170e+31 1.462399999999999981e+37 1.542000000000000037e+00 1.251630000000000077e+29
2.408020000000000000e+13 4.212530000000000287e+31 1.433549999999999940e+37 1.542000000000000037e+00 1.233929999999999933e+29
2.359470000000000000e+13 4.100859999999999594e+31 1.404699999999999898e+37 1.540999999999999925e+00 1.216179999999999973e+29
2.310920000000000000e+13 3.990119999999999896e+31 1.375859999999999924e+37 1.540999999999999925e+00 1.198359999999999953e+29
2.262380000000000000e+13 3.880300000000000069e+31 1.347009999999999882e+37 1.540999999999999925e+00 1.180489999999999939e+29
2.213840000000000000e+13 3.771420000000000108e+31 1.318160000000000077e+37 1.542000000000000037e+00 1.162550000000000041e+29
2.165300000000000000e+13 3.663460000000000018e+31 1.289310000000000035e+37 1.542000000000000037e+00 1.144540000000000082e+29
2.116760000000000000e+13 3.556419999999999799e+31 1.260459999999999994e+37 1.542000000000000037e+00 1.126460000000000063e+29
2.068230000000000000e+13 3.450299999999999900e+31 1.231620000000000019e+37 1.542999999999999927e+00 1.108309999999999983e+29
2.019700000000000000e+13 3.345110000000000095e+31 1.202769999999999978e+37 1.544000000000000039e+00 1.090069999999999951e+29
1.971170000000000000e+13 3.240840000000000160e+31 1.173919999999999936e+37 1.544999999999999929e+00 1.071760000000000035e+29
1.922650000000000000e+13 3.137490000000000095e+31 1.145069999999999895e+37 1.546000000000000041e+00 1.053359999999999990e+29
1.874120000000000000e+13 3.035070000000000125e+31 1.116220000000000089e+37 1.546999999999999931e+00 1.034869999999999994e+29
1.825600000000000000e+13 2.933579999999999798e+31 1.087380000000000115e+37 1.548999999999999932e+00 1.016300000000000079e+29
1.777090000000000000e+13 2.833029999999999789e+31 1.058529999999999955e+37 1.550999999999999934e+00 9.976219999999999400e+28
1.728580000000000000e+13 2.733420000000000098e+31 1.029680000000000032e+37 1.552000000000000046e+00 9.788479999999999342e+28
1.680060000000000000e+13 2.634760000000000048e+31 1.000829999999999990e+37 1.554000000000000048e+00 9.599699999999999994e+28
1.631560000000000000e+13 2.537059999999999863e+31 9.719840000000000463e+36 1.556999999999999940e+00 9.409830000000000307e+28
1.583050000000000000e+13 2.440339999999999989e+31 9.431359999999999946e+36 1.558999999999999941e+00 9.218830000000000849e+28
1.534550000000000000e+13 2.344590000000000204e+31 9.142879999999999429e+36 1.560999999999999943e+00 9.026660000000000431e+28
1.486060000000000000e+13 2.249839999999999828e+31 8.854400000000000092e+36 1.564000000000000057e+00 8.833259999999999905e+28
1.437560000000000000e+13 2.156099999999999985e+31 8.565919999999999574e+36 1.566999999999999948e+00 8.638589999999999839e+28
1.389070000000000000e+13 2.063390000000000222e+31 8.277440000000000238e+36 1.570000000000000062e+00 8.442579999999999469e+28
1.340580000000000000e+13 1.971730000000000085e+31 7.988959999999999720e+36 1.574000000000000066e+00 8.245179999999999507e+28
1.292100000000000000e+13 1.881150000000000022e+31 7.700480000000000384e+36 1.576999999999999957e+00 8.046319999999999187e+28
1.243620000000000000e+13 1.791660000000000030e+31 7.411999999999999866e+36 1.580999999999999961e+00 7.845950000000000101e+28
1.195150000000000000e+13 1.703290000000000105e+31 7.123520000000000530e+36 1.584999999999999964e+00 7.643999999999999724e+28
1.146670000000000000e+13 1.616090000000000015e+31 6.835040000000000012e+36 1.588999999999999968e+00 7.440370000000000359e+28
1.098210000000000000e+13 1.530069999999999984e+31 6.546559999999999495e+36 1.592999999999999972e+00 7.235010000000000076e+28
1.049740000000000000e+13 1.445280000000000005e+31 6.258080000000000158e+36 1.596999999999999975e+00 7.027809999999999561e+28
1.001280000000000000e+13 1.361760000000000072e+31 5.969599999999999641e+36 1.602000000000000091e+00 6.818680000000000091e+28
9.528280000000000000e+12 1.279549999999999954e+31 5.681120000000000304e+36 1.606999999999999984e+00 6.607509999999999713e+28
9.043770000000000000e+12 1.198720000000000092e+31 5.392639999999999787e+36 1.612000000000000099e+00 6.394180000000000132e+28
8.559310000000000000e+12 1.119310000000000029e+31 5.104159999999999860e+36 1.616999999999999993e+00 6.178549999999999819e+28
8.074900000000000000e+12 1.041389999999999982e+31 4.815679999999999933e+36 1.622000000000000108e+00 5.960479999999999886e+28
7.590540000000000000e+12 9.650280000000000532e+30 4.527200000000000006e+36 1.627000000000000002e+00 5.739790000000000252e+28
7.106230000000000000e+12 8.903070000000000054e+30 4.238720000000000079e+36 1.631999999999999895e+00 5.516280000000000242e+28
6.621980000000000000e+12 8.173150000000000515e+30 3.950240000000000152e+36 1.637999999999999901e+00 5.289699999999999890e+28
6.137790000000000000e+12 7.461509999999999524e+30 3.661760000000000225e+36 1.643000000000000016e+00 5.059769999999999659e+28
5.653660000000000000e+12 6.769270000000000302e+30 3.373279999999999707e+36 1.647000000000000020e+00 4.826149999999999983e+28
5.169590000000000000e+12 6.097720000000000415e+30 3.084799999999999780e+36 1.651999999999999913e+00 4.588419999999999796e+28
4.685580000000000000e+12 5.448309999999999657e+30 2.796319999999999853e+36 1.655000000000000027e+00 4.346029999999999879e+28
4.201650000000000000e+12 4.822720000000000044e+30 2.507839999999999926e+36 1.657000000000000028e+00 4.098290000000000365e+28
3.717800000000000000e+12 4.222850000000000183e+30 2.219359999999999999e+36 1.657000000000000028e+00 3.844260000000000101e+28
3.234030000000000000e+12 3.650969999999999753e+30 1.930880000000000072e+36 1.653999999999999915e+00 3.582630000000000118e+28
2.750350000000000000e+12 3.109660000000000079e+30 1.642400000000000145e+36 1.645999999999999908e+00 3.311510000000000012e+28
2.266760000000000000e+12 2.601960000000000169e+30 1.353919999999999923e+36 1.629999999999999893e+00 3.027880000000000052e+28
4.299000000000000000e+11 7.805000000000000069e+29 2.572000000000000181e+35 1.330000000000000071e+00 1.506450000000000062e+28
4.188000000000000000e+11 7.537999999999999717e+29 2.505999999999999897e+35 1.330000000000000071e+00 1.455129999999999927e+28
3.325000000000000000e+11 5.815999999999999745e+29 1.990000000000000163e+35 1.330000000000000071e+00 1.165809999999999924e+28
2.640000000000000000e+11 4.472999999999999815e+29 1.581000000000000083e+35 1.330000000000000071e+00 9.297799999999999813e+27
2.096000000000000000e+11 3.289999999999999843e+29 1.256000000000000028e+35 1.330000000000000071e+00 6.841069999999999801e+27
1.844000000000000000e+11 2.892000000000000018e+29 1.105000000000000000e+35 1.330000000000000071e+00 6.221810000000000396e+27
1.664000000000000000e+11 2.597000000000000095e+29 9.975999999999999784e+34 1.330000000000000071e+00 3.996079999999999920e+27
1.322000000000000000e+11 2.033000000000000102e+29 7.923999999999999875e+34 1.330000000000000071e+00 3.293160000000000158e+27
1.049000000000000000e+11 1.494999999999999961e+29 6.294000000000000085e+34 1.330000000000000071e+00 2.422460000000000012e+27
8.332000000000000000e+10 1.100000000000000064e+29 4.999999999999999843e+34 1.330000000000000071e+00 1.782300000000000002e+27
6.617000000000000000e+10 8.088999999999999432e+28 3.971999999999999897e+34 1.330000000000000071e+00 1.311289999999999924e+27
5.254000000000000000e+10 5.949000000000000344e+28 3.155000000000000010e+34 1.330000000000000071e+00 9.646129999999999985e+26
4.172000000000000000e+10 4.628000000000000126e+28 2.505999999999999897e+34 1.330000000000000071e+00 7.875200000000000595e+26
3.313000000000000000e+10 3.403999999999999866e+28 1.989999999999999932e+34 1.330000000000000071e+00 5.791050000000000196e+26
2.631000000000000000e+10 2.502999999999999803e+28 1.580999999999999991e+34 1.330000000000000071e+00 4.261170000000000143e+26
2.090000000000000000e+10 1.938000000000000082e+28 1.255999999999999936e+34 1.330000000000000071e+00 3.451690000000000088e+26
1.659000000000000000e+10 1.425000000000000067e+28 9.976000000000000246e+33 1.330000000000000071e+00 2.538950000000000110e+26
1.318000000000000000e+10 1.048000000000000007e+28 7.924000000000000337e+33 1.330000000000000071e+00 1.867689999999999969e+26
1.046000000000000000e+10 7.701999999999999683e+27 6.294000000000000085e+33 1.330000000000000071e+00 1.373879999999999975e+26
8.312000000000000000e+09 5.662000000000000348e+27 4.999999999999999728e+33 1.330000000000000071e+00 1.010819999999999921e+26
6.601000000000000000e+09 4.362000000000000029e+27 3.972000000000000127e+33 1.330000000000000071e+00 8.130089999999999436e+25
4.164000000000000000e+09 2.356000000000000079e+27 2.505999999999999955e+33 1.330000000000000071e+00 4.399369999999999874e+25
2.626000000000000000e+09 1.272000000000000034e+27 1.580999999999999991e+33 1.330000000000000071e+00 2.380450000000000180e+25
1.657000000000000000e+09 6.859999999999999767e+26 9.975999999999999957e+32 1.330000000000000071e+00 1.288319999999999913e+25
1.316000000000000000e+09 5.036000000000000296e+26 7.924000000000000337e+32 1.330000000000000071e+00 9.477099999999999527e+24
1.045000000000000000e+09 4.128999999999999924e+26 6.293999999999999941e+32 1.330000000000000071e+00 6.794269999999999770e+24
8.301000000000000000e+08 3.039000000000000162e+26 4.999999999999999728e+32 1.330000000000000071e+00 4.998809999999999830e+24
5.237000000000000000e+08 1.628999999999999891e+26 3.154999999999999923e+32 1.330000000000000071e+00 2.705450000000000161e+24
3.304000000000000000e+08 8.737999999999999925e+25 1.990000000000000076e+32 1.330000000000000071e+00 1.463449999999999964e+24
2.624000000000000000e+08 6.675999999999999817e+25 1.580999999999999919e+32 1.330000000000000071e+00 1.123400000000000065e+24
1.315000000000000000e+08 2.603999999999999941e+25 7.923999999999999616e+31 1.330000000000000071e+00 4.472499999999999827e+23
6.589000000000000000e+07 1.006000000000000014e+25 3.972000000000000199e+31 1.330000000000000071e+00 1.780890000000000165e+23
3.302000000000000000e+07 3.832999999999999839e+24 1.989999999999999986e+31 1.330000000000000071e+00 7.086450000000000092e+22
1.655000000000000000e+07 1.435000000000000086e+24 9.975999999999999642e+30 1.330000000000000071e+00 2.822060000000000131e+22
8.293000000000000000e+06 5.250000000000000315e+23 4.999999999999999818e+30 1.330000000000000071e+00 1.123529999999999934e+22
6.588000000000000000e+06 3.910999999999999759e+23 3.972000000000000087e+30 1.330000000000000071e+00 8.163429999999999541e+21
2.622000000000000000e+06 9.754999999999999214e+22 1.581000000000000009e+30 1.330000000000000071e+00 2.390210000000000197e+21
1.044000000000000000e+06 2.318000000000000105e+22 6.293999999999999902e+29 1.330000000000000071e+00 6.999960000000000000e+20
4.156000000000000000e+05 5.265999999999999476e+21 2.505999999999999907e+29 1.330000000000000071e+00 2.050380000000000000e+20
1.654000000000000000e+05 1.151000000000000000e+21 9.976000000000000768e+28 1.330000000000000071e+00 6.004390000000000000e+19
6.587000000000000000e+04 2.431000000000000000e+20 3.972000000000000263e+28 1.330000000000000071e+00 1.758760000000000000e+19
2.622000000000000000e+04 4.968000000000000000e+19 1.581000000000000061e+28 1.330000000000000071e+00 5.149550000000000000e+18
1.044000000000000000e+04 9.744000000000000000e+18 6.294999999999999717e+27 1.330000000000000071e+00 1.508420000000000000e+18
