9.610907668200000000e+15 7.726031628299999926e+36 1.995439999999999947e+39 1.000000000000000000e+00 0.000000000000000000e+00
9.562803658200000000e+15 7.682738019300000283e+36 1.990440000000000115e+39 1.000000000000000000e+00 0.000000000000000000e+00
9.514820334200000000e+15 7.639553027700000523e+36 1.985439999999999980e+39 1.000000000000000000e+00 0.000000000000000000e+00
9.466957696200000000e+15 7.596476653499999465e+36 1.980440000000000147e+39 1.000000000000000000e+00 0.000000000000000000e+00
9.419215744300000000e+15 7.553508896800000303e+36 1.975440000000000012e+39 1.000000000000000000e+00 0.000000000000000000e+00
9.371594478500000000e+15 7.510649757599999496e+36 1.970439999999999877e+39 1.000000000000000000e+00 0.000000000000000000e+00
9.324093898700000000e+15 7.467899235700000100e+36 1.965440000000000044e+39 1.000000000000000000e+00 0.000000000000000000e+00
9.276714004900000000e+15 7.425257331300000238e+36 1.960439999999999909e+39 1.000000000000000000e+00 0.000000000000000000e+00
9.229454797200000000e+15 7.382724044399999912e+36 1.955440000000000077e+39 1.000000000000000000e+00 0.000000000000000000e+00
9.182316275500000000e+15 7.340299374899999468e+36 1.950439999999999942e+39 1.000000000000000000e+00 0.000000000000000000e+00
9.135298439900000000e+15 7.297983322800000088e+36 1.945440000000000109e+39 1.000000000000000000e+00 0.000000000000000000e+00
9.088401290300000000e+15 7.255775888200000243e+36 1.940439999999999974e+39 1.000000000000000000e+00 0.000000000000000000e+00
9.041624826800000000e+15 7.213677071099999933e+36 1.935440000000000141e+39 1.000000000000000000e+00 0.000000000000000000e+00
8.994969049300000000e+15 7.171686871299999853e+36 1.930440000000000006e+39 1.000000000000000000e+00 0.000000000000000000e+00
8.948433957900000000e+15 7.129805289000000489e+36 1.925439999999999871e+39 1.000000000000000000e+00 0.000000000000000000e+00
8.902019552500000000e+15 7.088032324199999480e+36 1.920440000000000039e+39 1.000000000000000000e+00 0.000000000000000000e+00
8.855725833200000000e+15 7.046367976799999533e+36 1.915439999999999904e+39 1.000000000000000000e+00 0.000000000000000000e+00
8.809552799900000000e+15 7.004812246799999470e+36 1.910440000000000071e+39 1.000000000000000000e+00 0.000000000000000000e+00
8.763500452600000000e+15 6.963365134300000122e+36 1.905439999999999936e+39 1.000000000000000000e+00 0.000000000000000000e+00
8.717568791400000000e+15 6.922026639199999476e+36 1.900440000000000103e+39 1.000000000000000000e+00 0.000000000000000000e+00
8.671757816300000000e+15 6.880796761599999546e+36 1.895439999999999968e+39 1.000000000000000000e+00 0.000000000000000000e+00
8.626067527200000000e+15 6.839675501399999498e+36 1.890440000000000136e+39 1.000000000000000000e+00 0.000000000000000000e+00
8.580497924100000000e+15 6.798662858600000514e+36 1.885440000000000001e+39 1.000000000000000000e+00 0.000000000000000000e+00
8.535049007100000000e+15 6.757758833299999885e+36 1.880439999999999866e+39 1.000000000000000000e+00 0.000000000000000000e+00
8.489720776100000000e+15 6.716963425400000318e+36 1.875440000000000033e+39 1.000000000000000000e+00 0.000000000000000000e+00
8.444513231200000000e+15 6.676276635000000287e+36 1.870439999999999898e+39 1.000000000000000000e+00 0.000000000000000000e+00
8.399426372300000000e+15 6.635698462000000138e+36 1.865440000000000066e+39 1.000000000000000000e+00 0.000000000000000000e+00
8.354460199500000000e+15 6.595228906499999525e+36 1.860439999999999931e+39 1.000000000000000000e+00 0.000000000000000000e+00
8.309614712700000000e+15 6.554867968399999974e+36 1.855440000000000098e+39 1.000000000000000000e+00 0.000000000000000000e+00
8.264889912000000000e+15 6.514615647700000307e+36 1.850439999999999963e+39 1.000000000000000000e+00 0.000000000000000000e+00
8.220285797300000000e+15 6.474471944500000174e+36 1.845440000000000130e+39 1.000000000000000000e+00 0.000000000000000000e+00
8.175802368700000000e+15 6.434436858699999925e+36 1.840439999999999995e+39 1.000000000000000000e+00 0.000000000000000000e+00
8.131439626100000000e+15 6.394510390400000390e+36 1.835439999999999860e+39 1.000000000000000000e+00 0.000000000000000000e+00
8.087197569600000000e+15 6.354692539499999558e+36 1.830440000000000028e+39 1.000000000000000000e+00 0.000000000000000000e+00
8.043076199100000000e+15 6.314983306099999442e+36 1.825439999999999893e+39 1.000000000000000000e+00 0.000000000000000000e+00
7.999075514600000000e+15 6.275382690100000389e+36 1.820440000000000060e+39 1.000000000000000000e+00 0.000000000000000000e+00
7.955195516200000000e+15 6.235890691500000038e+36 1.815439999999999925e+39 1.000000000000000000e+00 0.000000000000000000e+00
7.911436203800000000e+15 6.196507310400000403e+36 1.810440000000000092e+39 1.000000000000000000e+00 0.000000000000000000e+00
7.867797577500000000e+15 6.157232546699999470e+36 1.805439999999999957e+39 1.000000000000000000e+00 0.000000000000000000e+00
7.824279637300000000e+15 6.118066400500000433e+36 1.800440000000000125e+39 1.000000000000000000e+00 0.000000000000000000e+00
7.780882383100000000e+15 6.079008871700000098e+36 1.795439999999999990e+39 1.000000000000000000e+00 0.000000000000000000e+00
7.737605814900000000e+15 6.040059960299999646e+36 1.790439999999999855e+39 1.000000000000000000e+00 0.000000000000000000e+00
7.694449932800000000e+15 6.001219666399999909e+36 1.785440000000000022e+39 1.000000000000000000e+00 0.000000000000000000e+00
7.651414736700000000e+15 5.962487989999999708e+36 1.780439999999999887e+39 1.000000000000000000e+00 0.000000000000000000e+00
7.608500226700000000e+15 5.923864930899999737e+36 1.775440000000000054e+39 1.000000000000000000e+00 0.000000000000000000e+00
7.565706402700000000e+15 5.885350489300000482e+36 1.770439999999999919e+39 1.000000000000000000e+00 0.000000000000000000e+00
7.523033264800000000e+15 5.846944665199999581e+36 1.765440000000000087e+39 1.000000000000000000e+00 0.000000000000000000e+00
7.480480812900000000e+15 5.808647458499999743e+36 1.760439999999999952e+39 1.000000000000000000e+00 0.000000000000000000e+00
7.438049047000000000e+15 5.770458869299999440e+36 1.755440000000000119e+39 1.000000000000000000e+00 0.000000000000000000e+00
7.395737967200000000e+15 5.732378897400000549e+36 1.750439999999999984e+39 1.000000000000000000e+00 0.000000000000000000e+00
7.353547573500000000e+15 5.694407543099999664e+36 1.745439999999999849e+39 1.000000000000000000e+00 0.000000000000000000e+00
7.311477865800000000e+15 5.656544806100000190e+36 1.740440000000000016e+39 1.000000000000000000e+00 0.000000000000000000e+00
7.269528844100000000e+15 5.618790686600000252e+36 1.735439999999999881e+39 1.000000000000000000e+00 0.000000000000000000e+00
7.227700508500000000e+15 5.581145184599999848e+36 1.730440000000000049e+39 1.000000000000000000e+00 0.000000000000000000e+00
7.185992859000000000e+15 5.543608300000000507e+36 1.725439999999999914e+39 1.000000000000000000e+00 0.000000000000000000e+00
7.144405895500000000e+15 5.506180032799999869e+36 1.720440000000000081e+39 1.000000000000000000e+00 0.000000000000000000e+00
7.102939618000000000e+15 5.468860383099999946e+36 1.715439999999999946e+39 1.000000000000000000e+00 0.000000000000000000e+00
7.061594026600000000e+15 5.431649350799999906e+36 1.710440000000000113e+39 1.000000000000000000e+00 0.000000000000000000e+00
7.020369121200000000e+15 5.394546936000000582e+36 1.705439999999999978e+39 1.000000000000000000e+00 0.000000000000000000e+00
6.979264901900000000e+15 5.357553138599999960e+36 1.700440000000000146e+39 1.000000000000000000e+00 0.000000000000000000e+00
6.938281368600000000e+15 5.320667958700000053e+36 1.695440000000000011e+39 1.000000000000000000e+00 0.000000000000000000e+00
6.897418521400000000e+15 5.283891396200000029e+36 1.690439999999999876e+39 1.000000000000000000e+00 0.000000000000000000e+00
6.856676360200000000e+15 5.247223451099999888e+36 1.685440000000000043e+39 1.000000000000000000e+00 0.000000000000000000e+00
6.816054885000000000e+15 5.210664123499999873e+36 1.680439999999999908e+39 1.000000000000000000e+00 0.000000000000000000e+00
6.775554095900000000e+15 5.174213413299999740e+36 1.675440000000000075e+39 1.000000000000000000e+00 0.000000000000000000e+00
6.735173992900000000e+15 5.137871320500000080e+36 1.670439999999999941e+39 1.000000000000000000e+00 0.000000000000000000e+00
6.694914575900000000e+15 5.101637845199999955e+36 1.665440000000000108e+39 1.000000000000000000e+00 0.000000000000000000e+00
6.654775845000000000e+15 5.065512987399999955e+36 1.660439999999999973e+39 1.000000000000000000e+00 0.000000000000000000e+00
6.614757800100000000e+15 5.029496746999999838e+36 1.655440000000000140e+39 1.000000000000000000e+00 0.000000000000000000e+00
6.574860441200000000e+15 4.993589124000000194e+36 1.650440000000000005e+39 1.000000000000000000e+00 0.000000000000000000e+00
6.535083768400000000e+15 4.957790118500000085e+36 1.645439999999999870e+39 1.000000000000000000e+00 0.000000000000000000e+00
6.495427781600000000e+15 4.922099730399999859e+36 1.640440000000000038e+39 1.000000000000000000e+00 0.000000000000000000e+00
6.455892480900000000e+15 4.886517959700000106e+36 1.635439999999999903e+39 1.000000000000000000e+00 0.000000000000000000e+00
6.416477866200000000e+15 4.851044806499999888e+36 1.630440000000000070e+39 1.000000000000000000e+00 0.000000000000000000e+00
6.377183937600000000e+15 4.815680270799999795e+36 1.625439999999999935e+39 1.000000000000000000e+00 0.000000000000000000e+00
6.338010695000000000e+15 4.780424352500000176e+36 1.620440000000000102e+39 1.000000000000000000e+00 0.000000000000000000e+00
6.298958138500000000e+15 4.745277051599999848e+36 1.615439999999999967e+39 1.000000000000000000e+00 0.000000000000000000e+00
6.260026268000000000e+15 4.710238368200000237e+36 1.610440000000000135e+39 1.000000000000000000e+00 0.000000000000000000e+00
6.221215083600000000e+15 4.675308302199999917e+36 1.605440000000000000e+39 1.000000000000000000e+00 0.000000000000000000e+00
6.182524585200000000e+15 4.640486853600000071e+36 1.600439999999999865e+39 1.000000000000000000e+00 0.000000000000000000e+00
6.143954772900000000e+15 4.605774022499999760e+36 1.595440000000000032e+39 1.000000000000000000e+00 0.000000000000000000e+00
6.105505646600000000e+15 4.571169808799999922e+36 1.590439999999999897e+39 1.000000000000000000e+00 0.000000000000000000e+00
6.067177206300000000e+15 4.536674212600000209e+36 1.585440000000000064e+39 1.000000000000000000e+00 0.000000000000000000e+00
6.028969452100000000e+15 4.502287233799999789e+36 1.580439999999999929e+39 1.000000000000000000e+00 0.000000000000000000e+00
5.990882384000000000e+15 4.468008872500000084e+36 1.575440000000000097e+39 1.000000000000000000e+00 0.000000000000000000e+00
5.952916001900000000e+15 4.433839128600000262e+36 1.570439999999999962e+39 1.000000000000000000e+00 0.000000000000000000e+00
5.915070305800000000e+15 4.399778002099999733e+36 1.565440000000000129e+39 1.000000000000000000e+00 0.000000000000000000e+00
5.877345295800000000e+15 4.365825493099999919e+36 1.560439999999999994e+39 1.000000000000000000e+00 0.000000000000000000e+00
5.839740971800000000e+15 4.331981601600000230e+36 1.555439999999999859e+39 1.000000000000000000e+00 0.000000000000000000e+00
5.802257333900000000e+15 4.298246327400000182e+36 1.550440000000000026e+39 1.000000000000000000e+00 0.000000000000000000e+00
5.764894382000000000e+15 4.264619670799999910e+36 1.545439999999999891e+39 1.000000000000000000e+00 0.000000000000000000e+00
5.727652116200000000e+15 4.231101631499999870e+36 1.540440000000000059e+39 1.000000000000000000e+00 0.000000000000000000e+00
5.690530536400000000e+15 4.197692209699999955e+36 1.535439999999999924e+39 1.000000000000000000e+00 0.000000000000000000e+00
5.653529642700000000e+15 4.164391405299999923e+36 1.530440000000000091e+39 1.000000000000000000e+00 0.000000000000000000e+00
5.616649435000000000e+15 4.131199218400000016e+36 1.525439999999999956e+39 1.000000000000000000e+00 0.000000000000000000e+00
5.579889913400000000e+15 4.098115649000000234e+36 1.520440000000000123e+39 1.000000000000000000e+00 0.000000000000000000e+00
5.543251077800000000e+15 4.065140696900000092e+36 1.515439999999999988e+39 1.000000000000000000e+00 0.000000000000000000e+00
5.506732928200000000e+15 4.032274362300000076e+36 1.510439999999999853e+39 1.000000000000000000e+00 0.000000000000000000e+00
5.470335464700000000e+15 3.999516645200000185e+36 1.505440000000000021e+39 1.000000000000000000e+00 0.000000000000000000e+00
5.434058687300000000e+15 3.966867545500000177e+36 1.500439999999999886e+39 1.000000000000000000e+00 0.000000000000000000e+00
5.397902595900000000e+15 3.934327063200000051e+36 1.495440000000000053e+39 1.000000000000000000e+00 0.000000000000000000e+00
5.361867190500000000e+15 3.901895198400000051e+36 1.490439999999999918e+39 1.000000000000000000e+00 0.000000000000000000e+00
5.325952471200000000e+15 3.869571950999999934e+36 1.485440000000000085e+39 1.000000000000000000e+00 0.000000000000000000e+00
5.290158437900000000e+15 3.837357321099999941e+36 1.480439999999999950e+39 1.000000000000000000e+00 0.000000000000000000e+00
5.254485090700000000e+15 3.805251308599999832e+36 1.475440000000000118e+39 1.000000000000000000e+00 0.000000000000000000e+00
5.218932429600000000e+15 3.773253913500000196e+36 1.470439999999999983e+39 1.000000000000000000e+00 0.000000000000000000e+00
5.183500454400000000e+15 3.741365135900000095e+36 1.465440000000000150e+39 1.000000000000000000e+00 0.000000000000000000e+00
5.148189165400000000e+15 3.709584975699999876e+36 1.460440000000000015e+39 1.000000000000000000e+00 0.000000000000000000e+00
5.112998562300000000e+15 3.677913432999999783e+36 1.455439999999999880e+39 1.000000000000000000e+00 0.000000000000000000e+00
5.077928645300000000e+15 3.646350507700000162e+36 1.450440000000000047e+39 1.000000000000000000e+00 0.000000000000000000e+00
5.042979414400000000e+15 3.614896199900000077e+36 1.445439999999999913e+39 1.000000000000000000e+00 0.000000000000000000e+00
5.008150869500000000e+15 3.583550509499999875e+36 1.440440000000000080e+39 1.000000000000000000e+00 0.000000000000000000e+00
4.973443010700000000e+15 3.552313436500000145e+36 1.435439999999999945e+39 1.000000000000000000e+00 0.000000000000000000e+00
4.938855837900000000e+15 3.521184980999999951e+36 1.430440000000000112e+39 1.000000000000000000e+00 0.000000000000000000e+00
4.904389351100000000e+15 3.490165142900000230e+36 1.425439999999999977e+39 1.000000000000000000e+00 0.000000000000000000e+00
4.870043550400000000e+15 3.459253922300000043e+36 1.420440000000000144e+39 1.000000000000000000e+00 0.000000000000000000e+00
4.835818435800000000e+15 3.428451319099999740e+36 1.415440000000000010e+39 1.000000000000000000e+00 0.000000000000000000e+00
4.801714007200000000e+15 3.397757333400000151e+36 1.410439999999999875e+39 1.000000000000000000e+00 0.000000000000000000e+00
4.767730264600000000e+15 3.367171965099999856e+36 1.405440000000000042e+39 1.000000000000000000e+00 0.000000000000000000e+00
4.733867208100000000e+15 3.336695214200000033e+36 1.400439999999999907e+39 1.000000000000000000e+00 0.000000000000000000e+00
4.700124837600000000e+15 3.306327080799999746e+36 1.395440000000000074e+39 1.000000000000000000e+00 0.000000000000000000e+00
4.666503153200000000e+15 3.276067564799999931e+36 1.390439999999999939e+39 1.000000000000000000e+00 0.000000000000000000e+00
4.633002154800000000e+15 3.245916666300000242e+36 1.385440000000000107e+39 1.000000000000000000e+00 0.000000000000000000e+00
4.599621842500000000e+15 3.215874385199999845e+36 1.380439999999999972e+39 1.000000000000000000e+00 0.000000000000000000e+00
4.566362216200000000e+15 3.185940721499999922e+36 1.375440000000000139e+39 1.000000000000000000e+00 0.000000000000000000e+00
4.533223276000000000e+15 3.156115675300000123e+36 1.370440000000000004e+39 1.000000000000000000e+00 0.000000000000000000e+00
4.500205021800000000e+15 3.126399246599999860e+36 1.365439999999999869e+39 1.000000000000000000e+00 0.000000000000000000e+00
4.467307453700000000e+15 3.096791435199999827e+36 1.360440000000000036e+39 1.000000000000000000e+00 0.000000000000000000e+00
4.434530571600000000e+15 3.067292241299999920e+36 1.355440000000000052e+39 1.000000000000000000e+00 0.000000000000000000e+00
4.401874375500000000e+15 3.037901664900000137e+36 1.350440000000000069e+39 1.000000000000000000e+00 0.000000000000000000e+00
4.369338865500000000e+15 3.008619705900000238e+36 1.345439999999999934e+39 1.000000000000000000e+00 0.000000000000000000e+00
4.336924041600000000e+15 2.979446364300000221e+36 1.340439999999999950e+39 1.000000000000000000e+00 0.000000000000000000e+00
4.304629903700000000e+15 2.950381640199999739e+36 1.335439999999999966e+39 1.000000000000000000e+00 0.000000000000000000e+00
4.272456451800000000e+15 2.921425533599999973e+36 1.330439999999999982e+39 1.000000000000000000e+00 0.000000000000000000e+00
4.240403686000000000e+15 2.892578044299999847e+36 1.325439999999999998e+39 1.000000000000000000e+00 0.000000000000000000e+00
4.208471606200000000e+15 2.863839172499999846e+36 1.320440000000000014e+39 1.000000000000000000e+00 0.000000000000000000e+00
4.176660212500000000e+15 2.835208918199999971e+36 1.315440000000000031e+39 1.000000000000000000e+00 0.000000000000000000e+00
4.144969504900000000e+15 2.806687281299999978e+36 1.310440000000000047e+39 1.000000000000000000e+00 0.000000000000000000e+00
4.113399483200000000e+15 2.778274261799999868e+36 1.305440000000000063e+39 1.000000000000000000e+00 0.000000000000000000e+00
4.081950147600000000e+15 2.749969859799999884e+36 1.300439999999999928e+39 1.000000000000000000e+00 0.000000000000000000e+00
4.050621498100000000e+15 2.721774075199999782e+36 1.295439999999999944e+39 1.000000000000000000e+00 0.000000000000000000e+00
4.019413534600000000e+15 2.693686908099999805e+36 1.290439999999999960e+39 1.000000000000000000e+00 0.000000000000000000e+00
3.988326257200000000e+15 2.665708358399999712e+36 1.285439999999999977e+39 1.000000000000000000e+00 0.000000000000000000e+00
3.957359665800000000e+15 2.637838426200000038e+36 1.280439999999999993e+39 1.000000000000000000e+00 0.000000000000000000e+00
3.926513760500000000e+15 2.610077111300000005e+36 1.275440000000000009e+39 1.000000000000000000e+00 0.000000000000000000e+00
3.895788541200000000e+15 2.582424414000000045e+36 1.270440000000000025e+39 1.000000000000000000e+00 0.000000000000000000e+00
3.865184007900000000e+15 2.554880334099999967e+36 1.265440000000000041e+39 1.000000000000000000e+00 0.000000000000000000e+00
3.834700160700000000e+15 2.527444871600000067e+36 1.260440000000000057e+39 1.000000000000000000e+00 0.000000000000000000e+00
3.804336999600000000e+15 2.500118026500000050e+36 1.255440000000000074e+39 1.000000000000000000e+00 0.000000000000000000e+00
3.774094524500000000e+15 2.472899798899999863e+36 1.250439999999999939e+39 1.000000000000000000e+00 0.000000000000000000e+00
3.743972735400000000e+15 2.445790188800000097e+36 1.245439999999999955e+39 1.000000000000000000e+00 0.000000000000000000e+00
3.713971632400000000e+15 2.418789196099999918e+36 1.240439999999999971e+39 1.000000000000000000e+00 0.000000000000000000e+00
3.684091215400000000e+15 2.391896820799999917e+36 1.235439999999999987e+39 1.000000000000000000e+00 0.000000000000000000e+00
3.654331484500000000e+15 2.365113063000000041e+36 1.230440000000000003e+39 1.000000000000000000e+00 0.000000000000000000e+00
3.624692439600000000e+15 2.338437922600000049e+36 1.225440000000000019e+39 1.000000000000000000e+00 0.000000000000000000e+00
3.595174080800000000e+15 2.311871399599999939e+36 1.220440000000000036e+39 1.000000000000000000e+00 0.000000000000000000e+00
3.565776408000000000e+15 2.285413494099999954e+36 1.215440000000000052e+39 1.000000000000000000e+00 0.000000000000000000e+00
3.536499421300000000e+15 2.259064206100000094e+36 1.210440000000000068e+39 1.000000000000000000e+00 0.000000000000000000e+00
3.507343120600000000e+15 2.232823535500000117e+36 1.205439999999999933e+39 1.000000000000000000e+00 0.000000000000000000e+00
3.478307505900000000e+15 2.206691482300000023e+36 1.200439999999999949e+39 1.000000000000000000e+00 0.000000000000000000e+00
3.449392577400000000e+15 2.180668046500000107e+36 1.195439999999999965e+39 1.000000000000000000e+00 0.000000000000000000e+00
3.420598334800000000e+15 2.154753228299999969e+36 1.190439999999999982e+39 1.000000000000000000e+00 0.000000000000000000e+00
3.391924778300000000e+15 2.128947027400000061e+36 1.185439999999999998e+39 1.000000000000000000e+00 0.000000000000000000e+00
3.363371907900000000e+15 2.103249443999999983e+36 1.180440000000000014e+39 1.000000000000000000e+00 0.000000000000000000e+00
3.334939723400000000e+15 2.077660478000000083e+36 1.175440000000000030e+39 1.000000000000000000e+00 0.000000000000000000e+00
3.306628225100000000e+15 2.052180129500000013e+36 1.170440000000000046e+39 1.000000000000000000e+00 0.000000000000000000e+00
3.278437412800000000e+15 2.026808398400000121e+36 1.165440000000000062e+39 1.000000000000000000e+00 0.000000000000000000e+00
3.250367286500000000e+15 2.001545284800000059e+36 1.160439999999999927e+39 1.000000000000000000e+00 0.000000000000000000e+00
3.222417846300000000e+15 1.976390788599999880e+36 1.155439999999999944e+39 1.000000000000000000e+00 0.000000000000000000e+00
3.194589092100000000e+15 1.951344909799999879e+36 1.150439999999999960e+39 1.000000000000000000e+00 0.000000000000000000e+00
3.166881024000000000e+15 1.926407648500000003e+36 1.145439999999999976e+39 1.000000000000000000e+00 0.000000000000000000e+00
3.139293641900000000e+15 1.901579004699999957e+36 1.140439999999999992e+39 1.000000000000000000e+00 0.000000000000000000e+00
3.111826945900000000e+15 1.876858978200000142e+36 1.135440000000000008e+39 1.000000000000000000e+00 0.000000000000000000e+00
3.084480935900000000e+15 1.852247569199999862e+36 1.130440000000000024e+39 1.000000000000000000e+00 0.000000000000000000e+00
3.057255612000000000e+15 1.827744777700000002e+36 1.125440000000000041e+39 1.000000000000000000e+00 0.000000000000000000e+00
3.030150974100000000e+15 1.803350603600000025e+36 1.120440000000000057e+39 1.000000000000000000e+00 0.000000000000000000e+00
3.003167022200000000e+15 1.779065046899999930e+36 1.115440000000000073e+39 1.000000000000000000e+00 0.000000000000000000e+00
2.976303756400000000e+15 1.754888107699999961e+36 1.110439999999999938e+39 1.000000000000000000e+00 0.000000000000000000e+00
2.949561176700000000e+15 1.730819785899999875e+36 1.105439999999999954e+39 1.000000000000000000e+00 0.000000000000000000e+00
2.922939283000000000e+15 1.706860081599999914e+36 1.100439999999999970e+39 1.000000000000000000e+00 0.000000000000000000e+00
2.896438075300000000e+15 1.683008994700000131e+36 1.095439999999999987e+39 1.000000000000000000e+00 0.000000000000000000e+00
2.870057553700000000e+15 1.659266525299999883e+36 1.090440000000000003e+39 1.000000000000000000e+00 0.000000000000000000e+00
2.843797718200000000e+15 1.635632673300000108e+36 1.085440000000000019e+39 1.000000000000000000e+00 0.000000000000000000e+00
2.817658568600000000e+15 1.612107438699999921e+36 1.080440000000000035e+39 1.000000000000000000e+00 0.000000000000000000e+00
2.791640105200000000e+15 1.588690821599999859e+36 1.075440000000000051e+39 1.000000000000000000e+00 0.000000000000000000e+00
2.765742327800000000e+15 1.565382821899999974e+36 1.070440000000000067e+39 1.000000000000000000e+00 0.000000000000000000e+00
2.739965236400000000e+15 1.542183439699999920e+36 1.065439999999999932e+39 1.000000000000000000e+00 0.000000000000000000e+00
2.714308831000000000e+15 1.519092674900000044e+36 1.060439999999999949e+39 1.000000000000000000e+00 0.000000000000000000e+00
2.688773111800000000e+15 1.496110527500000051e+36 1.055439999999999965e+39 1.000000000000000000e+00 0.000000000000000000e+00
2.663358078500000000e+15 1.473236997599999888e+36 1.050439999999999981e+39 1.000000000000000000e+00 0.000000000000000000e+00
2.638063731300000000e+15 1.450472085099999902e+36 1.045439999999999997e+39 1.000000000000000000e+00 0.000000000000000000e+00
2.612890070200000000e+15 1.427815790100000042e+36 1.040440000000000013e+39 1.000000000000000000e+00 0.000000000000000000e+00
2.587837095100000000e+15 1.405268112500000065e+36 1.035440000000000029e+39 1.000000000000000000e+00 0.000000000000000000e+00
2.562904806100000000e+15 1.382829052399999918e+36 1.030440000000000046e+39 1.000000000000000000e+00 0.000000000000000000e+00
2.538093203100000000e+15 1.360498609699999948e+36 1.025440000000000062e+39 1.000000000000000000e+00 0.000000000000000000e+00
2.513402286100000000e+15 1.338276784399999862e+36 1.020439999999999927e+39 1.000000000000000000e+00 0.000000000000000000e+00
2.488832055200000000e+15 1.316163576600000048e+36 1.015439999999999943e+39 1.000000000000000000e+00 0.000000000000000000e+00
2.464382510300000000e+15 1.294158986199999970e+36 1.010439999999999959e+39 1.000000000000000000e+00 0.000000000000000000e+00
2.440053651500000000e+15 1.272263013300000017e+36 1.005439999999999975e+39 1.000000000000000000e+00 0.000000000000000000e+00
2.415845478800000000e+15 1.250475657799999946e+36 1.000439999999999991e+39 1.000000000000000000e+00 0.000000000000000000e+00
2.391757992000000000e+15 1.228796919800000001e+36 9.954400000000000076e+38 1.000000000000000000e+00 0.000000000000000000e+00
2.367791191400000000e+15 1.207226799199999939e+36 9.904400000000000238e+38 1.000000000000000000e+00 0.000000000000000000e+00
2.343945076700000000e+15 1.185765296000000055e+36 9.854400000000000400e+38 1.000000000000000000e+00 0.000000000000000000e+00
2.320219648200000000e+15 1.164412410300000000e+36 9.804400000000000562e+38 1.000000000000000000e+00 0.000000000000000000e+00
2.296614905600000000e+15 1.143168141999999976e+36 9.754400000000000723e+38 1.000000000000000000e+00 0.000000000000000000e+00
2.273130849200000000e+15 1.122032491199999930e+36 9.704399999999999374e+38 1.000000000000000000e+00 0.000000000000000000e+00
2.249767478700000000e+15 1.101005457800000062e+36 9.654399999999999535e+38 1.000000000000000000e+00 0.000000000000000000e+00
2.226524794300000000e+15 1.080087041799999929e+36 9.604399999999999697e+38 1.000000000000000000e+00 0.000000000000000000e+00
2.203402796000000000e+15 1.059277243300000068e+36 9.554399999999999859e+38 1.000000000000000000e+00 0.000000000000000000e+00
2.180401483700000000e+15 1.038576062199999943e+36 9.504400000000000020e+38 1.000000000000000000e+00 0.000000000000000000e+00
2.157520857400000000e+15 1.017983498599999943e+36 9.454400000000000182e+38 1.000000000000000000e+00 0.000000000000000000e+00
2.134760917200000000e+15 9.974995524299999875e+35 9.404400000000000344e+38 1.000000000000000000e+00 0.000000000000000000e+00
2.112121663100000000e+15 9.771242236899999282e+35 9.354400000000000506e+38 1.000000000000000000e+00 0.000000000000000000e+00
2.089603095000000000e+15 9.568575123899999667e+35 9.304400000000000667e+38 1.000000000000000000e+00 0.000000000000000000e+00
2.067205212900000000e+15 9.366994185400000093e+35 9.254399999999999318e+38 1.000000000000000000e+00 0.000000000000000000e+00
2.044928016900000000e+15 9.166499421199999484e+35 9.204399999999999479e+38 1.000000000000000000e+00 0.000000000000000000e+00
2.022771506900000000e+15 8.967090831500000390e+35 9.154399999999999641e+38 1.000000000000000000e+00 0.000000000000000000e+00
2.000735683000000000e+15 8.768768416199999324e+35 9.104399999999999803e+38 1.000000000000000000e+00 0.000000000000000000e+00
1.978820545100000000e+15 8.571532175300000711e+35 9.054399999999999965e+38 1.000000000000000000e+00 0.000000000000000000e+00
1.957026093300000000e+15 8.375382108800000126e+35 9.004400000000000126e+38 1.000000000000000000e+00 0.000000000000000000e+00
1.935352327500000000e+15 8.180318216799999580e+35 8.954400000000000288e+38 1.000000000000000000e+00 0.000000000000000000e+00
1.913799247800000000e+15 7.986340499200000013e+35 8.904400000000000450e+38 1.000000000000000000e+00 0.000000000000000000e+00
1.892366854100000000e+15 7.793448955999999948e+35 8.854400000000000611e+38 1.000000000000000000e+00 0.000000000000000000e+00
1.871055146400000000e+15 7.601643587199999386e+35 8.804399999999999262e+38 1.000000000000000000e+00 0.000000000000000000e+00
1.849864124800000000e+15 7.410924392900000340e+35 8.754399999999999423e+38 1.000000000000000000e+00 0.000000000000000000e+00
1.828793789300000000e+15 7.221291372900000259e+35 8.704399999999999585e+38 3.262443438900000103e+00 0.000000000000000000e+00
1.813722908900000000e+15 7.086840186599999973e+35 8.654399999999999747e+38 3.262443438900000103e+00 0.000000000000000000e+00
1.798737775700000000e+15 6.954134982699999822e+35 8.604399999999999909e+38 3.262443438900000103e+00 0.000000000000000000e+00
1.783837764700000000e+15 6.823163036199999876e+35 8.554400000000000070e+38 3.262443438900000103e+00 0.000000000000000000e+00
1.769022251900000000e+15 6.693911641499999704e+35 8.504400000000000232e+38 3.262443438900000103e+00 0.000000000000000000e+00
1.754290614300000000e+15 6.566368112799999783e+35 8.454400000000000394e+38 3.262443438900000103e+00 0.000000000000000000e+00
1.739642229800000000e+15 6.440519783499999747e+35 8.404400000000000555e+38 3.262443438900000103e+00 0.000000000000000000e+00
1.725076477300000000e+15 6.316354006700000342e+35 8.354400000000000717e+38 3.262443438900000103e+00 0.000000000000000000e+00
1.710592736800000000e+15 6.193858155400000067e+35 8.304399999999999367e+38 3.262443438900000103e+00 0.000000000000000000e+00
1.696190389000000000e+15 6.073019622399999809e+35 8.254399999999999529e+38 3.262443438900000103e+00 0.000000000000000000e+00
1.681868815700000000e+15 5.953825820200000084e+35 8.204399999999999691e+38 3.262443438900000103e+00 0.000000000000000000e+00
1.667627399800000000e+15 5.836264181400000241e+35 8.154399999999999853e+38 3.262443438900000103e+00 0.000000000000000000e+00
1.653465525000000000e+15 5.720322158799999737e+35 8.104400000000000014e+38 3.262443438900000103e+00 0.000000000000000000e+00
1.639382576200000000e+15 5.605987225200000010e+35 8.054400000000000176e+38 3.262443438900000103e+00 0.000000000000000000e+00
1.625377939100000000e+15 5.493246873799999993e+35 8.004400000000000338e+38 3.262443438900000103e+00 0.000000000000000000e+00
1.611451000400000000e+15 5.382088618099999999e+35 7.954400000000000499e+38 3.262443438900000103e+00 0.000000000000000000e+00
1.597601148000000000e+15 5.272499992099999847e+35 7.904400000000000661e+38 3.262443438900000103e+00 0.000000000000000000e+00
1.583827770700000000e+15 5.164468550199999802e+35 7.854399999999999312e+38 3.262443438900000103e+00 0.000000000000000000e+00
1.570130258200000000e+15 5.057981867599999768e+35 7.804399999999999473e+38 3.262443438900000103e+00 0.000000000000000000e+00
1.556508001400000000e+15 4.953027540300000033e+35 7.754399999999999635e+38 3.262443438900000103e+00 0.000000000000000000e+00
1.542960392000000000e+15 4.849593184900000187e+35 7.704399999999999797e+38 3.262443438900000103e+00 0.000000000000000000e+00
1.529486823100000000e+15 4.747666439100000339e+35 7.654399999999999958e+38 3.262443438900000103e+00 0.000000000000000000e+00
1.516086688400000000e+15 4.647234961699999638e+35 7.604400000000000120e+38 3.262443438900000103e+00 0.000000000000000000e+00
1.502759383000000000e+15 4.548286432400000366e+35 7.554400000000000282e+38 3.262443438900000103e+00 0.000000000000000000e+00
1.489504302800000000e+15 4.450808552400000092e+35 7.504400000000000443e+38 3.262443438900000103e+00 0.000000000000000000e+00
1.476320844900000000e+15 4.354789043999999854e+35 7.454400000000000605e+38 3.262443438900000103e+00 0.000000000000000000e+00
1.463208407300000000e+15 4.260215651299999804e+35 7.404399999999999256e+38 3.262443438900000103e+00 0.000000000000000000e+00
1.450166389200000000e+15 4.167076139599999674e+35 7.354399999999999417e+38 3.262443438900000103e+00 0.000000000000000000e+00
1.437194190800000000e+15 4.075358295999999783e+35 7.304399999999999579e+38 3.262443438900000103e+00 0.000000000000000000e+00
1.424291213300000000e+15 3.985049929400000307e+35 7.254399999999999741e+38 3.262443438900000103e+00 0.000000000000000000e+00
1.411456859300000000e+15 3.896138870499999794e+35 7.204399999999999902e+38 3.262443438900000103e+00 0.000000000000000000e+00
1.398690531900000000e+15 3.808612972200000273e+35 7.154400000000000064e+38 3.262443438900000103e+00 0.000000000000000000e+00
1.385991635900000000e+15 3.722460109199999935e+35 7.104400000000000226e+38 3.262443438900000103e+00 0.000000000000000000e+00
1.373359576800000000e+15 3.637668178699999846e+35 7.054400000000000387e+38 3.262443438900000103e+00 0.000000000000000000e+00
1.360793761300000000e+15 3.554225100000000327e+35 7.004400000000000549e+38 3.262443438900000103e+00 0.000000000000000000e+00
1.348293597200000000e+15 3.472118814999999945e+35 6.954400000000000711e+38 3.262443438900000103e+00 0.000000000000000000e+00
1.335858493400000000e+15 3.391337288199999944e+35 6.904399999999999361e+38 3.262443438900000103e+00 0.000000000000000000e+00
1.323487860100000000e+15 3.311868506600000018e+35 6.854399999999999523e+38 3.262443438900000103e+00 0.000000000000000000e+00
1.311181108300000000e+15 3.233700480199999893e+35 6.804399999999999685e+38 3.262443438900000103e+00 0.000000000000000000e+00
1.298937650200000000e+15 3.156821241800000092e+35 6.754399999999999846e+38 3.262443438900000103e+00 0.000000000000000000e+00
1.286756899400000000e+15 3.081218847400000032e+35 6.704400000000000008e+38 3.262443438900000103e+00 0.000000000000000000e+00
1.274638270400000000e+15 3.006881375999999896e+35 6.654400000000000170e+38 3.262443438900000103e+00 0.000000000000000000e+00
1.262581178900000000e+15 2.933796930100000004e+35 6.604400000000000331e+38 3.262443438900000103e+00 0.000000000000000000e+00
1.250585041700000000e+15 2.861953635599999905e+35 6.554399999999999737e+38 3.262443438900000103e+00 0.000000000000000000e+00
1.238649276800000000e+15 2.791339641700000050e+35 6.504399999999999899e+38 3.262443438900000103e+00 0.000000000000000000e+00
1.226773303300000000e+15 2.721943121699999827e+35 6.454400000000000061e+38 3.262443438900000103e+00 0.000000000000000000e+00
1.214956541800000000e+15 2.653752272500000032e+35 6.404400000000000223e+38 3.262443438900000103e+00 0.000000000000000000e+00
1.203198413600000000e+15 2.586755314999999857e+35 6.354399999999999629e+38 3.262443438900000103e+00 0.000000000000000000e+00
1.191498341400000000e+15 2.520940494200000009e+35 6.304399999999999790e+38 3.262443438900000103e+00 0.000000000000000000e+00
1.179855749100000000e+15 2.456296079600000065e+35 6.254399999999999952e+38 3.262443438900000103e+00 0.000000000000000000e+00
1.168270061900000000e+15 2.392810364600000043e+35 6.204400000000000114e+38 3.262443438900000103e+00 0.000000000000000000e+00
1.156740706100000000e+15 2.330471667600000041e+35 6.154400000000000275e+38 3.262443438900000103e+00 0.000000000000000000e+00
1.145267109000000000e+15 2.269268331500000134e+35 6.104399999999999681e+38 3.262443438900000103e+00 0.000000000000000000e+00
1.133848699500000000e+15 2.209188723899999971e+35 6.054399999999999843e+38 3.262443438900000103e+00 0.000000000000000000e+00
1.122484907600000000e+15 2.150221237499999820e+35 6.004400000000000005e+38 3.262443438900000103e+00 0.000000000000000000e+00
1.111175164300000000e+15 2.092354290300000169e+35 5.954400000000000167e+38 3.262443438900000103e+00 0.000000000000000000e+00
1.099918902100000000e+15 2.035576325300000108e+35 5.904400000000000328e+38 3.262443438900000103e+00 0.000000000000000000e+00
1.088715554800000000e+15 1.979875811000000021e+35 5.854399999999999734e+38 3.262443438900000103e+00 0.000000000000000000e+00
1.077564557200000000e+15 1.925241241699999878e+35 5.804399999999999896e+38 3.262443438900000103e+00 0.000000000000000000e+00
1.066465345500000000e+15 1.871661137300000003e+35 5.754400000000000058e+38 3.262443438900000103e+00 0.000000000000000000e+00
1.055417357300000000e+15 1.819124043499999934e+35 5.704400000000000219e+38 3.262443438900000103e+00 0.000000000000000000e+00
1.044420031200000000e+15 1.767618532400000177e+35 5.654399999999999625e+38 3.262443438900000103e+00 0.000000000000000000e+00
1.033472807300000000e+15 1.717133202100000051e+35 5.604399999999999787e+38 3.262443438900000103e+00 0.000000000000000000e+00
1.022575127000000000e+15 1.667656677300000178e+35 5.554399999999999949e+38 3.262443438900000103e+00 0.000000000000000000e+00
1.011726432900000000e+15 1.619177609099999932e+35 5.504400000000000111e+38 3.262443438900000103e+00 0.000000000000000000e+00
1.000926169000000000e+15 1.571684675699999908e+35 5.454400000000000272e+38 3.262443438900000103e+00 0.000000000000000000e+00
9.901737805000000000e+14 1.525166581899999977e+35 5.404399999999999678e+38 3.262443438900000103e+00 0.000000000000000000e+00
9.794687141100000000e+14 1.479612059800000091e+35 5.354399999999999840e+38 3.262443438900000103e+00 0.000000000000000000e+00
9.688104177600000000e+14 1.435009869000000072e+35 5.304400000000000002e+38 3.262443438900000103e+00 0.000000000000000000e+00
9.581983407700000000e+14 1.391348796300000024e+35 5.254400000000000163e+38 3.262443438900000103e+00 0.000000000000000000e+00
9.476319338100000000e+14 1.348617656500000028e+35 5.204400000000000325e+38 3.262443438900000103e+00 0.000000000000000000e+00
9.371106489300000000e+14 1.306805292000000011e+35 5.154399999999999731e+38 3.262443438900000103e+00 0.000000000000000000e+00
9.266339395500000000e+14 1.265900573500000015e+35 5.104399999999999893e+38 3.262443438900000103e+00 0.000000000000000000e+00
9.162012605000000000e+14 1.225892400000000004e+35 5.054400000000000055e+38 3.262443438900000103e+00 0.000000000000000000e+00
9.058120679800000000e+14 1.186769698900000035e+35 5.004400000000000216e+38 3.262443438900000103e+00 0.000000000000000000e+00
8.954658196100000000e+14 1.148521426400000013e+35 4.954399999999999622e+38 3.262443438900000103e+00 0.000000000000000000e+00
8.851619744600000000e+14 1.111136567500000055e+35 4.904399999999999784e+38 3.262443438900000103e+00 0.000000000000000000e+00
8.748999929800000000e+14 1.074604136600000029e+35 4.854399999999999946e+38 3.262443438900000103e+00 0.000000000000000000e+00
8.646793371000000000e+14 1.038913177099999986e+35 4.804400000000000107e+38 3.262443438900000103e+00 0.000000000000000000e+00
8.544994701900000000e+14 1.004052762200000031e+35 4.754400000000000269e+38 3.262443438900000103e+00 0.000000000000000000e+00
8.443598570800000000e+14 9.700119948999999563e+34 4.704399999999999675e+38 3.262443438900000103e+00 0.000000000000000000e+00
8.342599640900000000e+14 9.367800081600000266e+34 4.654399999999999837e+38 3.262443438900000103e+00 0.000000000000000000e+00
8.241992590000000000e+14 9.043459652499999087e+34 4.604399999999999999e+38 3.262443438900000103e+00 0.000000000000000000e+00
8.141772111200000000e+14 8.726990599499999312e+34 4.554400000000000160e+38 3.262443438900000103e+00 0.000000000000000000e+00
8.041932912400000000e+14 8.418285167700000904e+34 4.504400000000000322e+38 3.262443438900000103e+00 0.000000000000000000e+00
7.942469717000000000e+14 8.117235912500000021e+34 4.454399999999999728e+38 3.262443438900000103e+00 0.000000000000000000e+00
7.843377263500000000e+14 7.823735701699999570e+34 4.404399999999999890e+38 3.262443438900000103e+00 0.000000000000000000e+00
7.744650306100000000e+14 7.537677718399999706e+34 4.354400000000000051e+38 3.262443438900000103e+00 0.000000000000000000e+00
7.646396003800000000e+14 7.263660479400000344e+34 4.304400000000000213e+38 3.083333333300000145e+00 0.000000000000000000e+00
7.548367510800000000e+14 7.006639438300000459e+34 4.254400000000000375e+38 3.083333333300000145e+00 0.000000000000000000e+00
7.450670569700000000e+14 6.755834995800000255e+34 4.204399999999999781e+38 3.083333333300000145e+00 0.000000000000000000e+00
7.353300961300000000e+14 6.511168041800000236e+34 4.154399999999999943e+38 3.083333333300000145e+00 0.000000000000000000e+00
7.256254470700000000e+14 6.272559544499999884e+34 4.104400000000000104e+38 3.083333333300000145e+00 0.000000000000000000e+00
7.159526886900000000e+14 6.039930551299999550e+34 4.054400000000000266e+38 3.083333333300000145e+00 0.000000000000000000e+00
7.063114003500000000e+14 5.813202189800000291e+34 4.004399999999999672e+38 3.083333333300000145e+00 0.000000000000000000e+00
6.967011618200000000e+14 5.592295668499999700e+34 3.954399999999999834e+38 3.083333333300000145e+00 0.000000000000000000e+00
6.871215533200000000e+14 5.377132277899999851e+34 3.904399999999999995e+38 3.083333333300000145e+00 0.000000000000000000e+00
6.775721555100000000e+14 5.167633391399999958e+34 3.854400000000000157e+38 3.083333333300000145e+00 0.000000000000000000e+00
6.680525495000000000e+14 4.963720466299999909e+34 3.804400000000000319e+38 3.083333333300000145e+00 0.000000000000000000e+00
6.585623168400000000e+14 4.765315044800000102e+34 3.754399999999999725e+38 3.083333333300000145e+00 0.000000000000000000e+00
6.491010395400000000e+14 4.572338754700000048e+34 3.704399999999999887e+38 3.083333333300000145e+00 0.000000000000000000e+00
6.396683000900000000e+14 4.384713311200000294e+34 3.654400000000000048e+38 3.083333333300000145e+00 0.000000000000000000e+00
6.302636814500000000e+14 4.202360517199999979e+34 3.604400000000000210e+38 3.083333333300000145e+00 0.000000000000000000e+00
6.208867670200000000e+14 4.025202264700000022e+34 3.554400000000000372e+38 3.083333333300000145e+00 0.000000000000000000e+00
6.115371407200000000e+14 3.853160535999999800e+34 3.504399999999999778e+38 3.083333333300000145e+00 0.000000000000000000e+00
6.022143869400000000e+14 3.686157404899999809e+34 3.454399999999999939e+38 3.083333333300000145e+00 0.000000000000000000e+00
5.929180905700000000e+14 3.524115037799999928e+34 3.404400000000000101e+38 3.083333333300000145e+00 0.000000000000000000e+00
5.836478369900000000e+14 3.366955694799999977e+34 3.354399999999999885e+38 3.083333333300000145e+00 0.000000000000000000e+00
5.744032121000000000e+14 3.214601731100000145e+34 3.304400000000000047e+38 3.083333333300000145e+00 0.000000000000000000e+00
5.651838023100000000e+14 3.066975598400000021e+34 3.254399999999999831e+38 3.083333333300000145e+00 0.000000000000000000e+00
5.559891945500000000e+14 2.923999846099999890e+34 3.204399999999999992e+38 3.083333333300000145e+00 0.000000000000000000e+00
5.468189762800000000e+14 2.785597122700000222e+34 3.154400000000000154e+38 3.083333333300000145e+00 0.000000000000000000e+00
5.376727354900000000e+14 2.651690177100000000e+34 3.104399999999999938e+38 3.083333333300000145e+00 0.000000000000000000e+00
5.285500607200000000e+14 2.522201860499999822e+34 3.054400000000000100e+38 3.083333333300000145e+00 0.000000000000000000e+00
5.194505410600000000e+14 2.397055127199999842e+34 3.004399999999999883e+38 3.083333333300000145e+00 0.000000000000000000e+00
5.103737661700000000e+14 2.276173036799999971e+34 2.954400000000000045e+38 3.083333333300000145e+00 0.000000000000000000e+00
5.013193262500000000e+14 2.159478755500000040e+34 2.904399999999999829e+38 3.083333333300000145e+00 0.000000000000000000e+00
4.922868121100000000e+14 2.046895557600000022e+34 2.854399999999999991e+38 3.083333333300000145e+00 0.000000000000000000e+00
4.832758151400000000e+14 1.938346827700000006e+34 2.804400000000000152e+38 3.083333333300000145e+00 0.000000000000000000e+00
4.742859273100000000e+14 1.833756061999999896e+34 2.754399999999999936e+38 3.083333333300000145e+00 0.000000000000000000e+00
4.653167412100000000e+14 1.733046870300000017e+34 2.704400000000000098e+38 3.083333333300000145e+00 0.000000000000000000e+00
4.563678500300000000e+14 1.636142977800000044e+34 2.654399999999999882e+38 3.083333333300000145e+00 0.000000000000000000e+00
4.474388476200000000e+14 1.542968227399999927e+34 2.604400000000000044e+38 3.083333333300000145e+00 0.000000000000000000e+00
4.385293284200000000e+14 1.453446581200000114e+34 2.554399999999999827e+38 3.083333333300000145e+00 0.000000000000000000e+00
4.296388875600000000e+14 1.367502123000000000e+34 2.504399999999999989e+38 3.083333333300000145e+00 0.000000000000000000e+00
4.207671208200000000e+14 1.285059060299999914e+34 2.454400000000000151e+38 3.083333333300000145e+00 0.000000000000000000e+00
4.119130000000000000e+14 1.206499999999999908e+34 2.404399999999999935e+38 3.355999999999999872e+00 0.000000000000000000e+00
4.030630000000000000e+14 1.124110000000000102e+34 2.354400000000000096e+38 3.358999999999999986e+00 0.000000000000000000e+00
3.942310000000000000e+14 1.045700000000000012e+34 2.304399999999999880e+38 3.362000000000000099e+00 0.000000000000000000e+00
3.854190000000000000e+14 9.711659999999999777e+33 2.254400000000000042e+38 3.363999999999999879e+00 0.000000000000000000e+00
3.766240000000000000e+14 9.004050000000000047e+33 2.204399999999999826e+38 3.366999999999999993e+00 0.000000000000000000e+00
3.678470000000000000e+14 8.333180000000000379e+33 2.154399999999999988e+38 3.369000000000000217e+00 0.000000000000000000e+00
3.590880000000000000e+14 7.698070000000000352e+33 2.104400000000000149e+38 3.370999999999999996e+00 0.000000000000000000e+00
3.503450000000000000e+14 7.097690000000000031e+33 2.054399999999999933e+38 3.371999999999999886e+00 0.000000000000000000e+00
3.416170000000000000e+14 6.531050000000000015e+33 2.004400000000000095e+38 3.373000000000000220e+00 0.000000000000000000e+00
3.329060000000000000e+14 5.997139999999999482e+33 1.954399999999999879e+38 3.373000000000000220e+00 0.000000000000000000e+00
3.242100000000000000e+14 5.494949999999999917e+33 1.904400000000000040e+38 3.371999999999999886e+00 0.000000000000000000e+00
3.155280000000000000e+14 5.023480000000000056e+33 1.854399999999999824e+38 3.370999999999999996e+00 0.000000000000000000e+00
3.068600000000000000e+14 4.581710000000000097e+33 1.804399999999999986e+38 3.367999999999999883e+00 0.000000000000000000e+00
2.982060000000000000e+14 4.168639999999999927e+33 1.754400000000000148e+38 3.363999999999999879e+00 0.000000000000000000e+00
2.895650000000000000e+14 3.783240000000000189e+33 1.704399999999999932e+38 3.358999999999999986e+00 0.000000000000000000e+00
2.809370000000000000e+14 3.424500000000000061e+33 1.654400000000000093e+38 3.351999999999999869e+00 0.000000000000000000e+00
2.723210000000000000e+14 3.091390000000000182e+33 1.604400000000000066e+38 3.342999999999999972e+00 0.000000000000000000e+00
2.637170000000000000e+14 2.782899999999999733e+33 1.554400000000000039e+38 3.330999999999999961e+00 0.000000000000000000e+00
2.551250000000000000e+14 2.497979999999999951e+33 1.504400000000000012e+38 3.317000000000000171e+00 0.000000000000000000e+00
2.465440000000000000e+14 2.235580000000000055e+33 1.454399999999999984e+38 3.298999999999999932e+00 0.000000000000000000e+00
1.558380000000000000e+14 6.160549999999999887e+32 9.222510000000000212e+37 2.934000000000000163e+00 2.041690000000000072e+29
1.553490000000000000e+14 6.125069999999999666e+32 9.193660000000000407e+37 2.943000000000000060e+00 2.452759999999999885e+29
1.548590000000000000e+14 6.088940000000000121e+32 9.164819999999999960e+37 2.951000000000000068e+00 2.742740000000000093e+29
1.543690000000000000e+14 6.052689999999999693e+32 9.135970000000000155e+37 2.958000000000000185e+00 2.980930000000000074e+29
1.538800000000000000e+14 6.016460000000000253e+32 9.107120000000000350e+37 2.964999999999999858e+00 3.190380000000000097e+29
1.533900000000000000e+14 5.980309999999999721e+32 9.078270000000000544e+37 2.971999999999999975e+00 3.381769999999999992e+29
1.529010000000000000e+14 5.944259999999999805e+32 9.049420000000000739e+37 2.979000000000000092e+00 3.560939999999999781e+29
1.524110000000000000e+14 5.908340000000000186e+32 9.020580000000000292e+37 2.986000000000000210e+00 3.731419999999999950e+29
1.519220000000000000e+14 5.872560000000000276e+32 8.991730000000000487e+37 2.992999999999999883e+00 3.895479999999999899e+29
1.514320000000000000e+14 5.836920000000000078e+32 8.962880000000000681e+37 3.000000000000000000e+00 4.054689999999999827e+29
1.509430000000000000e+14 5.801439999999999856e+32 8.934030000000000876e+37 3.007000000000000117e+00 4.210150000000000285e+29
1.504530000000000000e+14 5.766100000000000065e+32 8.905179999999999181e+37 3.013999999999999790e+00 4.362659999999999751e+29
1.499640000000000000e+14 5.730929999999999665e+32 8.876340000000000624e+37 3.020999999999999908e+00 4.512830000000000110e+29
1.494750000000000000e+14 5.695909999999999829e+32 8.847490000000000818e+37 3.028000000000000025e+00 4.661119999999999749e+29
1.489850000000000000e+14 5.661049999999999970e+32 8.818639999999999124e+37 3.035000000000000142e+00 4.807889999999999884e+29
1.484960000000000000e+14 5.626360000000000223e+32 8.789789999999999318e+37 3.041999999999999815e+00 4.953429999999999910e+29
1.480060000000000000e+14 5.591829999999999732e+32 8.760939999999999513e+37 2.088000000000000078e+00 5.097979999999999936e+29
1.475170000000000000e+14 5.557470000000000073e+32 8.732099999999999066e+37 2.083000000000000185e+00 5.241699999999999797e+29
1.470280000000000000e+14 5.523269999999999671e+32 8.703249999999999261e+37 2.077999999999999847e+00 5.384750000000000034e+29
1.465380000000000000e+14 5.489240000000000101e+32 8.674399999999999455e+37 2.072000000000000064e+00 5.527260000000000206e+29
1.460490000000000000e+14 5.455369999999999787e+32 8.645549999999999650e+37 2.067000000000000171e+00 5.669319999999999739e+29
1.455600000000000000e+14 5.421670000000000306e+32 8.616699999999999845e+37 2.060999999999999943e+00 5.811030000000000024e+29
1.450700000000000000e+14 5.388140000000000215e+32 8.587859999999999398e+37 2.056000000000000050e+00 5.952440000000000351e+29
1.445810000000000000e+14 5.354780000000000235e+32 8.559009999999999593e+37 2.049999999999999822e+00 6.093619999999999726e+29
1.440920000000000000e+14 5.321589999999999645e+32 8.530159999999999787e+37 2.044999999999999929e+00 6.234609999999999691e+29
1.436020000000000000e+14 5.288559999999999754e+32 8.501309999999999982e+37 2.039000000000000146e+00 6.375459999999999534e+29
1.431130000000000000e+14 5.255710000000000107e+32 8.472460000000000176e+37 2.033999999999999808e+00 6.516200000000000238e+29
1.426240000000000000e+14 5.223019999999999717e+32 8.443619999999999730e+37 2.028000000000000025e+00 6.656850000000000109e+29
1.421350000000000000e+14 5.190500000000000159e+32 8.414769999999999924e+37 2.023000000000000131e+00 6.797430000000000272e+29
1.416450000000000000e+14 5.158149999999999992e+32 8.385920000000000119e+37 2.017999999999999794e+00 6.937980000000000158e+29
1.411560000000000000e+14 5.125959999999999802e+32 8.357070000000000313e+37 2.012000000000000011e+00 7.078490000000000613e+29
1.406670000000000000e+14 5.093949999999999857e+32 8.328219999999999563e+37 2.007000000000000117e+00 7.218990000000000506e+29
1.401780000000000000e+14 5.062099999999999889e+32 8.299380000000000061e+37 2.000999999999999890e+00 7.359479999999999837e+29
1.396880000000000000e+14 5.033880000000000175e+32 8.270530000000000256e+37 1.995999999999999996e+00 4.750250000000000130e+29
1.391990000000000000e+14 5.002419999999999657e+32 8.241680000000000450e+37 1.991000000000000103e+00 4.820880000000000304e+29
1.387100000000000000e+14 4.971119999999999837e+32 8.212829999999999700e+37 1.985000000000000098e+00 4.891599999999999903e+29
1.382210000000000000e+14 4.939990000000000128e+32 8.183979999999999895e+37 1.979999999999999982e+00 4.962389999999999914e+29
1.377320000000000000e+14 4.909019999999999676e+32 8.155140000000000393e+37 1.975000000000000089e+00 5.033250000000000337e+29
1.372430000000000000e+14 4.878220000000000055e+32 8.126289999999999643e+37 1.969000000000000083e+00 5.104169999999999908e+29
1.362640000000000000e+14 4.824519999999999791e+32 8.068590000000000032e+37 1.959000000000000075e+00 2.864300000000000053e+29
1.357750000000000000e+14 4.794310000000000132e+32 8.039740000000000227e+37 1.953999999999999959e+00 2.884089999999999866e+29
1.352860000000000000e+14 4.764250000000000317e+32 8.010899999999999780e+37 1.947999999999999954e+00 2.904020000000000152e+29
1.343080000000000000e+14 4.704630000000000167e+32 7.953200000000000169e+37 1.937999999999999945e+00 2.944250000000000039e+29
1.338190000000000000e+14 4.675050000000000284e+32 7.924350000000000364e+37 1.931999999999999940e+00 2.964540000000000134e+29
1.333300000000000000e+14 4.645629999999999659e+32 7.895499999999999614e+37 1.927000000000000046e+00 2.984929999999999862e+29
1.313740000000000000e+14 4.529530000000000266e+32 7.780109999999999751e+37 1.905999999999999917e+00 3.067369999999999990e+29
1.308850000000000000e+14 4.500900000000000115e+32 7.751259999999999945e+37 1.901000000000000023e+00 3.088160000000000014e+29
1.303960000000000000e+14 4.472409999999999673e+32 7.722420000000000443e+37 1.895999999999999908e+00 3.109020000000000099e+29
1.299070000000000000e+14 4.444079999999999930e+32 7.693569999999999693e+37 1.891000000000000014e+00 3.129929999999999824e+29
1.294180000000000000e+14 4.415910000000000164e+32 7.664719999999999888e+37 1.885999999999999899e+00 3.150889999999999895e+29
1.289290000000000000e+14 4.387880000000000108e+32 7.635870000000000083e+37 1.881000000000000005e+00 3.171900000000000310e+29
1.284400000000000000e+14 4.360010000000000029e+32 7.607020000000000277e+37 1.875999999999999890e+00 3.192950000000000157e+29
1.279510000000000000e+14 4.332289999999999794e+32 7.578179999999999831e+37 1.870999999999999996e+00 3.214030000000000281e+29
1.264850000000000000e+14 4.250010000000000047e+32 7.491630000000000414e+37 1.856000000000000094e+00 3.277450000000000205e+29
1.259960000000000000e+14 4.222879999999999774e+32 7.462779999999999664e+37 1.850999999999999979e+00 3.298630000000000315e+29
1.250180000000000000e+14 4.169070000000000200e+32 7.405090000000000357e+37 1.840999999999999970e+00 3.341029999999999966e+29
1.225740000000000000e+14 4.037039999999999676e+32 7.260849999999999744e+37 1.816999999999999948e+00 3.447110000000000068e+29
1.215970000000000000e+14 3.985220000000000047e+32 7.203150000000000133e+37 1.806999999999999940e+00 3.489499999999999861e+29
1.206190000000000000e+14 3.933959999999999979e+32 7.145459999999999881e+37 1.798000000000000043e+00 3.531829999999999804e+29
1.181760000000000000e+14 3.808190000000000283e+32 7.001220000000000213e+37 1.774000000000000021e+00 3.637290000000000274e+29
1.176870000000000000e+14 3.783440000000000125e+32 6.972370000000000407e+37 1.770000000000000018e+00 3.658290000000000128e+29
1.171990000000000000e+14 3.758820000000000264e+32 6.943519999999999657e+37 1.764999999999999902e+00 3.679270000000000266e+29
1.162210000000000000e+14 3.709959999999999857e+32 6.885820000000000046e+37 1.756000000000000005e+00 3.721110000000000137e+29
1.132900000000000000e+14 3.566470000000000318e+32 6.712739999999999931e+37 1.729999999999999982e+00 3.845639999999999748e+29
1.128010000000000000e+14 3.542989999999999846e+32 6.683890000000000126e+37 1.725999999999999979e+00 3.866229999999999801e+29
1.123130000000000000e+14 3.519630000000000257e+32 6.655040000000000321e+37 1.721999999999999975e+00 3.886769999999999860e+29
1.093820000000000000e+14 3.381999999999999802e+32 6.481949999999999902e+37 1.697000000000000064e+00 4.008889999999999952e+29
1.084050000000000000e+14 3.337049999999999790e+32 6.424259999999999650e+37 1.689000000000000057e+00 4.049120000000000191e+29
1.074280000000000000e+14 3.292550000000000030e+32 6.366560000000000039e+37 1.681000000000000050e+00 4.089110000000000322e+29
1.064510000000000000e+14 3.248509999999999934e+32 6.308860000000000428e+37 1.673999999999999932e+00 4.128839999999999928e+29
1.059630000000000000e+14 3.233570000000000149e+32 6.280019999999999982e+37 1.669000000000000039e+00 4.767549999999999801e+29
1.054740000000000000e+14 3.211950000000000045e+32 6.251170000000000176e+37 1.665000000000000036e+00 4.765469999999999813e+29
1.049860000000000000e+14 3.190429999999999837e+32 6.222320000000000371e+37 1.661999999999999922e+00 4.763299999999999697e+29
1.044980000000000000e+14 3.169020000000000018e+32 6.193469999999999621e+37 1.657999999999999918e+00 4.761040000000000156e+29
1.040090000000000000e+14 3.147710000000000096e+32 6.164619999999999816e+37 1.653999999999999915e+00 4.758679999999999926e+29
1.035210000000000000e+14 3.126509999999999842e+32 6.135780000000000314e+37 1.651000000000000023e+00 4.756219999999999710e+29
1.030330000000000000e+14 3.105400000000000071e+32 6.106929999999999564e+37 1.647000000000000020e+00 4.753670000000000070e+29
1.025440000000000000e+14 3.084399999999999970e+32 6.078079999999999758e+37 1.643000000000000016e+00 4.751019999999999740e+29
1.020560000000000000e+14 3.063500000000000125e+32 6.049229999999999953e+37 1.639999999999999902e+00 4.748270000000000127e+29
1.015680000000000000e+14 3.042700000000000175e+32 6.020380000000000147e+37 1.635999999999999899e+00 4.745429999999999683e+29
1.010790000000000000e+14 3.022000000000000121e+32 5.991539999999999701e+37 1.633000000000000007e+00 4.742480000000000099e+29
1.005910000000000000e+14 3.001389999999999830e+32 5.962689999999999895e+37 1.629999999999999893e+00 4.739429999999999826e+29
1.001030000000000000e+14 2.980880000000000155e+32 5.933840000000000090e+37 1.625999999999999890e+00 4.736290000000000128e+29
9.961450000000000000e+13 2.960470000000000015e+32 5.904990000000000284e+37 1.622999999999999998e+00 4.733039999999999882e+29
9.912630000000000000e+13 2.940149999999999998e+32 5.876139999999999534e+37 1.620000000000000107e+00 4.729689999999999651e+29
9.863810000000000000e+13 2.919920000000000103e+32 5.847300000000000032e+37 1.616000000000000103e+00 4.726240000000000137e+29
9.814980000000000000e+13 2.899790000000000104e+32 5.818450000000000227e+37 1.612999999999999989e+00 4.722680000000000076e+29
9.766160000000000000e+13 2.879749999999999867e+32 5.789600000000000421e+37 1.610000000000000098e+00 4.719020000000000029e+29
9.717340000000000000e+13 2.859800000000000113e+32 5.760749999999999671e+37 1.606999999999999984e+00 4.715250000000000139e+29
9.668530000000000000e+13 2.839940000000000121e+32 5.731899999999999866e+37 1.604000000000000092e+00 4.711380000000000262e+29
9.619710000000000000e+13 2.820169999999999891e+32 5.703060000000000364e+37 1.600999999999999979e+00 4.707399999999999838e+29
9.570890000000000000e+13 2.800480000000000011e+32 5.674209999999999614e+37 1.598000000000000087e+00 4.703320000000000132e+29
9.522080000000000000e+13 2.780890000000000025e+32 5.645359999999999809e+37 1.594999999999999973e+00 4.699129999999999878e+29
9.473260000000000000e+13 2.761380000000000029e+32 5.616510000000000003e+37 1.592000000000000082e+00 4.694829999999999781e+29
9.424450000000000000e+13 2.741950000000000022e+32 5.587660000000000198e+37 1.588999999999999968e+00 4.690429999999999698e+29
9.375640000000000000e+13 2.722610000000000136e+32 5.558819999999999751e+37 1.586000000000000076e+00 4.685909999999999913e+29
9.326830000000000000e+13 2.703349999999999880e+32 5.529969999999999946e+37 1.582999999999999963e+00 4.681290000000000142e+29
9.278020000000000000e+13 2.684180000000000106e+32 5.501120000000000140e+37 1.580999999999999961e+00 4.676549999999999966e+29
9.229210000000000000e+13 2.665079999999999826e+32 5.472270000000000335e+37 1.578000000000000069e+00 4.671709999999999804e+29
9.180400000000000000e+13 2.646070000000000030e+32 5.443419999999999585e+37 1.574999999999999956e+00 4.666749999999999940e+29
9.131590000000000000e+13 2.627139999999999862e+32 5.414580000000000083e+37 1.572999999999999954e+00 4.661690000000000091e+29
9.082790000000000000e+13 2.608279999999999909e+32 5.385730000000000277e+37 1.570000000000000062e+00 4.656509999999999836e+29
9.033980000000000000e+13 2.589510000000000078e+32 5.356880000000000472e+37 1.568000000000000060e+00 4.651219999999999737e+29
8.985180000000000000e+13 2.570810000000000103e+32 5.328029999999999722e+37 1.564999999999999947e+00 4.645809999999999937e+29
8.936380000000000000e+13 2.552190000000000116e+32 5.299179999999999916e+37 1.562999999999999945e+00 4.640290000000000293e+29
8.887580000000000000e+13 2.533639999999999985e+32 5.270340000000000414e+37 1.560000000000000053e+00 4.634660000000000102e+29
8.838780000000000000e+13 2.515169999999999842e+32 5.241489999999999664e+37 1.558000000000000052e+00 4.628910000000000209e+29
8.789980000000000000e+13 2.496769999999999914e+32 5.212639999999999859e+37 1.556000000000000050e+00 4.623049999999999769e+29
8.741180000000000000e+13 2.478439999999999841e+32 5.183790000000000054e+37 1.552999999999999936e+00 4.617070000000000330e+29
8.692390000000000000e+13 2.460179999999999984e+32 5.154940000000000248e+37 1.550999999999999934e+00 4.610980000000000345e+29
8.643590000000000000e+13 2.442000000000000116e+32 5.126099999999999802e+37 1.548999999999999932e+00 4.604769999999999954e+29
8.594800000000000000e+13 2.423890000000000102e+32 5.097249999999999996e+37 1.546999999999999931e+00 4.598439999999999861e+29
8.546010000000000000e+13 2.405840000000000170e+32 5.068400000000000191e+37 1.544999999999999929e+00 4.591990000000000067e+29
8.497210000000000000e+13 2.387869999999999867e+32 5.039550000000000385e+37 1.542999999999999927e+00 4.585429999999999725e+29
8.448420000000000000e+13 2.369960000000000005e+32 5.010699999999999635e+37 1.540999999999999925e+00 4.578739999999999824e+29
8.399630000000000000e+13 2.352109999999999865e+32 4.981860000000000133e+37 1.538999999999999924e+00 4.571940000000000079e+29
8.350850000000000000e+13 2.334340000000000073e+32 4.953010000000000328e+37 1.536999999999999922e+00 4.565010000000000071e+29
8.302060000000000000e+13 2.316630000000000003e+32 4.924159999999999578e+37 1.534999999999999920e+00 4.557959999999999658e+29
8.253270000000000000e+13 2.298980000000000015e+32 4.895309999999999772e+37 1.532999999999999918e+00 4.550790000000000246e+29
8.204490000000000000e+13 2.281399999999999882e+32 4.866459999999999967e+37 1.532000000000000028e+00 4.543499999999999726e+29
8.155700000000000000e+13 2.263879999999999830e+32 4.837620000000000465e+37 1.530000000000000027e+00 4.536090000000000208e+29
8.106920000000000000e+13 2.246419999999999860e+32 4.808769999999999715e+37 1.528000000000000025e+00 4.528549999999999723e+29
8.058140000000000000e+13 2.229019999999999971e+32 4.779919999999999909e+37 1.526999999999999913e+00 4.520890000000000240e+29
8.009360000000000000e+13 2.213039999999999973e+32 4.751070000000000104e+37 1.524000000000000021e+00 5.504769999999999718e+29
7.960580000000000000e+13 2.195780000000000155e+32 4.722220000000000299e+37 1.522999999999999909e+00 5.483000000000000255e+29
7.911800000000000000e+13 2.178589999999999831e+32 4.693379999999999852e+37 1.520999999999999908e+00 5.461139999999999959e+29
7.863030000000000000e+13 2.161450000000000176e+32 4.664530000000000047e+37 1.520000000000000018e+00 5.439169999999999820e+29
7.814250000000000000e+13 2.144369999999999882e+32 4.635680000000000241e+37 1.518000000000000016e+00 5.417099999999999695e+29
7.765480000000000000e+13 2.127350000000000030e+32 4.606830000000000436e+37 1.516999999999999904e+00 5.394919999999999726e+29
7.716700000000000000e+13 2.110380000000000126e+32 4.577979999999999686e+37 1.516000000000000014e+00 5.372639999999999771e+29
7.667930000000000000e+13 2.093469999999999944e+32 4.549140000000000184e+37 1.514000000000000012e+00 5.350259999999999830e+29
7.619160000000000000e+13 2.076610000000000069e+32 4.520290000000000378e+37 1.512999999999999901e+00 5.327760000000000188e+29
7.570390000000000000e+13 2.059809999999999916e+32 4.491439999999999628e+37 1.512000000000000011e+00 5.305159999999999856e+29
7.521620000000000000e+13 2.043060000000000071e+32 4.462589999999999823e+37 1.510999999999999899e+00 5.282460000000000242e+29
7.472850000000000000e+13 2.026360000000000174e+32 4.433740000000000017e+37 1.510000000000000009e+00 5.259640000000000223e+29
7.424090000000000000e+13 2.009709999999999864e+32 4.404899999999999571e+37 1.508999999999999897e+00 5.236709999999999656e+29
7.375320000000000000e+13 1.993109999999999863e+32 4.376049999999999765e+37 1.508000000000000007e+00 5.213679999999999807e+29
7.326560000000000000e+13 1.976569999999999943e+32 4.347199999999999960e+37 1.506999999999999895e+00 5.190530000000000256e+29
7.277790000000000000e+13 1.960069999999999838e+32 4.318350000000000154e+37 1.506000000000000005e+00 5.167270000000000158e+29
7.229030000000000000e+13 1.943620000000000040e+32 4.289500000000000349e+37 1.504999999999999893e+00 5.143889999999999655e+29
7.180270000000000000e+13 1.927219999999999831e+32 4.260659999999999902e+37 1.504000000000000004e+00 5.120409999999999869e+29
7.131510000000000000e+13 1.910869999999999929e+32 4.231810000000000097e+37 1.502999999999999892e+00 5.096809999999999679e+29
7.082760000000000000e+13 1.894559999999999842e+32 4.202959999999999819e+37 1.502999999999999892e+00 5.073089999999999786e+29
7.034000000000000000e+13 1.878300000000000063e+32 4.174110000000000014e+37 1.502000000000000002e+00 5.049260000000000050e+29
6.985240000000000000e+13 1.862089999999999872e+32 4.145260000000000208e+37 1.500999999999999890e+00 5.025309999999999908e+29
6.936490000000000000e+13 1.845919999999999855e+32 4.116420000000000234e+37 1.500999999999999890e+00 5.001240000000000065e+29
6.887740000000000000e+13 1.829800000000000146e+32 4.087569999999999956e+37 1.500000000000000000e+00 4.977049999999999817e+29
6.838990000000000000e+13 1.813710000000000118e+32 4.058720000000000151e+37 1.500000000000000000e+00 4.952749999999999725e+29
6.790240000000000000e+13 1.797680000000000172e+32 4.029869999999999873e+37 1.499000000000000110e+00 4.928320000000000073e+29
6.741490000000000000e+13 1.781679999999999905e+32 4.001020000000000068e+37 1.499000000000000110e+00 4.903770000000000016e+29
6.692740000000000000e+13 1.765729999999999948e+32 3.972180000000000093e+37 1.499000000000000110e+00 4.879100000000000258e+29
6.643990000000000000e+13 1.749820000000000164e+32 3.943329999999999816e+37 1.497999999999999998e+00 4.854310000000000094e+29
6.595250000000000000e+13 1.733949999999999835e+32 3.914480000000000010e+37 1.497999999999999998e+00 4.829389999999999667e+29
6.546500000000000000e+13 1.718120000000000040e+32 3.885630000000000205e+37 1.497999999999999998e+00 4.804350000000000242e+29
6.497760000000000000e+13 1.702330000000000060e+32 3.856779999999999927e+37 1.497999999999999998e+00 4.779189999999999708e+29
6.449020000000000000e+13 1.686579999999999894e+32 3.827939999999999953e+37 1.497999999999999998e+00 4.753889999999999757e+29
6.400280000000000000e+13 1.670869999999999902e+32 3.799090000000000147e+37 1.497999999999999998e+00 4.728470000000000104e+29
6.351540000000000000e+13 1.655189999999999951e+32 3.770239999999999870e+37 1.497999999999999998e+00 4.702930000000000046e+29
6.302800000000000000e+13 1.639559999999999948e+32 3.741390000000000064e+37 1.497999999999999998e+00 4.677249999999999867e+29
6.254070000000000000e+13 1.623959999999999986e+32 3.712539999999999787e+37 1.497999999999999998e+00 4.651440000000000129e+29
6.205330000000000000e+13 1.608400000000000018e+32 3.683699999999999812e+37 1.497999999999999998e+00 4.625509999999999985e+29
6.156600000000000000e+13 1.592880000000000045e+32 3.654850000000000007e+37 1.497999999999999998e+00 4.599439999999999720e+29
6.107870000000000000e+13 1.577389999999999932e+32 3.626000000000000201e+37 1.497999999999999998e+00 4.573239999999999896e+29
6.059140000000000000e+13 1.561939999999999994e+32 3.597149999999999924e+37 1.497999999999999998e+00 4.546909999999999808e+29
6.010410000000000000e+13 1.546519999999999916e+32 3.568300000000000118e+37 1.499000000000000110e+00 4.520440000000000304e+29
5.961680000000000000e+13 1.531140000000000013e+32 3.539460000000000144e+37 1.499000000000000110e+00 4.493839999999999832e+29
5.912950000000000000e+13 1.515789999999999971e+32 3.510609999999999866e+37 1.499000000000000110e+00 4.467099999999999943e+29
5.864230000000000000e+13 1.500479999999999923e+32 3.481760000000000061e+37 1.500000000000000000e+00 4.440229999999999791e+29
5.815510000000000000e+13 1.485199999999999915e+32 3.452909999999999783e+37 1.500000000000000000e+00 4.413220000000000222e+29
5.766780000000000000e+13 1.469949999999999949e+32 3.424059999999999978e+37 1.500999999999999890e+00 4.386069999999999828e+29
5.718060000000000000e+13 1.454739999999999977e+32 3.395220000000000003e+37 1.500999999999999890e+00 4.358780000000000017e+29
5.669340000000000000e+13 1.439560000000000046e+32 3.366370000000000198e+37 1.502000000000000002e+00 4.331359999999999942e+29
5.620630000000000000e+13 1.424409999999999975e+32 3.337519999999999920e+37 1.502999999999999892e+00 4.303789999999999889e+29
5.571910000000000000e+13 1.409300000000000079e+32 3.308670000000000115e+37 1.502999999999999892e+00 4.276079999999999715e+29
5.523190000000000000e+13 1.394220000000000043e+32 3.279819999999999837e+37 1.504000000000000004e+00 4.248239999999999981e+29
5.474480000000000000e+13 1.379159999999999915e+32 3.250979999999999863e+37 1.504999999999999893e+00 4.220239999999999707e+29
5.425770000000000000e+13 1.364139999999999961e+32 3.222130000000000057e+37 1.506000000000000005e+00 4.192109999999999873e+29
5.377060000000000000e+13 1.349150000000000048e+32 3.193279999999999780e+37 1.506000000000000005e+00 4.163830000000000061e+29
5.328350000000000000e+13 1.334189999999999996e+32 3.164429999999999974e+37 1.506999999999999895e+00 4.135410000000000127e+29
5.279640000000000000e+13 1.319259999999999984e+32 3.135580000000000169e+37 1.508000000000000007e+00 4.106840000000000215e+29
5.230930000000000000e+13 1.304360000000000013e+32 3.106740000000000194e+37 1.508999999999999897e+00 4.078130000000000182e+29
5.182230000000000000e+13 1.289500000000000037e+32 3.077889999999999917e+37 1.510000000000000009e+00 4.049260000000000312e+29
5.133530000000000000e+13 1.274659999999999968e+32 3.049040000000000111e+37 1.510999999999999899e+00 4.020250000000000321e+29
5.084820000000000000e+13 1.259849999999999939e+32 3.020189999999999833e+37 1.512000000000000011e+00 3.991100000000000209e+29
5.036120000000000000e+13 1.245069999999999952e+32 2.991340000000000028e+37 1.514000000000000012e+00 3.961790000000000260e+29
4.987430000000000000e+13 1.230320000000000005e+32 2.962500000000000054e+37 1.514999999999999902e+00 3.932340000000000190e+29
4.938730000000000000e+13 1.215599999999999918e+32 2.933649999999999776e+37 1.516000000000000014e+00 3.902730000000000284e+29
4.890030000000000000e+13 1.200910000000000053e+32 2.904799999999999971e+37 1.516999999999999904e+00 3.872980000000000256e+29
4.841340000000000000e+13 1.186250000000000049e+32 2.875950000000000165e+37 1.518999999999999906e+00 3.843069999999999689e+29
4.792650000000000000e+13 1.171609999999999951e+32 2.847099999999999887e+37 1.520000000000000018e+00 3.813009999999999846e+29
4.743960000000000000e+13 1.157010000000000028e+32 2.818259999999999913e+37 1.520999999999999908e+00 3.782800000000000024e+29
4.695270000000000000e+13 1.142430000000000012e+32 2.789410000000000108e+37 1.522999999999999909e+00 3.752440000000000223e+29
4.646580000000000000e+13 1.127889999999999991e+32 2.760559999999999830e+37 1.524000000000000021e+00 3.721919999999999882e+29
4.597900000000000000e+13 1.113370000000000056e+32 2.731710000000000025e+37 1.526000000000000023e+00 3.691250000000000266e+29
4.549210000000000000e+13 1.098879999999999983e+32 2.702860000000000219e+37 1.526999999999999913e+00 3.660420000000000109e+29
4.500530000000000000e+13 1.084419999999999950e+32 2.674019999999999773e+37 1.528999999999999915e+00 3.629449999999999832e+29
4.451850000000000000e+13 1.069989999999999958e+32 2.645169999999999967e+37 1.530000000000000027e+00 3.598309999999999860e+29
4.403170000000000000e+13 1.055590000000000007e+32 2.616320000000000162e+37 1.532000000000000028e+00 3.567019999999999909e+29
4.354500000000000000e+13 1.041219999999999916e+32 2.587469999999999884e+37 1.534000000000000030e+00 3.535579999999999979e+29
4.305820000000000000e+13 1.026869999999999913e+32 2.558620000000000078e+37 1.534999999999999920e+00 3.503980000000000212e+29
4.257150000000000000e+13 1.012560000000000084e+32 2.529780000000000104e+37 1.536999999999999922e+00 3.472219999999999905e+29
4.208480000000000000e+13 9.982770000000000039e+31 2.500929999999999826e+37 1.538999999999999924e+00 3.440299999999999762e+29
4.159810000000000000e+13 9.840220000000000097e+31 2.472080000000000021e+37 1.540999999999999925e+00 3.408230000000000343e+29
4.111140000000000000e+13 9.697980000000000337e+31 2.443230000000000216e+37 1.542999999999999927e+00 3.376010000000000241e+29
4.062470000000000000e+13 9.556029999999999410e+31 2.414379999999999938e+37 1.544999999999999929e+00 3.343619999999999742e+29
4.013810000000000000e+13 9.414390000000000466e+31 2.385539999999999964e+37 1.546999999999999931e+00 3.311079999999999967e+29
3.965150000000000000e+13 9.273050000000000129e+31 2.356690000000000158e+37 1.548999999999999932e+00 3.278379999999999652e+29
3.916490000000000000e+13 9.132019999999999973e+31 2.327839999999999880e+37 1.550999999999999934e+00 3.245520000000000204e+29
3.867830000000000000e+13 8.991309999999999772e+31 2.298990000000000075e+37 1.552999999999999936e+00 3.212510000000000073e+29
3.819170000000000000e+13 8.850909999999999752e+31 2.270139999999999797e+37 1.554999999999999938e+00 3.179340000000000106e+29
3.770520000000000000e+13 8.710819999999999914e+31 2.241299999999999823e+37 1.556999999999999940e+00 3.146009999999999950e+29
3.721860000000000000e+13 8.571069999999999578e+31 2.212450000000000018e+37 1.558999999999999941e+00 3.112519999999999957e+29
3.673210000000000000e+13 8.431629999999999423e+31 2.183600000000000212e+37 1.560999999999999943e+00 3.078879999999999986e+29
3.624560000000000000e+13 8.292530000000000571e+31 2.154749999999999934e+37 1.562999999999999945e+00 3.045079999999999825e+29
3.575920000000000000e+13 8.153759999999999646e+31 2.125899999999999893e+37 1.566000000000000059e+00 3.011130000000000038e+29
3.527270000000000000e+13 8.015339999999999798e+31 2.097059999999999918e+37 1.568000000000000060e+00 2.977020000000000063e+29
3.478630000000000000e+13 7.877260000000000352e+31 2.068210000000000113e+37 1.570000000000000062e+00 2.942749999999999899e+29
3.429990000000000000e+13 7.739530000000000181e+31 2.039360000000000071e+37 1.572999999999999954e+00 2.908330000000000108e+29
3.381350000000000000e+13 7.602159999999999959e+31 2.010510000000000030e+37 1.574999999999999956e+00 2.873750000000000128e+29
3.332720000000000000e+13 7.465149999999999687e+31 1.981659999999999988e+37 1.578000000000000069e+00 2.839009999999999960e+29
3.284080000000000000e+13 7.328510000000000038e+31 1.952820000000000014e+37 1.580000000000000071e+00 2.804130000000000022e+29
3.235450000000000000e+13 7.192249999999999885e+31 1.923969999999999972e+37 1.582999999999999963e+00 2.769089999999999896e+29
3.186820000000000000e+13 7.056379999999999902e+31 1.895119999999999931e+37 1.584999999999999964e+00 2.733900000000000143e+29
3.138200000000000000e+13 6.920890000000000316e+31 1.866269999999999889e+37 1.588000000000000078e+00 2.698549999999999850e+29
3.089570000000000000e+13 6.785810000000000447e+31 1.837420000000000084e+37 1.590000000000000080e+00 2.663060000000000139e+29
3.040950000000000000e+13 6.651140000000000295e+31 1.808580000000000110e+37 1.592999999999999972e+00 2.627420000000000098e+29
2.992330000000000000e+13 6.516879999999999860e+31 1.779730000000000068e+37 1.596000000000000085e+00 2.591619999999999868e+29
2.943710000000000000e+13 6.383049999999999590e+31 1.750880000000000026e+37 1.598999999999999977e+00 2.555679999999999869e+29
2.895100000000000000e+13 6.249660000000000158e+31 1.722029999999999985e+37 1.600999999999999979e+00 2.519589999999999891e+29
2.846480000000000000e+13 6.116720000000000438e+31 1.693179999999999943e+37 1.604000000000000092e+00 2.483360000000000144e+29
2.797870000000000000e+13 5.984230000000000429e+31 1.664339999999999969e+37 1.606999999999999984e+00 2.446980000000000066e+29
2.749270000000000000e+13 5.852209999999999678e+31 1.635489999999999927e+37 1.610000000000000098e+00 2.410459999999999868e+29
2.700660000000000000e+13 5.720669999999999760e+31 1.606639999999999886e+37 1.612999999999999989e+00 2.373790000000000042e+29
2.652060000000000000e+13 5.589630000000000222e+31 1.577790000000000080e+37 1.616000000000000103e+00 2.336989999999999953e+29
2.603460000000000000e+13 5.459090000000000164e+31 1.548940000000000039e+37 1.618999999999999995e+00 2.300050000000000095e+29
2.554860000000000000e+13 5.329070000000000032e+31 1.520100000000000064e+37 1.622000000000000108e+00 2.262970000000000116e+29
2.506270000000000000e+13 5.199590000000000274e+31 1.491250000000000023e+37 1.625000000000000000e+00 2.225750000000000016e+29
2.457670000000000000e+13 5.070659999999999763e+31 1.462399999999999981e+37 1.627999999999999892e+00 2.188409999999999862e+29
2.409090000000000000e+13 4.942290000000000074e+31 1.433549999999999940e+37 1.631000000000000005e+00 2.150929999999999940e+29
2.360500000000000000e+13 4.814499999999999852e+31 1.404699999999999898e+37 1.633999999999999897e+00 2.113320000000000106e+29
2.311920000000000000e+13 4.687299999999999773e+31 1.375859999999999924e+37 1.637000000000000011e+00 2.075580000000000009e+29
2.263340000000000000e+13 4.560729999999999830e+31 1.347009999999999882e+37 1.639999999999999902e+00 2.037719999999999858e+29
2.214760000000000000e+13 4.434780000000000250e+31 1.318160000000000077e+37 1.643999999999999906e+00 1.999740000000000006e+29
2.166180000000000000e+13 4.309490000000000127e+31 1.289310000000000035e+37 1.647000000000000020e+00 1.961629999999999891e+29
2.117610000000000000e+13 4.184870000000000134e+31 1.260459999999999994e+37 1.649999999999999911e+00 1.923409999999999932e+29
2.069040000000000000e+13 4.060949999999999592e+31 1.231620000000000019e+37 1.653999999999999915e+00 1.885080000000000129e+29
2.020480000000000000e+13 3.937749999999999850e+31 1.202769999999999978e+37 1.657000000000000028e+00 1.846629999999999921e+29
1.971920000000000000e+13 3.815279999999999779e+31 1.173919999999999936e+37 1.659999999999999920e+00 1.808069999999999869e+29
1.923360000000000000e+13 3.693579999999999825e+31 1.145069999999999895e+37 1.663999999999999924e+00 1.769409999999999831e+29
1.874800000000000000e+13 3.572669999999999984e+31 1.116220000000000089e+37 1.667000000000000037e+00 1.730639999999999950e+29
1.826250000000000000e+13 3.452580000000000029e+31 1.087380000000000115e+37 1.671000000000000041e+00 1.691770000000000082e+29
1.777710000000000000e+13 3.333340000000000178e+31 1.058529999999999955e+37 1.673999999999999932e+00 1.652810000000000087e+29
1.729160000000000000e+13 3.214969999999999979e+31 1.029680000000000032e+37 1.677999999999999936e+00 1.613759999999999963e+29
1.680620000000000000e+13 3.097500000000000105e+31 1.000829999999999990e+37 1.681999999999999940e+00 1.574610000000000030e+29
1.632080000000000000e+13 2.980979999999999870e+31 9.719840000000000463e+36 1.685000000000000053e+00 1.535380000000000002e+29
1.583550000000000000e+13 2.865439999999999948e+31 9.431359999999999946e+36 1.689000000000000057e+00 1.496070000000000056e+29
1.535020000000000000e+13 2.750899999999999886e+31 9.142879999999999429e+36 1.693000000000000060e+00 1.456680000000000016e+29
1.486490000000000000e+13 2.637420000000000124e+31 8.854400000000000092e+36 1.695999999999999952e+00 1.417210000000000057e+29
1.437970000000000000e+13 2.525029999999999983e+31 8.565919999999999574e+36 1.699999999999999956e+00 1.377680000000000072e+29
1.389450000000000000e+13 2.413769999999999908e+31 8.277440000000000238e+36 1.703999999999999959e+00 1.338069999999999992e+29
1.340940000000000000e+13 2.303699999999999890e+31 7.988959999999999720e+36 1.707999999999999963e+00 1.298409999999999919e+29
1.292430000000000000e+13 2.194850000000000151e+31 7.700480000000000384e+36 1.711000000000000076e+00 1.258689999999999996e+29
1.243930000000000000e+13 2.087279999999999780e+31 7.411999999999999866e+36 1.715000000000000080e+00 1.218920000000000079e+29
1.195430000000000000e+13 1.981049999999999897e+31 7.123520000000000530e+36 1.719000000000000083e+00 1.179089999999999960e+29
1.146930000000000000e+13 1.876210000000000043e+31 6.835040000000000012e+36 1.723000000000000087e+00 1.139229999999999916e+29
1.098440000000000000e+13 1.772829999999999982e+31 6.546559999999999495e+36 1.727000000000000091e+00 1.099320000000000054e+29
1.049960000000000000e+13 1.670969999999999933e+31 6.258080000000000158e+36 1.729999999999999982e+00 1.059370000000000058e+29
1.001480000000000000e+13 1.570700000000000110e+31 5.969599999999999641e+36 1.733999999999999986e+00 1.019379999999999926e+29
9.530020000000000000e+12 1.472100000000000051e+31 5.681120000000000304e+36 1.737999999999999989e+00 9.793689999999999171e+28
9.045320000000000000e+12 1.375259999999999970e+31 5.392639999999999787e+36 1.741000000000000103e+00 9.393250000000000252e+28
8.560680000000000000e+12 1.280260000000000079e+31 5.104159999999999860e+36 1.745000000000000107e+00 8.992520000000000178e+28
8.076100000000000000e+12 1.187189999999999916e+31 4.815679999999999933e+36 1.747999999999999998e+00 8.591510000000000566e+28
7.591580000000000000e+12 1.096169999999999915e+31 4.527200000000000006e+36 1.750999999999999890e+00 8.190199999999999940e+28
7.107120000000000000e+12 1.007299999999999948e+31 4.238720000000000079e+36 1.752999999999999892e+00 7.788559999999999608e+28
6.622730000000000000e+12 9.207099999999999970e+30 3.950240000000000152e+36 1.754999999999999893e+00 7.386530000000000421e+28
6.138400000000000000e+12 8.365400000000000429e+30 3.661760000000000225e+36 1.756999999999999895e+00 6.984000000000000425e+28
5.654150000000000000e+12 7.549389999999999518e+30 3.373279999999999707e+36 1.758000000000000007e+00 6.580819999999999993e+28
5.169970000000000000e+12 6.760760000000000376e+30 3.084799999999999780e+36 1.756999999999999895e+00 6.176769999999999613e+28
4.685870000000000000e+12 6.001390000000000486e+30 2.796319999999999853e+36 1.754999999999999893e+00 5.771509999999999720e+28
4.201850000000000000e+12 5.273399999999999549e+30 2.507839999999999926e+36 1.750999999999999890e+00 5.364550000000000243e+28
3.717930000000000000e+12 4.579180000000000043e+30 2.219359999999999999e+36 1.743999999999999995e+00 4.955169999999999982e+28
3.234090000000000000e+12 3.921489999999999890e+30 1.930880000000000072e+36 1.733000000000000096e+00 4.542249999999999903e+28
2.750370000000000000e+12 3.303439999999999778e+30 1.642400000000000145e+36 1.715000000000000080e+00 4.124030000000000395e+28
2.266750000000000000e+12 2.728599999999999765e+30 1.353919999999999923e+36 1.687000000000000055e+00 3.697529999999999838e+28
1.783260000000000000e+12 2.200819999999999872e+30 1.065439999999999996e+36 1.641999999999999904e+00 3.257219999999999873e+28
1.299920000000000000e+12 1.723249999999999936e+30 7.769600000000000691e+35 1.570999999999999952e+00 2.790889999999999901e+28
8.167540000000000000e+11 1.290069999999999934e+30 4.884799999999999945e+35 1.447999999999999954e+00 2.258499999999999972e+28
4.299000000000000000e+11 7.805000000000000069e+29 2.572000000000000181e+35 1.330000000000000071e+00 1.506450000000000062e+28
4.188000000000000000e+11 7.537999999999999717e+29 2.505999999999999897e+35 1.330000000000000071e+00 1.455129999999999927e+28
3.325000000000000000e+11 5.815999999999999745e+29 1.990000000000000163e+35 1.330000000000000071e+00 1.165809999999999924e+28
2.640000000000000000e+11 4.472999999999999815e+29 1.581000000000000083e+35 1.330000000000000071e+00 9.297799999999999813e+27
2.096000000000000000e+11 3.289999999999999843e+29 1.256000000000000028e+35 1.330000000000000071e+00 6.841069999999999801e+27
1.844000000000000000e+11 2.892000000000000018e+29 1.105000000000000000e+35 1.330000000000000071e+00 6.221810000000000396e+27
1.664000000000000000e+11 2.597000000000000095e+29 9.975999999999999784e+34 1.330000000000000071e+00 3.996079999999999920e+27
1.322000000000000000e+11 2.033000000000000102e+29 7.923999999999999875e+34 1.330000000000000071e+00 3.293160000000000158e+27
1.049000000000000000e+11 1.494999999999999961e+29 6.294000000000000085e+34 1.330000000000000071e+00 2.422460000000000012e+27
8.332000000000000000e+10 1.100000000000000064e+29 4.999999999999999843e+34 1.330000000000000071e+00 1.782300000000000002e+27
6.617000000000000000e+10 8.088999999999999432e+28 3.971999999999999897e+34 1.330000000000000071e+00 1.311289999999999924e+27
5.254000000000000000e+10 5.949000000000000344e+28 3.155000000000000010e+34 1.330000000000000071e+00 9.646129999999999985e+26
4.172000000000000000e+10 4.628000000000000126e+28 2.505999999999999897e+34 1.330000000000000071e+00 7.875200000000000595e+26
3.313000000000000000e+10 3.403999999999999866e+28 1.989999999999999932e+34 1.330000000000000071e+00 5.791050000000000196e+26
2.631000000000000000e+10 2.502999999999999803e+28 1.580999999999999991e+34 1.330000000000000071e+00 4.261170000000000143e+26
2.090000000000000000e+10 1.938000000000000082e+28 1.255999999999999936e+34 1.330000000000000071e+00 3.451690000000000088e+26
1.659000000000000000e+10 1.425000000000000067e+28 9.976000000000000246e+33 1.330000000000000071e+00 2.538950000000000110e+26
1.318000000000000000e+10 1.048000000000000007e+28 7.924000000000000337e+33 1.330000000000000071e+00 1.867689999999999969e+26
1.046000000000000000e+10 7.701999999999999683e+27 6.294000000000000085e+33 1.330000000000000071e+00 1.373879999999999975e+26
8.312000000000000000e+09 5.662000000000000348e+27 4.999999999999999728e+33 1.330000000000000071e+00 1.010819999999999921e+26
6.601000000000000000e+09 4.362000000000000029e+27 3.972000000000000127e+33 1.330000000000000071e+00 8.130089999999999436e+25
4.164000000000000000e+09 2.356000000000000079e+27 2.505999999999999955e+33 1.330000000000000071e+00 4.399369999999999874e+25
2.626000000000000000e+09 1.272000000000000034e+27 1.580999999999999991e+33 1.330000000000000071e+00 2.380450000000000180e+25
1.657000000000000000e+09 6.859999999999999767e+26 9.975999999999999957e+32 1.330000000000000071e+00 1.288319999999999913e+25
1.316000000000000000e+09 5.036000000000000296e+26 7.924000000000000337e+32 1.330000000000000071e+00 9.477099999999999527e+24
1.045000000000000000e+09 4.128999999999999924e+26 6.293999999999999941e+32 1.330000000000000071e+00 6.794269999999999770e+24
8.301000000000000000e+08 3.039000000000000162e+26 4.999999999999999728e+32 1.330000000000000071e+00 4.998809999999999830e+24
5.237000000000000000e+08 1.628999999999999891e+26 3.154999999999999923e+32 1.330000000000000071e+00 2.705450000000000161e+24
3.304000000000000000e+08 8.737999999999999925e+25 1.990000000000000076e+32 1.330000000000000071e+00 1.463449999999999964e+24
2.624000000000000000e+08 6.675999999999999817e+25 1.580999999999999919e+32 1.330000000000000071e+00 1.123400000000000065e+24
1.315000000000000000e+08 2.603999999999999941e+25 7.923999999999999616e+31 1.330000000000000071e+00 4.472499999999999827e+23
6.589000000000000000e+07 1.006000000000000014e+25 3.972000000000000199e+31 1.330000000000000071e+00 1.780890000000000165e+23
3.302000000000000000e+07 3.832999999999999839e+24 1.989999999999999986e+31 1.330000000000000071e+00 7.086450000000000092e+22
1.655000000000000000e+07 1.435000000000000086e+24 9.975999999999999642e+30 1.330000000000000071e+00 2.822060000000000131e+22
8.293000000000000000e+06 5.250000000000000315e+23 4.999999999999999818e+30 1.330000000000000071e+00 1.123529999999999934e+22
6.588000000000000000e+06 3.910999999999999759e+23 3.972000000000000087e+30 1.330000000000000071e+00 8.163429999999999541e+21
2.622000000000000000e+06 9.754999999999999214e+22 1.581000000000000009e+30 1.330000000000000071e+00 2.390210000000000197e+21
1.044000000000000000e+06 2.318000000000000105e+22 6.293999999999999902e+29 1.330000000000000071e+00 6.999960000000000000e+20
4.156000000000000000e+05 5.265999999999999476e+21 2.505999999999999907e+29 1.330000000000000071e+00 2.050380000000000000e+20
1.654000000000000000e+05 1.151000000000000000e+21 9.976000000000000768e+28 1.330000000000000071e+00 6.004390000000000000e+19
6.587000000000000000e+04 2.431000000000000000e+20 3.972000000000000263e+28 1.330000000000000071e+00 1.758760000000000000e+19
2.622000000000000000e+04 4.968000000000000000e+19 1.581000000000000061e+28 1.330000000000000071e+00 5.149550000000000000e+18
1.044000000000000000e+04 9.744000000000000000e+18 6.294999999999999717e+27 1.330000000000000071e+00 1.508420000000000000e+18
