9.645438313300000000e+15 7.786519194999999839e+36 1.998899999999999977e+39 1.000000000000000000e+00 0.000000000000000000e+00
9.597244932500000000e+15 7.743145152299999686e+36 1.993900000000000144e+39 1.000000000000000000e+00 0.000000000000000000e+00
9.549172252500000000e+15 7.699879740199999530e+36 1.988900000000000009e+39 1.000000000000000000e+00 0.000000000000000000e+00
9.501220273100000000e+15 7.656722958800000203e+36 1.983899999999999874e+39 1.000000000000000000e+00 0.000000000000000000e+00
9.453388994500000000e+15 7.613674808100000524e+36 1.978900000000000041e+39 1.000000000000000000e+00 0.000000000000000000e+00
9.405678416600000000e+15 7.570735287999999661e+36 1.973899999999999906e+39 1.000000000000000000e+00 0.000000000000000000e+00
9.358088539400000000e+15 7.527904398499999976e+36 1.968900000000000074e+39 1.000000000000000000e+00 0.000000000000000000e+00
9.310619362900000000e+15 7.485182139699999939e+36 1.963899999999999939e+39 1.000000000000000000e+00 0.000000000000000000e+00
9.263270887200000000e+15 7.442568511499999898e+36 1.958900000000000106e+39 1.000000000000000000e+00 0.000000000000000000e+00
9.216043112100000000e+15 7.400063513899999854e+36 1.953899999999999971e+39 1.000000000000000000e+00 0.000000000000000000e+00
9.168936037800000000e+15 7.357667146999999458e+36 1.948900000000000138e+39 1.000000000000000000e+00 0.000000000000000000e+00
9.121949664100000000e+15 7.315379410700000239e+36 1.943900000000000003e+39 1.000000000000000000e+00 0.000000000000000000e+00
9.075083991200000000e+15 7.273200305099999488e+36 1.938899999999999868e+39 1.000000000000000000e+00 0.000000000000000000e+00
9.028339019000000000e+15 7.231129830099999915e+36 1.933900000000000036e+39 1.000000000000000000e+00 0.000000000000000000e+00
8.981714747500000000e+15 7.189167985799999989e+36 1.928899999999999901e+39 1.000000000000000000e+00 0.000000000000000000e+00
8.935211176700000000e+15 7.147314772100000061e+36 1.923900000000000068e+39 1.000000000000000000e+00 0.000000000000000000e+00
8.888828306700000000e+15 7.105570189000000128e+36 1.918899999999999933e+39 1.000000000000000000e+00 0.000000000000000000e+00
8.842566137300000000e+15 7.063934236599999844e+36 1.913900000000000100e+39 1.000000000000000000e+00 0.000000000000000000e+00
8.796424668700000000e+15 7.022406914799999557e+36 1.908899999999999965e+39 1.000000000000000000e+00 0.000000000000000000e+00
8.750403900800000000e+15 6.980988223700000099e+36 1.903900000000000133e+39 1.000000000000000000e+00 0.000000000000000000e+00
8.704503833600000000e+15 6.939678163199999457e+36 1.898899999999999998e+39 1.000000000000000000e+00 0.000000000000000000e+00
8.658724467100000000e+15 6.898476733399999643e+36 1.893899999999999863e+39 1.000000000000000000e+00 0.000000000000000000e+00
8.613065801300000000e+15 6.857383934199999826e+36 1.888900000000000030e+39 1.000000000000000000e+00 0.000000000000000000e+00
8.567527836200000000e+15 6.816399765600000006e+36 1.883899999999999895e+39 1.000000000000000000e+00 0.000000000000000000e+00
8.522110571800000000e+15 6.775524227699999834e+36 1.878900000000000062e+39 1.000000000000000000e+00 0.000000000000000000e+00
8.476814008200000000e+15 6.734757320399999659e+36 1.873899999999999928e+39 1.000000000000000000e+00 0.000000000000000000e+00
8.431638145300000000e+15 6.694099043800000313e+36 1.868900000000000095e+39 1.000000000000000000e+00 0.000000000000000000e+00
8.386582983000000000e+15 6.653549397799999782e+36 1.863899999999999960e+39 1.000000000000000000e+00 0.000000000000000000e+00
8.341648521500000000e+15 6.613108382400000429e+36 1.858900000000000127e+39 1.000000000000000000e+00 0.000000000000000000e+00
8.296834760700000000e+15 6.572775997699999543e+36 1.853899999999999992e+39 1.000000000000000000e+00 0.000000000000000000e+00
8.252141700700000000e+15 6.532552243599999835e+36 1.848899999999999857e+39 1.000000000000000000e+00 0.000000000000000000e+00
8.207569341300000000e+15 6.492437120199999775e+36 1.843900000000000025e+39 1.000000000000000000e+00 0.000000000000000000e+00
8.163117682600000000e+15 6.452430627399999712e+36 1.838899999999999890e+39 1.000000000000000000e+00 0.000000000000000000e+00
8.118786724700000000e+15 6.412532765300000477e+36 1.833900000000000057e+39 1.000000000000000000e+00 0.000000000000000000e+00
8.074576467500000000e+15 6.372743533700000407e+36 1.828899999999999922e+39 1.000000000000000000e+00 0.000000000000000000e+00
8.030486911000000000e+15 6.333062932899999637e+36 1.823900000000000089e+39 1.000000000000000000e+00 0.000000000000000000e+00
7.986518055200000000e+15 6.293490962700000044e+36 1.818899999999999954e+39 1.000000000000000000e+00 0.000000000000000000e+00
7.942669900100000000e+15 6.254027623100000448e+36 1.813900000000000122e+39 1.000000000000000000e+00 0.000000000000000000e+00
7.898942445700000000e+15 6.214672914099999667e+36 1.808899999999999987e+39 1.000000000000000000e+00 0.000000000000000000e+00
7.855335692000000000e+15 6.175426835900000548e+36 1.803899999999999852e+39 1.000000000000000000e+00 0.000000000000000000e+00
7.811849639100000000e+15 6.136289388199999413e+36 1.798900000000000019e+39 1.000000000000000000e+00 0.000000000000000000e+00
7.768484286900000000e+15 6.097260571200000287e+36 1.793899999999999884e+39 1.000000000000000000e+00 0.000000000000000000e+00
7.725239635300000000e+15 6.058340384799999977e+36 1.788900000000000051e+39 1.000000000000000000e+00 0.000000000000000000e+00
7.682115684500000000e+15 6.019528829100000496e+36 1.783899999999999916e+39 1.000000000000000000e+00 0.000000000000000000e+00
7.639112434400000000e+15 5.980825903999999831e+36 1.778900000000000084e+39 1.000000000000000000e+00 0.000000000000000000e+00
7.596229885100000000e+15 5.942231609599999995e+36 1.773899999999999949e+39 1.000000000000000000e+00 0.000000000000000000e+00
7.553468036400000000e+15 5.903745945800000155e+36 1.768900000000000116e+39 1.000000000000000000e+00 0.000000000000000000e+00
7.510826888400000000e+15 5.865368912600000312e+36 1.763899999999999981e+39 1.000000000000000000e+00 0.000000000000000000e+00
7.468306441200000000e+15 5.827100510100000118e+36 1.758900000000000148e+39 1.000000000000000000e+00 0.000000000000000000e+00
7.425906694700000000e+15 5.788940738199999920e+36 1.753900000000000013e+39 1.000000000000000000e+00 0.000000000000000000e+00
7.383627648800000000e+15 5.750889597000000551e+36 1.748899999999999878e+39 1.000000000000000000e+00 0.000000000000000000e+00
7.341469303700000000e+15 5.712947086399999998e+36 1.743900000000000046e+39 1.000000000000000000e+00 0.000000000000000000e+00
7.299431659400000000e+15 5.675113206399999441e+36 1.738899999999999911e+39 1.000000000000000000e+00 0.000000000000000000e+00
7.257514715700000000e+15 5.637387957099999714e+36 1.733900000000000078e+39 1.000000000000000000e+00 0.000000000000000000e+00
7.215718472700000000e+15 5.599771338499999635e+36 1.728899999999999943e+39 1.000000000000000000e+00 0.000000000000000000e+00
7.174042930500000000e+15 5.562263350399999900e+36 1.723900000000000110e+39 1.000000000000000000e+00 0.000000000000000000e+00
7.132488088900000000e+15 5.524863992999999814e+36 1.718899999999999975e+39 1.000000000000000000e+00 0.000000000000000000e+00
7.091053948100000000e+15 5.487573266300000557e+36 1.713900000000000143e+39 1.000000000000000000e+00 0.000000000000000000e+00
7.049740508000000000e+15 5.450391170200000116e+36 1.708900000000000008e+39 1.000000000000000000e+00 0.000000000000000000e+00
7.008547768600000000e+15 5.413317704800000504e+36 1.703899999999999873e+39 1.000000000000000000e+00 0.000000000000000000e+00
6.967475729900000000e+15 5.376352869900000055e+36 1.698900000000000040e+39 1.000000000000000000e+00 0.000000000000000000e+00
6.926524391900000000e+15 5.339496665800000088e+36 1.693899999999999905e+39 1.000000000000000000e+00 0.000000000000000000e+00
6.885693754700000000e+15 5.302749092199999875e+36 1.688900000000000072e+39 1.000000000000000000e+00 0.000000000000000000e+00
6.844983818100000000e+15 5.266110149299999901e+36 1.683899999999999937e+39 1.000000000000000000e+00 0.000000000000000000e+00
6.804394582300000000e+15 5.229579837100000166e+36 1.678900000000000105e+39 1.000000000000000000e+00 0.000000000000000000e+00
6.763926047200000000e+15 5.193158155499999837e+36 1.673899999999999970e+39 1.000000000000000000e+00 0.000000000000000000e+00
6.723578212800000000e+15 5.156845104500000094e+36 1.668900000000000137e+39 1.000000000000000000e+00 0.000000000000000000e+00
6.683351079100000000e+15 5.120640684200000000e+36 1.663900000000000002e+39 1.000000000000000000e+00 0.000000000000000000e+00
6.643244646100000000e+15 5.084544894499999903e+36 1.658899999999999867e+39 1.000000000000000000e+00 0.000000000000000000e+00
6.603258913900000000e+15 5.048557735500000044e+36 1.653900000000000034e+39 1.000000000000000000e+00 0.000000000000000000e+00
6.563393882300000000e+15 5.012679207100000182e+36 1.648899999999999900e+39 1.000000000000000000e+00 0.000000000000000000e+00
6.523649551500000000e+15 4.976909309299999726e+36 1.643900000000000067e+39 1.000000000000000000e+00 0.000000000000000000e+00
6.484025921300000000e+15 4.941248042200000099e+36 1.638899999999999932e+39 1.000000000000000000e+00 0.000000000000000000e+00
6.444522991900000000e+15 4.905695405699999878e+36 1.633900000000000099e+39 1.000000000000000000e+00 0.000000000000000000e+00
6.405140763200000000e+15 4.870251399899999897e+36 1.628899999999999964e+39 1.000000000000000000e+00 0.000000000000000000e+00
6.365879235200000000e+15 4.834916024699999911e+36 1.623900000000000132e+39 1.000000000000000000e+00 0.000000000000000000e+00
6.326738408000000000e+15 4.799689280200000164e+36 1.618899999999999997e+39 1.000000000000000000e+00 0.000000000000000000e+00
6.287718281400000000e+15 4.764571166299999824e+36 1.613899999999999862e+39 1.000000000000000000e+00 0.000000000000000000e+00
6.248818855600000000e+15 4.729561683000000070e+36 1.608900000000000029e+39 1.000000000000000000e+00 0.000000000000000000e+00
6.210040130400000000e+15 4.694660830399999965e+36 1.603899999999999894e+39 1.000000000000000000e+00 0.000000000000000000e+00
6.171382106000000000e+15 4.659868608399999856e+36 1.598900000000000061e+39 1.000000000000000000e+00 0.000000000000000000e+00
6.132844782300000000e+15 4.625185017099999986e+36 1.593899999999999926e+39 1.000000000000000000e+00 0.000000000000000000e+00
6.094428159300000000e+15 4.590610056400000113e+36 1.588900000000000094e+39 1.000000000000000000e+00 0.000000000000000000e+00
6.056132237000000000e+15 4.556143726300000235e+36 1.583899999999999959e+39 1.000000000000000000e+00 0.000000000000000000e+00
6.017957015500000000e+15 4.521786026900000007e+36 1.578900000000000126e+39 1.000000000000000000e+00 0.000000000000000000e+00
5.979902494600000000e+15 4.487536958200000017e+36 1.573899999999999991e+39 1.000000000000000000e+00 0.000000000000000000e+00
5.941968674500000000e+15 4.453396519999999782e+36 1.568899999999999856e+39 1.000000000000000000e+00 0.000000000000000000e+00
5.904155555000000000e+15 4.419364712499999785e+36 1.563900000000000023e+39 1.000000000000000000e+00 0.000000000000000000e+00
5.866463136300000000e+15 4.385441535700000027e+36 1.558899999999999888e+39 1.000000000000000000e+00 0.000000000000000000e+00
5.828891418300000000e+15 4.351626989500000265e+36 1.553900000000000056e+39 1.000000000000000000e+00 0.000000000000000000e+00
5.791440401000000000e+15 4.317921073899999910e+36 1.548899999999999921e+39 1.000000000000000000e+00 0.000000000000000000e+00
5.754110084500000000e+15 4.284323788999999793e+36 1.543900000000000088e+39 1.000000000000000000e+00 0.000000000000000000e+00
5.716900468600000000e+15 4.250835134700000263e+36 1.538899999999999953e+39 1.000000000000000000e+00 0.000000000000000000e+00
5.679811553400000000e+15 4.217455111099999792e+36 1.533900000000000120e+39 1.000000000000000000e+00 0.000000000000000000e+00
5.642843339000000000e+15 4.184183718099999907e+36 1.528899999999999985e+39 1.000000000000000000e+00 0.000000000000000000e+00
5.605995825300000000e+15 4.151020955800000261e+36 1.523899999999999850e+39 1.000000000000000000e+00 0.000000000000000000e+00
5.569269012300000000e+15 4.117966824100000021e+36 1.518900000000000018e+39 1.000000000000000000e+00 0.000000000000000000e+00
5.532662900000000000e+15 4.085021322999999777e+36 1.513899999999999883e+39 1.000000000000000000e+00 0.000000000000000000e+00
5.496177488400000000e+15 4.052184452599999773e+36 1.508900000000000050e+39 1.000000000000000000e+00 0.000000000000000000e+00
5.459812777500000000e+15 4.019456212799999765e+36 1.503899999999999915e+39 1.000000000000000000e+00 0.000000000000000000e+00
5.423568767400000000e+15 3.986836603699999995e+36 1.498900000000000082e+39 1.000000000000000000e+00 0.000000000000000000e+00
5.387445457900000000e+15 3.954325625200000222e+36 1.493899999999999947e+39 1.000000000000000000e+00 0.000000000000000000e+00
5.351442849200000000e+15 3.921923277299999856e+36 1.488900000000000115e+39 1.000000000000000000e+00 0.000000000000000000e+00
5.315560941200000000e+15 3.889629560099999728e+36 1.483899999999999980e+39 1.000000000000000000e+00 0.000000000000000000e+00
5.279799733900000000e+15 3.857444473500000186e+36 1.478900000000000147e+39 1.000000000000000000e+00 0.000000000000000000e+00
5.244159227300000000e+15 3.825368017600000294e+36 1.473900000000000012e+39 1.000000000000000000e+00 0.000000000000000000e+00
5.208639421400000000e+15 3.793400192299999807e+36 1.468899999999999877e+39 1.000000000000000000e+00 0.000000000000000000e+00
5.173240316300000000e+15 3.761540997599999908e+36 1.463900000000000044e+39 1.000000000000000000e+00 0.000000000000000000e+00
5.137961911800000000e+15 3.729790433600000247e+36 1.458899999999999909e+39 1.000000000000000000e+00 0.000000000000000000e+00
5.102804208100000000e+15 3.698148500300000234e+36 1.453900000000000077e+39 1.000000000000000000e+00 0.000000000000000000e+00
5.067767205000000000e+15 3.666615197499999976e+36 1.448899999999999942e+39 1.000000000000000000e+00 0.000000000000000000e+00
5.032850902700000000e+15 3.635190525500000199e+36 1.443900000000000109e+39 1.000000000000000000e+00 0.000000000000000000e+00
4.998055301100000000e+15 3.603874484000000176e+36 1.438899999999999974e+39 1.000000000000000000e+00 0.000000000000000000e+00
4.963380400200000000e+15 3.572667073199999801e+36 1.433900000000000141e+39 1.000000000000000000e+00 0.000000000000000000e+00
4.928826200100000000e+15 3.541568293100000256e+36 1.428900000000000006e+39 1.000000000000000000e+00 0.000000000000000000e+00
4.894392700600000000e+15 3.510578143600000116e+36 1.423899999999999872e+39 1.000000000000000000e+00 0.000000000000000000e+00
4.860079901900000000e+15 3.479696624699999974e+36 1.418900000000000039e+39 1.000000000000000000e+00 0.000000000000000000e+00
4.825887803800000000e+15 3.448923736500000070e+36 1.413899999999999904e+39 1.000000000000000000e+00 0.000000000000000000e+00
4.791816406500000000e+15 3.418259478900000162e+36 1.408900000000000071e+39 1.000000000000000000e+00 0.000000000000000000e+00
4.757865709900000000e+15 3.387703851900000251e+36 1.403899999999999936e+39 1.000000000000000000e+00 0.000000000000000000e+00
4.724035714000000000e+15 3.357256855599999988e+36 1.398900000000000104e+39 1.000000000000000000e+00 0.000000000000000000e+00
4.690326418800000000e+15 3.326918489999999965e+36 1.393899999999999969e+39 1.000000000000000000e+00 0.000000000000000000e+00
4.656737824400000000e+15 3.296688754999999937e+36 1.388900000000000136e+39 1.000000000000000000e+00 0.000000000000000000e+00
4.623269930600000000e+15 3.266567650599999906e+36 1.383900000000000001e+39 1.000000000000000000e+00 0.000000000000000000e+00
4.589922737600000000e+15 3.236555176799999872e+36 1.378899999999999866e+39 1.000000000000000000e+00 0.000000000000000000e+00
4.556696245300000000e+15 3.206651333700000076e+36 1.373900000000000033e+39 1.000000000000000000e+00 0.000000000000000000e+00
4.523590453600000000e+15 3.176856121299999929e+36 1.368899999999999898e+39 1.000000000000000000e+00 0.000000000000000000e+00
4.490605362700000000e+15 3.147169539499999779e+36 1.363900000000000066e+39 1.000000000000000000e+00 0.000000000000000000e+00
4.457740972600000000e+15 3.117591588300000215e+36 1.358899999999999931e+39 1.000000000000000000e+00 0.000000000000000000e+00
4.424997283100000000e+15 3.088122267799999709e+36 1.353899999999999947e+39 1.000000000000000000e+00 0.000000000000000000e+00
4.392374294300000000e+15 3.058761577899999790e+36 1.348899999999999963e+39 1.000000000000000000e+00 0.000000000000000000e+00
4.359872006300000000e+15 3.029509518700000110e+36 1.343899999999999979e+39 1.000000000000000000e+00 0.000000000000000000e+00
4.327490418900000000e+15 3.000366090099999836e+36 1.338899999999999995e+39 1.000000000000000000e+00 0.000000000000000000e+00
4.295229532300000000e+15 2.971331292100000149e+36 1.333900000000000011e+39 1.000000000000000000e+00 0.000000000000000000e+00
4.263089346400000000e+15 2.942405124800000110e+36 1.328900000000000028e+39 1.000000000000000000e+00 0.000000000000000000e+00
4.231069861200000000e+15 2.913587588100000068e+36 1.323900000000000044e+39 1.000000000000000000e+00 0.000000000000000000e+00
4.199171076700000000e+15 2.884878682100000265e+36 1.318900000000000060e+39 1.000000000000000000e+00 0.000000000000000000e+00
4.167392993000000000e+15 2.856278406699999868e+36 1.313899999999999925e+39 1.000000000000000000e+00 0.000000000000000000e+00
4.135735609900000000e+15 2.827786761900000057e+36 1.308899999999999941e+39 1.000000000000000000e+00 0.000000000000000000e+00
4.104198927600000000e+15 2.799403747799999895e+36 1.303899999999999957e+39 1.000000000000000000e+00 0.000000000000000000e+00
4.072782945900000000e+15 2.771129364399999972e+36 1.298899999999999974e+39 1.000000000000000000e+00 0.000000000000000000e+00
4.041487665000000000e+15 2.742963611499999803e+36 1.293899999999999990e+39 1.000000000000000000e+00 0.000000000000000000e+00
4.010313084800000000e+15 2.714906489400000115e+36 1.288900000000000006e+39 1.000000000000000000e+00 0.000000000000000000e+00
3.979259205300000000e+15 2.686957997800000181e+36 1.283900000000000022e+39 1.000000000000000000e+00 0.000000000000000000e+00
3.948326026600000000e+15 2.659118136899999896e+36 1.278900000000000038e+39 1.000000000000000000e+00 0.000000000000000000e+00
3.917513548500000000e+15 2.631386906700000145e+36 1.273900000000000054e+39 1.000000000000000000e+00 0.000000000000000000e+00
3.886821771100000000e+15 2.603764307000000147e+36 1.268900000000000071e+39 1.000000000000000000e+00 0.000000000000000000e+00
3.856250694500000000e+15 2.576250338100000041e+36 1.263899999999999936e+39 1.000000000000000000e+00 0.000000000000000000e+00
3.825800318600000000e+15 2.548844999699999984e+36 1.258899999999999952e+39 1.000000000000000000e+00 0.000000000000000000e+00
3.795470643400000000e+15 2.521548292100000113e+36 1.253899999999999968e+39 1.000000000000000000e+00 0.000000000000000000e+00
3.765261668900000000e+15 2.494360214999999996e+36 1.248899999999999984e+39 1.000000000000000000e+00 0.000000000000000000e+00
3.735173395100000000e+15 2.467280768600000118e+36 1.243900000000000000e+39 1.000000000000000000e+00 0.000000000000000000e+00
3.705205822000000000e+15 2.440309952799999941e+36 1.238900000000000016e+39 1.000000000000000000e+00 0.000000000000000000e+00
3.675358949700000000e+15 2.413447767700000003e+36 1.233900000000000033e+39 1.000000000000000000e+00 0.000000000000000000e+00
3.645632778000000000e+15 2.386694213200000061e+36 1.228900000000000049e+39 1.000000000000000000e+00 0.000000000000000000e+00
3.616027307100000000e+15 2.360049289400000063e+36 1.223900000000000065e+39 1.000000000000000000e+00 0.000000000000000000e+00
3.586542536900000000e+15 2.333512996200000062e+36 1.218899999999999930e+39 1.000000000000000000e+00 0.000000000000000000e+00
3.557178467400000000e+15 2.307085333600000057e+36 1.213899999999999946e+39 1.000000000000000000e+00 0.000000000000000000e+00
3.527935098600000000e+15 2.280766301699999996e+36 1.208899999999999962e+39 1.000000000000000000e+00 0.000000000000000000e+00
3.498812430500000000e+15 2.254555900499999878e+36 1.203899999999999979e+39 1.000000000000000000e+00 0.000000000000000000e+00
3.469810463100000000e+15 2.228454129800000105e+36 1.198899999999999995e+39 1.000000000000000000e+00 0.000000000000000000e+00
3.440929196500000000e+15 2.202460989799999980e+36 1.193900000000000011e+39 1.000000000000000000e+00 0.000000000000000000e+00
3.412168630500000000e+15 2.176576480500000094e+36 1.188900000000000027e+39 1.000000000000000000e+00 0.000000000000000000e+00
3.383528765300000000e+15 2.150800601799999909e+36 1.183900000000000043e+39 1.000000000000000000e+00 0.000000000000000000e+00
3.355009600800000000e+15 2.125133353700000016e+36 1.178900000000000059e+39 1.000000000000000000e+00 0.000000000000000000e+00
3.326611137000000000e+15 2.099574736300000067e+36 1.173900000000000076e+39 1.000000000000000000e+00 0.000000000000000000e+00
3.298333373900000000e+15 2.074124749500000114e+36 1.168899999999999941e+39 1.000000000000000000e+00 0.000000000000000000e+00
3.270176311500000000e+15 2.048783393400000105e+36 1.163899999999999957e+39 1.000000000000000000e+00 0.000000000000000000e+00
3.242139949900000000e+15 2.023550667900000092e+36 1.158899999999999973e+39 1.000000000000000000e+00 0.000000000000000000e+00
3.214224288900000000e+15 1.998426573100000023e+36 1.153899999999999989e+39 1.000000000000000000e+00 0.000000000000000000e+00
3.186429328700000000e+15 1.973411108899999950e+36 1.148900000000000005e+39 1.000000000000000000e+00 0.000000000000000000e+00
3.158755069200000000e+15 1.948504275299999874e+36 1.143900000000000021e+39 1.000000000000000000e+00 0.000000000000000000e+00
3.131201510400000000e+15 1.923706072400000036e+36 1.138900000000000038e+39 1.000000000000000000e+00 0.000000000000000000e+00
3.103768652300000000e+15 1.899016500099999900e+36 1.133900000000000054e+39 1.000000000000000000e+00 0.000000000000000000e+00
3.076456494900000000e+15 1.874435558400000056e+36 1.128900000000000070e+39 1.000000000000000000e+00 0.000000000000000000e+00
3.049265038200000000e+15 1.849963247399999860e+36 1.123899999999999935e+39 1.000000000000000000e+00 0.000000000000000000e+00
3.022194282300000000e+15 1.825599567099999902e+36 1.118899999999999951e+39 1.000000000000000000e+00 0.000000000000000000e+00
2.995244227000000000e+15 1.801344517399999942e+36 1.113899999999999967e+39 1.000000000000000000e+00 0.000000000000000000e+00
2.968414872500000000e+15 1.777198098299999977e+36 1.108899999999999983e+39 1.000000000000000000e+00 0.000000000000000000e+00
2.941706218700000000e+15 1.753160309800000010e+36 1.103900000000000000e+39 1.000000000000000000e+00 0.000000000000000000e+00
2.915118265600000000e+15 1.729231152099999933e+36 1.098900000000000016e+39 1.000000000000000000e+00 0.000000000000000000e+00
2.888651013200000000e+15 1.705410624899999905e+36 1.093900000000000032e+39 1.000000000000000000e+00 0.000000000000000000e+00
2.862304461500000000e+15 1.681698728400000116e+36 1.088900000000000048e+39 1.000000000000000000e+00 0.000000000000000000e+00
2.836078610600000000e+15 1.658095462500000029e+36 1.083900000000000064e+39 1.000000000000000000e+00 0.000000000000000000e+00
2.809973460300000000e+15 1.634600827299999885e+36 1.078899999999999929e+39 1.000000000000000000e+00 0.000000000000000000e+00
2.783989010800000000e+15 1.611214822700000032e+36 1.073899999999999946e+39 1.000000000000000000e+00 0.000000000000000000e+00
2.758125262000000000e+15 1.587937448800000124e+36 1.068899999999999962e+39 1.000000000000000000e+00 0.000000000000000000e+00
2.732382213900000000e+15 1.564768705499999916e+36 1.063899999999999978e+39 1.000000000000000000e+00 0.000000000000000000e+00
2.706759866500000000e+15 1.541708592800000001e+36 1.058899999999999994e+39 1.000000000000000000e+00 0.000000000000000000e+00
2.681258219800000000e+15 1.518757110800000029e+36 1.053900000000000010e+39 1.000000000000000000e+00 0.000000000000000000e+00
2.655877273800000000e+15 1.495914259400000053e+36 1.048900000000000026e+39 1.000000000000000000e+00 0.000000000000000000e+00
2.630617028600000000e+15 1.473180038700000021e+36 1.043900000000000043e+39 1.000000000000000000e+00 0.000000000000000000e+00
2.605477484000000000e+15 1.450554448599999985e+36 1.038900000000000059e+39 1.000000000000000000e+00 0.000000000000000000e+00
2.580458640200000000e+15 1.428037489199999894e+36 1.033900000000000075e+39 1.000000000000000000e+00 0.000000000000000000e+00
2.555560497100000000e+15 1.405629160400000093e+36 1.028899999999999940e+39 1.000000000000000000e+00 0.000000000000000000e+00
2.530783054700000000e+15 1.383329462199999994e+36 1.023899999999999956e+39 1.000000000000000000e+00 0.000000000000000000e+00
2.506126313000000000e+15 1.361138394700000134e+36 1.018899999999999972e+39 1.000000000000000000e+00 0.000000000000000000e+00
2.481590272000000000e+15 1.339055957799999976e+36 1.013899999999999988e+39 1.000000000000000000e+00 0.000000000000000000e+00
2.457174931700000000e+15 1.317082151600000056e+36 1.008900000000000005e+39 1.000000000000000000e+00 0.000000000000000000e+00
2.432880292200000000e+15 1.295216975999999984e+36 1.003900000000000021e+39 1.000000000000000000e+00 0.000000000000000000e+00
2.408706353300000000e+15 1.273460431000000057e+36 9.989000000000000370e+38 1.000000000000000000e+00 0.000000000000000000e+00
2.384653115200000000e+15 1.251812516699999926e+36 9.939000000000000531e+38 1.000000000000000000e+00 0.000000000000000000e+00
2.360720577800000000e+15 1.230273232999999939e+36 9.889000000000000693e+38 1.000000000000000000e+00 0.000000000000000000e+00
2.336908741100000000e+15 1.208842580000000044e+36 9.838999999999999343e+38 1.000000000000000000e+00 0.000000000000000000e+00
2.313217605100000000e+15 1.187520557599999997e+36 9.788999999999999505e+38 1.000000000000000000e+00 0.000000000000000000e+00
2.289647169900000000e+15 1.166307165900000041e+36 9.738999999999999667e+38 1.000000000000000000e+00 0.000000000000000000e+00
2.266197435300000000e+15 1.145202404799999935e+36 9.688999999999999829e+38 1.000000000000000000e+00 0.000000000000000000e+00
2.242868401500000000e+15 1.124206274299999972e+36 9.638999999999999990e+38 1.000000000000000000e+00 0.000000000000000000e+00
2.219660068300000000e+15 1.103318774499999953e+36 9.589000000000000152e+38 1.000000000000000000e+00 0.000000000000000000e+00
2.196572435900000000e+15 1.082539905299999930e+36 9.539000000000000314e+38 1.000000000000000000e+00 0.000000000000000000e+00
2.173605504200000000e+15 1.061869666799999999e+36 9.489000000000000475e+38 1.000000000000000000e+00 0.000000000000000000e+00
2.150759273200000000e+15 1.041308058900000064e+36 9.439000000000000637e+38 1.000000000000000000e+00 0.000000000000000000e+00
2.128033742900000000e+15 1.020855081700000073e+36 9.388999999999999287e+38 1.000000000000000000e+00 0.000000000000000000e+00
2.105428913400000000e+15 1.000510734999999983e+36 9.338999999999999449e+38 1.000000000000000000e+00 0.000000000000000000e+00
2.082944784500000000e+15 9.802750190700000661e+35 9.288999999999999611e+38 1.000000000000000000e+00 0.000000000000000000e+00
2.060581356400000000e+15 9.601479337500000515e+35 9.238999999999999773e+38 1.000000000000000000e+00 0.000000000000000000e+00
2.038338628900000000e+15 9.401294790600000471e+35 9.188999999999999934e+38 1.000000000000000000e+00 0.000000000000000000e+00
2.016216602200000000e+15 9.202196550200000127e+35 9.139000000000000096e+38 1.000000000000000000e+00 0.000000000000000000e+00
1.994215276200000000e+15 9.004184616200000422e+35 9.089000000000000258e+38 1.000000000000000000e+00 0.000000000000000000e+00
1.972334650900000000e+15 8.807258988599999880e+35 9.039000000000000419e+38 1.000000000000000000e+00 0.000000000000000000e+00
1.950574726400000000e+15 8.611419667500000515e+35 8.989000000000000581e+38 1.000000000000000000e+00 0.000000000000000000e+00
1.928935502500000000e+15 8.416666652699999775e+35 8.939000000000000743e+38 1.000000000000000000e+00 0.000000000000000000e+00
1.907416979400000000e+15 8.222999944400000212e+35 8.888999999999999393e+38 1.000000000000000000e+00 0.000000000000000000e+00
1.886019156900000000e+15 8.030419542499999811e+35 8.838999999999999555e+38 1.000000000000000000e+00 0.000000000000000000e+00
1.864742035200000000e+15 7.838925447000000049e+35 8.788999999999999717e+38 1.000000000000000000e+00 0.000000000000000000e+00
1.843585614200000000e+15 7.648517657899999451e+35 8.738999999999999878e+38 1.000000000000000000e+00 0.000000000000000000e+00
1.822549893900000000e+15 7.459196175300000029e+35 8.689000000000000040e+38 1.000000000000000000e+00 0.000000000000000000e+00
1.801634874300000000e+15 7.270960999099999770e+35 8.639000000000000202e+38 1.000000000000000000e+00 0.000000000000000000e+00
1.780840555500000000e+15 7.083812129199999612e+35 8.589000000000000363e+38 1.000000000000000000e+00 0.000000000000000000e+00
1.760166937300000000e+15 6.897749565899999692e+35 8.539000000000000525e+38 1.000000000000000000e+00 0.000000000000000000e+00
1.739614019900000000e+15 6.712773308899999874e+35 8.489000000000000687e+38 1.000000000000000000e+00 0.000000000000000000e+00
1.719181803100000000e+15 6.528883358299999956e+35 8.438999999999999337e+38 1.000000000000000000e+00 0.000000000000000000e+00
1.698870287100000000e+15 6.346079714199999740e+35 8.388999999999999499e+38 1.000000000000000000e+00 0.000000000000000000e+00
1.678679471800000000e+15 6.164362376500000162e+35 8.338999999999999661e+38 1.000000000000000000e+00 0.000000000000000000e+00
1.658609357200000000e+15 5.983731345199999747e+35 8.288999999999999822e+38 3.487562189100000154e+00 0.000000000000000000e+00
1.644636043900000000e+15 5.858791460299999812e+35 8.238999999999999984e+38 3.487562189100000154e+00 0.000000000000000000e+00
1.630746344700000000e+15 5.735723532599999987e+35 8.189000000000000146e+38 3.487562189100000154e+00 0.000000000000000000e+00
1.616939505800000000e+15 5.614510687999999843e+35 8.139000000000000307e+38 3.487562189100000154e+00 0.000000000000000000e+00
1.603214775900000000e+15 5.495136102499999656e+35 8.089000000000000469e+38 3.487562189100000154e+00 0.000000000000000000e+00
1.589571405600000000e+15 5.377583002399999996e+35 8.039000000000000631e+38 3.487562189100000154e+00 0.000000000000000000e+00
1.576008648100000000e+15 5.261834664499999857e+35 7.988999999999999281e+38 3.487562189100000154e+00 0.000000000000000000e+00
1.562525758600000000e+15 5.147874416399999746e+35 7.938999999999999443e+38 3.487562189100000154e+00 0.000000000000000000e+00
1.549121994600000000e+15 5.035685636200000064e+35 7.888999999999999605e+38 3.487562189100000154e+00 0.000000000000000000e+00
1.535796616000000000e+15 4.925251753099999910e+35 7.838999999999999766e+38 3.487562189100000154e+00 0.000000000000000000e+00
1.522548885000000000e+15 4.816556247499999830e+35 7.788999999999999928e+38 3.487562189100000154e+00 0.000000000000000000e+00
1.509378065900000000e+15 4.709582651100000140e+35 7.739000000000000090e+38 3.487562189100000154e+00 0.000000000000000000e+00
1.496283425400000000e+15 4.604314546799999652e+35 7.689000000000000251e+38 3.487562189100000154e+00 0.000000000000000000e+00
1.483264232700000000e+15 4.500735569499999973e+35 7.639000000000000413e+38 3.487562189100000154e+00 0.000000000000000000e+00
1.470319758900000000e+15 4.398829405699999667e+35 7.589000000000000575e+38 3.487562189100000154e+00 0.000000000000000000e+00
1.457449277800000000e+15 4.298579793900000092e+35 7.539000000000000736e+38 3.487562189100000154e+00 0.000000000000000000e+00
1.444652065300000000e+15 4.199970524700000036e+35 7.488999999999999387e+38 3.487562189100000154e+00 0.000000000000000000e+00
1.431927399800000000e+15 4.102985441200000082e+35 7.438999999999999549e+38 3.487562189100000154e+00 0.000000000000000000e+00
1.419274561900000000e+15 4.007608438800000055e+35 7.388999999999999710e+38 3.487562189100000154e+00 0.000000000000000000e+00
1.406692834600000000e+15 3.913823465700000233e+35 7.338999999999999872e+38 3.487562189100000154e+00 0.000000000000000000e+00
1.394181503400000000e+15 3.821614523100000213e+35 7.289000000000000034e+38 3.487562189100000154e+00 0.000000000000000000e+00
1.381739856000000000e+15 3.730965665000000043e+35 7.239000000000000195e+38 3.487562189100000154e+00 0.000000000000000000e+00
1.369367182400000000e+15 3.641860998699999964e+35 7.189000000000000357e+38 3.487562189100000154e+00 0.000000000000000000e+00
1.357062775300000000e+15 3.554284685200000342e+35 7.139000000000000519e+38 3.487562189100000154e+00 0.000000000000000000e+00
1.344825929500000000e+15 3.468220938699999723e+35 7.089000000000000680e+38 3.487562189100000154e+00 0.000000000000000000e+00
1.332655942300000000e+15 3.383654027600000202e+35 7.038999999999999331e+38 3.487562189100000154e+00 0.000000000000000000e+00
1.320552113600000000e+15 3.300568274100000113e+35 6.988999999999999493e+38 3.487562189100000154e+00 0.000000000000000000e+00
1.308513745300000000e+15 3.218948054500000067e+35 6.938999999999999654e+38 3.487562189100000154e+00 0.000000000000000000e+00
1.296540142100000000e+15 3.138777799799999903e+35 6.888999999999999816e+38 3.487562189100000154e+00 0.000000000000000000e+00
1.284630611100000000e+15 3.060041995400000032e+35 6.838999999999999978e+38 3.487562189100000154e+00 0.000000000000000000e+00
1.272784461600000000e+15 2.982725181600000059e+35 6.789000000000000139e+38 3.487562189100000154e+00 0.000000000000000000e+00
1.261001005600000000e+15 2.906811953500000098e+35 6.739000000000000301e+38 3.487562189100000154e+00 0.000000000000000000e+00
1.249279557500000000e+15 2.832286961599999932e+35 6.688999999999999707e+38 3.487562189100000154e+00 0.000000000000000000e+00
1.237619434200000000e+15 2.759134912000000094e+35 6.638999999999999869e+38 3.487562189100000154e+00 0.000000000000000000e+00
1.226019955000000000e+15 2.687340566099999880e+35 6.589000000000000031e+38 3.487562189100000154e+00 0.000000000000000000e+00
1.214480441700000000e+15 2.616888741199999840e+35 6.539000000000000192e+38 3.487562189100000154e+00 0.000000000000000000e+00
1.203000218700000000e+15 2.547764310899999867e+35 6.489000000000000354e+38 3.487562189100000154e+00 0.000000000000000000e+00
1.191578612800000000e+15 2.479952205000000137e+35 6.438999999999999760e+38 3.487562189100000154e+00 0.000000000000000000e+00
1.180214953500000000e+15 2.413437409600000171e+35 6.388999999999999922e+38 3.487562189100000154e+00 0.000000000000000000e+00
1.168908572600000000e+15 2.348204967800000013e+35 6.339000000000000083e+38 3.487562189100000154e+00 0.000000000000000000e+00
1.157658804700000000e+15 2.284239979499999896e+35 6.289000000000000245e+38 3.487562189100000154e+00 0.000000000000000000e+00
1.146464986700000000e+15 2.221527601899999974e+35 6.238999999999999651e+38 3.487562189100000154e+00 0.000000000000000000e+00
1.135326458300000000e+15 2.160053049600000125e+35 6.188999999999999813e+38 3.487562189100000154e+00 0.000000000000000000e+00
1.124242561500000000e+15 2.099801594799999917e+35 6.138999999999999975e+38 3.487562189100000154e+00 0.000000000000000000e+00
1.113212641200000000e+15 2.040758567700000021e+35 6.089000000000000136e+38 3.487562189100000154e+00 0.000000000000000000e+00
1.102236044600000000e+15 1.982909356399999829e+35 6.039000000000000298e+38 3.487562189100000154e+00 0.000000000000000000e+00
1.091312121800000000e+15 1.926239407800000078e+35 5.988999999999999704e+38 3.487562189100000154e+00 0.000000000000000000e+00
1.080440225200000000e+15 1.870734226999999994e+35 5.938999999999999866e+38 3.487562189100000154e+00 0.000000000000000000e+00
1.069619710200000000e+15 1.816379378300000083e+35 5.889000000000000027e+38 3.487562189100000154e+00 0.000000000000000000e+00
1.058849934500000000e+15 1.763160484900000151e+35 5.839000000000000189e+38 3.487562189100000154e+00 0.000000000000000000e+00
1.048130258700000000e+15 1.711063229600000114e+35 5.789000000000000351e+38 3.487562189100000154e+00 0.000000000000000000e+00
1.037460045800000000e+15 1.660073354600000032e+35 5.738999999999999757e+38 3.487562189100000154e+00 0.000000000000000000e+00
1.026838661800000000e+15 1.610176662399999961e+35 5.688999999999999919e+38 3.487562189100000154e+00 0.000000000000000000e+00
1.016265475100000000e+15 1.561359015200000056e+35 5.639000000000000080e+38 3.487562189100000154e+00 0.000000000000000000e+00
1.005739856900000000e+15 1.513606336100000003e+35 5.589000000000000242e+38 3.487562189100000154e+00 0.000000000000000000e+00
9.952611813200000000e+14 1.466904608600000027e+35 5.538999999999999648e+38 3.487562189100000154e+00 0.000000000000000000e+00
9.848288248700000000e+14 1.421239877400000023e+35 5.488999999999999810e+38 3.487562189100000154e+00 0.000000000000000000e+00
9.744421669900000000e+14 1.376598248399999928e+35 5.438999999999999971e+38 3.487562189100000154e+00 0.000000000000000000e+00
9.641005898200000000e+14 1.332965889100000023e+35 5.389000000000000133e+38 3.487562189100000154e+00 0.000000000000000000e+00
9.538034782700000000e+14 1.290329028899999967e+35 5.339000000000000295e+38 3.487562189100000154e+00 0.000000000000000000e+00
9.435502200400000000e+14 1.248673959100000084e+35 5.288999999999999701e+38 3.487562189100000154e+00 0.000000000000000000e+00
9.333402055900000000e+14 1.207987033899999915e+35 5.238999999999999863e+38 3.487562189100000154e+00 0.000000000000000000e+00
9.231728282100000000e+14 1.168254669899999958e+35 5.189000000000000024e+38 3.487562189100000154e+00 0.000000000000000000e+00
9.130474839900000000e+14 1.129463346800000081e+35 5.139000000000000186e+38 3.487562189100000154e+00 0.000000000000000000e+00
9.029635718600000000e+14 1.091599607899999992e+35 5.089000000000000348e+38 3.487562189100000154e+00 0.000000000000000000e+00
8.929204936000000000e+14 1.054650059900000015e+35 5.038999999999999754e+38 3.487562189100000154e+00 0.000000000000000000e+00
8.829176538300000000e+14 1.018601373800000021e+35 4.988999999999999915e+38 3.487562189100000154e+00 0.000000000000000000e+00
8.729544600600000000e+14 9.834402845499999434e+34 4.939000000000000077e+38 3.487562189100000154e+00 0.000000000000000000e+00
8.630303226700000000e+14 9.491535921000000750e+34 4.889000000000000239e+38 3.487562189100000154e+00 0.000000000000000000e+00
8.531446549700000000e+14 9.157281612500000760e+34 4.838999999999999645e+38 3.487562189100000154e+00 0.000000000000000000e+00
8.432968731700000000e+14 8.831509221599999814e+34 4.788999999999999807e+38 3.487562189100000154e+00 0.000000000000000000e+00
8.334863964200000000e+14 8.514088706399999890e+34 4.738999999999999968e+38 3.487562189100000154e+00 0.000000000000000000e+00
8.237126468000000000e+14 8.204890685799999662e+34 4.689000000000000130e+38 3.487562189100000154e+00 0.000000000000000000e+00
8.139750494000000000e+14 7.903786442200000165e+34 4.639000000000000292e+38 3.487562189100000154e+00 0.000000000000000000e+00
8.042730322300000000e+14 7.610647925600000261e+34 4.588999999999999698e+38 3.487562189100000154e+00 0.000000000000000000e+00
7.946060263600000000e+14 7.325347757099999781e+34 4.538999999999999859e+38 3.487562189100000154e+00 0.000000000000000000e+00
7.849734658300000000e+14 7.047759232700000201e+34 4.489000000000000021e+38 3.487562189100000154e+00 0.000000000000000000e+00
7.753747877300000000e+14 6.777756327300000327e+34 4.439000000000000183e+38 3.487562189100000154e+00 0.000000000000000000e+00
7.658094322000000000e+14 6.515213698099999620e+34 4.389000000000000345e+38 3.487562189100000154e+00 0.000000000000000000e+00
7.562768424400000000e+14 6.260006688899999728e+34 4.338999999999999751e+38 3.487562189100000154e+00 0.000000000000000000e+00
7.467719591800000000e+14 5.975503041200000269e+34 4.288999999999999912e+38 4.333333333299999701e+00 0.000000000000000000e+00
7.373116588200000000e+14 5.679451691500000077e+34 4.239000000000000074e+38 4.333333333299999701e+00 0.000000000000000000e+00
7.278894049700000000e+14 5.394814295199999598e+34 4.189000000000000236e+38 4.333333333299999701e+00 0.000000000000000000e+00
7.185041587600000000e+14 5.121279191500000283e+34 4.138999999999999642e+38 4.333333333299999701e+00 0.000000000000000000e+00
7.091548977300000000e+14 4.858539640600000072e+34 4.088999999999999803e+38 4.333333333299999701e+00 0.000000000000000000e+00
6.998406157400000000e+14 4.606293803399999953e+34 4.038999999999999965e+38 4.333333333299999701e+00 0.000000000000000000e+00
6.905603229400000000e+14 4.364244722499999600e+34 3.989000000000000127e+38 4.333333333299999701e+00 0.000000000000000000e+00
6.813130456800000000e+14 4.132100301300000054e+34 3.939000000000000289e+38 4.333333333299999701e+00 0.000000000000000000e+00
6.720978264300000000e+14 3.909573284699999969e+34 3.888999999999999695e+38 4.333333333299999701e+00 0.000000000000000000e+00
6.629137237400000000e+14 3.696381238400000198e+34 3.838999999999999856e+38 4.333333333299999701e+00 0.000000000000000000e+00
6.537598121800000000e+14 3.492246528099999809e+34 3.789000000000000018e+38 4.333333333299999701e+00 0.000000000000000000e+00
6.446351822200000000e+14 3.296896299500000198e+34 3.739000000000000180e+38 4.333333333299999701e+00 0.000000000000000000e+00
6.355389402200000000e+14 3.110062456999999800e+34 3.689000000000000341e+38 4.333333333299999701e+00 0.000000000000000000e+00
6.264702083100000000e+14 2.931481642800000002e+34 3.638999999999999748e+38 4.333333333299999701e+00 0.000000000000000000e+00
6.174281243600000000e+14 2.760895215700000120e+34 3.588999999999999909e+38 4.333333333299999701e+00 0.000000000000000000e+00
6.084118418800000000e+14 2.598049229799999957e+34 3.539000000000000071e+38 4.333333333299999701e+00 0.000000000000000000e+00
5.994205299600000000e+14 2.442694412599999875e+34 3.489000000000000233e+38 4.333333333299999701e+00 0.000000000000000000e+00
5.904533732000000000e+14 2.294586143399999805e+34 3.438999999999999639e+38 4.333333333299999701e+00 0.000000000000000000e+00
5.815095716300000000e+14 2.153484431299999978e+34 3.389000000000000178e+38 4.333333333299999701e+00 0.000000000000000000e+00
5.725883406400000000e+14 2.019153892899999957e+34 3.338999999999999962e+38 4.333333333299999701e+00 0.000000000000000000e+00
5.636889109000000000e+14 1.891363730099999996e+34 3.289000000000000124e+38 4.333333333299999701e+00 0.000000000000000000e+00
5.548105283000000000e+14 1.769887706800000001e+34 3.238999999999999908e+38 4.333333333299999701e+00 0.000000000000000000e+00
5.459524538300000000e+14 1.654504126900000031e+34 3.189000000000000069e+38 4.333333333299999701e+00 0.000000000000000000e+00
5.371139635800000000e+14 1.544995810500000025e+34 3.138999999999999853e+38 4.333333333299999701e+00 0.000000000000000000e+00
5.282943485900000000e+14 1.441150070699999945e+34 3.089000000000000015e+38 4.333333333299999701e+00 0.000000000000000000e+00
5.194929147900000000e+14 1.342758690100000051e+34 3.039000000000000177e+38 4.333333333299999701e+00 0.000000000000000000e+00
5.107089829500000000e+14 1.249617897099999971e+34 2.988999999999999960e+38 4.333333333299999701e+00 0.000000000000000000e+00
5.019418885700000000e+14 1.161528341300000034e+34 2.939000000000000122e+38 4.333333333299999701e+00 0.000000000000000000e+00
4.931909818000000000e+14 1.078295069500000008e+34 2.888999999999999906e+38 4.333333333299999701e+00 0.000000000000000000e+00
4.844556273800000000e+14 9.997275008799999577e+33 2.839000000000000068e+38 4.333333333299999701e+00 0.000000000000000000e+00
4.757352045200000000e+14 9.256394022600000066e+33 2.788999999999999852e+38 4.333333333299999701e+00 0.000000000000000000e+00
4.670291068600000000e+14 8.558488625900000340e+33 2.739000000000000013e+38 4.333333333299999701e+00 0.000000000000000000e+00
4.583367423500000000e+14 7.901782675899999926e+33 2.689000000000000175e+38 4.333333333299999701e+00 0.000000000000000000e+00
4.496575331800000000e+14 7.284542739000000546e+33 2.638999999999999959e+38 4.333333333299999701e+00 0.000000000000000000e+00
4.409909156800000000e+14 6.705077829100000165e+33 2.589000000000000121e+38 4.333333333299999701e+00 0.000000000000000000e+00
4.323363402500000000e+14 6.161739142800000151e+33 2.538999999999999904e+38 4.333333333299999701e+00 0.000000000000000000e+00
4.236932712700000000e+14 5.652919791600000019e+33 2.489000000000000066e+38 4.333333333299999701e+00 0.000000000000000000e+00
4.150480000000000000e+14 5.039490000000000240e+33 2.438999999999999850e+38 2.874000000000000110e+00 0.000000000000000000e+00
4.064320000000000000e+14 4.768060000000000095e+33 2.389000000000000012e+38 2.867999999999999883e+00 0.000000000000000000e+00
3.978220000000000000e+14 4.505039999999999981e+33 2.339000000000000173e+38 2.861000000000000210e+00 0.000000000000000000e+00
3.892170000000000000e+14 4.250479999999999989e+33 2.288999999999999957e+38 2.854000000000000092e+00 0.000000000000000000e+00
3.806170000000000000e+14 4.004399999999999810e+33 2.239000000000000119e+38 2.846000000000000085e+00 0.000000000000000000e+00
3.720230000000000000e+14 3.766850000000000113e+33 2.188999999999999903e+38 2.837000000000000188e+00 0.000000000000000000e+00
3.634340000000000000e+14 3.537850000000000012e+33 2.139000000000000065e+38 2.827999999999999847e+00 0.000000000000000000e+00
3.548490000000000000e+14 3.317450000000000176e+33 2.088999999999999849e+38 2.817000000000000171e+00 0.000000000000000000e+00
3.462700000000000000e+14 3.105650000000000027e+33 2.039000000000000010e+38 2.805000000000000160e+00 0.000000000000000000e+00
3.376950000000000000e+14 2.902500000000000235e+33 1.989000000000000172e+38 2.791999999999999815e+00 0.000000000000000000e+00
3.291250000000000000e+14 2.707979999999999956e+33 1.938999999999999956e+38 2.778000000000000025e+00 0.000000000000000000e+00
3.205600000000000000e+14 2.522099999999999900e+33 1.889000000000000117e+38 2.761000000000000121e+00 0.000000000000000000e+00
3.120000000000000000e+14 2.344829999999999954e+33 1.838999999999999901e+38 2.744000000000000217e+00 0.000000000000000000e+00
3.034440000000000000e+14 2.176140000000000006e+33 1.789000000000000063e+38 2.724000000000000199e+00 0.000000000000000000e+00
2.948920000000000000e+14 2.015979999999999962e+33 1.738999999999999847e+38 2.701999999999999957e+00 0.000000000000000000e+00
2.863450000000000000e+14 1.864280000000000040e+33 1.689000000000000009e+38 2.677000000000000046e+00 0.000000000000000000e+00
2.778020000000000000e+14 1.720929999999999923e+33 1.638999999999999981e+38 2.649999999999999911e+00 0.000000000000000000e+00
2.692640000000000000e+14 1.585840000000000137e+33 1.588999999999999954e+38 2.620000000000000107e+00 0.000000000000000000e+00
2.607310000000000000e+14 1.458849999999999983e+33 1.538999999999999927e+38 2.587000000000000188e+00 0.000000000000000000e+00
2.522020000000000000e+14 1.339799999999999916e+33 1.489000000000000089e+38 2.549999999999999822e+00 0.000000000000000000e+00
2.436780000000000000e+14 1.228470000000000022e+33 1.439000000000000061e+38 2.509999999999999787e+00 0.000000000000000000e+00
2.351590000000000000e+14 1.124629999999999964e+33 1.389000000000000034e+38 2.467000000000000082e+00 0.000000000000000000e+00
2.266480000000000000e+14 1.028089999999999939e+33 1.339000000000000007e+38 2.419000000000000039e+00 0.000000000000000000e+00
2.181430000000000000e+14 9.386310000000000462e+32 1.288999999999999980e+38 2.366000000000000103e+00 0.000000000000000000e+00
2.096400000000000000e+14 8.558709999999999339e+32 1.238999999999999953e+38 2.309000000000000163e+00 0.000000000000000000e+00
2.011420000000000000e+14 7.795459999999999636e+32 1.188999999999999925e+38 2.246999999999999886e+00 0.000000000000000000e+00
1.817960000000000000e+14 6.973999999999999898e+32 1.075149999999999942e+38 2.357000000000000206e+00 5.902660000000000228e+28
1.813060000000000000e+14 6.951610000000000308e+32 1.072260000000000093e+38 2.362999999999999989e+00 2.203629999999999898e+29
1.808160000000000000e+14 6.927439999999999978e+32 1.069379999999999980e+38 2.369000000000000217e+00 2.870480000000000167e+29
1.803260000000000000e+14 6.901769999999999769e+32 1.066489999999999943e+38 2.374000000000000110e+00 3.281379999999999933e+29
1.798370000000000000e+14 6.875679999999999710e+32 1.063610000000000019e+38 2.378000000000000114e+00 3.596150000000000305e+29
1.793470000000000000e+14 6.849399999999999993e+32 1.060719999999999982e+38 2.383000000000000007e+00 3.858780000000000147e+29
1.788570000000000000e+14 6.823030000000000513e+32 1.057840000000000058e+38 2.387000000000000011e+00 4.088699999999999817e+29
1.783670000000000000e+14 6.796630000000000633e+32 1.054950000000000020e+38 2.391000000000000014e+00 4.296300000000000101e+29
1.778770000000000000e+14 6.770220000000000619e+32 1.052069999999999908e+38 2.395000000000000018e+00 4.487839999999999974e+29
1.773870000000000000e+14 6.743819999999999297e+32 1.049180000000000059e+38 2.399000000000000021e+00 4.667339999999999998e+29
1.768980000000000000e+14 6.717429999999999550e+32 1.046299999999999947e+38 2.403000000000000025e+00 4.837560000000000345e+29
1.764080000000000000e+14 6.691070000000000205e+32 1.043409999999999909e+38 2.407000000000000028e+00 5.000469999999999752e+29
1.759180000000000000e+14 6.664729999999999685e+32 1.040529999999999986e+38 2.411000000000000032e+00 5.157499999999999706e+29
1.754280000000000000e+14 6.638419999999999567e+32 1.037639999999999948e+38 2.415000000000000036e+00 5.309740000000000196e+29
1.749390000000000000e+14 6.612149999999999983e+32 1.034760000000000025e+38 2.419000000000000039e+00 5.458039999999999692e+29
1.744490000000000000e+14 6.585909999999999359e+32 1.031869999999999987e+38 2.423000000000000043e+00 5.603050000000000216e+29
1.739590000000000000e+14 6.559710000000000712e+32 1.028990000000000064e+38 2.427000000000000046e+00 5.745309999999999720e+29
1.734690000000000000e+14 6.533549999999999717e+32 1.026100000000000026e+38 2.431000000000000050e+00 5.885249999999999833e+29
1.729800000000000000e+14 6.507430000000000697e+32 1.023219999999999914e+38 2.435000000000000053e+00 6.023209999999999943e+29
1.724900000000000000e+14 6.481350000000000051e+32 1.020330000000000065e+38 2.439000000000000057e+00 6.159490000000000009e+29
1.720000000000000000e+14 6.455309999999999940e+32 1.017449999999999953e+38 2.443000000000000060e+00 6.294330000000000137e+29
1.715110000000000000e+14 6.429309999999999642e+32 1.014559999999999915e+38 2.447000000000000064e+00 6.427950000000000014e+29
1.710210000000000000e+14 6.403349999999999880e+32 1.011679999999999992e+38 2.451000000000000068e+00 6.560510000000000182e+29
1.705310000000000000e+14 6.377440000000000066e+32 1.008800000000000068e+38 2.455000000000000071e+00 6.692170000000000477e+29
1.700420000000000000e+14 6.351559999999999932e+32 1.005910000000000031e+38 2.459999999999999964e+00 6.823059999999999755e+29
1.695520000000000000e+14 6.325739999999999879e+32 1.003029999999999918e+38 2.463999999999999968e+00 6.953289999999999970e+29
1.690620000000000000e+14 6.299950000000000228e+32 1.000140000000000070e+38 2.467999999999999972e+00 7.082959999999999701e+29
1.685730000000000000e+14 6.274209999999999804e+32 9.972560000000000249e+37 1.711000000000000076e+00 7.212150000000000626e+29
1.680830000000000000e+14 6.248509999999999915e+32 9.943710000000000443e+37 1.709999999999999964e+00 7.340940000000000199e+29
1.675930000000000000e+14 6.222859999999999974e+32 9.914860000000000638e+37 1.707999999999999963e+00 7.469390000000000384e+29
1.671040000000000000e+14 6.197259999999999980e+32 9.886020000000000191e+37 1.707000000000000073e+00 7.597569999999999480e+29
1.666140000000000000e+14 6.171689999999999668e+32 9.857170000000000386e+37 1.705999999999999961e+00 7.725519999999999735e+29
1.661240000000000000e+14 6.146180000000000157e+32 9.828320000000000580e+37 1.703999999999999959e+00 7.853300000000000296e+29
1.656350000000000000e+14 6.120700000000000327e+32 9.799470000000000775e+37 1.703000000000000069e+00 7.980929999999999470e+29
1.651450000000000000e+14 6.095279999999999858e+32 9.770619999999999080e+37 1.701999999999999957e+00 8.108460000000000066e+29
1.646560000000000000e+14 6.069889999999999790e+32 9.741780000000000523e+37 1.699999999999999956e+00 8.235930000000000107e+29
1.641660000000000000e+14 6.044559999999999804e+32 9.712930000000000717e+37 1.699000000000000066e+00 8.363350000000000156e+29
1.636770000000000000e+14 6.019270000000000352e+32 9.684080000000000912e+37 1.697999999999999954e+00 8.490759999999999642e+29
1.631870000000000000e+14 5.994019999999999994e+32 9.655229999999999218e+37 1.695999999999999952e+00 8.618179999999999691e+29
1.626970000000000000e+14 5.968820000000000305e+32 9.626379999999999412e+37 1.695000000000000062e+00 8.745630000000000016e+29
1.622080000000000000e+14 5.943669999999999843e+32 9.597540000000000854e+37 1.693999999999999950e+00 8.873130000000000335e+29
1.617180000000000000e+14 5.918559999999999915e+32 9.568689999999999160e+37 1.693000000000000060e+00 9.000689999999999800e+29
1.612290000000000000e+14 5.893489999999999802e+32 9.539839999999999355e+37 1.691000000000000059e+00 9.128340000000000098e+29
1.607390000000000000e+14 5.868479999999999771e+32 9.510989999999999549e+37 1.689999999999999947e+00 9.256070000000000665e+29
1.602500000000000000e+14 5.843500000000000141e+32 9.482139999999999744e+37 1.689000000000000057e+00 9.383919999999999527e+29
1.597600000000000000e+14 5.818579999999999871e+32 9.453299999999999297e+37 1.687999999999999945e+00 9.511880000000000343e+29
1.592710000000000000e+14 5.793700000000000137e+32 9.424449999999999492e+37 1.685999999999999943e+00 9.639959999999999454e+29
1.587810000000000000e+14 5.768870000000000350e+32 9.395599999999999686e+37 1.685000000000000053e+00 9.768179999999999390e+29
1.582920000000000000e+14 5.744079999999999657e+32 9.366749999999999881e+37 1.683999999999999941e+00 9.896540000000000150e+29
1.578020000000000000e+14 5.722560000000000169e+32 9.337900000000000075e+37 1.681999999999999940e+00 6.399899999999999747e+29
1.573130000000000000e+14 5.697899999999999773e+32 9.309059999999999629e+37 1.681000000000000050e+00 6.462799999999999323e+29
1.568230000000000000e+14 5.673290000000000046e+32 9.280209999999999823e+37 1.679999999999999938e+00 6.525859999999999439e+29
1.563340000000000000e+14 5.648730000000000266e+32 9.251360000000000018e+37 1.679000000000000048e+00 6.589069999999999533e+29
1.558450000000000000e+14 5.624210000000000301e+32 9.222510000000000212e+37 1.677999999999999936e+00 6.652429999999999607e+29
1.553550000000000000e+14 5.599740000000000283e+32 9.193660000000000407e+37 1.677000000000000046e+00 6.715930000000000505e+29
1.548660000000000000e+14 5.575310000000000080e+32 9.164819999999999960e+37 1.675000000000000044e+00 6.779579999999999974e+29
1.543760000000000000e+14 5.550929999999999824e+32 9.135970000000000155e+37 1.673999999999999932e+00 6.843379999999999423e+29
1.519290000000000000e+14 5.436700000000000213e+32 8.991730000000000487e+37 1.667999999999999927e+00 3.924189999999999932e+29
1.514400000000000000e+14 5.412679999999999727e+32 8.962880000000000681e+37 1.665999999999999925e+00 3.940229999999999922e+29
1.509510000000000000e+14 5.388699999999999775e+32 8.934030000000000876e+37 1.665000000000000036e+00 3.956410000000000033e+29
1.465470000000000000e+14 5.174849999999999889e+32 8.674399999999999455e+37 1.655999999999999917e+00 4.107469999999999704e+29
1.441010000000000000e+14 5.057590000000000120e+32 8.530159999999999787e+37 1.651000000000000023e+00 4.194979999999999891e+29
1.396980000000000000e+14 4.849230000000000135e+32 8.270530000000000256e+37 1.641999999999999904e+00 4.357420000000000349e+29
1.387200000000000000e+14 4.803389999999999753e+32 8.212829999999999700e+37 1.639999999999999902e+00 4.394220000000000086e+29
1.348070000000000000e+14 4.621759999999999737e+32 7.982049999999999975e+37 1.633999999999999897e+00 4.543339999999999890e+29
1.343180000000000000e+14 4.599239999999999850e+32 7.953200000000000169e+37 1.633000000000000007e+00 4.562159999999999769e+29
1.338290000000000000e+14 4.576769999999999910e+32 7.924350000000000364e+37 1.631999999999999895e+00 4.581019999999999784e+29
1.333400000000000000e+14 4.554339999999999785e+32 7.895499999999999614e+37 1.631000000000000005e+00 4.599910000000000076e+29
1.308950000000000000e+14 4.442789999999999976e+32 7.751259999999999945e+37 1.627000000000000002e+00 4.694750000000000214e+29
1.304060000000000000e+14 4.420600000000000178e+32 7.722420000000000443e+37 1.627000000000000002e+00 4.713789999999999782e+29
1.299170000000000000e+14 4.398460000000000327e+32 7.693569999999999693e+37 1.625999999999999890e+00 4.732839999999999910e+29
1.294280000000000000e+14 4.376350000000000157e+32 7.664719999999999888e+37 1.625000000000000000e+00 4.751920000000000316e+29
1.284500000000000000e+14 4.332270000000000247e+32 7.607020000000000277e+37 1.624000000000000110e+00 4.790100000000000140e+29
1.279610000000000000e+14 4.310280000000000240e+32 7.578179999999999831e+37 1.622999999999999998e+00 4.809219999999999978e+29
1.274720000000000000e+14 4.288340000000000181e+32 7.549330000000000025e+37 1.622000000000000108e+00 4.828339999999999815e+29
1.269830000000000000e+14 4.266439999999999937e+32 7.520480000000000220e+37 1.622000000000000108e+00 4.847470000000000214e+29
1.230730000000000000e+14 4.092650000000000257e+32 7.289699999999999549e+37 1.616999999999999993e+00 5.000600000000000015e+29
1.211170000000000000e+14 4.006699999999999720e+32 7.174300000000000328e+37 1.614999999999999991e+00 5.077059999999999649e+29
1.206290000000000000e+14 3.985299999999999675e+32 7.145459999999999881e+37 1.614000000000000101e+00 5.096149999999999912e+29
1.172070000000000000e+14 3.836650000000000324e+32 6.943519999999999657e+37 1.610000000000000098e+00 5.229269999999999861e+29
1.162300000000000000e+14 3.794519999999999824e+32 6.885820000000000046e+37 1.610000000000000098e+00 5.267110000000000296e+29
1.157410000000000000e+14 3.773509999999999949e+32 6.856979999999999600e+37 1.608999999999999986e+00 5.285990000000000026e+29
1.152520000000000000e+14 3.752539999999999888e+32 6.828129999999999794e+37 1.608999999999999986e+00 5.304830000000000325e+29
1.147640000000000000e+14 3.731600000000000229e+32 6.799279999999999989e+37 1.608000000000000096e+00 5.323650000000000205e+29
1.142750000000000000e+14 3.710709999999999796e+32 6.770430000000000183e+37 1.608000000000000096e+00 5.342429999999999949e+29
1.132980000000000000e+14 3.669030000000000269e+32 6.712739999999999931e+37 1.606999999999999984e+00 5.379900000000000014e+29
1.128090000000000000e+14 3.648239999999999732e+32 6.683890000000000126e+37 1.606999999999999984e+00 5.398569999999999915e+29
1.123210000000000000e+14 3.634779999999999919e+32 6.655040000000000321e+37 1.602999999999999980e+00 6.208100000000000051e+29
1.118320000000000000e+14 3.614210000000000162e+32 6.626189999999999571e+37 1.602999999999999980e+00 6.201120000000000050e+29
1.113430000000000000e+14 3.593670000000000086e+32 6.597339999999999765e+37 1.602000000000000091e+00 6.194049999999999921e+29
1.108550000000000000e+14 3.573179999999999958e+32 6.568500000000000263e+37 1.602000000000000091e+00 6.186900000000000225e+29
1.103660000000000000e+14 3.552720000000000230e+32 6.539650000000000458e+37 1.602000000000000091e+00 6.179649999999999840e+29
1.098780000000000000e+14 3.532290000000000184e+32 6.510799999999999708e+37 1.600999999999999979e+00 6.172319999999999888e+29
1.093890000000000000e+14 3.511899999999999951e+32 6.481949999999999902e+37 1.600999999999999979e+00 6.164889999999999951e+29
1.089000000000000000e+14 3.491550000000000253e+32 6.453100000000000097e+37 1.600000000000000089e+00 6.157369999999999885e+29
1.084120000000000000e+14 3.471239999999999649e+32 6.424259999999999650e+37 1.600000000000000089e+00 6.149749999999999834e+29
1.079230000000000000e+14 3.450960000000000167e+32 6.395409999999999845e+37 1.600000000000000089e+00 6.142039999999999654e+29
1.074350000000000000e+14 3.430709999999999644e+32 6.366560000000000039e+37 1.598999999999999977e+00 6.134230000000000193e+29
1.069460000000000000e+14 3.410499999999999657e+32 6.337710000000000234e+37 1.598999999999999977e+00 6.126320000000000041e+29
1.064580000000000000e+14 3.390330000000000204e+32 6.308860000000000428e+37 1.598999999999999977e+00 6.118309999999999904e+29
1.059690000000000000e+14 3.370189999999999711e+32 6.280019999999999982e+37 1.598000000000000087e+00 6.110199999999999781e+29
1.054810000000000000e+14 3.350089999999999753e+32 6.251170000000000176e+37 1.598000000000000087e+00 6.101989999999999672e+29
1.049920000000000000e+14 3.330020000000000196e+32 6.222320000000000371e+37 1.598000000000000087e+00 6.093680000000000281e+29
1.045040000000000000e+14 3.309989999999999732e+32 6.193469999999999621e+37 1.596999999999999975e+00 6.085260000000000342e+29
1.040150000000000000e+14 3.289989999999999670e+32 6.164619999999999816e+37 1.596999999999999975e+00 6.076739999999999714e+29
1.035270000000000000e+14 3.270030000000000142e+32 6.135780000000000314e+37 1.596999999999999975e+00 6.068109999999999945e+29
1.030390000000000000e+14 3.250100000000000295e+32 6.106929999999999564e+37 1.596999999999999975e+00 6.059380000000000191e+29
1.025500000000000000e+14 3.230209999999999902e+32 6.078079999999999758e+37 1.596000000000000085e+00 6.050530000000000031e+29
1.020620000000000000e+14 3.210349999999999910e+32 6.049229999999999953e+37 1.596000000000000085e+00 6.041579999999999886e+29
1.015730000000000000e+14 3.190530000000000093e+32 6.020380000000000147e+37 1.596000000000000085e+00 6.032519999999999897e+29
1.010850000000000000e+14 3.170739999999999956e+32 5.991539999999999701e+37 1.596000000000000085e+00 6.023340000000000206e+29
1.005970000000000000e+14 3.150989999999999993e+32 5.962689999999999895e+37 1.594999999999999973e+00 6.014059999999999826e+29
1.001080000000000000e+14 3.131270000000000072e+32 5.933840000000000090e+37 1.594999999999999973e+00 6.004659999999999744e+29
9.961990000000000000e+13 3.111579999999999831e+32 5.904990000000000284e+37 1.594999999999999973e+00 5.995149999999999818e+29
9.913150000000000000e+13 3.091930000000000124e+32 5.876139999999999534e+37 1.594999999999999973e+00 5.985520000000000191e+29
9.864320000000000000e+13 3.072319999999999872e+32 5.847300000000000032e+37 1.594999999999999973e+00 5.975780000000000016e+29
9.815480000000000000e+13 3.052729999999999887e+32 5.818450000000000227e+37 1.594999999999999973e+00 5.965920000000000139e+29
9.766650000000000000e+13 3.033189999999999850e+32 5.789600000000000421e+37 1.594000000000000083e+00 5.955939999999999858e+29
9.717820000000000000e+13 3.013670000000000080e+32 5.760749999999999671e+37 1.594000000000000083e+00 5.945839999999999875e+29
9.668990000000000000e+13 2.994190000000000125e+32 5.731899999999999866e+37 1.594000000000000083e+00 5.935630000000000047e+29
9.620160000000000000e+13 2.974739999999999850e+32 5.703060000000000364e+37 1.594000000000000083e+00 5.925289999999999957e+29
9.571340000000000000e+13 2.955330000000000109e+32 5.674209999999999614e+37 1.594000000000000083e+00 5.914830000000000166e+29
9.522510000000000000e+13 2.935950000000000050e+32 5.645359999999999809e+37 1.594000000000000083e+00 5.904249999999999968e+29
9.473680000000000000e+13 2.916600000000000031e+32 5.616510000000000003e+37 1.594000000000000083e+00 5.893550000000000070e+29
9.424860000000000000e+13 2.897289999999999826e+32 5.587660000000000198e+37 1.594000000000000083e+00 5.882719999999999908e+29
9.376040000000000000e+13 2.878010000000000023e+32 5.558819999999999751e+37 1.592999999999999972e+00 5.871770000000000044e+29
9.327220000000000000e+13 2.858770000000000033e+32 5.529969999999999946e+37 1.592999999999999972e+00 5.860699999999999776e+29
9.278390000000000000e+13 2.839549999999999951e+32 5.501120000000000140e+37 1.592999999999999972e+00 5.849499999999999948e+29
9.229580000000000000e+13 2.820370000000000043e+32 5.472270000000000335e+37 1.592999999999999972e+00 5.838169999999999856e+29
9.180760000000000000e+13 2.801229999999999950e+32 5.443419999999999585e+37 1.592999999999999972e+00 5.826710000000000205e+29
9.131940000000000000e+13 2.782119999999999897e+32 5.414580000000000083e+37 1.592999999999999972e+00 5.815120000000000292e+29
9.083120000000000000e+13 2.763039999999999885e+32 5.385730000000000277e+37 1.592999999999999972e+00 5.803400000000000114e+29
9.034310000000000000e+13 2.743989999999999914e+32 5.356880000000000472e+37 1.592999999999999972e+00 5.791560000000000236e+29
8.985490000000000000e+13 2.724969999999999984e+32 5.328029999999999722e+37 1.592999999999999972e+00 5.779580000000000236e+29
8.936680000000000000e+13 2.705989999999999868e+32 5.299179999999999916e+37 1.592999999999999972e+00 5.767469999999999973e+29
8.887870000000000000e+13 2.687049999999999926e+32 5.270340000000000414e+37 1.592999999999999972e+00 5.755230000000000151e+29
8.839060000000000000e+13 2.668129999999999892e+32 5.241489999999999664e+37 1.592999999999999972e+00 5.742850000000000208e+29
8.790250000000000000e+13 2.649250000000000032e+32 5.212639999999999859e+37 1.592999999999999972e+00 5.730340000000000001e+29
8.741440000000000000e+13 2.630399999999999852e+32 5.183790000000000054e+37 1.592999999999999972e+00 5.717689999999999674e+29
8.692630000000000000e+13 2.611580000000000074e+32 5.154940000000000248e+37 1.592999999999999972e+00 5.704909999999999787e+29
8.643830000000000000e+13 2.592800000000000110e+32 5.126099999999999802e+37 1.592999999999999972e+00 5.691989999999999779e+29
8.595020000000000000e+13 2.574049999999999826e+32 5.097249999999999996e+37 1.594000000000000083e+00 5.678929999999999650e+29
8.546220000000000000e+13 2.555329999999999944e+32 5.068400000000000191e+37 1.594000000000000083e+00 5.665730000000000104e+29
8.497420000000000000e+13 2.536640000000000102e+32 5.039550000000000385e+37 1.594000000000000083e+00 5.652400000000000295e+29
8.448620000000000000e+13 2.517990000000000075e+32 5.010699999999999635e+37 1.594000000000000083e+00 5.638919999999999803e+29
8.399820000000000000e+13 2.499370000000000088e+32 4.981860000000000133e+37 1.594000000000000083e+00 5.625309999999999751e+29
8.351020000000000000e+13 2.482450000000000132e+32 4.953010000000000328e+37 1.592999999999999972e+00 6.834480000000000678e+29
8.302220000000000000e+13 2.463919999999999907e+32 4.924159999999999578e+37 1.592999999999999972e+00 6.803040000000000044e+29
8.253420000000000000e+13 2.445429999999999857e+32 4.895309999999999772e+37 1.592999999999999972e+00 6.771479999999999709e+29
8.204630000000000000e+13 2.426969999999999848e+32 4.866459999999999967e+37 1.592999999999999972e+00 6.739819999999999388e+29
8.155830000000000000e+13 2.408539999999999879e+32 4.837620000000000465e+37 1.592999999999999972e+00 6.708049999999999927e+29
8.107040000000000000e+13 2.390139999999999952e+32 4.808769999999999715e+37 1.592999999999999972e+00 6.676169999999999919e+29
8.058250000000000000e+13 2.371779999999999838e+32 4.779919999999999909e+37 1.592999999999999972e+00 6.644179999999999363e+29
8.009460000000000000e+13 2.353439999999999992e+32 4.751070000000000104e+37 1.594000000000000083e+00 6.612079999999999666e+29
7.960670000000000000e+13 2.335139999999999961e+32 4.722220000000000299e+37 1.594000000000000083e+00 6.579869999999999423e+29
7.911880000000000000e+13 2.316880000000000103e+32 4.693379999999999852e+37 1.594000000000000083e+00 6.547550000000000039e+29
7.863090000000000000e+13 2.298640000000000153e+32 4.664530000000000047e+37 1.594000000000000083e+00 6.515120000000000108e+29
7.814310000000000000e+13 2.280440000000000017e+32 4.635680000000000241e+37 1.594000000000000083e+00 6.482579999999999630e+29
7.765520000000000000e+13 2.262269999999999922e+32 4.606830000000000436e+37 1.594999999999999973e+00 6.449930000000000011e+29
7.716740000000000000e+13 2.244129999999999868e+32 4.577979999999999686e+37 1.594999999999999973e+00 6.417169999999999846e+29
7.667960000000000000e+13 2.226019999999999854e+32 4.549140000000000184e+37 1.594999999999999973e+00 6.384300000000000540e+29
7.619180000000000000e+13 2.207950000000000015e+32 4.520290000000000378e+37 1.594999999999999973e+00 6.351320000000000686e+29
7.570400000000000000e+13 2.189909999999999856e+32 4.491439999999999628e+37 1.596000000000000085e+00 6.318230000000000285e+29
7.521620000000000000e+13 2.171900000000000099e+32 4.462589999999999823e+37 1.596000000000000085e+00 6.285030000000000041e+29
7.472840000000000000e+13 2.153920000000000022e+32 4.433740000000000017e+37 1.596000000000000085e+00 6.251719999999999952e+29
7.424070000000000000e+13 2.135980000000000120e+32 4.404899999999999571e+37 1.596999999999999975e+00 6.218300000000000020e+29
7.375290000000000000e+13 2.118069999999999898e+32 4.376049999999999765e+37 1.596999999999999975e+00 6.184759999999999683e+29
7.326520000000000000e+13 2.100190000000000077e+32 4.347199999999999960e+37 1.596999999999999975e+00 6.151120000000000063e+29
7.277750000000000000e+13 2.082339999999999937e+32 4.318350000000000154e+37 1.596999999999999975e+00 6.117360000000000038e+29
7.228980000000000000e+13 2.064529999999999971e+32 4.289500000000000349e+37 1.598000000000000087e+00 6.083490000000000169e+29
7.180210000000000000e+13 2.046750000000000046e+32 4.260659999999999902e+37 1.598000000000000087e+00 6.049520000000000315e+29
7.131440000000000000e+13 2.029000000000000162e+32 4.231810000000000097e+37 1.598999999999999977e+00 6.015430000000000055e+29
7.082670000000000000e+13 2.011279999999999958e+32 4.202959999999999819e+37 1.598999999999999977e+00 5.981229999999999951e+29
7.033910000000000000e+13 1.993599999999999929e+32 4.174110000000000014e+37 1.598999999999999977e+00 5.946920000000000004e+29
6.985150000000000000e+13 1.975949999999999941e+32 4.145260000000000208e+37 1.600000000000000089e+00 5.912500000000000213e+29
6.936380000000000000e+13 1.958329999999999993e+32 4.116420000000000234e+37 1.600000000000000089e+00 5.877960000000000016e+29
6.887620000000000000e+13 1.940749999999999860e+32 4.087569999999999956e+37 1.600000000000000089e+00 5.843319999999999834e+29
6.838860000000000000e+13 1.923200000000000127e+32 4.058720000000000151e+37 1.600999999999999979e+00 5.808569999999999808e+29
6.790100000000000000e+13 1.905680000000000076e+32 4.029869999999999873e+37 1.600999999999999979e+00 5.773709999999999938e+29
6.741350000000000000e+13 1.888190000000000065e+32 4.001020000000000068e+37 1.602000000000000091e+00 5.738729999999999663e+29
6.692590000000000000e+13 1.870739999999999868e+32 3.972180000000000093e+37 1.602000000000000091e+00 5.703650000000000105e+29
6.643840000000000000e+13 1.853320000000000073e+32 3.943329999999999816e+37 1.602999999999999980e+00 5.668460000000000001e+29
6.595090000000000000e+13 1.835940000000000091e+32 3.914480000000000010e+37 1.602999999999999980e+00 5.633150000000000194e+29
6.546340000000000000e+13 1.818590000000000151e+32 3.885630000000000205e+37 1.604000000000000092e+00 5.597739999999999698e+29
6.497590000000000000e+13 1.801269999999999891e+32 3.856779999999999927e+37 1.604000000000000092e+00 5.562220000000000062e+29
6.448840000000000000e+13 1.783990000000000165e+32 3.827939999999999953e+37 1.604999999999999982e+00 5.526589999999999879e+29
6.400090000000000000e+13 1.766740000000000120e+32 3.799090000000000147e+37 1.604999999999999982e+00 5.490849999999999851e+29
6.351340000000000000e+13 1.749520000000000117e+32 3.770239999999999870e+37 1.606000000000000094e+00 5.454999999999999980e+29
6.302600000000000000e+13 1.732339999999999927e+32 3.741390000000000064e+37 1.606000000000000094e+00 5.419040000000000266e+29
6.253860000000000000e+13 1.715190000000000138e+32 3.712539999999999787e+37 1.606999999999999984e+00 5.382979999999999861e+29
6.205120000000000000e+13 1.698080000000000164e+32 3.683699999999999812e+37 1.606999999999999984e+00 5.346810000000000317e+29
6.156380000000000000e+13 1.680999999999999870e+32 3.654850000000000007e+37 1.608000000000000096e+00 5.310530000000000225e+29
6.107640000000000000e+13 1.663960000000000111e+32 3.626000000000000201e+37 1.608999999999999986e+00 5.274140000000000289e+29
6.058900000000000000e+13 1.646950000000000032e+32 3.597149999999999924e+37 1.608999999999999986e+00 5.237639999999999806e+29
6.010170000000000000e+13 1.629969999999999994e+32 3.568300000000000118e+37 1.610000000000000098e+00 5.201040000000000041e+29
5.961430000000000000e+13 1.613040000000000085e+32 3.539460000000000144e+37 1.610000000000000098e+00 5.164340000000000290e+29
5.912700000000000000e+13 1.596130000000000082e+32 3.510609999999999866e+37 1.610999999999999988e+00 5.127520000000000134e+29
5.863970000000000000e+13 1.579260000000000074e+32 3.481760000000000061e+37 1.612000000000000099e+00 5.090609999999999849e+29
5.815240000000000000e+13 1.562430000000000060e+32 3.452909999999999783e+37 1.612000000000000099e+00 5.053579999999999863e+29
5.766520000000000000e+13 1.545640000000000040e+32 3.424059999999999978e+37 1.612999999999999989e+00 5.016459999999999749e+29
5.717790000000000000e+13 1.528880000000000062e+32 3.395220000000000003e+37 1.614000000000000101e+00 4.979219999999999933e+29
5.669070000000000000e+13 1.512149999999999944e+32 3.366370000000000198e+37 1.614000000000000101e+00 4.941889999999999989e+29
5.620340000000000000e+13 1.495460000000000000e+32 3.337519999999999920e+37 1.614999999999999991e+00 4.904450000000000202e+29
5.571620000000000000e+13 1.478810000000000051e+32 3.308670000000000115e+37 1.616000000000000103e+00 4.866909999999999725e+29
5.522900000000000000e+13 1.462199999999999916e+32 3.279819999999999837e+37 1.616000000000000103e+00 4.829260000000000107e+29
5.474190000000000000e+13 1.445620000000000002e+32 3.250979999999999863e+37 1.616999999999999993e+00 4.791519999999999659e+29
5.425470000000000000e+13 1.429080000000000082e+32 3.222130000000000057e+37 1.618000000000000105e+00 4.753670000000000070e+29
5.376750000000000000e+13 1.412579999999999977e+32 3.193279999999999780e+37 1.618999999999999995e+00 4.715729999999999649e+29
5.328040000000000000e+13 1.396109999999999912e+32 3.164429999999999974e+37 1.618999999999999995e+00 4.677680000000000088e+29
5.279330000000000000e+13 1.379689999999999975e+32 3.135580000000000169e+37 1.620000000000000107e+00 4.639529999999999838e+29
5.230620000000000000e+13 1.363300000000000080e+32 3.106740000000000194e+37 1.620999999999999996e+00 4.601290000000000163e+29
5.181910000000000000e+13 1.346949999999999998e+32 3.077889999999999917e+37 1.622000000000000108e+00 4.562949999999999799e+29
5.133210000000000000e+13 1.330639999999999911e+32 3.049040000000000111e+37 1.622999999999999998e+00 4.524510000000000152e+29
5.084500000000000000e+13 1.314369999999999998e+32 3.020189999999999833e+37 1.622999999999999998e+00 4.485969999999999816e+29
5.035800000000000000e+13 1.298140000000000080e+32 2.991340000000000028e+37 1.624000000000000110e+00 4.447330000000000198e+29
4.987100000000000000e+13 1.281940000000000022e+32 2.962500000000000054e+37 1.625000000000000000e+00 4.408610000000000309e+29
4.938400000000000000e+13 1.265789999999999912e+32 2.933649999999999776e+37 1.625999999999999890e+00 4.369779999999999873e+29
4.889700000000000000e+13 1.249679999999999977e+32 2.904799999999999971e+37 1.627000000000000002e+00 4.330869999999999871e+29
4.841010000000000000e+13 1.233610000000000036e+32 2.875950000000000165e+37 1.627999999999999892e+00 4.291859999999999882e+29
4.792310000000000000e+13 1.217580000000000090e+32 2.847099999999999887e+37 1.629000000000000004e+00 4.252749999999999908e+29
4.743620000000000000e+13 1.201589999999999957e+32 2.818259999999999913e+37 1.629999999999999893e+00 4.213559999999999663e+29
4.694930000000000000e+13 1.185639999999999999e+32 2.789410000000000108e+37 1.629999999999999893e+00 4.174279999999999995e+29
4.646240000000000000e+13 1.169739999999999990e+32 2.760559999999999830e+37 1.631000000000000005e+00 4.134900000000000340e+29
4.597550000000000000e+13 1.153870000000000020e+32 2.731710000000000025e+37 1.631999999999999895e+00 4.095439999999999711e+29
4.548870000000000000e+13 1.138059999999999953e+32 2.702860000000000219e+37 1.633000000000000007e+00 4.055889999999999658e+29
4.500180000000000000e+13 1.122279999999999926e+32 2.674019999999999773e+37 1.633999999999999897e+00 4.016250000000000181e+29
4.451500000000000000e+13 1.106550000000000027e+32 2.645169999999999967e+37 1.635000000000000009e+00 3.976529999999999730e+29
4.402820000000000000e+13 1.090859999999999943e+32 2.616320000000000162e+37 1.635999999999999899e+00 3.936719999999999854e+29
4.354150000000000000e+13 1.075219999999999986e+32 2.587469999999999884e+37 1.637000000000000011e+00 3.896829999999999708e+29
4.305470000000000000e+13 1.059620000000000024e+32 2.558620000000000078e+37 1.637999999999999901e+00 3.856850000000000138e+29
4.256800000000000000e+13 1.044060000000000056e+32 2.529780000000000104e+37 1.639000000000000012e+00 3.816790000000000298e+29
4.208130000000000000e+13 1.028559999999999990e+32 2.500929999999999826e+37 1.639999999999999902e+00 3.776660000000000045e+29
4.159460000000000000e+13 1.013099999999999918e+32 2.472080000000000021e+37 1.641000000000000014e+00 3.736439999999999664e+29
4.110790000000000000e+13 9.976850000000000873e+31 2.443230000000000216e+37 1.643000000000000016e+00 3.696139999999999717e+29
4.062120000000000000e+13 9.823200000000000245e+31 2.414379999999999938e+37 1.643999999999999906e+00 3.655770000000000061e+29
4.013460000000000000e+13 9.670019999999999776e+31 2.385539999999999964e+37 1.645000000000000018e+00 3.615320000000000135e+29
3.964800000000000000e+13 9.517340000000000587e+31 2.356690000000000158e+37 1.645999999999999908e+00 3.574799999999999797e+29
3.916140000000000000e+13 9.365149999999999302e+31 2.327839999999999880e+37 1.647000000000000020e+00 3.534199999999999892e+29
3.867480000000000000e+13 9.213449999999999525e+31 2.298990000000000075e+37 1.647999999999999909e+00 3.493530000000000278e+29
3.818830000000000000e+13 9.062260000000000802e+31 2.270139999999999797e+37 1.649000000000000021e+00 3.452790000000000252e+29
3.770170000000000000e+13 8.911589999999999303e+31 2.241299999999999823e+37 1.649999999999999911e+00 3.411979999999999814e+29
3.721520000000000000e+13 8.761430000000000659e+31 2.212450000000000018e+37 1.651999999999999913e+00 3.371099999999999667e+29
3.672870000000000000e+13 8.611789999999999240e+31 2.183600000000000212e+37 1.653000000000000025e+00 3.330149999999999811e+29
3.624230000000000000e+13 8.462689999999999997e+31 2.154749999999999934e+37 1.653999999999999915e+00 3.289140000000000105e+29
3.575580000000000000e+13 8.314119999999999553e+31 2.125899999999999893e+37 1.655000000000000027e+00 3.248069999999999844e+29
3.526940000000000000e+13 8.166099999999999257e+31 2.097059999999999918e+37 1.657000000000000028e+00 3.206929999999999875e+29
3.478300000000000000e+13 8.018639999999999783e+31 2.068210000000000113e+37 1.657999999999999918e+00 3.165739999999999912e+29
3.429660000000000000e+13 7.871729999999999555e+31 2.039360000000000071e+37 1.659000000000000030e+00 3.124479999999999889e+29
3.381030000000000000e+13 7.725399999999999696e+31 2.010510000000000030e+37 1.659999999999999920e+00 3.083169999999999873e+29
3.332390000000000000e+13 7.579640000000000432e+31 1.981659999999999988e+37 1.661999999999999922e+00 3.041800000000000006e+29
3.283760000000000000e+13 7.434470000000000410e+31 1.952820000000000014e+37 1.663000000000000034e+00 3.000380000000000147e+29
3.235130000000000000e+13 7.289889999999999628e+31 1.923969999999999972e+37 1.665000000000000036e+00 2.958900000000000084e+29
3.186510000000000000e+13 7.145920000000000337e+31 1.895119999999999931e+37 1.665999999999999925e+00 2.917379999999999887e+29
3.137880000000000000e+13 7.002559999999999835e+31 1.866269999999999889e+37 1.667000000000000037e+00 2.875810000000000049e+29
3.089260000000000000e+13 6.859830000000000369e+31 1.837420000000000084e+37 1.669000000000000039e+00 2.834189999999999865e+29
3.040640000000000000e+13 6.717720000000000365e+31 1.808580000000000110e+37 1.669999999999999929e+00 2.792520000000000041e+29
2.992030000000000000e+13 6.576260000000000045e+31 1.779730000000000068e+37 1.671999999999999931e+00 2.750819999999999939e+29
2.943410000000000000e+13 6.435460000000000081e+31 1.750880000000000026e+37 1.673000000000000043e+00 2.709069999999999844e+29
2.894800000000000000e+13 6.295319999999999575e+31 1.722029999999999985e+37 1.675000000000000044e+00 2.667279999999999967e+29
2.846190000000000000e+13 6.155850000000000100e+31 1.693179999999999943e+37 1.675999999999999934e+00 2.625460000000000163e+29
2.797590000000000000e+13 6.017070000000000302e+31 1.664339999999999969e+37 1.677999999999999936e+00 2.583610000000000083e+29
2.748980000000000000e+13 5.878999999999999729e+31 1.635489999999999927e+37 1.679000000000000048e+00 2.541719999999999867e+29
2.700380000000000000e+13 5.741640000000000181e+31 1.606639999999999886e+37 1.681000000000000050e+00 2.499800000000000078e+29
2.651780000000000000e+13 5.604999999999999632e+31 1.577790000000000080e+37 1.681999999999999940e+00 2.457850000000000011e+29
2.603190000000000000e+13 5.469100000000000329e+31 1.548940000000000039e+37 1.683999999999999941e+00 2.415879999999999877e+29
2.554600000000000000e+13 5.333960000000000018e+31 1.520100000000000064e+37 1.685000000000000053e+00 2.373890000000000028e+29
2.506010000000000000e+13 5.199579999999999600e+31 1.491250000000000023e+37 1.687000000000000055e+00 2.331880000000000111e+29
2.457420000000000000e+13 5.065990000000000196e+31 1.462399999999999981e+37 1.689000000000000057e+00 2.289850000000000126e+29
2.408840000000000000e+13 4.933190000000000006e+31 1.433549999999999940e+37 1.689999999999999947e+00 2.247800000000000073e+29
2.360260000000000000e+13 4.801210000000000150e+31 1.404699999999999898e+37 1.691999999999999948e+00 2.205750000000000021e+29
2.311680000000000000e+13 4.670060000000000402e+31 1.375859999999999924e+37 1.693999999999999950e+00 2.163679999999999901e+29
2.263100000000000000e+13 4.539760000000000310e+31 1.347009999999999882e+37 1.695999999999999952e+00 2.121610000000000133e+29
2.214530000000000000e+13 4.410330000000000320e+31 1.318160000000000077e+37 1.697000000000000064e+00 2.079530000000000155e+29
2.165960000000000000e+13 4.281780000000000206e+31 1.289310000000000035e+37 1.699000000000000066e+00 2.037449999999999826e+29
2.117400000000000000e+13 4.154140000000000188e+31 1.260459999999999994e+37 1.701000000000000068e+00 1.995369999999999848e+29
2.068830000000000000e+13 4.027429999999999815e+31 1.231620000000000019e+37 1.703000000000000069e+00 1.953300000000000080e+29
2.020270000000000000e+13 3.901660000000000209e+31 1.202769999999999978e+37 1.705000000000000071e+00 1.911229999999999960e+29
1.971720000000000000e+13 3.776859999999999792e+31 1.173919999999999936e+37 1.707000000000000073e+00 1.869179999999999908e+29
1.923170000000000000e+13 3.653049999999999910e+31 1.145069999999999895e+37 1.709000000000000075e+00 1.827129999999999856e+29
1.874620000000000000e+13 3.530259999999999884e+31 1.116220000000000089e+37 1.711000000000000076e+00 1.785110000000000081e+29
1.826070000000000000e+13 3.408510000000000162e+31 1.087380000000000115e+37 1.713000000000000078e+00 1.743100000000000163e+29
1.777530000000000000e+13 3.287830000000000065e+31 1.058529999999999955e+37 1.715000000000000080e+00 1.701120000000000171e+29
1.728990000000000000e+13 3.168240000000000038e+31 1.029680000000000032e+37 1.717000000000000082e+00 1.659170000000000105e+29
1.680460000000000000e+13 3.049780000000000078e+31 1.000829999999999990e+37 1.719000000000000083e+00 1.617240000000000106e+29
1.631920000000000000e+13 2.932479999999999953e+31 9.719840000000000463e+36 1.721000000000000085e+00 1.575350000000000066e+29
1.583400000000000000e+13 2.816349999999999890e+31 9.431359999999999946e+36 1.723000000000000087e+00 1.533489999999999952e+29
1.534870000000000000e+13 2.701449999999999877e+31 9.142879999999999429e+36 1.725000000000000089e+00 1.491680000000000007e+29
1.486350000000000000e+13 2.587810000000000138e+31 8.854400000000000092e+36 1.727000000000000091e+00 1.449899999999999987e+29
1.437840000000000000e+13 2.475450000000000218e+31 8.565919999999999574e+36 1.729000000000000092e+00 1.408169999999999960e+29
1.389330000000000000e+13 2.364430000000000109e+31 8.277440000000000238e+36 1.731999999999999984e+00 1.366489999999999925e+29
1.340820000000000000e+13 2.254769999999999808e+31 7.988959999999999720e+36 1.733999999999999986e+00 1.324869999999999918e+29
1.292320000000000000e+13 2.146539999999999982e+31 7.700480000000000384e+36 1.735999999999999988e+00 1.283290000000000046e+29
1.243820000000000000e+13 2.039760000000000176e+31 7.411999999999999866e+36 1.737999999999999989e+00 1.241780000000000058e+29
1.195330000000000000e+13 1.934489999999999932e+31 7.123520000000000530e+36 1.739999999999999991e+00 1.200329999999999921e+29
1.146840000000000000e+13 1.830789999999999917e+31 6.835040000000000012e+36 1.743000000000000105e+00 1.158929999999999953e+29
1.098350000000000000e+13 1.728709999999999898e+31 6.546559999999999495e+36 1.745000000000000107e+00 1.117610000000000079e+29
1.049870000000000000e+13 1.628300000000000095e+31 6.258080000000000158e+36 1.747000000000000108e+00 1.076350000000000056e+29
1.001400000000000000e+13 1.529630000000000046e+31 5.969599999999999641e+36 1.749000000000000110e+00 1.035150000000000060e+29
9.529290000000000000e+12 1.432769999999999967e+31 5.681120000000000304e+36 1.750999999999999890e+00 9.940250000000000531e+28
9.044660000000000000e+12 1.337790000000000074e+31 5.392639999999999787e+36 1.752999999999999892e+00 9.529650000000000019e+28
8.560070000000000000e+12 1.244769999999999904e+31 5.104159999999999860e+36 1.754999999999999893e+00 9.119689999999999206e+28
8.075550000000000000e+12 1.153799999999999895e+31 4.815679999999999933e+36 1.756999999999999895e+00 8.710340000000000277e+28
7.591080000000000000e+12 1.064960000000000037e+31 4.527200000000000006e+36 1.758000000000000007e+00 8.301550000000000425e+28
7.106670000000000000e+12 9.783629999999999745e+30 4.238720000000000079e+36 1.758999999999999897e+00 7.893239999999999907e+28
6.622330000000000000e+12 8.941140000000000315e+30 3.950240000000000152e+36 1.760000000000000009e+00 7.485300000000000287e+28
6.138050000000000000e+12 8.123349999999999655e+30 3.661760000000000225e+36 1.760000000000000009e+00 7.077580000000000178e+28
5.653850000000000000e+12 7.331599999999999827e+30 3.373279999999999707e+36 1.758999999999999897e+00 6.669850000000000211e+28
5.169710000000000000e+12 6.567389999999999494e+30 3.084799999999999780e+36 1.756999999999999895e+00 6.261820000000000111e+28
4.685660000000000000e+12 5.832379999999999547e+30 2.796319999999999853e+36 1.754000000000000004e+00 5.853080000000000428e+28
4.201680000000000000e+12 5.128459999999999720e+30 2.507839999999999926e+36 1.749000000000000110e+00 5.443039999999999872e+28
3.717790000000000000e+12 4.457740000000000278e+30 2.219359999999999999e+36 1.741000000000000103e+00 5.030840000000000114e+28
3.233990000000000000e+12 3.822669999999999750e+30 1.930880000000000072e+36 1.727999999999999980e+00 4.615240000000000307e+28
2.750290000000000000e+12 3.226009999999999999e+30 1.642400000000000145e+36 1.709000000000000075e+00 4.194259999999999570e+28
2.266700000000000000e+12 2.670890000000000020e+30 1.353919999999999923e+36 1.681000000000000050e+00 3.764639999999999822e+28
1.783240000000000000e+12 2.160609999999999912e+30 1.065439999999999996e+36 1.635999999999999899e+00 3.320399999999999867e+28
1.299910000000000000e+12 1.697589999999999895e+30 7.769600000000000691e+35 1.564999999999999947e+00 2.848379999999999852e+28
8.167560000000000000e+11 1.274449999999999885e+30 4.884799999999999945e+35 1.443000000000000060e+00 2.305370000000000031e+28
4.299000000000000000e+11 7.805000000000000069e+29 2.572000000000000181e+35 1.330000000000000071e+00 1.506450000000000062e+28
4.188000000000000000e+11 7.537999999999999717e+29 2.505999999999999897e+35 1.330000000000000071e+00 1.455129999999999927e+28
3.325000000000000000e+11 5.815999999999999745e+29 1.990000000000000163e+35 1.330000000000000071e+00 1.165809999999999924e+28
2.640000000000000000e+11 4.472999999999999815e+29 1.581000000000000083e+35 1.330000000000000071e+00 9.297799999999999813e+27
2.096000000000000000e+11 3.289999999999999843e+29 1.256000000000000028e+35 1.330000000000000071e+00 6.841069999999999801e+27
1.844000000000000000e+11 2.892000000000000018e+29 1.105000000000000000e+35 1.330000000000000071e+00 6.221810000000000396e+27
1.664000000000000000e+11 2.597000000000000095e+29 9.975999999999999784e+34 1.330000000000000071e+00 3.996079999999999920e+27
1.322000000000000000e+11 2.033000000000000102e+29 7.923999999999999875e+34 1.330000000000000071e+00 3.293160000000000158e+27
1.049000000000000000e+11 1.494999999999999961e+29 6.294000000000000085e+34 1.330000000000000071e+00 2.422460000000000012e+27
8.332000000000000000e+10 1.100000000000000064e+29 4.999999999999999843e+34 1.330000000000000071e+00 1.782300000000000002e+27
6.617000000000000000e+10 8.088999999999999432e+28 3.971999999999999897e+34 1.330000000000000071e+00 1.311289999999999924e+27
5.254000000000000000e+10 5.949000000000000344e+28 3.155000000000000010e+34 1.330000000000000071e+00 9.646129999999999985e+26
4.172000000000000000e+10 4.628000000000000126e+28 2.505999999999999897e+34 1.330000000000000071e+00 7.875200000000000595e+26
3.313000000000000000e+10 3.403999999999999866e+28 1.989999999999999932e+34 1.330000000000000071e+00 5.791050000000000196e+26
2.631000000000000000e+10 2.502999999999999803e+28 1.580999999999999991e+34 1.330000000000000071e+00 4.261170000000000143e+26
2.090000000000000000e+10 1.938000000000000082e+28 1.255999999999999936e+34 1.330000000000000071e+00 3.451690000000000088e+26
1.659000000000000000e+10 1.425000000000000067e+28 9.976000000000000246e+33 1.330000000000000071e+00 2.538950000000000110e+26
1.318000000000000000e+10 1.048000000000000007e+28 7.924000000000000337e+33 1.330000000000000071e+00 1.867689999999999969e+26
1.046000000000000000e+10 7.701999999999999683e+27 6.294000000000000085e+33 1.330000000000000071e+00 1.373879999999999975e+26
8.312000000000000000e+09 5.662000000000000348e+27 4.999999999999999728e+33 1.330000000000000071e+00 1.010819999999999921e+26
6.601000000000000000e+09 4.362000000000000029e+27 3.972000000000000127e+33 1.330000000000000071e+00 8.130089999999999436e+25
4.164000000000000000e+09 2.356000000000000079e+27 2.505999999999999955e+33 1.330000000000000071e+00 4.399369999999999874e+25
2.626000000000000000e+09 1.272000000000000034e+27 1.580999999999999991e+33 1.330000000000000071e+00 2.380450000000000180e+25
1.657000000000000000e+09 6.859999999999999767e+26 9.975999999999999957e+32 1.330000000000000071e+00 1.288319999999999913e+25
1.316000000000000000e+09 5.036000000000000296e+26 7.924000000000000337e+32 1.330000000000000071e+00 9.477099999999999527e+24
1.045000000000000000e+09 4.128999999999999924e+26 6.293999999999999941e+32 1.330000000000000071e+00 6.794269999999999770e+24
8.301000000000000000e+08 3.039000000000000162e+26 4.999999999999999728e+32 1.330000000000000071e+00 4.998809999999999830e+24
5.237000000000000000e+08 1.628999999999999891e+26 3.154999999999999923e+32 1.330000000000000071e+00 2.705450000000000161e+24
3.304000000000000000e+08 8.737999999999999925e+25 1.990000000000000076e+32 1.330000000000000071e+00 1.463449999999999964e+24
2.624000000000000000e+08 6.675999999999999817e+25 1.580999999999999919e+32 1.330000000000000071e+00 1.123400000000000065e+24
1.315000000000000000e+08 2.603999999999999941e+25 7.923999999999999616e+31 1.330000000000000071e+00 4.472499999999999827e+23
6.589000000000000000e+07 1.006000000000000014e+25 3.972000000000000199e+31 1.330000000000000071e+00 1.780890000000000165e+23
3.302000000000000000e+07 3.832999999999999839e+24 1.989999999999999986e+31 1.330000000000000071e+00 7.086450000000000092e+22
1.655000000000000000e+07 1.435000000000000086e+24 9.975999999999999642e+30 1.330000000000000071e+00 2.822060000000000131e+22
8.293000000000000000e+06 5.250000000000000315e+23 4.999999999999999818e+30 1.330000000000000071e+00 1.123529999999999934e+22
6.588000000000000000e+06 3.910999999999999759e+23 3.972000000000000087e+30 1.330000000000000071e+00 8.163429999999999541e+21
2.622000000000000000e+06 9.754999999999999214e+22 1.581000000000000009e+30 1.330000000000000071e+00 2.390210000000000197e+21
1.044000000000000000e+06 2.318000000000000105e+22 6.293999999999999902e+29 1.330000000000000071e+00 6.999960000000000000e+20
4.156000000000000000e+05 5.265999999999999476e+21 2.505999999999999907e+29 1.330000000000000071e+00 2.050380000000000000e+20
1.654000000000000000e+05 1.151000000000000000e+21 9.976000000000000768e+28 1.330000000000000071e+00 6.004390000000000000e+19
6.587000000000000000e+04 2.431000000000000000e+20 3.972000000000000263e+28 1.330000000000000071e+00 1.758760000000000000e+19
2.622000000000000000e+04 4.968000000000000000e+19 1.581000000000000061e+28 1.330000000000000071e+00 5.149550000000000000e+18
1.044000000000000000e+04 9.744000000000000000e+18 6.294999999999999717e+27 1.330000000000000071e+00 1.508420000000000000e+18
