9.706806863700000000e+15 7.802365811399999448e+36 1.997839999999999928e+39 1.000000000000000000e+00 0.000000000000000000e+00
9.658281154800000000e+15 7.758692673400000369e+36 1.992840000000000095e+39 1.000000000000000000e+00 0.000000000000000000e+00
9.609877043400000000e+15 7.715128973100000426e+36 1.987839999999999960e+39 1.000000000000000000e+00 0.000000000000000000e+00
9.561594529700000000e+15 7.671674710799999755e+36 1.982840000000000127e+39 1.000000000000000000e+00 0.000000000000000000e+00
9.513433613500000000e+15 7.628329886200000581e+36 1.977839999999999992e+39 1.000000000000000000e+00 0.000000000000000000e+00
9.465394294900000000e+15 7.585094499499999847e+36 1.972839999999999857e+39 1.000000000000000000e+00 0.000000000000000000e+00
9.417476574000000000e+15 7.541968550600000262e+36 1.967840000000000025e+39 1.000000000000000000e+00 0.000000000000000000e+00
9.369680450600000000e+15 7.498952039600000298e+36 1.962839999999999890e+39 1.000000000000000000e+00 0.000000000000000000e+00
9.322005924800000000e+15 7.456044966400000302e+36 1.957840000000000057e+39 1.000000000000000000e+00 0.000000000000000000e+00
9.274452996600000000e+15 7.413247331000000275e+36 1.952839999999999922e+39 1.000000000000000000e+00 0.000000000000000000e+00
9.227021666000000000e+15 7.370559133499999869e+36 1.947840000000000089e+39 1.000000000000000000e+00 0.000000000000000000e+00
9.179711933000000000e+15 7.327980373699999778e+36 1.942839999999999954e+39 1.000000000000000000e+00 0.000000000000000000e+00
9.132523797600000000e+15 7.285511051900000142e+36 1.937840000000000122e+39 1.000000000000000000e+00 0.000000000000000000e+00
9.085457259800000000e+15 7.243151167900000473e+36 1.932839999999999987e+39 1.000000000000000000e+00 0.000000000000000000e+00
9.038512319600000000e+15 7.200900721699999593e+36 1.927839999999999852e+39 1.000000000000000000e+00 0.000000000000000000e+00
8.991688977000000000e+15 7.158759713299999861e+36 1.922840000000000019e+39 1.000000000000000000e+00 0.000000000000000000e+00
8.944987231900000000e+15 7.116728142799999750e+36 1.917839999999999884e+39 1.000000000000000000e+00 0.000000000000000000e+00
8.898407084500000000e+15 7.074806010099999608e+36 1.912840000000000051e+39 1.000000000000000000e+00 0.000000000000000000e+00
8.851948534700000000e+15 7.032993315199999434e+36 1.907839999999999916e+39 1.000000000000000000e+00 0.000000000000000000e+00
8.805611582400000000e+15 6.991290058200000062e+36 1.902840000000000084e+39 1.000000000000000000e+00 0.000000000000000000e+00
8.759396227800000000e+15 6.949696238999999477e+36 1.897839999999999949e+39 1.000000000000000000e+00 0.000000000000000000e+00
8.713302470700000000e+15 6.908211857699999693e+36 1.892840000000000116e+39 1.000000000000000000e+00 0.000000000000000000e+00
8.667330311200000000e+15 6.866836914199999878e+36 1.887839999999999981e+39 1.000000000000000000e+00 0.000000000000000000e+00
8.621479749400000000e+15 6.825571408500000032e+36 1.882840000000000148e+39 1.000000000000000000e+00 0.000000000000000000e+00
8.575750785100000000e+15 6.784415340600000154e+36 1.877840000000000013e+39 1.000000000000000000e+00 0.000000000000000000e+00
8.530143418400000000e+15 6.743368710599999896e+36 1.872839999999999878e+39 1.000000000000000000e+00 0.000000000000000000e+00
8.484657649400000000e+15 6.702431518500000440e+36 1.867840000000000046e+39 1.000000000000000000e+00 0.000000000000000000e+00
8.439293477900000000e+15 6.661603764100000120e+36 1.862839999999999911e+39 1.000000000000000000e+00 0.000000000000000000e+00
8.394050904000000000e+15 6.620885447599999420e+36 1.857840000000000078e+39 1.000000000000000000e+00 0.000000000000000000e+00
8.348929927700000000e+15 6.580276568999999521e+36 1.852839999999999943e+39 1.000000000000000000e+00 0.000000000000000000e+00
8.303930549000000000e+15 6.539777128099999939e+36 1.847840000000000110e+39 1.000000000000000000e+00 0.000000000000000000e+00
8.259052767900000000e+15 6.499387125099999977e+36 1.842839999999999975e+39 1.000000000000000000e+00 0.000000000000000000e+00
8.214296584400000000e+15 6.459106559999999636e+36 1.837840000000000143e+39 1.000000000000000000e+00 0.000000000000000000e+00
8.169661998400000000e+15 6.418935432599999611e+36 1.832840000000000008e+39 1.000000000000000000e+00 0.000000000000000000e+00
8.125149010100000000e+15 6.378873743100000388e+36 1.827839999999999873e+39 1.000000000000000000e+00 0.000000000000000000e+00
8.080757619400000000e+15 6.338921491499999604e+36 1.822840000000000040e+39 1.000000000000000000e+00 0.000000000000000000e+00
8.036487826300000000e+15 6.299078677699999970e+36 1.817839999999999905e+39 1.000000000000000000e+00 0.000000000000000000e+00
7.992339630700000000e+15 6.259345301700000304e+36 1.812840000000000072e+39 1.000000000000000000e+00 0.000000000000000000e+00
7.948313032800000000e+15 6.219721363499999426e+36 1.807839999999999937e+39 1.000000000000000000e+00 0.000000000000000000e+00
7.904408032400000000e+15 6.180206863200000530e+36 1.802840000000000105e+39 1.000000000000000000e+00 0.000000000000000000e+00
7.860624629700000000e+15 6.140801800700000422e+36 1.797839999999999970e+39 1.000000000000000000e+00 0.000000000000000000e+00
7.816962824500000000e+15 6.101506176099999934e+36 1.792840000000000137e+39 1.000000000000000000e+00 0.000000000000000000e+00
7.773422617000000000e+15 6.062319989299999415e+36 1.787840000000000002e+39 1.000000000000000000e+00 0.000000000000000000e+00
7.730004007000000000e+15 6.023243240300000044e+36 1.782839999999999867e+39 1.000000000000000000e+00 0.000000000000000000e+00
7.686706994600000000e+15 5.984275929200000295e+36 1.777840000000000034e+39 1.000000000000000000e+00 0.000000000000000000e+00
7.643531579800000000e+15 5.945418055900000514e+36 1.772839999999999900e+39 1.000000000000000000e+00 0.000000000000000000e+00
7.600477762600000000e+15 5.906669620399999521e+36 1.767840000000000067e+39 1.000000000000000000e+00 0.000000000000000000e+00
7.557545543100000000e+15 5.868030622800000509e+36 1.762839999999999932e+39 1.000000000000000000e+00 0.000000000000000000e+00
7.514734921100000000e+15 5.829501063000000286e+36 1.757840000000000099e+39 1.000000000000000000e+00 0.000000000000000000e+00
7.472045896700000000e+15 5.791080941000000031e+36 1.752839999999999964e+39 1.000000000000000000e+00 0.000000000000000000e+00
7.429478469900000000e+15 5.752770256900000577e+36 1.747840000000000131e+39 1.000000000000000000e+00 0.000000000000000000e+00
7.387032640600000000e+15 5.714569010599999911e+36 1.742839999999999997e+39 1.000000000000000000e+00 0.000000000000000000e+00
7.344708409000000000e+15 5.676477202200000046e+36 1.737839999999999862e+39 1.000000000000000000e+00 0.000000000000000000e+00
7.302505775000000000e+15 5.638494831500000498e+36 1.732840000000000029e+39 1.000000000000000000e+00 0.000000000000000000e+00
7.260424738600000000e+15 5.600621898800000223e+36 1.727839999999999894e+39 1.000000000000000000e+00 0.000000000000000000e+00
7.218465299700000000e+15 5.562858403800000263e+36 1.722840000000000061e+39 1.000000000000000000e+00 0.000000000000000000e+00
7.176627458500000000e+15 5.525204346699999925e+36 1.717839999999999926e+39 1.000000000000000000e+00 0.000000000000000000e+00
7.134911214900000000e+15 5.487659727399999555e+36 1.712840000000000094e+39 1.000000000000000000e+00 0.000000000000000000e+00
7.093316568800000000e+15 5.450224545999999986e+36 1.707839999999999959e+39 1.000000000000000000e+00 0.000000000000000000e+00
7.051843520400000000e+15 5.412898802400000385e+36 1.702840000000000126e+39 1.000000000000000000e+00 0.000000000000000000e+00
7.010492069500000000e+15 5.375682496599999573e+36 1.697839999999999991e+39 1.000000000000000000e+00 0.000000000000000000e+00
6.969262216200000000e+15 5.338575628699999562e+36 1.692839999999999856e+39 1.000000000000000000e+00 0.000000000000000000e+00
6.928153960600000000e+15 5.301578198600000109e+36 1.687840000000000023e+39 1.000000000000000000e+00 0.000000000000000000e+00
6.887167302500000000e+15 5.264690206300000035e+36 1.682839999999999888e+39 1.000000000000000000e+00 0.000000000000000000e+00
6.846302242000000000e+15 5.227911651900000171e+36 1.677840000000000056e+39 1.000000000000000000e+00 0.000000000000000000e+00
6.805558779100000000e+15 5.191242535300000276e+36 1.672839999999999921e+39 1.000000000000000000e+00 0.000000000000000000e+00
6.764936913800000000e+15 5.154682856499999760e+36 1.667840000000000088e+39 1.000000000000000000e+00 0.000000000000000000e+00
6.724436646200000000e+15 5.118232615600000044e+36 1.662839999999999953e+39 1.000000000000000000e+00 0.000000000000000000e+00
6.684057976100000000e+15 5.081891812499999707e+36 1.657840000000000120e+39 1.000000000000000000e+00 0.000000000000000000e+00
6.643800903500000000e+15 5.045660447199999928e+36 1.652839999999999985e+39 1.000000000000000000e+00 0.000000000000000000e+00
6.603665428600000000e+15 5.009538519799999770e+36 1.647839999999999850e+39 1.000000000000000000e+00 0.000000000000000000e+00
6.563651551300000000e+15 4.973526030200000171e+36 1.642840000000000018e+39 1.000000000000000000e+00 0.000000000000000000e+00
6.523759271600000000e+15 4.937622978500000192e+36 1.637839999999999883e+39 1.000000000000000000e+00 0.000000000000000000e+00
6.483988589500000000e+15 4.901829364600000182e+36 1.632840000000000050e+39 1.000000000000000000e+00 0.000000000000000000e+00
6.444339504900000000e+15 4.866145188500000141e+36 1.627839999999999915e+39 1.000000000000000000e+00 0.000000000000000000e+00
6.404812018000000000e+15 4.830570450200000068e+36 1.622840000000000082e+39 1.000000000000000000e+00 0.000000000000000000e+00
6.365406128700000000e+15 4.795105149800000205e+36 1.617839999999999947e+39 1.000000000000000000e+00 0.000000000000000000e+00
6.326121836900000000e+15 4.759749287299999964e+36 1.612840000000000115e+39 1.000000000000000000e+00 0.000000000000000000e+00
6.286959142800000000e+15 4.724502862500000039e+36 1.607839999999999980e+39 1.000000000000000000e+00 0.000000000000000000e+00
6.247918046200000000e+15 4.689365875599999734e+36 1.602840000000000147e+39 1.000000000000000000e+00 0.000000000000000000e+00
6.208998547200000000e+15 4.654338326600000230e+36 1.597840000000000012e+39 1.000000000000000000e+00 0.000000000000000000e+00
6.170200645900000000e+15 4.619420215299999863e+36 1.592839999999999877e+39 1.000000000000000000e+00 0.000000000000000000e+00
6.131524342100000000e+15 4.584611541899999706e+36 1.587840000000000044e+39 1.000000000000000000e+00 0.000000000000000000e+00
6.092969635900000000e+15 4.549912306399999760e+36 1.582839999999999909e+39 1.000000000000000000e+00 0.000000000000000000e+00
6.054536527300000000e+15 4.515322508600000131e+36 1.577840000000000077e+39 1.000000000000000000e+00 0.000000000000000000e+00
6.016225016400000000e+15 4.480842148799999774e+36 1.572839999999999942e+39 1.000000000000000000e+00 0.000000000000000000e+00
5.978035103000000000e+15 4.446471226699999734e+36 1.567840000000000109e+39 1.000000000000000000e+00 0.000000000000000000e+00
5.939966787200000000e+15 4.412209742499999904e+36 1.562839999999999974e+39 1.000000000000000000e+00 0.000000000000000000e+00
5.902020069000000000e+15 4.378057696100000043e+36 1.557840000000000141e+39 1.000000000000000000e+00 0.000000000000000000e+00
5.864194948300000000e+15 4.344015087500000151e+36 1.552840000000000006e+39 1.000000000000000000e+00 0.000000000000000000e+00
5.826491425300000000e+15 4.310081916799999879e+36 1.547839999999999872e+39 1.000000000000000000e+00 0.000000000000000000e+00
5.788909499900000000e+15 4.276258183999999818e+36 1.542840000000000039e+39 1.000000000000000000e+00 0.000000000000000000e+00
5.751449172100000000e+15 4.242543888900000073e+36 1.537839999999999904e+39 1.000000000000000000e+00 0.000000000000000000e+00
5.714110441900000000e+15 4.208939031699999949e+36 1.532840000000000071e+39 1.000000000000000000e+00 0.000000000000000000e+00
5.676893309200000000e+15 4.175443612299999794e+36 1.527839999999999936e+39 1.000000000000000000e+00 0.000000000000000000e+00
5.639797774200000000e+15 4.142057630799999849e+36 1.522840000000000103e+39 1.000000000000000000e+00 0.000000000000000000e+00
5.602823836700000000e+15 4.108781087099999873e+36 1.517839999999999969e+39 1.000000000000000000e+00 0.000000000000000000e+00
5.565971496900000000e+15 4.075613981199999866e+36 1.512840000000000136e+39 1.000000000000000000e+00 0.000000000000000000e+00
5.529240754600000000e+15 4.042556313200000069e+36 1.507840000000000001e+39 1.000000000000000000e+00 0.000000000000000000e+00
5.492631610000000000e+15 4.009608083000000241e+36 1.502839999999999866e+39 1.000000000000000000e+00 0.000000000000000000e+00
5.456144062900000000e+15 3.976769290599999791e+36 1.497840000000000033e+39 1.000000000000000000e+00 0.000000000000000000e+00
5.419778113400000000e+15 3.944039936100000142e+36 1.492839999999999898e+39 1.000000000000000000e+00 0.000000000000000000e+00
5.383533761500000000e+15 3.911420019399999871e+36 1.487840000000000066e+39 1.000000000000000000e+00 0.000000000000000000e+00
5.347411007300000000e+15 3.878909540599999812e+36 1.482839999999999931e+39 1.000000000000000000e+00 0.000000000000000000e+00
5.311409850600000000e+15 3.846508499500000068e+36 1.477840000000000098e+39 1.000000000000000000e+00 0.000000000000000000e+00
5.275530291500000000e+15 3.814216896400000188e+36 1.472839999999999963e+39 1.000000000000000000e+00 0.000000000000000000e+00
5.239772330000000000e+15 3.782034731000000034e+36 1.467840000000000130e+39 1.000000000000000000e+00 0.000000000000000000e+00
5.204135966100000000e+15 3.749962003500000090e+36 1.462839999999999995e+39 1.000000000000000000e+00 0.000000000000000000e+00
5.168621199800000000e+15 3.717998713800000115e+36 1.457839999999999860e+39 1.000000000000000000e+00 0.000000000000000000e+00
5.133228031000000000e+15 3.686144861999999761e+36 1.452840000000000028e+39 1.000000000000000000e+00 0.000000000000000000e+00
5.097956459900000000e+15 3.654400447999999966e+36 1.447839999999999893e+39 1.000000000000000000e+00 0.000000000000000000e+00
5.062806486400000000e+15 3.622765471800000139e+36 1.442840000000000060e+39 1.000000000000000000e+00 0.000000000000000000e+00
5.027778110500000000e+15 3.591239933499999932e+36 1.437839999999999925e+39 1.000000000000000000e+00 0.000000000000000000e+00
4.992871332100000000e+15 3.559823833000000285e+36 1.432840000000000092e+39 1.000000000000000000e+00 0.000000000000000000e+00
4.958086151400000000e+15 3.528517170300000015e+36 1.427839999999999957e+39 1.000000000000000000e+00 0.000000000000000000e+00
4.923422568200000000e+15 3.497319945499999957e+36 1.422840000000000125e+39 1.000000000000000000e+00 0.000000000000000000e+00
4.888880582700000000e+15 3.466232158499999867e+36 1.417839999999999990e+39 1.000000000000000000e+00 0.000000000000000000e+00
4.854460194700000000e+15 3.435253809299999745e+36 1.412839999999999855e+39 1.000000000000000000e+00 0.000000000000000000e+00
4.820161404400000000e+15 3.404384897999999835e+36 1.407840000000000022e+39 1.000000000000000000e+00 0.000000000000000000e+00
4.785984211600000000e+15 3.373625424499999893e+36 1.402839999999999887e+39 1.000000000000000000e+00 0.000000000000000000e+00
4.751928616400000000e+15 3.342975388799999919e+36 1.397840000000000054e+39 1.000000000000000000e+00 0.000000000000000000e+00
4.717994618900000000e+15 3.312434791000000156e+36 1.392839999999999919e+39 1.000000000000000000e+00 0.000000000000000000e+00
4.684182218900000000e+15 3.282003630999999772e+36 1.387840000000000087e+39 1.000000000000000000e+00 0.000000000000000000e+00
4.650491416500000000e+15 3.251681908900000189e+36 1.382839999999999952e+39 1.000000000000000000e+00 0.000000000000000000e+00
4.616922211700000000e+15 3.221469624599999983e+36 1.377840000000000119e+39 1.000000000000000000e+00 0.000000000000000000e+00
4.583474604500000000e+15 3.191366778099999747e+36 1.372839999999999984e+39 1.000000000000000000e+00 0.000000000000000000e+00
4.550148594900000000e+15 3.161373369400000069e+36 1.367839999999999849e+39 1.000000000000000000e+00 0.000000000000000000e+00
4.516944182900000000e+15 3.131489398600000012e+36 1.362840000000000016e+39 1.000000000000000000e+00 0.000000000000000000e+00
4.483861368500000000e+15 3.101714865700000165e+36 1.357840000000000033e+39 1.000000000000000000e+00 0.000000000000000000e+00
4.450900151700000000e+15 3.072049770500000045e+36 1.352840000000000049e+39 1.000000000000000000e+00 0.000000000000000000e+00
4.418060532400000000e+15 3.042494113200000136e+36 1.347840000000000065e+39 1.000000000000000000e+00 0.000000000000000000e+00
4.385342510800000000e+15 3.013047893799999847e+36 1.342839999999999930e+39 1.000000000000000000e+00 0.000000000000000000e+00
4.352746086800000000e+15 2.983711112099999875e+36 1.337839999999999946e+39 1.000000000000000000e+00 0.000000000000000000e+00
4.320271260300000000e+15 2.954483768300000113e+36 1.332839999999999962e+39 1.000000000000000000e+00 0.000000000000000000e+00
4.287918031500000000e+15 2.925365862399999972e+36 1.327839999999999978e+39 1.000000000000000000e+00 0.000000000000000000e+00
4.255686400200000000e+15 2.896357394200000148e+36 1.322839999999999995e+39 1.000000000000000000e+00 0.000000000000000000e+00
4.223576366600000000e+15 2.867458364000000186e+36 1.317840000000000011e+39 1.000000000000000000e+00 0.000000000000000000e+00
4.191587930500000000e+15 2.838668771499999951e+36 1.312840000000000027e+39 1.000000000000000000e+00 0.000000000000000000e+00
4.159721092000000000e+15 2.809988616899999926e+36 1.307840000000000043e+39 1.000000000000000000e+00 0.000000000000000000e+00
4.127975851200000000e+15 2.781417900099999870e+36 1.302840000000000059e+39 1.000000000000000000e+00 0.000000000000000000e+00
4.096352207900000000e+15 2.752956621099999783e+36 1.297840000000000075e+39 1.000000000000000000e+00 0.000000000000000000e+00
4.064850162200000000e+15 2.724604779999999906e+36 1.292839999999999941e+39 1.000000000000000000e+00 0.000000000000000000e+00
4.033469714100000000e+15 2.696362376800000241e+36 1.287839999999999957e+39 1.000000000000000000e+00 0.000000000000000000e+00
4.002210863600000000e+15 2.668229411299999711e+36 1.282839999999999973e+39 1.000000000000000000e+00 0.000000000000000000e+00
3.971073610700000000e+15 2.640205883699999982e+36 1.277839999999999989e+39 1.000000000000000000e+00 0.000000000000000000e+00
3.940057955400000000e+15 2.612291793899999927e+36 1.272840000000000005e+39 1.000000000000000000e+00 0.000000000000000000e+00
3.909163897700000000e+15 2.584487142000000082e+36 1.267840000000000021e+39 1.000000000000000000e+00 0.000000000000000000e+00
3.878391437600000000e+15 2.556791927899999911e+36 1.262840000000000038e+39 1.000000000000000000e+00 0.000000000000000000e+00
3.847740575100000000e+15 2.529206151600000003e+36 1.257840000000000054e+39 1.000000000000000000e+00 0.000000000000000000e+00
3.817211310200000000e+15 2.501729813200000012e+36 1.252840000000000070e+39 1.000000000000000000e+00 0.000000000000000000e+00
3.786803642800000000e+15 2.474362912599999988e+36 1.247839999999999935e+39 1.000000000000000000e+00 0.000000000000000000e+00
3.756517573100000000e+15 2.447105449799999934e+36 1.242839999999999951e+39 1.000000000000000000e+00 0.000000000000000000e+00
3.726353101000000000e+15 2.419957424900000090e+36 1.237839999999999967e+39 1.000000000000000000e+00 0.000000000000000000e+00
3.696310226400000000e+15 2.392918837799999919e+36 1.232839999999999983e+39 1.000000000000000000e+00 0.000000000000000000e+00
3.666388949500000000e+15 2.365989688599999960e+36 1.227840000000000000e+39 1.000000000000000000e+00 0.000000000000000000e+00
3.636589270100000000e+15 2.339169977100000021e+36 1.222840000000000016e+39 1.000000000000000000e+00 0.000000000000000000e+00
3.606911188400000000e+15 2.312459703599999946e+36 1.217840000000000032e+39 1.000000000000000000e+00 0.000000000000000000e+00
3.577354704200000000e+15 2.285858867799999892e+36 1.212840000000000048e+39 1.000000000000000000e+00 0.000000000000000000e+00
3.547919817600000000e+15 2.259367469900000048e+36 1.207840000000000064e+39 1.000000000000000000e+00 0.000000000000000000e+00
3.518606528600000000e+15 2.232985509799999879e+36 1.202839999999999929e+39 1.000000000000000000e+00 0.000000000000000000e+00
3.489414837300000000e+15 2.206712987599999920e+36 1.197839999999999946e+39 1.000000000000000000e+00 0.000000000000000000e+00
3.460344743500000000e+15 2.180549903199999929e+36 1.192839999999999962e+39 1.000000000000000000e+00 0.000000000000000000e+00
3.431396247300000000e+15 2.154496256599999907e+36 1.187839999999999978e+39 1.000000000000000000e+00 0.000000000000000000e+00
3.402569348700000000e+15 2.128552047900000096e+36 1.182839999999999994e+39 1.000000000000000000e+00 0.000000000000000000e+00
3.373864047700000000e+15 2.102717276999999958e+36 1.177840000000000010e+39 1.000000000000000000e+00 0.000000000000000000e+00
3.345280344300000000e+15 2.076991943900000084e+36 1.172840000000000026e+39 1.000000000000000000e+00 0.000000000000000000e+00
3.316818238500000000e+15 2.051376048700000126e+36 1.167840000000000043e+39 1.000000000000000000e+00 0.000000000000000000e+00
3.288477730300000000e+15 2.025869591300000136e+36 1.162840000000000059e+39 1.000000000000000000e+00 0.000000000000000000e+00
3.260258819600000000e+15 2.000472571700000114e+36 1.157840000000000075e+39 1.000000000000000000e+00 0.000000000000000000e+00
3.232161506600000000e+15 1.975184990000000009e+36 1.152839999999999940e+39 1.000000000000000000e+00 0.000000000000000000e+00
3.204185791200000000e+15 1.950006846099999871e+36 1.147839999999999956e+39 1.000000000000000000e+00 0.000000000000000000e+00
3.176331673300000000e+15 1.924938139999999998e+36 1.142839999999999972e+39 1.000000000000000000e+00 0.000000000000000000e+00
3.148599153100000000e+15 1.899978871800000040e+36 1.137839999999999988e+39 1.000000000000000000e+00 0.000000000000000000e+00
3.120988230400000000e+15 1.875129041400000051e+36 1.132840000000000005e+39 1.000000000000000000e+00 0.000000000000000000e+00
3.093498905400000000e+15 1.850388648899999977e+36 1.127840000000000021e+39 1.000000000000000000e+00 0.000000000000000000e+00
3.066131177900000000e+15 1.825757694199999872e+36 1.122840000000000037e+39 1.000000000000000000e+00 0.000000000000000000e+00
3.038885048100000000e+15 1.801236177300000031e+36 1.117840000000000053e+39 1.000000000000000000e+00 0.000000000000000000e+00
3.011760515800000000e+15 1.776824098199999863e+36 1.112840000000000069e+39 1.000000000000000000e+00 0.000000000000000000e+00
2.984757581100000000e+15 1.752521456999999906e+36 1.107839999999999934e+39 1.000000000000000000e+00 0.000000000000000000e+00
2.957876244000000000e+15 1.728328253699999864e+36 1.102839999999999950e+39 1.000000000000000000e+00 0.000000000000000000e+00
2.931116504500000000e+15 1.704244488100000139e+36 1.097839999999999967e+39 1.000000000000000000e+00 0.000000000000000000e+00
2.904478362700000000e+15 1.680270160400000035e+36 1.092839999999999983e+39 1.000000000000000000e+00 0.000000000000000000e+00
2.877961818400000000e+15 1.656405270600000141e+36 1.087839999999999999e+39 1.000000000000000000e+00 0.000000000000000000e+00
2.851566871700000000e+15 1.632649818499999974e+36 1.082840000000000015e+39 1.000000000000000000e+00 0.000000000000000000e+00
2.825293522500000000e+15 1.609003804300000018e+36 1.077840000000000031e+39 1.000000000000000000e+00 0.000000000000000000e+00
2.799141771000000000e+15 1.585467227999999977e+36 1.072840000000000047e+39 1.000000000000000000e+00 0.000000000000000000e+00
2.773111617100000000e+15 1.562040089399999957e+36 1.067840000000000064e+39 1.000000000000000000e+00 0.000000000000000000e+00
2.747203060800000000e+15 1.538722388800000096e+36 1.062839999999999929e+39 1.000000000000000000e+00 0.000000000000000000e+00
2.721416102100000000e+15 1.515514125899999961e+36 1.057839999999999945e+39 1.000000000000000000e+00 0.000000000000000000e+00
2.695750740900000000e+15 1.492415300900000036e+36 1.052839999999999961e+39 1.000000000000000000e+00 0.000000000000000000e+00
2.670206977400000000e+15 1.469425913700000080e+36 1.047839999999999977e+39 1.000000000000000000e+00 0.000000000000000000e+00
2.644784811500000000e+15 1.446545964300000093e+36 1.042839999999999993e+39 1.000000000000000000e+00 0.000000000000000000e+00
2.619484243100000000e+15 1.423775452800000021e+36 1.037840000000000010e+39 1.000000000000000000e+00 0.000000000000000000e+00
2.594305272400000000e+15 1.401114379199999865e+36 1.032840000000000026e+39 1.000000000000000000e+00 0.000000000000000000e+00
2.569247899200000000e+15 1.378562743300000026e+36 1.027840000000000042e+39 1.000000000000000000e+00 0.000000000000000000e+00
2.544312123600000000e+15 1.356120545300000102e+36 1.022840000000000058e+39 1.000000000000000000e+00 0.000000000000000000e+00
2.519497945700000000e+15 1.333787785100000147e+36 1.017840000000000074e+39 1.000000000000000000e+00 0.000000000000000000e+00
2.494805365300000000e+15 1.311564462799999960e+36 1.012839999999999939e+39 1.000000000000000000e+00 0.000000000000000000e+00
2.470234382500000000e+15 1.289450578300000036e+36 1.007839999999999955e+39 1.000000000000000000e+00 0.000000000000000000e+00
2.445784997300000000e+15 1.267446131599999934e+36 1.002839999999999972e+39 1.000000000000000000e+00 0.000000000000000000e+00
2.421462063100000000e+15 1.245555490900000011e+36 9.978410000000000748e+38 1.000000000000000000e+00 0.000000000000000000e+00
2.397255848800000000e+15 1.223769897999999993e+36 9.928409999999999399e+38 1.000000000000000000e+00 0.000000000000000000e+00
2.373171232100000000e+15 1.202093742899999944e+36 9.878409999999999560e+38 1.000000000000000000e+00 0.000000000000000000e+00
2.349208213000000000e+15 1.180527025699999958e+36 9.828409999999999722e+38 1.000000000000000000e+00 0.000000000000000000e+00
2.325366791400000000e+15 1.159069746299999940e+36 9.778409999999999884e+38 1.000000000000000000e+00 0.000000000000000000e+00
2.301646967500000000e+15 1.137721904799999986e+36 9.728410000000000045e+38 1.000000000000000000e+00 0.000000000000000000e+00
2.278048741200000000e+15 1.116483501100000000e+36 9.678410000000000207e+38 1.000000000000000000e+00 0.000000000000000000e+00
2.254572112400000000e+15 1.095354535199999983e+36 9.628410000000000369e+38 1.000000000000000000e+00 0.000000000000000000e+00
2.231217081300000000e+15 1.074335007200000030e+36 9.578410000000000530e+38 1.000000000000000000e+00 0.000000000000000000e+00
2.207983647700000000e+15 1.053424917000000044e+36 9.528410000000000692e+38 1.000000000000000000e+00 0.000000000000000000e+00
2.184871811700000000e+15 1.032624264600000027e+36 9.478409999999999343e+38 1.000000000000000000e+00 0.000000000000000000e+00
2.161881573400000000e+15 1.011933050099999926e+36 9.428409999999999504e+38 1.000000000000000000e+00 0.000000000000000000e+00
2.139012932600000000e+15 9.913512733799999813e+35 9.378409999999999666e+38 1.000000000000000000e+00 0.000000000000000000e+00
2.116265889400000000e+15 9.708789345200000323e+35 9.328409999999999828e+38 1.000000000000000000e+00 0.000000000000000000e+00
2.093640443800000000e+15 9.505160334900000654e+35 9.278409999999999989e+38 1.000000000000000000e+00 0.000000000000000000e+00
2.071136595900000000e+15 9.302625702999999868e+35 9.228410000000000151e+38 1.000000000000000000e+00 0.000000000000000000e+00
2.048754345500000000e+15 9.101185449499999442e+35 9.178410000000000313e+38 1.000000000000000000e+00 0.000000000000000000e+00
2.026493692700000000e+15 8.900839574300000314e+35 9.128410000000000474e+38 1.000000000000000000e+00 0.000000000000000000e+00
2.004354637500000000e+15 8.701588077500000070e+35 9.078410000000000636e+38 1.000000000000000000e+00 0.000000000000000000e+00
1.982337179800000000e+15 8.503430958999999647e+35 9.028409999999999287e+38 1.000000000000000000e+00 0.000000000000000000e+00
1.960441319800000000e+15 8.306368218800000522e+35 8.978409999999999448e+38 1.000000000000000000e+00 0.000000000000000000e+00
1.938667057400000000e+15 8.110399857099999342e+35 8.928409999999999610e+38 1.000000000000000000e+00 0.000000000000000000e+00
1.917014392600000000e+15 7.915525873600000398e+35 8.878409999999999772e+38 1.000000000000000000e+00 0.000000000000000000e+00
1.895483325400000000e+15 7.721746268599999400e+35 8.828409999999999933e+38 1.000000000000000000e+00 0.000000000000000000e+00
1.874073855700000000e+15 7.529061041899999699e+35 8.778410000000000095e+38 1.000000000000000000e+00 0.000000000000000000e+00
1.852785983700000000e+15 7.337470193499999820e+35 8.728410000000000257e+38 3.262443438900000103e+00 0.000000000000000000e+00
1.837545747400000000e+15 7.201229264099999296e+35 8.678410000000000418e+38 3.262443438900000103e+00 0.000000000000000000e+00
1.822392160800000000e+15 7.066752695699999605e+35 8.628410000000000580e+38 3.262443438900000103e+00 0.000000000000000000e+00
1.807324594200000000e+15 6.934027664999999302e+35 8.578410000000000742e+38 3.262443438900000103e+00 0.000000000000000000e+00
1.792342418700000000e+15 6.803041368099999389e+35 8.528409999999999392e+38 3.262443438900000103e+00 0.000000000000000000e+00
1.777445006600000000e+15 6.673781020800000503e+35 8.478409999999999554e+38 3.262443438900000103e+00 0.000000000000000000e+00
1.762631730800000000e+15 6.546233858500000160e+35 8.428409999999999716e+38 3.262443438900000103e+00 0.000000000000000000e+00
1.747901965600000000e+15 6.420387136399999738e+35 8.378409999999999877e+38 3.262443438900000103e+00 0.000000000000000000e+00
1.733255085900000000e+15 6.296228129599999847e+35 8.328410000000000039e+38 3.262443438900000103e+00 0.000000000000000000e+00
1.718690467900000000e+15 6.173744132699999654e+35 8.278410000000000201e+38 3.262443438900000103e+00 0.000000000000000000e+00
1.704207488400000000e+15 6.052922460899999845e+35 8.228410000000000362e+38 3.262443438900000103e+00 0.000000000000000000e+00
1.689805525600000000e+15 5.933750449000000202e+35 8.178410000000000524e+38 3.262443438900000103e+00 0.000000000000000000e+00
1.675483958500000000e+15 5.816215452300000012e+35 8.128410000000000686e+38 3.262443438900000103e+00 0.000000000000000000e+00
1.661242166900000000e+15 5.700304846200000346e+35 8.078409999999999336e+38 3.262443438900000103e+00 0.000000000000000000e+00
1.647079532000000000e+15 5.586006026499999767e+35 8.028409999999999498e+38 3.262443438900000103e+00 0.000000000000000000e+00
1.632995435700000000e+15 5.473306409500000033e+35 7.978409999999999660e+38 3.262443438900000103e+00 0.000000000000000000e+00
1.618989261100000000e+15 5.362193432000000193e+35 7.928409999999999821e+38 3.262443438900000103e+00 0.000000000000000000e+00
1.605060392000000000e+15 5.252654551400000078e+35 7.878409999999999983e+38 3.262443438900000103e+00 0.000000000000000000e+00
1.591208213700000000e+15 5.144677245999999699e+35 7.828410000000000145e+38 3.262443438900000103e+00 0.000000000000000000e+00
1.577432112100000000e+15 5.038249014900000185e+35 7.778410000000000306e+38 3.262443438900000103e+00 0.000000000000000000e+00
1.563731474400000000e+15 4.933357377900000295e+35 7.728410000000000468e+38 3.262443438900000103e+00 0.000000000000000000e+00
1.550105688700000000e+15 4.829989876200000178e+35 7.678410000000000630e+38 3.262443438900000103e+00 0.000000000000000000e+00
1.536554144100000000e+15 4.728134071900000163e+35 7.628409999999999280e+38 3.262443438900000103e+00 0.000000000000000000e+00
1.523076230800000000e+15 4.627777548300000160e+35 7.578409999999999442e+38 3.262443438900000103e+00 0.000000000000000000e+00
1.509671340200000000e+15 4.528907910300000329e+35 7.528409999999999604e+38 3.262443438900000103e+00 0.000000000000000000e+00
1.496338864400000000e+15 4.431512783999999673e+35 7.478409999999999765e+38 3.262443438900000103e+00 0.000000000000000000e+00
1.483078196900000000e+15 4.335579817099999662e+35 7.428409999999999927e+38 3.262443438900000103e+00 0.000000000000000000e+00
1.469888732100000000e+15 4.241096679000000341e+35 7.378410000000000089e+38 3.262443438900000103e+00 0.000000000000000000e+00
1.456769865600000000e+15 4.148051060900000132e+35 7.328410000000000250e+38 3.262443438900000103e+00 0.000000000000000000e+00
1.443720993800000000e+15 4.056430675800000261e+35 7.278410000000000412e+38 3.262443438900000103e+00 0.000000000000000000e+00
1.430741514400000000e+15 3.966223258699999931e+35 7.228410000000000574e+38 3.262443438900000103e+00 0.000000000000000000e+00
1.417830826200000000e+15 3.877416566600000009e+35 7.178410000000000736e+38 3.262443438900000103e+00 0.000000000000000000e+00
1.404988329000000000e+15 3.789998378999999810e+35 7.128409999999999386e+38 3.262443438900000103e+00 0.000000000000000000e+00
1.392213423700000000e+15 3.703956497299999780e+35 7.078409999999999548e+38 3.262443438900000103e+00 0.000000000000000000e+00
1.379505512400000000e+15 3.619278745699999687e+35 7.028409999999999709e+38 3.262443438900000103e+00 0.000000000000000000e+00
1.366863998100000000e+15 3.535952970700000363e+35 6.978409999999999871e+38 3.262443438900000103e+00 0.000000000000000000e+00
1.354288285100000000e+15 3.453967041700000290e+35 6.928410000000000033e+38 3.262443438900000103e+00 0.000000000000000000e+00
1.341777778900000000e+15 3.373308850699999885e+35 6.878410000000000195e+38 3.262443438900000103e+00 0.000000000000000000e+00
1.329331885800000000e+15 3.293966312600000168e+35 6.828410000000000356e+38 3.262443438900000103e+00 0.000000000000000000e+00
1.316950013500000000e+15 3.215927365499999943e+35 6.778409999999999762e+38 3.262443438900000103e+00 0.000000000000000000e+00
1.304631570800000000e+15 3.139179970600000057e+35 6.728409999999999924e+38 3.262443438900000103e+00 0.000000000000000000e+00
1.292375967500000000e+15 3.063712112299999880e+35 6.678410000000000086e+38 3.262443438900000103e+00 0.000000000000000000e+00
1.280182614800000000e+15 2.989511798399999854e+35 6.628410000000000247e+38 3.262443438900000103e+00 0.000000000000000000e+00
1.268050924800000000e+15 2.916567060400000158e+35 6.578409999999999653e+38 3.262443438900000103e+00 0.000000000000000000e+00
1.255980310800000000e+15 2.844865953299999998e+35 6.528409999999999815e+38 3.262443438900000103e+00 0.000000000000000000e+00
1.243970187600000000e+15 2.774396556000000128e+35 6.478409999999999977e+38 3.262443438900000103e+00 0.000000000000000000e+00
1.232019970600000000e+15 2.705146971299999896e+35 6.428410000000000139e+38 3.262443438900000103e+00 0.000000000000000000e+00
1.220129077000000000e+15 2.637105326199999968e+35 6.378410000000000300e+38 3.262443438900000103e+00 0.000000000000000000e+00
1.208296924600000000e+15 2.570259771599999972e+35 6.328409999999999706e+38 3.262443438900000103e+00 0.000000000000000000e+00
1.196522932900000000e+15 2.504598483200000019e+35 6.278409999999999868e+38 3.262443438900000103e+00 0.000000000000000000e+00
1.184806522300000000e+15 2.440109660700000092e+35 6.228410000000000030e+38 3.262443438900000103e+00 0.000000000000000000e+00
1.173147114500000000e+15 2.376781528700000086e+35 6.178410000000000191e+38 3.262443438900000103e+00 0.000000000000000000e+00
1.161544132400000000e+15 2.314602336799999975e+35 6.128410000000000353e+38 3.262443438900000103e+00 0.000000000000000000e+00
1.149997000200000000e+15 2.253560359100000081e+35 6.078409999999999759e+38 3.262443438900000103e+00 0.000000000000000000e+00
1.138505143200000000e+15 2.193643894999999836e+35 6.028409999999999921e+38 3.262443438900000103e+00 0.000000000000000000e+00
1.127067988000000000e+15 2.134841269099999827e+35 5.978410000000000083e+38 3.262443438900000103e+00 0.000000000000000000e+00
1.115684962500000000e+15 2.077140831500000091e+35 5.928410000000000244e+38 3.262443438900000103e+00 0.000000000000000000e+00
1.104355495800000000e+15 2.020530957600000142e+35 5.878409999999999650e+38 3.262443438900000103e+00 0.000000000000000000e+00
1.093079018300000000e+15 1.965000048699999988e+35 5.828409999999999812e+38 3.262443438900000103e+00 0.000000000000000000e+00
1.081854961600000000e+15 1.910536531899999959e+35 5.778409999999999974e+38 3.262443438900000103e+00 0.000000000000000000e+00
1.070682758600000000e+15 1.857128860400000106e+35 5.728410000000000135e+38 3.262443438900000103e+00 0.000000000000000000e+00
1.059561843600000000e+15 1.804765513499999833e+35 5.678410000000000297e+38 3.262443438900000103e+00 0.000000000000000000e+00
1.048491652000000000e+15 1.753434996800000078e+35 5.628409999999999703e+38 3.262443438900000103e+00 0.000000000000000000e+00
1.037471620600000000e+15 1.703125842599999930e+35 5.578409999999999865e+38 3.262443438900000103e+00 0.000000000000000000e+00
1.026501187700000000e+15 1.653826609699999981e+35 5.528410000000000027e+38 3.262443438900000103e+00 0.000000000000000000e+00
1.015579792500000000e+15 1.605525884099999999e+35 5.478410000000000188e+38 3.262443438900000103e+00 0.000000000000000000e+00
1.004706875800000000e+15 1.558212278499999933e+35 5.428410000000000350e+38 3.262443438900000103e+00 0.000000000000000000e+00
9.938818798900000000e+14 1.511874433099999969e+35 5.378409999999999756e+38 3.262443438900000103e+00 0.000000000000000000e+00
9.831042480500000000e+14 1.466501015400000005e+35 5.328409999999999918e+38 3.262443438900000103e+00 0.000000000000000000e+00
9.723734251300000000e+14 1.422080720499999980e+35 5.278410000000000079e+38 3.262443438900000103e+00 0.000000000000000000e+00
9.616888573100000000e+14 1.378602271499999988e+35 5.228410000000000241e+38 3.262443438900000103e+00 0.000000000000000000e+00
9.510499921300000000e+14 1.336054419199999957e+35 5.178409999999999647e+38 3.262443438900000103e+00 0.000000000000000000e+00
9.404562785200000000e+14 1.294425942900000080e+35 5.128409999999999809e+38 3.262443438900000103e+00 0.000000000000000000e+00
9.299071668100000000e+14 1.253705650099999936e+35 5.078409999999999971e+38 3.262443438900000103e+00 0.000000000000000000e+00
9.194021087300000000e+14 1.213882376900000089e+35 5.028410000000000132e+38 3.262443438900000103e+00 0.000000000000000000e+00
9.089405574300000000e+14 1.174944988300000010e+35 4.978410000000000294e+38 3.262443438900000103e+00 0.000000000000000000e+00
8.985219674800000000e+14 1.136882378400000073e+35 4.928409999999999700e+38 3.262443438900000103e+00 0.000000000000000000e+00
8.881457948900000000e+14 1.099683470199999931e+35 4.878409999999999862e+38 3.262443438900000103e+00 0.000000000000000000e+00
8.778114971100000000e+14 1.063337216600000010e+35 4.828410000000000023e+38 3.262443438900000103e+00 0.000000000000000000e+00
8.675185330500000000e+14 1.027832599799999954e+35 4.778410000000000185e+38 3.262443438900000103e+00 0.000000000000000000e+00
8.572663630900000000e+14 9.931586321799999866e+34 4.728410000000000347e+38 3.262443438900000103e+00 0.000000000000000000e+00
8.470544490900000000e+14 9.593043560499999456e+34 4.678409999999999753e+38 3.262443438900000103e+00 0.000000000000000000e+00
8.368822544000000000e+14 9.262588441900000401e+34 4.628409999999999915e+38 3.262443438900000103e+00 0.000000000000000000e+00
8.267492438800000000e+14 8.940111999700000586e+34 4.578410000000000076e+38 3.262443438900000103e+00 0.000000000000000000e+00
8.166548838900000000e+14 8.625505575999999747e+34 4.528410000000000238e+38 3.262443438900000103e+00 0.000000000000000000e+00
8.065986423400000000e+14 8.318660824099999391e+34 4.478409999999999644e+38 3.262443438900000103e+00 0.000000000000000000e+00
7.965799886600000000e+14 8.019469710600000437e+34 4.428409999999999806e+38 3.262443438900000103e+00 0.000000000000000000e+00
7.865983938300000000e+14 7.727824518300000169e+34 4.378409999999999967e+38 3.262443438900000103e+00 0.000000000000000000e+00
7.766533304200000000e+14 7.443617848700000141e+34 4.328410000000000129e+38 3.262443438900000103e+00 0.000000000000000000e+00
7.667400810500000000e+14 7.182124684599999695e+34 4.278410000000000291e+38 3.040816326499999889e+00 0.000000000000000000e+00
7.568634063800000000e+14 6.929926558999999797e+34 4.228409999999999697e+38 3.040816326499999889e+00 0.000000000000000000e+00
7.470194704800000000e+14 6.683741676899999588e+34 4.178409999999999859e+38 3.040816326499999889e+00 0.000000000000000000e+00
7.372078705200000000e+14 6.443496048599999575e+34 4.128410000000000020e+38 3.040816326499999889e+00 0.000000000000000000e+00
7.274282038600000000e+14 6.209115720800000192e+34 4.078410000000000182e+38 3.040816326499999889e+00 0.000000000000000000e+00
7.176800680600000000e+14 5.980526776599999960e+34 4.028410000000000344e+38 3.040816326499999889e+00 0.000000000000000000e+00
7.079630609000000000e+14 5.757655336300000333e+34 3.978409999999999750e+38 3.040816326499999889e+00 0.000000000000000000e+00
6.982767803400000000e+14 5.540427557300000368e+34 3.928409999999999911e+38 3.040816326499999889e+00 0.000000000000000000e+00
6.886208245500000000e+14 5.328769635200000055e+34 3.878410000000000073e+38 3.040816326499999889e+00 0.000000000000000000e+00
6.789947919200000000e+14 5.122607803599999796e+34 3.828410000000000235e+38 3.040816326499999889e+00 0.000000000000000000e+00
6.693982810500000000e+14 4.921868335299999841e+34 3.778409999999999641e+38 3.040816326499999889e+00 0.000000000000000000e+00
6.598308907400000000e+14 4.726477541900000175e+34 3.728409999999999803e+38 3.040816326499999889e+00 0.000000000000000000e+00
6.502922200300000000e+14 4.536361775300000270e+34 3.678409999999999964e+38 3.040816326499999889e+00 0.000000000000000000e+00
6.407818681400000000e+14 4.351447427399999693e+34 3.628410000000000126e+38 3.040816326499999889e+00 0.000000000000000000e+00
6.312994345700000000e+14 4.171660930999999990e+34 3.578410000000000288e+38 3.040816326499999889e+00 0.000000000000000000e+00
6.218445189800000000e+14 3.996928760299999993e+34 3.528409999999999694e+38 3.040816326499999889e+00 0.000000000000000000e+00
6.124167213100000000e+14 3.827177431300000096e+34 3.478409999999999855e+38 3.040816326499999889e+00 0.000000000000000000e+00
6.030156417100000000e+14 3.662333502600000183e+34 3.428410000000000017e+38 3.040816326499999889e+00 0.000000000000000000e+00
5.936408805700000000e+14 3.502323575999999818e+34 3.378410000000000179e+38 3.040816326499999889e+00 0.000000000000000000e+00
5.842920385100000000e+14 3.347074296799999943e+34 3.328409999999999963e+38 3.040816326499999889e+00 0.000000000000000000e+00
5.749687163900000000e+14 3.196512354599999896e+34 3.278410000000000124e+38 3.040816326499999889e+00 0.000000000000000000e+00
5.656705153300000000e+14 3.050564484000000156e+34 3.228409999999999908e+38 3.040816326499999889e+00 0.000000000000000000e+00
5.563970366800000000e+14 2.909157465099999958e+34 3.178410000000000070e+38 3.040816326499999889e+00 0.000000000000000000e+00
5.471478820600000000e+14 2.772218124600000164e+34 3.128409999999999854e+38 3.040816326499999889e+00 0.000000000000000000e+00
5.379226533300000000e+14 2.639673335699999770e+34 3.078410000000000016e+38 3.040816326499999889e+00 0.000000000000000000e+00
5.287209526200000000e+14 2.511450019700000084e+34 3.028410000000000177e+38 3.040816326499999889e+00 0.000000000000000000e+00
5.195423823200000000e+14 2.387475146000000109e+34 2.978409999999999961e+38 3.040816326499999889e+00 0.000000000000000000e+00
5.103865450900000000e+14 2.267675733500000198e+34 2.928410000000000123e+38 3.040816326499999889e+00 0.000000000000000000e+00
5.012530438500000000e+14 2.151978850900000066e+34 2.878409999999999907e+38 3.040816326499999889e+00 0.000000000000000000e+00
4.921414818200000000e+14 2.040311617800000047e+34 2.828410000000000068e+38 3.040816326499999889e+00 0.000000000000000000e+00
4.830514624700000000e+14 1.932601205299999893e+34 2.778409999999999852e+38 3.040816326499999889e+00 0.000000000000000000e+00
4.739825895900000000e+14 1.828774837400000115e+34 2.728410000000000014e+38 3.040816326499999889e+00 0.000000000000000000e+00
4.649344672400000000e+14 1.728759791099999942e+34 2.678410000000000176e+38 3.040816326499999889e+00 0.000000000000000000e+00
4.559066997800000000e+14 1.632483398099999906e+34 2.628409999999999960e+38 3.040816326499999889e+00 0.000000000000000000e+00
4.468988918700000000e+14 1.539873045399999954e+34 2.578410000000000121e+38 3.040816326499999889e+00 0.000000000000000000e+00
4.379106484900000000e+14 1.450856176099999912e+34 2.528409999999999905e+38 3.040816326499999889e+00 0.000000000000000000e+00
4.289415749000000000e+14 1.365360291100000005e+34 2.478410000000000067e+38 3.040816326499999889e+00 0.000000000000000000e+00
4.199950000000000000e+14 1.275089999999999909e+34 2.428409999999999851e+38 2.471000000000000085e+00 0.000000000000000000e+00
4.110480000000000000e+14 1.210170000000000091e+34 2.378410000000000012e+38 2.472999999999999865e+00 0.000000000000000000e+00
4.021150000000000000e+14 1.147250000000000035e+34 2.328410000000000174e+38 2.475000000000000089e+00 0.000000000000000000e+00
3.931950000000000000e+14 1.086340000000000104e+34 2.278409999999999958e+38 2.476999999999999869e+00 0.000000000000000000e+00
3.842900000000000000e+14 1.027439999999999953e+34 2.228410000000000120e+38 2.478000000000000203e+00 0.000000000000000000e+00
3.753970000000000000e+14 9.705349999999999577e+33 2.178409999999999904e+38 2.479999999999999982e+00 0.000000000000000000e+00
3.665190000000000000e+14 9.156250000000000024e+33 2.128410000000000065e+38 2.480999999999999872e+00 0.000000000000000000e+00
3.576530000000000000e+14 8.626980000000000422e+33 2.078409999999999849e+38 2.482000000000000206e+00 0.000000000000000000e+00
3.488010000000000000e+14 8.117430000000000454e+33 2.028410000000000011e+38 2.482000000000000206e+00 0.000000000000000000e+00
3.399620000000000000e+14 7.627450000000000420e+33 1.978410000000000173e+38 2.482000000000000206e+00 0.000000000000000000e+00
3.311360000000000000e+14 7.156850000000000084e+33 1.928409999999999956e+38 2.482000000000000206e+00 0.000000000000000000e+00
3.223240000000000000e+14 6.705440000000000367e+33 1.878410000000000118e+38 2.480999999999999872e+00 0.000000000000000000e+00
3.135230000000000000e+14 6.272999999999999479e+33 1.828409999999999902e+38 2.479999999999999982e+00 0.000000000000000000e+00
3.047360000000000000e+14 5.859259999999999576e+33 1.778410000000000064e+38 2.478000000000000203e+00 0.000000000000000000e+00
2.959620000000000000e+14 5.463969999999999620e+33 1.728409999999999848e+38 2.476999999999999869e+00 0.000000000000000000e+00
2.871990000000000000e+14 5.086820000000000078e+33 1.678410000000000009e+38 2.474000000000000199e+00 0.000000000000000000e+00
2.784500000000000000e+14 4.727490000000000132e+33 1.628409999999999982e+38 2.471000000000000085e+00 0.000000000000000000e+00
2.697120000000000000e+14 4.385629999999999713e+33 1.578409999999999955e+38 2.467999999999999972e+00 0.000000000000000000e+00
2.609870000000000000e+14 4.060870000000000216e+33 1.528409999999999928e+38 2.463999999999999968e+00 0.000000000000000000e+00
2.522750000000000000e+14 3.752809999999999751e+33 1.478410000000000089e+38 2.459000000000000075e+00 0.000000000000000000e+00
2.435740000000000000e+14 3.461030000000000197e+33 1.428410000000000062e+38 2.454000000000000181e+00 0.000000000000000000e+00
2.348860000000000000e+14 3.185070000000000016e+33 1.378410000000000035e+38 2.447999999999999954e+00 0.000000000000000000e+00
2.262110000000000000e+14 2.924440000000000150e+33 1.328410000000000008e+38 2.440999999999999837e+00 0.000000000000000000e+00
2.175470000000000000e+14 2.678640000000000256e+33 1.278409999999999981e+38 2.432999999999999829e+00 0.000000000000000000e+00
2.088970000000000000e+14 2.447099999999999919e+33 1.228409999999999953e+38 2.424999999999999822e+00 0.000000000000000000e+00
2.002590000000000000e+14 2.229200000000000072e+33 1.178409999999999926e+38 2.415999999999999925e+00 0.000000000000000000e+00
1.916360000000000000e+14 2.024229999999999870e+33 1.128410000000000088e+38 2.404999999999999805e+00 0.000000000000000000e+00
1.830280000000000000e+14 1.831300000000000097e+33 1.078410000000000061e+38 2.394000000000000128e+00 0.000000000000000000e+00
1.744400000000000000e+14 1.648680000000000104e+33 1.028410000000000033e+38 2.380999999999999783e+00 0.000000000000000000e+00
1.658710000000000000e+14 1.476699999999999979e+33 9.784079999999999455e+37 2.365000000000000213e+00 0.000000000000000000e+00
1.537870000000000000e+14 1.298050000000000029e+33 9.078270000000000544e+37 2.351999999999999869e+00 2.752159999999999891e+29
1.532940000000000000e+14 1.290410000000000062e+33 9.049420000000000739e+37 2.353000000000000203e+00 3.590310000000000284e+29
1.528000000000000000e+14 1.282499999999999943e+33 9.020580000000000292e+37 2.353000000000000203e+00 4.060279999999999884e+29
1.523070000000000000e+14 1.274550000000000010e+33 8.991730000000000487e+37 2.354000000000000092e+00 4.427549999999999890e+29
1.518140000000000000e+14 1.266589999999999944e+33 8.962880000000000681e+37 2.354000000000000092e+00 4.743249999999999709e+29
1.513210000000000000e+14 1.258630000000000021e+33 8.934030000000000876e+37 2.354999999999999982e+00 5.027779999999999982e+29
1.508280000000000000e+14 1.250689999999999934e+33 8.905179999999999181e+37 2.354999999999999982e+00 5.291539999999999947e+29
1.503350000000000000e+14 1.242749999999999990e+33 8.876340000000000624e+37 2.354999999999999982e+00 5.540530000000000165e+29
1.498420000000000000e+14 1.234830000000000026e+33 8.847490000000000818e+37 2.355999999999999872e+00 5.778559999999999958e+29
1.493490000000000000e+14 1.226930000000000041e+33 8.818639999999999124e+37 2.355999999999999872e+00 6.008169999999999812e+29
1.488560000000000000e+14 1.219040000000000046e+33 8.789789999999999318e+37 2.357000000000000206e+00 6.231150000000000319e+29
1.483630000000000000e+14 1.211170000000000030e+33 8.760939999999999513e+37 2.347999999999999865e+00 6.448810000000000451e+29
1.478700000000000000e+14 1.203319999999999993e+33 8.732099999999999066e+37 2.346999999999999975e+00 6.662109999999999931e+29
1.473770000000000000e+14 1.195489999999999935e+33 8.703249999999999261e+37 2.346000000000000085e+00 6.871790000000000202e+29
1.468840000000000000e+14 1.187680000000000000e+33 8.674399999999999455e+37 2.343999999999999861e+00 7.078440000000000620e+29
1.463910000000000000e+14 1.179890000000000045e+33 8.645549999999999650e+37 2.342999999999999972e+00 7.282509999999999712e+29
1.458980000000000000e+14 1.172120000000000068e+33 8.616699999999999845e+37 2.342000000000000082e+00 7.484369999999999960e+29
1.454050000000000000e+14 1.164370000000000071e+33 8.587859999999999398e+37 2.341000000000000192e+00 7.684319999999999915e+29
1.449130000000000000e+14 1.156650000000000043e+33 8.559009999999999593e+37 2.339999999999999858e+00 7.882600000000000387e+29
1.444200000000000000e+14 1.148940000000000004e+33 8.530159999999999787e+37 2.338999999999999968e+00 8.079409999999999940e+29
1.439270000000000000e+14 1.141259999999999934e+33 8.501309999999999982e+37 2.338000000000000078e+00 8.274919999999999676e+29
1.434340000000000000e+14 1.133599999999999987e+33 8.472460000000000176e+37 2.337000000000000188e+00 8.469270000000000421e+29
1.429420000000000000e+14 1.125960000000000020e+33 8.443619999999999730e+37 2.334999999999999964e+00 8.662569999999999906e+29
1.424490000000000000e+14 1.118340000000000031e+33 8.414769999999999924e+37 2.334000000000000075e+00 8.854930000000000086e+29
1.419560000000000000e+14 1.110750000000000011e+33 8.385920000000000119e+37 2.333000000000000185e+00 9.046420000000000671e+29
1.414640000000000000e+14 1.103179999999999971e+33 8.357070000000000313e+37 2.331999999999999851e+00 9.237109999999999961e+29
1.409710000000000000e+14 1.095630000000000054e+33 8.328219999999999563e+37 2.330999999999999961e+00 9.427070000000000480e+29
1.404790000000000000e+14 1.088109999999999961e+33 8.299380000000000061e+37 2.330000000000000071e+00 9.616340000000000251e+29
1.399860000000000000e+14 1.080609999999999992e+33 8.270530000000000256e+37 2.329000000000000181e+00 9.804960000000000115e+29
1.394940000000000000e+14 1.073130000000000002e+33 8.241680000000000450e+37 2.326999999999999957e+00 9.992969999999999501e+29
1.390010000000000000e+14 1.065679999999999980e+33 8.212829999999999700e+37 2.326000000000000068e+00 1.018040000000000010e+30
1.385090000000000000e+14 1.058249999999999938e+33 8.183979999999999895e+37 2.325000000000000178e+00 1.036730000000000048e+30
1.380170000000000000e+14 1.050840000000000019e+33 8.155140000000000393e+37 2.323999999999999844e+00 1.055359999999999955e+30
1.375240000000000000e+14 1.043460000000000069e+33 8.126289999999999643e+37 2.322999999999999954e+00 1.073940000000000009e+30
1.370320000000000000e+14 1.036109999999999943e+33 8.097439999999999838e+37 2.322000000000000064e+00 1.092470000000000070e+30
1.365400000000000000e+14 1.028769999999999951e+33 8.068590000000000032e+37 2.319999999999999840e+00 1.110949999999999998e+30
1.360470000000000000e+14 1.021470000000000062e+33 8.039740000000000227e+37 2.318999999999999950e+00 1.129379999999999933e+30
1.355550000000000000e+14 1.014820000000000072e+33 8.010899999999999780e+37 2.317000000000000171e+00 7.091809999999999860e+29
1.350630000000000000e+14 1.007569999999999986e+33 7.982049999999999975e+37 2.315999999999999837e+00 7.182270000000000335e+29
1.345710000000000000e+14 1.000340000000000024e+33 7.953200000000000169e+37 2.314999999999999947e+00 7.272559999999999708e+29
1.340790000000000000e+14 9.931410000000000435e+32 7.924350000000000364e+37 2.314000000000000057e+00 7.362670000000000232e+29
1.330940000000000000e+14 9.802060000000000434e+32 7.866660000000000112e+37 2.310000000000000053e+00 3.907749999999999998e+29
1.326020000000000000e+14 9.730900000000000199e+32 7.837810000000000306e+37 2.309000000000000163e+00 3.930860000000000117e+29
1.296510000000000000e+14 9.309210000000000074e+32 7.664719999999999888e+37 2.301000000000000156e+00 4.070560000000000123e+29
1.291590000000000000e+14 9.239800000000000178e+32 7.635870000000000083e+37 2.299999999999999822e+00 4.093930000000000065e+29
1.281750000000000000e+14 9.101750000000000593e+32 7.578179999999999831e+37 2.298000000000000043e+00 4.140660000000000091e+29
1.271920000000000000e+14 8.964720000000000233e+32 7.520480000000000220e+37 2.294999999999999929e+00 4.187340000000000123e+29
1.267000000000000000e+14 8.896590000000000157e+32 7.491630000000000414e+37 2.294000000000000039e+00 4.210639999999999653e+29
1.252250000000000000e+14 8.693730000000000207e+32 7.405090000000000357e+37 2.290000000000000036e+00 4.280319999999999961e+29
1.232590000000000000e+14 8.426889999999999461e+32 7.289699999999999549e+37 2.283999999999999808e+00 4.372459999999999777e+29
1.222760000000000000e+14 8.295030000000000489e+32 7.231999999999999938e+37 2.282000000000000028e+00 4.418089999999999958e+29
1.212930000000000000e+14 8.164219999999999702e+32 7.174300000000000328e+37 2.278999999999999915e+00 4.463389999999999903e+29
1.198190000000000000e+14 7.969969999999999574e+32 7.087760000000000270e+37 2.274999999999999911e+00 4.530609999999999996e+29
1.188370000000000000e+14 7.841789999999999363e+32 7.030059999999999715e+37 2.271999999999999797e+00 4.574879999999999805e+29
1.178540000000000000e+14 7.714680000000000487e+32 6.972370000000000407e+37 2.269000000000000128e+00 4.618679999999999963e+29
1.168720000000000000e+14 7.588629999999999930e+32 6.914669999999999852e+37 2.266000000000000014e+00 4.661980000000000191e+29
1.163810000000000000e+14 7.525999999999999889e+32 6.885820000000000046e+37 2.265000000000000124e+00 4.683429999999999981e+29
1.158900000000000000e+14 7.463640000000000575e+32 6.856979999999999600e+37 2.262999999999999901e+00 4.704739999999999650e+29
1.149080000000000000e+14 7.339729999999999807e+32 6.799279999999999989e+37 2.261000000000000121e+00 4.746940000000000033e+29
1.144170000000000000e+14 7.278179999999999793e+32 6.770430000000000183e+37 2.258999999999999897e+00 4.767810000000000328e+29
1.134350000000000000e+14 7.155870000000000241e+32 6.712739999999999931e+37 2.255999999999999783e+00 4.809100000000000276e+29
1.124530000000000000e+14 7.034640000000000716e+32 6.655040000000000321e+37 2.253000000000000114e+00 4.849740000000000316e+29
1.119620000000000000e+14 6.974429999999999883e+32 6.626189999999999571e+37 2.251999999999999780e+00 4.869819999999999877e+29
1.114710000000000000e+14 6.914489999999999777e+32 6.597339999999999765e+37 2.250000000000000000e+00 4.889719999999999886e+29
1.109810000000000000e+14 6.872730000000000621e+32 6.568500000000000263e+37 2.245999999999999996e+00 5.399190000000000250e+29
1.104900000000000000e+14 6.813650000000000485e+32 6.539650000000000458e+37 2.245000000000000107e+00 5.384780000000000311e+29
1.099990000000000000e+14 6.754839999999999635e+32 6.510799999999999708e+37 2.242999999999999883e+00 5.370230000000000252e+29
1.095080000000000000e+14 6.696299999999999512e+32 6.481949999999999902e+37 2.241999999999999993e+00 5.355570000000000348e+29
1.090180000000000000e+14 6.638019999999999983e+32 6.453100000000000097e+37 2.240000000000000213e+00 5.340770000000000324e+29
1.085270000000000000e+14 6.580009999999999741e+32 6.424259999999999650e+37 2.237999999999999989e+00 5.325840000000000037e+29
1.080370000000000000e+14 6.522270000000000226e+32 6.395409999999999845e+37 2.237000000000000099e+00 5.310770000000000332e+29
1.075460000000000000e+14 6.464789999999999864e+32 6.366560000000000039e+37 2.234999999999999876e+00 5.295580000000000222e+29
1.070550000000000000e+14 6.407589999999999643e+32 6.337710000000000234e+37 2.233000000000000096e+00 5.280249999999999991e+29
1.065650000000000000e+14 6.350639999999999881e+32 6.308860000000000428e+37 2.232000000000000206e+00 5.264780000000000343e+29
1.060740000000000000e+14 6.293970000000000261e+32 6.280019999999999982e+37 2.229999999999999982e+00 5.249179999999999727e+29
1.055840000000000000e+14 6.237559999999999793e+32 6.251170000000000176e+37 2.228000000000000203e+00 5.233439999999999695e+29
1.050940000000000000e+14 6.181420000000000052e+32 6.222320000000000371e+37 2.226999999999999869e+00 5.217570000000000103e+29
1.046030000000000000e+14 6.125550000000000319e+32 6.193469999999999621e+37 2.225000000000000089e+00 5.201559999999999686e+29
1.041130000000000000e+14 6.069939999999999738e+32 6.164619999999999816e+37 2.222999999999999865e+00 5.185409999999999852e+29
1.036220000000000000e+14 6.014610000000000018e+32 6.135780000000000314e+37 2.221000000000000085e+00 5.169119999999999898e+29
1.031320000000000000e+14 5.959540000000000172e+32 6.106929999999999564e+37 2.220000000000000195e+00 5.152699999999999679e+29
1.026420000000000000e+14 5.904740000000000333e+32 6.078079999999999758e+37 2.217999999999999972e+00 5.136140000000000044e+29
1.021510000000000000e+14 5.850199999999999646e+32 6.049229999999999953e+37 2.216000000000000192e+00 5.119429999999999726e+29
1.016610000000000000e+14 5.795939999999999821e+32 6.020380000000000147e+37 2.213999999999999968e+00 5.102599999999999707e+29
1.011710000000000000e+14 5.741939999999999869e+32 5.991539999999999701e+37 2.213000000000000078e+00 5.085619999999999708e+29
1.006810000000000000e+14 5.688209999999999924e+32 5.962689999999999895e+37 2.210999999999999854e+00 5.068510000000000150e+29
1.001910000000000000e+14 5.634739999999999852e+32 5.933840000000000090e+37 2.209000000000000075e+00 5.051259999999999768e+29
9.970060000000000000e+13 5.581549999999999921e+32 5.904990000000000284e+37 2.206999999999999851e+00 5.033869999999999968e+29
9.921050000000000000e+13 5.528619999999999863e+32 5.876139999999999534e+37 2.205000000000000071e+00 5.016340000000000047e+29
9.872050000000000000e+13 5.475969999999999945e+32 5.847300000000000032e+37 2.204000000000000181e+00 4.998679999999999863e+29
9.823040000000000000e+13 5.423569999999999768e+32 5.818450000000000227e+37 2.201999999999999957e+00 4.980880000000000262e+29
9.774040000000000000e+13 5.371449999999999731e+32 5.789600000000000421e+37 2.200000000000000178e+00 4.962949999999999694e+29
9.725050000000000000e+13 5.319599999999999701e+32 5.760749999999999671e+37 2.197999999999999954e+00 4.944890000000000270e+29
9.676050000000000000e+13 5.268010000000000264e+32 5.731899999999999866e+37 2.196000000000000174e+00 4.926690000000000021e+29
9.627060000000000000e+13 5.216690000000000115e+32 5.703060000000000364e+37 2.193999999999999950e+00 4.908349999999999652e+29
9.578070000000000000e+13 5.165639999999999972e+32 5.674209999999999614e+37 2.192000000000000171e+00 4.889890000000000284e+29
9.529080000000000000e+13 5.114859999999999836e+32 5.645359999999999809e+37 2.189999999999999947e+00 4.871290000000000092e+29
9.480100000000000000e+13 5.064340000000000294e+32 5.616510000000000003e+37 2.188000000000000167e+00 4.852560000000000341e+29
9.431120000000000000e+13 5.014090000000000038e+32 5.587660000000000198e+37 2.186999999999999833e+00 4.833700000000000326e+29
9.382140000000000000e+13 4.968780000000000257e+32 5.558819999999999751e+37 2.184000000000000163e+00 5.752170000000000019e+29
9.333170000000000000e+13 4.919109999999999829e+32 5.529969999999999946e+37 2.181999999999999940e+00 5.711649999999999681e+29
9.284200000000000000e+13 4.869710000000000129e+32 5.501120000000000140e+37 2.180000000000000160e+00 5.671160000000000324e+29
9.235230000000000000e+13 4.820570000000000303e+32 5.472270000000000335e+37 2.177999999999999936e+00 5.630709999999999694e+29
9.186260000000000000e+13 4.771699999999999762e+32 5.443419999999999585e+37 2.176000000000000156e+00 5.590309999999999761e+29
9.137300000000000000e+13 4.723099999999999949e+32 5.414580000000000083e+37 2.173999999999999932e+00 5.549949999999999963e+29
9.088340000000000000e+13 4.674760000000000010e+32 5.385730000000000277e+37 2.172000000000000153e+00 5.509640000000000158e+29
9.039380000000000000e+13 4.626679999999999944e+32 5.356880000000000472e+37 2.169999999999999929e+00 5.469369999999999784e+29
8.990430000000000000e+13 4.578880000000000018e+32 5.328029999999999722e+37 2.168000000000000149e+00 5.429150000000000107e+29
8.941480000000000000e+13 4.531329999999999832e+32 5.299179999999999916e+37 2.165000000000000036e+00 5.388990000000000281e+29
8.892530000000000000e+13 4.484059999999999787e+32 5.270340000000000414e+37 2.162999999999999812e+00 5.348869999999999886e+29
8.843580000000000000e+13 4.437040000000000202e+32 5.241489999999999664e+37 2.161000000000000032e+00 5.308819999999999903e+29
8.794640000000000000e+13 4.390300000000000037e+32 5.212639999999999859e+37 2.158999999999999808e+00 5.268810000000000056e+29
8.745700000000000000e+13 4.343810000000000332e+32 5.183790000000000054e+37 2.157000000000000028e+00 5.228869999999999917e+29
8.696760000000000000e+13 4.297600000000000047e+32 5.154940000000000248e+37 2.154999999999999805e+00 5.188990000000000333e+29
8.647830000000000000e+13 4.251650000000000356e+32 5.126099999999999802e+37 2.153000000000000025e+00 5.149169999999999896e+29
8.598890000000000000e+13 4.205959999999999817e+32 5.097249999999999996e+37 2.150999999999999801e+00 5.109410000000000013e+29
8.549970000000000000e+13 4.160540000000000007e+32 5.068400000000000191e+37 2.148000000000000131e+00 5.069719999999999839e+29
8.501040000000000000e+13 4.115380000000000069e+32 5.039550000000000385e+37 2.145999999999999908e+00 5.030100000000000077e+29
8.452120000000000000e+13 4.070480000000000005e+32 5.010699999999999635e+37 2.144000000000000128e+00 4.990540000000000167e+29
8.403200000000000000e+13 4.025849999999999948e+32 4.981860000000000133e+37 2.141999999999999904e+00 4.951059999999999822e+29
8.354280000000000000e+13 3.981489999999999897e+32 4.953010000000000328e+37 2.138999999999999790e+00 4.911649999999999890e+29
8.305370000000000000e+13 3.937389999999999720e+32 4.924159999999999578e+37 2.137000000000000011e+00 4.872320000000000229e+29
8.256450000000000000e+13 3.893550000000000137e+32 4.895309999999999772e+37 2.134999999999999787e+00 4.833070000000000133e+29
8.207550000000000000e+13 3.849969999999999706e+32 4.866459999999999967e+37 2.133000000000000007e+00 4.793900000000000308e+29
8.158640000000000000e+13 3.806660000000000003e+32 4.837620000000000465e+37 2.129999999999999893e+00 4.754810000000000050e+29
8.109740000000000000e+13 3.763610000000000174e+32 4.808769999999999715e+37 2.128000000000000114e+00 4.715800000000000061e+29
8.060840000000000000e+13 3.720830000000000351e+32 4.779919999999999909e+37 2.125999999999999890e+00 4.676880000000000201e+29
8.011940000000000000e+13 3.678309999999999681e+32 4.751070000000000104e+37 2.123000000000000220e+00 4.638049999999999765e+29
7.963050000000000000e+13 3.636050000000000325e+32 4.722220000000000299e+37 2.120999999999999996e+00 4.599300000000000303e+29
7.914150000000000000e+13 3.594050000000000122e+32 4.693379999999999852e+37 2.117999999999999883e+00 4.560650000000000123e+29
7.865270000000000000e+13 3.552319999999999926e+32 4.664530000000000047e+37 2.116000000000000103e+00 4.522099999999999929e+29
7.816380000000000000e+13 3.510840000000000191e+32 4.635680000000000241e+37 2.113999999999999879e+00 4.483639999999999863e+29
7.767500000000000000e+13 3.469639999999999875e+32 4.606830000000000436e+37 2.111000000000000210e+00 4.445279999999999783e+29
7.718620000000000000e+13 3.428690000000000019e+32 4.577979999999999686e+37 2.108999999999999986e+00 4.407019999999999689e+29
7.669740000000000000e+13 3.388000000000000037e+32 4.549140000000000184e+37 2.105999999999999872e+00 4.368860000000000284e+29
7.620870000000000000e+13 3.347580000000000062e+32 4.520290000000000378e+37 2.104000000000000092e+00 4.330800000000000162e+29
7.572000000000000000e+13 3.307409999999999826e+32 4.491439999999999628e+37 2.100999999999999979e+00 4.292859999999999741e+29
7.523130000000000000e+13 3.267510000000000318e+32 4.462589999999999823e+37 2.099000000000000199e+00 4.255020000000000010e+29
7.474260000000000000e+13 3.227869999999999962e+32 4.433740000000000017e+37 2.096000000000000085e+00 4.217290000000000123e+29
7.425400000000000000e+13 3.188489999999999840e+32 4.404899999999999571e+37 2.093999999999999861e+00 4.179670000000000079e+29
7.376540000000000000e+13 3.149369999999999952e+32 4.376049999999999765e+37 2.091000000000000192e+00 4.142169999999999737e+29
7.327680000000000000e+13 3.110509999999999936e+32 4.347199999999999960e+37 2.088999999999999968e+00 4.104779999999999942e+29
7.278830000000000000e+13 3.071910000000000155e+32 4.318350000000000154e+37 2.085999999999999854e+00 4.067509999999999849e+29
7.229980000000000000e+13 3.033569999999999886e+32 4.289500000000000349e+37 2.083000000000000185e+00 4.030360000000000162e+29
7.181130000000000000e+13 2.995489999999999851e+32 4.260659999999999902e+37 2.080999999999999961e+00 3.993330000000000176e+29
7.132280000000000000e+13 2.957670000000000050e+32 4.231810000000000097e+37 2.077999999999999847e+00 3.956429999999999749e+29
7.083440000000000000e+13 2.920110000000000121e+32 4.202959999999999819e+37 2.075000000000000178e+00 3.919649999999999728e+29
7.034600000000000000e+13 2.882799999999999933e+32 4.174110000000000014e+37 2.072999999999999954e+00 3.882999999999999969e+29
6.985760000000000000e+13 2.845760000000000111e+32 4.145260000000000208e+37 2.069999999999999840e+00 3.846479999999999771e+29
6.936930000000000000e+13 2.808970000000000029e+32 4.116420000000000234e+37 2.067000000000000171e+00 3.810089999999999835e+29
6.888100000000000000e+13 2.772449999999999955e+32 4.087569999999999956e+37 2.064000000000000057e+00 3.773830000000000163e+29
6.839270000000000000e+13 2.736179999999999979e+32 4.058720000000000151e+37 2.061999999999999833e+00 3.737700000000000050e+29
6.790440000000000000e+13 2.700160000000000104e+32 4.029869999999999873e+37 2.059000000000000163e+00 3.701719999999999915e+29
6.741620000000000000e+13 2.664409999999999876e+32 4.001020000000000068e+37 2.056000000000000050e+00 3.665860000000000187e+29
6.692800000000000000e+13 2.628910000000000107e+32 3.972180000000000093e+37 2.052999999999999936e+00 3.630149999999999733e+29
6.643980000000000000e+13 2.593669999999999852e+32 3.943329999999999816e+37 2.049999999999999822e+00 3.594580000000000104e+29
6.595170000000000000e+13 2.558680000000000057e+32 3.914480000000000010e+37 2.048000000000000043e+00 3.559149999999999892e+29
6.546360000000000000e+13 2.523959999999999908e+32 3.885630000000000205e+37 2.044999999999999929e+00 3.523869999999999659e+29
6.497550000000000000e+13 2.489480000000000086e+32 3.856779999999999927e+37 2.041999999999999815e+00 3.488730000000000251e+29
6.448740000000000000e+13 2.455269999999999911e+32 3.827939999999999953e+37 2.039000000000000146e+00 3.453740000000000118e+29
6.399940000000000000e+13 2.421300000000000062e+32 3.799090000000000147e+37 2.036000000000000032e+00 3.418899999999999964e+29
6.351140000000000000e+13 2.387599999999999860e+32 3.770239999999999870e+37 2.032999999999999918e+00 3.384209999999999789e+29
6.302350000000000000e+13 2.354150000000000117e+32 3.741390000000000064e+37 2.029999999999999805e+00 3.349670000000000296e+29
6.253550000000000000e+13 2.320950000000000115e+32 3.712539999999999787e+37 2.027000000000000135e+00 3.315280000000000079e+29
6.204760000000000000e+13 2.288009999999999986e+32 3.683699999999999812e+37 2.024000000000000021e+00 3.281049999999999698e+29
6.155970000000000000e+13 2.255319999999999956e+32 3.654850000000000007e+37 2.020999999999999908e+00 3.246969999999999999e+29
6.107190000000000000e+13 2.222880000000000027e+32 3.626000000000000201e+37 2.017999999999999794e+00 3.213050000000000138e+29
6.058400000000000000e+13 2.190699999999999970e+32 3.597149999999999924e+37 2.015000000000000124e+00 3.179290000000000113e+29
6.009620000000000000e+13 2.158770000000000014e+32 3.568300000000000118e+37 2.012000000000000011e+00 3.145689999999999924e+29
5.960850000000000000e+13 2.127090000000000157e+32 3.539460000000000144e+37 2.008999999999999897e+00 3.112249999999999925e+29
5.912070000000000000e+13 2.095660000000000040e+32 3.510609999999999866e+37 2.004999999999999893e+00 3.078970000000000114e+29
5.863300000000000000e+13 2.064490000000000157e+32 3.481760000000000061e+37 2.001999999999999780e+00 3.045850000000000139e+29
5.814530000000000000e+13 2.033559999999999879e+32 3.452909999999999783e+37 1.999000000000000110e+00 3.012899999999999859e+29
5.765770000000000000e+13 2.002889999999999835e+32 3.424059999999999978e+37 1.995999999999999996e+00 2.980110000000000120e+29
5.717000000000000000e+13 1.972469999999999891e+32 3.395220000000000003e+37 1.993000000000000105e+00 2.947490000000000075e+29
5.668250000000000000e+13 1.942300000000000046e+32 3.366370000000000198e+37 1.989000000000000101e+00 2.915040000000000076e+29
5.619490000000000000e+13 1.912379999999999942e+32 3.337519999999999920e+37 1.985999999999999988e+00 2.882760000000000124e+29
5.570730000000000000e+13 1.882709999999999937e+32 3.308670000000000115e+37 1.983000000000000096e+00 2.850640000000000009e+29
5.521980000000000000e+13 1.853279999999999898e+32 3.279819999999999837e+37 1.979999999999999982e+00 2.818700000000000149e+29
5.473230000000000000e+13 1.824110000000000093e+32 3.250979999999999863e+37 1.975999999999999979e+00 2.786929999999999985e+29
5.424490000000000000e+13 1.795179999999999894e+32 3.222130000000000057e+37 1.973000000000000087e+00 2.755329999999999866e+29
5.375750000000000000e+13 1.766509999999999928e+32 3.193279999999999780e+37 1.969999999999999973e+00 2.723900000000000146e+29
5.327010000000000000e+13 1.738079999999999928e+32 3.164429999999999974e+37 1.965999999999999970e+00 2.692640000000000120e+29
5.278270000000000000e+13 1.709889999999999895e+32 3.135580000000000169e+37 1.963000000000000078e+00 2.661559999999999999e+29
5.229540000000000000e+13 1.681949999999999961e+32 3.106740000000000194e+37 1.959000000000000075e+00 2.630660000000000134e+29
5.180810000000000000e+13 1.654260000000000127e+32 3.077889999999999917e+37 1.955999999999999961e+00 2.599929999999999963e+29
5.132080000000000000e+13 1.626820000000000033e+32 3.049040000000000111e+37 1.951999999999999957e+00 2.569380000000000048e+29
5.083350000000000000e+13 1.599620000000000085e+32 3.020189999999999833e+37 1.949000000000000066e+00 2.538999999999999828e+29
5.034630000000000000e+13 1.572659999999999924e+32 2.991340000000000028e+37 1.945000000000000062e+00 2.508799999999999864e+29
4.985910000000000000e+13 1.545950000000000042e+32 2.962500000000000054e+37 1.941999999999999948e+00 2.478780000000000157e+29
4.937190000000000000e+13 1.519479999999999946e+32 2.933649999999999776e+37 1.937999999999999945e+00 2.448940000000000001e+29
4.888480000000000000e+13 1.493259999999999950e+32 2.904799999999999971e+37 1.935000000000000053e+00 2.419280000000000102e+29
4.839770000000000000e+13 1.467279999999999920e+32 2.875950000000000165e+37 1.931000000000000050e+00 2.389789999999999897e+29
4.791060000000000000e+13 1.441540000000000037e+32 2.847099999999999887e+37 1.927000000000000046e+00 2.360490000000000158e+29
4.742360000000000000e+13 1.416039999999999939e+32 2.818259999999999913e+37 1.923999999999999932e+00 2.331360000000000114e+29
4.693650000000000000e+13 1.390789999999999942e+32 2.789410000000000108e+37 1.919999999999999929e+00 2.302419999999999831e+29
4.644950000000000000e+13 1.365769999999999957e+32 2.760559999999999830e+37 1.915999999999999925e+00 2.273660000000000157e+29
4.596260000000000000e+13 1.341000000000000071e+32 2.731710000000000025e+37 1.913000000000000034e+00 2.245069999999999825e+29
4.547560000000000000e+13 1.316460000000000019e+32 2.702860000000000219e+37 1.909000000000000030e+00 2.216669999999999959e+29
4.498870000000000000e+13 1.292170000000000066e+32 2.674019999999999773e+37 1.905000000000000027e+00 2.188449999999999998e+29
4.450180000000000000e+13 1.268109999999999946e+32 2.645169999999999967e+37 1.901000000000000023e+00 2.160409999999999940e+29
4.401500000000000000e+13 1.244299999999999925e+32 2.616320000000000162e+37 1.897999999999999909e+00 2.132550000000000139e+29
4.352820000000000000e+13 1.220709999999999964e+32 2.587469999999999884e+37 1.893999999999999906e+00 2.104869999999999890e+29
4.304140000000000000e+13 1.197369999999999922e+32 2.558620000000000078e+37 1.889999999999999902e+00 2.077380000000000107e+29
4.255460000000000000e+13 1.174260000000000073e+32 2.529780000000000104e+37 1.885999999999999899e+00 2.050060000000000018e+29
4.206790000000000000e+13 1.151390000000000010e+32 2.500929999999999826e+37 1.881999999999999895e+00 2.022930000000000044e+29
4.158120000000000000e+13 1.128759999999999913e+32 2.472080000000000021e+37 1.877999999999999892e+00 1.995970000000000115e+29
4.109450000000000000e+13 1.106360000000000009e+32 2.443230000000000216e+37 1.874000000000000110e+00 1.969199999999999949e+29
4.060790000000000000e+13 1.084189999999999937e+32 2.414379999999999938e+37 1.870000000000000107e+00 1.942599999999999830e+29
4.012130000000000000e+13 1.062260000000000012e+32 2.385539999999999964e+37 1.866000000000000103e+00 1.916190000000000176e+29
3.963470000000000000e+13 1.040559999999999919e+32 2.356690000000000158e+37 1.862000000000000099e+00 1.889960000000000074e+29
3.914810000000000000e+13 1.019090000000000019e+32 2.327839999999999880e+37 1.858000000000000096e+00 1.863900000000000019e+29
3.866160000000000000e+13 9.978559999999999957e+31 2.298990000000000075e+37 1.854000000000000092e+00 1.838030000000000078e+29
3.817510000000000000e+13 9.768519999999999848e+31 2.270139999999999797e+37 1.850000000000000089e+00 1.812329999999999831e+29
3.768860000000000000e+13 9.560779999999999866e+31 2.241299999999999823e+37 1.846000000000000085e+00 1.786809999999999841e+29
3.720220000000000000e+13 9.355340000000000010e+31 2.212450000000000018e+37 1.842000000000000082e+00 1.761470000000000106e+29
3.671580000000000000e+13 9.152190000000000506e+31 2.183600000000000212e+37 1.838000000000000078e+00 1.736309999999999924e+29
3.622940000000000000e+13 8.951329999999999554e+31 2.154749999999999934e+37 1.834000000000000075e+00 1.711320000000000141e+29
3.574300000000000000e+13 8.752749999999999181e+31 2.125899999999999893e+37 1.830000000000000071e+00 1.686509999999999909e+29
3.525670000000000000e+13 8.556439999999999614e+31 2.097059999999999918e+37 1.826000000000000068e+00 1.661870000000000076e+29
3.477040000000000000e+13 8.362400000000000852e+31 2.068210000000000113e+37 1.822000000000000064e+00 1.637399999999999938e+29
3.428420000000000000e+13 8.170609999999999747e+31 2.039360000000000071e+37 1.818000000000000060e+00 1.613110000000000055e+29
3.379790000000000000e+13 7.981079999999999674e+31 2.010510000000000030e+37 1.812999999999999945e+00 1.589000000000000077e+29
3.331170000000000000e+13 7.793799999999999960e+31 1.981659999999999988e+37 1.808999999999999941e+00 1.565049999999999935e+29
3.282560000000000000e+13 7.608750000000000156e+31 1.952820000000000014e+37 1.804999999999999938e+00 1.541270000000000016e+29
3.233940000000000000e+13 7.425940000000000036e+31 1.923969999999999972e+37 1.800999999999999934e+00 1.517670000000000001e+29
3.185330000000000000e+13 7.245350000000000054e+31 1.895119999999999931e+37 1.796999999999999931e+00 1.494229999999999999e+29
3.136720000000000000e+13 7.066980000000000209e+31 1.866269999999999889e+37 1.792000000000000037e+00 1.470960000000000043e+29
3.088120000000000000e+13 6.890819999999999827e+31 1.837420000000000084e+37 1.788000000000000034e+00 1.447859999999999958e+29
3.039520000000000000e+13 6.716869999999999809e+31 1.808580000000000110e+37 1.784000000000000030e+00 1.424920000000000061e+29
2.990920000000000000e+13 6.545109999999999708e+31 1.779730000000000068e+37 1.780000000000000027e+00 1.402140000000000001e+29
2.942320000000000000e+13 6.375540000000000424e+31 1.750880000000000026e+37 1.776000000000000023e+00 1.379529999999999987e+29
2.893730000000000000e+13 6.208160000000000155e+31 1.722029999999999985e+37 1.770999999999999908e+00 1.357079999999999986e+29
2.845140000000000000e+13 6.042950000000000256e+31 1.693179999999999943e+37 1.766999999999999904e+00 1.334789999999999997e+29
2.796550000000000000e+13 5.879900000000000052e+31 1.664339999999999969e+37 1.762999999999999901e+00 1.312660000000000021e+29
2.747970000000000000e+13 5.719020000000000218e+31 1.635489999999999927e+37 1.758999999999999897e+00 1.290680000000000024e+29
2.699390000000000000e+13 5.560300000000000080e+31 1.606639999999999886e+37 1.754999999999999893e+00 1.268860000000000040e+29
2.650810000000000000e+13 5.403720000000000090e+31 1.577790000000000080e+37 1.750000000000000000e+00 1.247190000000000034e+29
2.602240000000000000e+13 5.249280000000000248e+31 1.548940000000000039e+37 1.745999999999999996e+00 1.225680000000000041e+29
2.553670000000000000e+13 5.096969999999999881e+31 1.520100000000000064e+37 1.741999999999999993e+00 1.204309999999999993e+29
2.505100000000000000e+13 4.946789999999999890e+31 1.491250000000000023e+37 1.737999999999999989e+00 1.183099999999999958e+29
2.456540000000000000e+13 4.798729999999999599e+31 1.462399999999999981e+37 1.733999999999999986e+00 1.162020000000000010e+29
2.407980000000000000e+13 4.652770000000000363e+31 1.433549999999999940e+37 1.729999999999999982e+00 1.141100000000000074e+29
2.359420000000000000e+13 4.508929999999999928e+31 1.404699999999999898e+37 1.725999999999999979e+00 1.120310000000000050e+29
2.310860000000000000e+13 4.367179999999999874e+31 1.375859999999999924e+37 1.721000000000000085e+00 1.099670000000000005e+29
2.262310000000000000e+13 4.227520000000000200e+31 1.347009999999999882e+37 1.717000000000000082e+00 1.079160000000000047e+29
2.213760000000000000e+13 4.089950000000000007e+31 1.318160000000000077e+37 1.713000000000000078e+00 1.058780000000000000e+29
2.165220000000000000e+13 3.954459999999999970e+31 1.289310000000000035e+37 1.709000000000000075e+00 1.038540000000000075e+29
2.116680000000000000e+13 3.821039999999999867e+31 1.260459999999999994e+37 1.705000000000000071e+00 1.018430000000000060e+29
2.068140000000000000e+13 3.689690000000000148e+31 1.231620000000000019e+37 1.701999999999999957e+00 9.984469999999999996e+28
2.019600000000000000e+13 3.560389999999999914e+31 1.202769999999999978e+37 1.697999999999999954e+00 9.785869999999999499e+28
1.971070000000000000e+13 3.433160000000000065e+31 1.173919999999999936e+37 1.693999999999999950e+00 9.588479999999999395e+28
1.922540000000000000e+13 3.307969999999999927e+31 1.145069999999999895e+37 1.689999999999999947e+00 9.392270000000000109e+28
1.874020000000000000e+13 3.184819999999999952e+31 1.116220000000000089e+37 1.687000000000000055e+00 9.197210000000000309e+28
1.825500000000000000e+13 3.063719999999999914e+31 1.087380000000000115e+37 1.683000000000000052e+00 9.003260000000000564e+28
1.776980000000000000e+13 2.944660000000000038e+31 1.058529999999999955e+37 1.679000000000000048e+00 8.810389999999999540e+28
1.728470000000000000e+13 2.827619999999999877e+31 1.029680000000000032e+37 1.675999999999999934e+00 8.618559999999999567e+28
1.679960000000000000e+13 2.712610000000000105e+31 1.000829999999999990e+37 1.673000000000000043e+00 8.427719999999999594e+28
1.631450000000000000e+13 2.599629999999999822e+31 9.719840000000000463e+36 1.669000000000000039e+00 8.237840000000000049e+28
1.582950000000000000e+13 2.488679999999999929e+31 9.431359999999999946e+36 1.665999999999999925e+00 8.048869999999999883e+28
1.534450000000000000e+13 2.379739999999999977e+31 9.142879999999999429e+36 1.663000000000000034e+00 7.860769999999999665e+28
1.485950000000000000e+13 2.272829999999999964e+31 8.854400000000000092e+36 1.659999999999999920e+00 7.673470000000000389e+28
1.437460000000000000e+13 2.167940000000000117e+31 8.565919999999999574e+36 1.657000000000000028e+00 7.486929999999999986e+28
1.388970000000000000e+13 2.065069999999999985e+31 8.277440000000000238e+36 1.653999999999999915e+00 7.301100000000000046e+28
1.340490000000000000e+13 1.964220000000000018e+31 7.988959999999999720e+36 1.651999999999999913e+00 7.115899999999999947e+28
1.292010000000000000e+13 1.865399999999999991e+31 7.700480000000000384e+36 1.649000000000000021e+00 6.931280000000000399e+28
1.243530000000000000e+13 1.768609999999999902e+31 7.411999999999999866e+36 1.647000000000000020e+00 6.747159999999999901e+28
1.195060000000000000e+13 1.673859999999999976e+31 7.123520000000000530e+36 1.645000000000000018e+00 6.563459999999999591e+28
1.146600000000000000e+13 1.581159999999999986e+31 6.835040000000000012e+36 1.643000000000000016e+00 6.380099999999999724e+28
1.098130000000000000e+13 1.490499999999999934e+31 6.546559999999999495e+36 1.641000000000000014e+00 6.196999999999999681e+28
1.049670000000000000e+13 1.401910000000000040e+31 6.258080000000000158e+36 1.639000000000000012e+00 6.014040000000000286e+28
1.001220000000000000e+13 1.315400000000000078e+31 5.969599999999999641e+36 1.637999999999999901e+00 5.831120000000000323e+28
9.527690000000000000e+12 1.230990000000000045e+31 5.681120000000000304e+36 1.637000000000000011e+00 5.648109999999999879e+28
9.043240000000000000e+12 1.148689999999999940e+31 5.392639999999999787e+36 1.635999999999999899e+00 5.464889999999999782e+28
8.558840000000000000e+12 1.068519999999999985e+31 5.104159999999999860e+36 1.635000000000000009e+00 5.281299999999999667e+28
8.074480000000000000e+12 9.905239999999999486e+30 4.815679999999999933e+36 1.633999999999999897e+00 5.097160000000000333e+28
7.590180000000000000e+12 9.147220000000000532e+30 4.527200000000000006e+36 1.633999999999999897e+00 4.912280000000000083e+28
7.105930000000000000e+12 8.411529999999999555e+30 4.238720000000000079e+36 1.633999999999999897e+00 4.726430000000000427e+28
6.621730000000000000e+12 7.698629999999999868e+30 3.950240000000000152e+36 1.633000000000000007e+00 4.539339999999999926e+28
6.137590000000000000e+12 7.009020000000000275e+30 3.661760000000000225e+36 1.633999999999999897e+00 4.350710000000000205e+28
5.653500000000000000e+12 6.343319999999999562e+30 3.373279999999999707e+36 1.633999999999999897e+00 4.160159999999999628e+28
5.169480000000000000e+12 5.702249999999999881e+30 3.084799999999999780e+36 1.633999999999999897e+00 3.967219999999999600e+28
4.685530000000000000e+12 5.086649999999999985e+30 2.796319999999999853e+36 1.633000000000000007e+00 3.771349999999999879e+28
4.201640000000000000e+12 4.497549999999999731e+30 2.507839999999999926e+36 1.631999999999999895e+00 3.571800000000000132e+28
3.717820000000000000e+12 3.936160000000000074e+30 2.219359999999999999e+36 1.629999999999999893e+00 3.367630000000000086e+28
3.234080000000000000e+12 3.403960000000000241e+30 1.930880000000000072e+36 1.625999999999999890e+00 3.157540000000000189e+28
2.750430000000000000e+12 2.902709999999999985e+30 1.642400000000000145e+36 1.618000000000000105e+00 2.939660000000000194e+28
2.266860000000000000e+12 2.434540000000000132e+30 1.353919999999999923e+36 1.604999999999999982e+00 2.711140000000000151e+28
4.299000000000000000e+11 7.805000000000000069e+29 2.572000000000000181e+35 1.330000000000000071e+00 1.506450000000000062e+28
4.188000000000000000e+11 7.537999999999999717e+29 2.505999999999999897e+35 1.330000000000000071e+00 1.455129999999999927e+28
3.325000000000000000e+11 5.815999999999999745e+29 1.990000000000000163e+35 1.330000000000000071e+00 1.165809999999999924e+28
2.640000000000000000e+11 4.472999999999999815e+29 1.581000000000000083e+35 1.330000000000000071e+00 9.297799999999999813e+27
2.096000000000000000e+11 3.289999999999999843e+29 1.256000000000000028e+35 1.330000000000000071e+00 6.841069999999999801e+27
1.844000000000000000e+11 2.892000000000000018e+29 1.105000000000000000e+35 1.330000000000000071e+00 6.221810000000000396e+27
1.664000000000000000e+11 2.597000000000000095e+29 9.975999999999999784e+34 1.330000000000000071e+00 3.996079999999999920e+27
1.322000000000000000e+11 2.033000000000000102e+29 7.923999999999999875e+34 1.330000000000000071e+00 3.293160000000000158e+27
1.049000000000000000e+11 1.494999999999999961e+29 6.294000000000000085e+34 1.330000000000000071e+00 2.422460000000000012e+27
8.332000000000000000e+10 1.100000000000000064e+29 4.999999999999999843e+34 1.330000000000000071e+00 1.782300000000000002e+27
6.617000000000000000e+10 8.088999999999999432e+28 3.971999999999999897e+34 1.330000000000000071e+00 1.311289999999999924e+27
5.254000000000000000e+10 5.949000000000000344e+28 3.155000000000000010e+34 1.330000000000000071e+00 9.646129999999999985e+26
4.172000000000000000e+10 4.628000000000000126e+28 2.505999999999999897e+34 1.330000000000000071e+00 7.875200000000000595e+26
3.313000000000000000e+10 3.403999999999999866e+28 1.989999999999999932e+34 1.330000000000000071e+00 5.791050000000000196e+26
2.631000000000000000e+10 2.502999999999999803e+28 1.580999999999999991e+34 1.330000000000000071e+00 4.261170000000000143e+26
2.090000000000000000e+10 1.938000000000000082e+28 1.255999999999999936e+34 1.330000000000000071e+00 3.451690000000000088e+26
1.659000000000000000e+10 1.425000000000000067e+28 9.976000000000000246e+33 1.330000000000000071e+00 2.538950000000000110e+26
1.318000000000000000e+10 1.048000000000000007e+28 7.924000000000000337e+33 1.330000000000000071e+00 1.867689999999999969e+26
1.046000000000000000e+10 7.701999999999999683e+27 6.294000000000000085e+33 1.330000000000000071e+00 1.373879999999999975e+26
8.312000000000000000e+09 5.662000000000000348e+27 4.999999999999999728e+33 1.330000000000000071e+00 1.010819999999999921e+26
6.601000000000000000e+09 4.362000000000000029e+27 3.972000000000000127e+33 1.330000000000000071e+00 8.130089999999999436e+25
4.164000000000000000e+09 2.356000000000000079e+27 2.505999999999999955e+33 1.330000000000000071e+00 4.399369999999999874e+25
2.626000000000000000e+09 1.272000000000000034e+27 1.580999999999999991e+33 1.330000000000000071e+00 2.380450000000000180e+25
1.657000000000000000e+09 6.859999999999999767e+26 9.975999999999999957e+32 1.330000000000000071e+00 1.288319999999999913e+25
1.316000000000000000e+09 5.036000000000000296e+26 7.924000000000000337e+32 1.330000000000000071e+00 9.477099999999999527e+24
1.045000000000000000e+09 4.128999999999999924e+26 6.293999999999999941e+32 1.330000000000000071e+00 6.794269999999999770e+24
8.301000000000000000e+08 3.039000000000000162e+26 4.999999999999999728e+32 1.330000000000000071e+00 4.998809999999999830e+24
5.237000000000000000e+08 1.628999999999999891e+26 3.154999999999999923e+32 1.330000000000000071e+00 2.705450000000000161e+24
3.304000000000000000e+08 8.737999999999999925e+25 1.990000000000000076e+32 1.330000000000000071e+00 1.463449999999999964e+24
2.624000000000000000e+08 6.675999999999999817e+25 1.580999999999999919e+32 1.330000000000000071e+00 1.123400000000000065e+24
1.315000000000000000e+08 2.603999999999999941e+25 7.923999999999999616e+31 1.330000000000000071e+00 4.472499999999999827e+23
6.589000000000000000e+07 1.006000000000000014e+25 3.972000000000000199e+31 1.330000000000000071e+00 1.780890000000000165e+23
3.302000000000000000e+07 3.832999999999999839e+24 1.989999999999999986e+31 1.330000000000000071e+00 7.086450000000000092e+22
1.655000000000000000e+07 1.435000000000000086e+24 9.975999999999999642e+30 1.330000000000000071e+00 2.822060000000000131e+22
8.293000000000000000e+06 5.250000000000000315e+23 4.999999999999999818e+30 1.330000000000000071e+00 1.123529999999999934e+22
6.588000000000000000e+06 3.910999999999999759e+23 3.972000000000000087e+30 1.330000000000000071e+00 8.163429999999999541e+21
2.622000000000000000e+06 9.754999999999999214e+22 1.581000000000000009e+30 1.330000000000000071e+00 2.390210000000000197e+21
1.044000000000000000e+06 2.318000000000000105e+22 6.293999999999999902e+29 1.330000000000000071e+00 6.999960000000000000e+20
4.156000000000000000e+05 5.265999999999999476e+21 2.505999999999999907e+29 1.330000000000000071e+00 2.050380000000000000e+20
1.654000000000000000e+05 1.151000000000000000e+21 9.976000000000000768e+28 1.330000000000000071e+00 6.004390000000000000e+19
6.587000000000000000e+04 2.431000000000000000e+20 3.972000000000000263e+28 1.330000000000000071e+00 1.758760000000000000e+19
2.622000000000000000e+04 4.968000000000000000e+19 1.581000000000000061e+28 1.330000000000000071e+00 5.149550000000000000e+18
1.044000000000000000e+04 9.744000000000000000e+18 6.294999999999999717e+27 1.330000000000000071e+00 1.508420000000000000e+18
