9.717134266900000000e+15 7.821444986700000098e+36 1.998230000000000011e+39 1.000000000000000000e+00 0.000000000000000000e+00
9.668566398900000000e+15 7.777733905500000144e+36 1.993229999999999876e+39 1.000000000000000000e+00 0.000000000000000000e+00
9.620120210400000000e+15 7.734132335799999908e+36 1.988230000000000044e+39 1.000000000000000000e+00 0.000000000000000000e+00
9.571795701300000000e+15 7.690640277600000570e+36 1.983229999999999909e+39 1.000000000000000000e+00 0.000000000000000000e+00
9.523592871600000000e+15 7.647257730899999768e+36 1.978230000000000076e+39 1.000000000000000000e+00 0.000000000000000000e+00
9.475511721400000000e+15 7.603984695699999865e+36 1.973229999999999941e+39 1.000000000000000000e+00 0.000000000000000000e+00
9.427552250700000000e+15 7.560821172100000512e+36 1.968230000000000108e+39 1.000000000000000000e+00 0.000000000000000000e+00
9.379714459400000000e+15 7.517767159900000044e+36 1.963229999999999973e+39 1.000000000000000000e+00 0.000000000000000000e+00
9.331998347600000000e+15 7.474822659300000125e+36 1.958230000000000141e+39 1.000000000000000000e+00 0.000000000000000000e+00
9.284403915200000000e+15 7.431987670199999925e+36 1.953230000000000006e+39 1.000000000000000000e+00 0.000000000000000000e+00
9.236931162300000000e+15 7.389262192499999789e+36 1.948229999999999871e+39 1.000000000000000000e+00 0.000000000000000000e+00
9.189580088900000000e+15 7.346646226400000204e+36 1.943230000000000038e+39 1.000000000000000000e+00 0.000000000000000000e+00
9.142350694900000000e+15 7.304139771800000336e+36 1.938229999999999903e+39 1.000000000000000000e+00 0.000000000000000000e+00
9.095242980300000000e+15 7.261742828700000186e+36 1.933230000000000070e+39 1.000000000000000000e+00 0.000000000000000000e+00
9.048256945200000000e+15 7.219455397200000586e+36 1.928229999999999935e+39 1.000000000000000000e+00 0.000000000000000000e+00
9.001392589600000000e+15 7.177277477099999870e+36 1.923230000000000103e+39 1.000000000000000000e+00 0.000000000000000000e+00
8.954649913400000000e+15 7.135209068500000053e+36 1.918229999999999968e+39 1.000000000000000000e+00 0.000000000000000000e+00
8.908028916700000000e+15 7.093250171499999605e+36 1.913230000000000135e+39 1.000000000000000000e+00 0.000000000000000000e+00
8.861529599400000000e+15 7.051400785900000404e+36 1.908230000000000000e+39 1.000000000000000000e+00 0.000000000000000000e+00
8.815151961600000000e+15 7.009660911900000571e+36 1.903229999999999865e+39 1.000000000000000000e+00 0.000000000000000000e+00
8.768896003300000000e+15 6.968030549400000457e+36 1.898230000000000032e+39 1.000000000000000000e+00 0.000000000000000000e+00
8.722761724400000000e+15 6.926509698400000059e+36 1.893229999999999897e+39 1.000000000000000000e+00 0.000000000000000000e+00
8.676749124900000000e+15 6.885098358900000560e+36 1.888230000000000065e+39 1.000000000000000000e+00 0.000000000000000000e+00
8.630858204900000000e+15 6.843796530899999598e+36 1.883229999999999930e+39 1.000000000000000000e+00 0.000000000000000000e+00
8.585088964400000000e+15 6.802604214399999534e+36 1.878230000000000097e+39 1.000000000000000000e+00 0.000000000000000000e+00
8.539441403300000000e+15 6.761521409400000367e+36 1.873229999999999962e+39 1.000000000000000000e+00 0.000000000000000000e+00
8.493915521700000000e+15 6.720548116000000571e+36 1.868230000000000129e+39 1.000000000000000000e+00 0.000000000000000000e+00
8.448511319500000000e+15 6.679684333999999659e+36 1.863229999999999994e+39 1.000000000000000000e+00 0.000000000000000000e+00
8.403228796800000000e+15 6.638930063600000478e+36 1.858229999999999859e+39 1.000000000000000000e+00 0.000000000000000000e+00
8.358067953600000000e+15 6.598285304699999833e+36 1.853230000000000027e+39 1.000000000000000000e+00 0.000000000000000000e+00
8.313028789800000000e+15 6.557750057200000435e+36 1.848229999999999892e+39 1.000000000000000000e+00 0.000000000000000000e+00
8.268111305400000000e+15 6.517324321300000406e+36 1.843230000000000059e+39 1.000000000000000000e+00 0.000000000000000000e+00
8.223315500500000000e+15 6.477008096900000095e+36 1.838229999999999924e+39 1.000000000000000000e+00 0.000000000000000000e+00
8.178641375100000000e+15 6.436801383999999501e+36 1.833230000000000091e+39 1.000000000000000000e+00 0.000000000000000000e+00
8.134088929100000000e+15 6.396704182699999458e+36 1.828229999999999956e+39 1.000000000000000000e+00 0.000000000000000000e+00
8.089658162600000000e+15 6.356716492799999479e+36 1.823230000000000124e+39 1.000000000000000000e+00 0.000000000000000000e+00
8.045349075500000000e+15 6.316838314400000399e+36 1.818229999999999989e+39 1.000000000000000000e+00 0.000000000000000000e+00
8.001161667900000000e+15 6.277069647599999508e+36 1.813229999999999854e+39 1.000000000000000000e+00 0.000000000000000000e+00
7.957095939800000000e+15 6.237410492299999515e+36 1.808230000000000021e+39 1.000000000000000000e+00 0.000000000000000000e+00
7.913151891100000000e+15 6.197860848399999587e+36 1.803229999999999886e+39 1.000000000000000000e+00 0.000000000000000000e+00
7.869329521800000000e+15 6.158420716100000209e+36 1.798230000000000053e+39 1.000000000000000000e+00 0.000000000000000000e+00
7.825628832000000000e+15 6.119090095300000549e+36 1.793229999999999919e+39 1.000000000000000000e+00 0.000000000000000000e+00
7.782049821700000000e+15 6.079868985999999425e+36 1.788230000000000086e+39 1.000000000000000000e+00 0.000000000000000000e+00
7.738592490800000000e+15 6.040757388200000381e+36 1.783229999999999951e+39 1.000000000000000000e+00 0.000000000000000000e+00
7.695256839400000000e+15 6.001755301899999873e+36 1.778230000000000118e+39 1.000000000000000000e+00 0.000000000000000000e+00
7.652042867500000000e+15 5.962862727199999915e+36 1.773229999999999983e+39 1.000000000000000000e+00 0.000000000000000000e+00
7.608950575000000000e+15 5.924079663900000023e+36 1.768230000000000150e+39 1.000000000000000000e+00 0.000000000000000000e+00
7.565979961900000000e+15 5.885406112199999500e+36 1.763230000000000016e+39 1.000000000000000000e+00 0.000000000000000000e+00
7.523131028300000000e+15 5.846842071900000224e+36 1.758229999999999881e+39 1.000000000000000000e+00 0.000000000000000000e+00
7.480403774200000000e+15 5.808387543200000316e+36 1.753230000000000048e+39 1.000000000000000000e+00 0.000000000000000000e+00
7.437798199500000000e+15 5.770042526000000127e+36 1.748229999999999913e+39 1.000000000000000000e+00 0.000000000000000000e+00
7.395314304200000000e+15 5.731807020299999654e+36 1.743230000000000080e+39 1.000000000000000000e+00 0.000000000000000000e+00
7.352952088500000000e+15 5.693681026100000080e+36 1.738229999999999945e+39 1.000000000000000000e+00 0.000000000000000000e+00
7.310711552200000000e+15 5.655664543400000223e+36 1.733230000000000113e+39 1.000000000000000000e+00 0.000000000000000000e+00
7.268592695300000000e+15 5.617757572200000084e+36 1.728229999999999978e+39 1.000000000000000000e+00 0.000000000000000000e+00
7.226595517900000000e+15 5.579960112600000495e+36 1.723230000000000145e+39 1.000000000000000000e+00 0.000000000000000000e+00
7.184720019900000000e+15 5.542272164399999791e+36 1.718230000000000010e+39 1.000000000000000000e+00 0.000000000000000000e+00
7.142966201400000000e+15 5.504693727799999636e+36 1.713229999999999875e+39 1.000000000000000000e+00 0.000000000000000000e+00
7.101334062400000000e+15 5.467224802599999548e+36 1.708230000000000042e+39 1.000000000000000000e+00 0.000000000000000000e+00
7.059823602800000000e+15 5.429865389000000009e+36 1.703229999999999907e+39 1.000000000000000000e+00 0.000000000000000000e+00
7.018434822700000000e+15 5.392615486900000188e+36 1.698230000000000075e+39 1.000000000000000000e+00 0.000000000000000000e+00
6.977167722000000000e+15 5.355475096300000084e+36 1.693229999999999940e+39 1.000000000000000000e+00 0.000000000000000000e+00
6.936022300800000000e+15 5.318444217199999698e+36 1.688230000000000107e+39 1.000000000000000000e+00 0.000000000000000000e+00
6.894998559000000000e+15 5.281522849600000209e+36 1.683229999999999972e+39 1.000000000000000000e+00 0.000000000000000000e+00
6.854096496700000000e+15 5.244710993499999848e+36 1.678230000000000139e+39 1.000000000000000000e+00 0.000000000000000000e+00
6.813316113900000000e+15 5.208008648899999795e+36 1.673230000000000004e+39 1.000000000000000000e+00 0.000000000000000000e+00
6.772657410500000000e+15 5.171415815900000292e+36 1.668229999999999869e+39 1.000000000000000000e+00 0.000000000000000000e+00
6.732120386500000000e+15 5.134932494300000264e+36 1.663230000000000037e+39 1.000000000000000000e+00 0.000000000000000000e+00
6.691705042100000000e+15 5.098558684300000196e+36 1.658229999999999902e+39 1.000000000000000000e+00 0.000000000000000000e+00
6.651411377000000000e+15 5.062294385799999845e+36 1.653230000000000069e+39 1.000000000000000000e+00 0.000000000000000000e+00
6.611239391500000000e+15 5.026139598799999802e+36 1.648229999999999934e+39 1.000000000000000000e+00 0.000000000000000000e+00
6.571189085300000000e+15 4.990094323300000067e+36 1.643230000000000101e+39 1.000000000000000000e+00 0.000000000000000000e+00
6.531260458700000000e+15 4.954158559300000049e+36 1.638229999999999966e+39 1.000000000000000000e+00 0.000000000000000000e+00
6.491453511500000000e+15 4.918332306799999749e+36 1.633230000000000134e+39 1.000000000000000000e+00 0.000000000000000000e+00
6.451768243700000000e+15 4.882615565799999756e+36 1.628229999999999999e+39 1.000000000000000000e+00 0.000000000000000000e+00
6.412204655400000000e+15 4.847008336399999723e+36 1.623229999999999864e+39 1.000000000000000000e+00 0.000000000000000000e+00
6.372762746600000000e+15 4.811510618399999756e+36 1.618230000000000031e+39 1.000000000000000000e+00 0.000000000000000000e+00
6.333442517200000000e+15 4.776122411999999749e+36 1.613229999999999896e+39 1.000000000000000000e+00 0.000000000000000000e+00
6.294243967300000000e+15 4.740843716999999807e+36 1.608230000000000063e+39 1.000000000000000000e+00 0.000000000000000000e+00
6.255167096800000000e+15 4.705674533599999825e+36 1.603229999999999928e+39 1.000000000000000000e+00 0.000000000000000000e+00
6.216211905800000000e+15 4.670614861700000150e+36 1.598230000000000096e+39 1.000000000000000000e+00 0.000000000000000000e+00
6.177378394200000000e+15 4.635664701300000193e+36 1.593229999999999961e+39 1.000000000000000000e+00 0.000000000000000000e+00
6.138666562100000000e+15 4.600824052399999954e+36 1.588230000000000128e+39 1.000000000000000000e+00 0.000000000000000000e+00
6.100076409500000000e+15 4.566092915000000022e+36 1.583229999999999993e+39 1.000000000000000000e+00 0.000000000000000000e+00
6.061607936300000000e+15 4.531471289099999808e+36 1.578229999999999858e+39 1.000000000000000000e+00 0.000000000000000000e+00
6.023261142600000000e+15 4.496959174800000143e+36 1.573230000000000025e+39 1.000000000000000000e+00 0.000000000000000000e+00
5.985036028300000000e+15 4.462556571899999954e+36 1.568229999999999891e+39 1.000000000000000000e+00 0.000000000000000000e+00
5.946932593500000000e+15 4.428263480599999725e+36 1.563230000000000058e+39 1.000000000000000000e+00 0.000000000000000000e+00
5.908950838100000000e+15 4.394079900700000152e+36 1.558229999999999923e+39 1.000000000000000000e+00 0.000000000000000000e+00
5.871090762200000000e+15 4.360005832399999948e+36 1.553230000000000090e+39 1.000000000000000000e+00 0.000000000000000000e+00
5.833352365700000000e+15 4.326041275600000051e+36 1.548229999999999955e+39 1.000000000000000000e+00 0.000000000000000000e+00
5.795735648700000000e+15 4.292186230299999873e+36 1.543230000000000122e+39 1.000000000000000000e+00 0.000000000000000000e+00
5.758240611200000000e+15 4.258440696500000002e+36 1.538229999999999988e+39 1.000000000000000000e+00 0.000000000000000000e+00
5.720867253100000000e+15 4.224804674199999848e+36 1.533229999999999853e+39 1.000000000000000000e+00 0.000000000000000000e+00
5.683615574400000000e+15 4.191278163500000245e+36 1.528230000000000020e+39 1.000000000000000000e+00 0.000000000000000000e+00
5.646485575300000000e+15 4.157861164200000117e+36 1.523229999999999885e+39 1.000000000000000000e+00 0.000000000000000000e+00
5.609477255500000000e+15 4.124553676399999706e+36 1.518230000000000052e+39 1.000000000000000000e+00 0.000000000000000000e+00
5.572590615300000000e+15 4.091355700199999845e+36 1.513229999999999917e+39 1.000000000000000000e+00 0.000000000000000000e+00
5.535825654400000000e+15 4.058267235500000292e+36 1.508230000000000085e+39 1.000000000000000000e+00 0.000000000000000000e+00
5.499182373100000000e+15 4.025288282200000214e+36 1.503229999999999950e+39 1.000000000000000000e+00 0.000000000000000000e+00
5.462660771200000000e+15 3.992418840500000096e+36 1.498230000000000117e+39 1.000000000000000000e+00 0.000000000000000000e+00
5.426260848700000000e+15 3.959658910300000286e+36 1.493229999999999982e+39 1.000000000000000000e+00 0.000000000000000000e+00
5.389982605800000000e+15 3.927008491600000193e+36 1.488230000000000149e+39 1.000000000000000000e+00 0.000000000000000000e+00
5.353826042200000000e+15 3.894467584500000061e+36 1.483230000000000014e+39 1.000000000000000000e+00 0.000000000000000000e+00
5.317791158100000000e+15 3.862036188799999993e+36 1.478229999999999879e+39 1.000000000000000000e+00 0.000000000000000000e+00
5.281877953500000000e+15 3.829714304600000233e+36 1.473230000000000047e+39 1.000000000000000000e+00 0.000000000000000000e+00
5.246086428300000000e+15 3.797501931999999843e+36 1.468229999999999912e+39 1.000000000000000000e+00 0.000000000000000000e+00
5.210416582600000000e+15 3.765399070800000109e+36 1.463230000000000079e+39 1.000000000000000000e+00 0.000000000000000000e+00
5.174868416400000000e+15 3.733405721199999744e+36 1.458229999999999944e+39 1.000000000000000000e+00 0.000000000000000000e+00
5.139441929600000000e+15 3.701521883100000277e+36 1.453230000000000111e+39 1.000000000000000000e+00 0.000000000000000000e+00
5.104137122200000000e+15 3.669747556499999937e+36 1.448229999999999976e+39 1.000000000000000000e+00 0.000000000000000000e+00
5.068953994300000000e+15 3.638082741399999905e+36 1.443230000000000144e+39 1.000000000000000000e+00 0.000000000000000000e+00
5.033892545900000000e+15 3.606527437800000181e+36 1.438230000000000009e+39 1.000000000000000000e+00 0.000000000000000000e+00
4.998952776900000000e+15 3.575081645700000174e+36 1.433229999999999874e+39 1.000000000000000000e+00 0.000000000000000000e+00
4.964134687400000000e+15 3.543745365099999885e+36 1.428230000000000041e+39 1.000000000000000000e+00 0.000000000000000000e+00
4.929438277300000000e+15 3.512518596100000146e+36 1.423229999999999906e+39 1.000000000000000000e+00 0.000000000000000000e+00
4.894863546700000000e+15 3.481401338499999882e+36 1.418230000000000073e+39 1.000000000000000000e+00 0.000000000000000000e+00
4.860410495600000000e+15 3.450393592500000168e+36 1.413229999999999938e+39 1.000000000000000000e+00 0.000000000000000000e+00
4.826079123900000000e+15 3.419495357899999929e+36 1.408230000000000106e+39 1.000000000000000000e+00 0.000000000000000000e+00
4.791869431600000000e+15 3.388706634900000240e+36 1.403229999999999971e+39 1.000000000000000000e+00 0.000000000000000000e+00
4.757781418800000000e+15 3.358027423400000269e+36 1.398230000000000138e+39 1.000000000000000000e+00 0.000000000000000000e+00
4.723815085500000000e+15 3.327457723400000015e+36 1.393230000000000003e+39 1.000000000000000000e+00 0.000000000000000000e+00
4.689970431600000000e+15 3.296997534900000069e+36 1.388229999999999868e+39 1.000000000000000000e+00 0.000000000000000000e+00
4.656247457200000000e+15 3.266646858000000083e+36 1.383230000000000035e+39 1.000000000000000000e+00 0.000000000000000000e+00
4.622646162200000000e+15 3.236405692500000162e+36 1.378229999999999900e+39 1.000000000000000000e+00 0.000000000000000000e+00
4.589166546700000000e+15 3.206274038499999959e+36 1.373230000000000068e+39 1.000000000000000000e+00 0.000000000000000000e+00
4.555808610700000000e+15 3.176251896099999716e+36 1.368229999999999933e+39 1.000000000000000000e+00 0.000000000000000000e+00
4.522572354100000000e+15 3.146339265100000128e+36 1.363230000000000100e+39 1.000000000000000000e+00 0.000000000000000000e+00
4.489457776900000000e+15 3.116536145699999910e+36 1.358229999999999965e+39 1.000000000000000000e+00 0.000000000000000000e+00
4.456464879300000000e+15 3.086842537799999999e+36 1.353229999999999981e+39 1.000000000000000000e+00 0.000000000000000000e+00
4.423593661000000000e+15 3.057258441399999806e+36 1.348229999999999997e+39 1.000000000000000000e+00 0.000000000000000000e+00
4.390844122200000000e+15 3.027783856499999921e+36 1.343230000000000014e+39 1.000000000000000000e+00 0.000000000000000000e+00
4.358216262900000000e+15 2.998418783099999753e+36 1.338230000000000030e+39 1.000000000000000000e+00 0.000000000000000000e+00
4.325710083100000000e+15 2.969163221199999893e+36 1.333230000000000046e+39 1.000000000000000000e+00 0.000000000000000000e+00
4.293325582700000000e+15 2.940017170799999751e+36 1.328230000000000062e+39 1.000000000000000000e+00 0.000000000000000000e+00
4.261062761700000000e+15 2.910980632000000159e+36 1.323229999999999927e+39 1.000000000000000000e+00 0.000000000000000000e+00
4.228921620200000000e+15 2.882053604600000041e+36 1.318229999999999943e+39 1.000000000000000000e+00 0.000000000000000000e+00
4.196902158200000000e+15 2.853236088799999884e+36 1.313229999999999960e+39 1.000000000000000000e+00 0.000000000000000000e+00
4.165004375600000000e+15 2.824528084500000034e+36 1.308229999999999976e+39 1.000000000000000000e+00 0.000000000000000000e+00
4.133228272400000000e+15 2.795929591699999902e+36 1.303229999999999992e+39 1.000000000000000000e+00 0.000000000000000000e+00
4.101573848800000000e+15 2.767440610299999835e+36 1.298230000000000008e+39 1.000000000000000000e+00 0.000000000000000000e+00
4.070041104500000000e+15 2.739061140599999971e+36 1.293230000000000024e+39 1.000000000000000000e+00 0.000000000000000000e+00
4.038630039800000000e+15 2.710791182300000171e+36 1.288230000000000040e+39 1.000000000000000000e+00 0.000000000000000000e+00
4.007340654500000000e+15 2.682630735500000090e+36 1.283230000000000057e+39 1.000000000000000000e+00 0.000000000000000000e+00
3.976172948600000000e+15 2.654579800200000020e+36 1.278230000000000073e+39 1.000000000000000000e+00 0.000000000000000000e+00
3.945126922200000000e+15 2.626638376499999911e+36 1.273229999999999938e+39 1.000000000000000000e+00 0.000000000000000000e+00
3.914202575300000000e+15 2.598806464199999867e+36 1.268229999999999954e+39 1.000000000000000000e+00 0.000000000000000000e+00
3.883399907800000000e+15 2.571084063500000078e+36 1.263229999999999970e+39 1.000000000000000000e+00 0.000000000000000000e+00
3.852718919800000000e+15 2.543471174300000007e+36 1.258229999999999986e+39 1.000000000000000000e+00 0.000000000000000000e+00
3.822159611200000000e+15 2.515967796500000001e+36 1.253230000000000002e+39 1.000000000000000000e+00 0.000000000000000000e+00
3.791721982100000000e+15 2.488573930299999955e+36 1.248230000000000019e+39 1.000000000000000000e+00 0.000000000000000000e+00
3.761406032400000000e+15 2.461289575599999921e+36 1.243230000000000035e+39 1.000000000000000000e+00 0.000000000000000000e+00
3.731211762200000000e+15 2.434114732399999900e+36 1.238230000000000051e+39 1.000000000000000000e+00 0.000000000000000000e+00
3.701139171500000000e+15 2.407049400800000134e+36 1.233230000000000067e+39 1.000000000000000000e+00 0.000000000000000000e+00
3.671188260200000000e+15 2.380093580600000138e+36 1.228229999999999932e+39 1.000000000000000000e+00 0.000000000000000000e+00
3.641359028300000000e+15 2.353247271899999860e+36 1.223229999999999948e+39 1.000000000000000000e+00 0.000000000000000000e+00
3.611651475900000000e+15 2.326510474800000132e+36 1.218229999999999965e+39 1.000000000000000000e+00 0.000000000000000000e+00
3.582065603000000000e+15 2.299883189200000121e+36 1.213229999999999981e+39 1.000000000000000000e+00 0.000000000000000000e+00
3.552601409500000000e+15 2.273365414999999881e+36 1.208229999999999997e+39 1.000000000000000000e+00 0.000000000000000000e+00
3.523258895500000000e+15 2.246957152399999895e+36 1.203230000000000013e+39 1.000000000000000000e+00 0.000000000000000000e+00
3.494038061000000000e+15 2.220658401299999923e+36 1.198230000000000029e+39 1.000000000000000000e+00 0.000000000000000000e+00
3.464938905900000000e+15 2.194469161699999962e+36 1.193230000000000045e+39 1.000000000000000000e+00 0.000000000000000000e+00
3.435961430200000000e+15 2.168389433600000015e+36 1.188230000000000062e+39 1.000000000000000000e+00 0.000000000000000000e+00
3.407105634000000000e+15 2.142419217100000027e+36 1.183229999999999927e+39 1.000000000000000000e+00 0.000000000000000000e+00
3.378371517300000000e+15 2.116558512000000105e+36 1.178229999999999943e+39 1.000000000000000000e+00 0.000000000000000000e+00
3.349759080000000000e+15 2.090807318399999900e+36 1.173229999999999959e+39 1.000000000000000000e+00 0.000000000000000000e+00
3.321268322200000000e+15 2.065165636399999950e+36 1.168229999999999975e+39 1.000000000000000000e+00 0.000000000000000000e+00
3.292899243800000000e+15 2.039633465900000013e+36 1.163229999999999991e+39 1.000000000000000000e+00 0.000000000000000000e+00
3.264651844900000000e+15 2.014210806800000141e+36 1.158230000000000007e+39 1.000000000000000000e+00 0.000000000000000000e+00
3.236526125400000000e+15 1.988897659299999934e+36 1.153230000000000024e+39 1.000000000000000000e+00 0.000000000000000000e+00
3.208522085400000000e+15 1.963694023300000034e+36 1.148230000000000040e+39 1.000000000000000000e+00 0.000000000000000000e+00
3.180639724900000000e+15 1.938599898800000147e+36 1.143230000000000056e+39 1.000000000000000000e+00 0.000000000000000000e+00
3.152879043800000000e+15 1.913615285799999978e+36 1.138230000000000072e+39 1.000000000000000000e+00 0.000000000000000000e+00
3.125240042100000000e+15 1.888740184400000064e+36 1.133229999999999937e+39 1.000000000000000000e+00 0.000000000000000000e+00
3.097722719900000000e+15 1.863974594399999920e+36 1.128229999999999953e+39 1.000000000000000000e+00 0.000000000000000000e+00
3.070327077200000000e+15 1.839318516000000030e+36 1.123229999999999969e+39 1.000000000000000000e+00 0.000000000000000000e+00
3.043053113900000000e+15 1.814771948999999912e+36 1.118229999999999986e+39 1.000000000000000000e+00 0.000000000000000000e+00
3.015900830100000000e+15 1.790334893600000048e+36 1.113230000000000002e+39 1.000000000000000000e+00 0.000000000000000000e+00
2.988870225800000000e+15 1.766007349699999901e+36 1.108230000000000018e+39 1.000000000000000000e+00 0.000000000000000000e+00
2.961961300900000000e+15 1.741789317200000115e+36 1.103230000000000034e+39 1.000000000000000000e+00 0.000000000000000000e+00
2.935174055400000000e+15 1.717680796299999994e+36 1.098230000000000050e+39 1.000000000000000000e+00 0.000000000000000000e+00
2.908508489400000000e+15 1.693681786899999886e+36 1.093230000000000066e+39 1.000000000000000000e+00 0.000000000000000000e+00
2.881964602900000000e+15 1.669792289100000032e+36 1.088229999999999932e+39 1.000000000000000000e+00 0.000000000000000000e+00
2.855542395800000000e+15 1.646012302699999949e+36 1.083229999999999948e+39 1.000000000000000000e+00 0.000000000000000000e+00
2.829241868200000000e+15 1.622341827799999878e+36 1.078229999999999964e+39 1.000000000000000000e+00 0.000000000000000000e+00
2.803063020000000000e+15 1.598780864500000062e+36 1.073229999999999980e+39 1.000000000000000000e+00 0.000000000000000000e+00
2.777005851300000000e+15 1.575329412600000017e+36 1.068229999999999996e+39 1.000000000000000000e+00 0.000000000000000000e+00
2.751070362000000000e+15 1.551987472299999931e+36 1.063230000000000012e+39 1.000000000000000000e+00 0.000000000000000000e+00
2.725256552200000000e+15 1.528755043499999858e+36 1.058230000000000029e+39 1.000000000000000000e+00 0.000000000000000000e+00
2.699564421900000000e+15 1.505632126200000093e+36 1.053230000000000045e+39 1.000000000000000000e+00 0.000000000000000000e+00
2.673993971000000000e+15 1.482618720400000045e+36 1.048230000000000061e+39 1.000000000000000000e+00 0.000000000000000000e+00
2.648545199600000000e+15 1.459714826100000010e+36 1.043229999999999926e+39 1.000000000000000000e+00 0.000000000000000000e+00
2.623218107600000000e+15 1.436920443299999987e+36 1.038229999999999942e+39 1.000000000000000000e+00 0.000000000000000000e+00
2.598012695100000000e+15 1.414235571999999977e+36 1.033229999999999958e+39 1.000000000000000000e+00 0.000000000000000000e+00
2.572928962000000000e+15 1.391660212299999927e+36 1.028229999999999974e+39 1.000000000000000000e+00 0.000000000000000000e+00
2.547966908400000000e+15 1.369194363999999942e+36 1.023229999999999991e+39 1.000000000000000000e+00 0.000000000000000000e+00
2.523126534200000000e+15 1.346838027299999917e+36 1.018230000000000007e+39 1.000000000000000000e+00 0.000000000000000000e+00
2.498407839500000000e+15 1.324591201999999958e+36 1.013230000000000023e+39 1.000000000000000000e+00 0.000000000000000000e+00
2.473810824300000000e+15 1.302453888299999958e+36 1.008230000000000039e+39 1.000000000000000000e+00 0.000000000000000000e+00
2.449335488500000000e+15 1.280426086099999971e+36 1.003230000000000055e+39 1.000000000000000000e+00 0.000000000000000000e+00
2.424957539400000000e+15 1.258485931900000049e+36 9.982249999999999386e+38 1.000000000000000000e+00 0.000000000000000000e+00
2.400725684200000000e+15 1.236677262199999970e+36 9.932249999999999548e+38 1.000000000000000000e+00 0.000000000000000000e+00
2.376615508400000000e+15 1.214978104099999998e+36 9.882249999999999710e+38 1.000000000000000000e+00 0.000000000000000000e+00
2.352627012200000000e+15 1.193388457399999944e+36 9.832249999999999872e+38 1.000000000000000000e+00 0.000000000000000000e+00
2.328760195300000000e+15 1.171908322299999998e+36 9.782250000000000033e+38 1.000000000000000000e+00 0.000000000000000000e+00
2.305015058000000000e+15 1.150537698599999969e+36 9.732250000000000195e+38 1.000000000000000000e+00 0.000000000000000000e+00
2.281391600000000000e+15 1.129276586500000048e+36 9.682250000000000357e+38 1.000000000000000000e+00 0.000000000000000000e+00
2.257889821600000000e+15 1.108124985899999992e+36 9.632250000000000518e+38 1.000000000000000000e+00 0.000000000000000000e+00
2.234509722600000000e+15 1.087082896799999948e+36 9.582250000000000680e+38 1.000000000000000000e+00 0.000000000000000000e+00
2.211251303000000000e+15 1.066150319200000065e+36 9.532249999999999331e+38 1.000000000000000000e+00 0.000000000000000000e+00
2.188114562900000000e+15 1.045327253100000047e+36 9.482249999999999492e+38 1.000000000000000000e+00 0.000000000000000000e+00
2.165099502300000000e+15 1.024613698500000041e+36 9.432249999999999654e+38 1.000000000000000000e+00 0.000000000000000000e+00
2.142206121100000000e+15 1.004009655400000048e+36 9.382249999999999816e+38 1.000000000000000000e+00 0.000000000000000000e+00
2.119434419300000000e+15 9.835151238599999470e+35 9.332249999999999977e+38 1.000000000000000000e+00 0.000000000000000000e+00
2.096784397100000000e+15 9.631301038200000065e+35 9.282250000000000139e+38 1.000000000000000000e+00 0.000000000000000000e+00
2.074256054200000000e+15 9.428545952799999310e+35 9.232250000000000301e+38 1.000000000000000000e+00 0.000000000000000000e+00
2.051849390900000000e+15 9.226885982500000695e+35 9.182250000000000462e+38 1.000000000000000000e+00 0.000000000000000000e+00
2.029564407000000000e+15 9.026321127299999792e+35 9.132250000000000624e+38 1.000000000000000000e+00 0.000000000000000000e+00
2.007401102500000000e+15 8.826851387199999552e+35 9.082249999999999275e+38 1.000000000000000000e+00 0.000000000000000000e+00
1.985359477500000000e+15 8.628476762300000514e+35 9.032249999999999436e+38 1.000000000000000000e+00 0.000000000000000000e+00
1.963439532000000000e+15 8.431197252400000127e+35 8.982249999999999598e+38 1.000000000000000000e+00 0.000000000000000000e+00
1.941641265900000000e+15 8.235012857600000402e+35 8.932249999999999760e+38 1.000000000000000000e+00 0.000000000000000000e+00
1.919964679300000000e+15 8.039923577899999866e+35 8.882249999999999921e+38 1.000000000000000000e+00 0.000000000000000000e+00
1.898409772100000000e+15 7.845929413400000531e+35 8.832250000000000083e+38 1.000000000000000000e+00 0.000000000000000000e+00
1.876976544400000000e+15 7.653030363899999847e+35 8.782250000000000245e+38 1.000000000000000000e+00 0.000000000000000000e+00
1.855664996100000000e+15 7.461226429499999826e+35 8.732250000000000406e+38 1.000000000000000000e+00 0.000000000000000000e+00
1.834475127300000000e+15 7.270517610200000469e+35 8.682250000000000568e+38 3.262443438900000103e+00 0.000000000000000000e+00
1.819301986700000000e+15 7.134806800399999625e+35 8.632250000000000730e+38 3.262443438900000103e+00 0.000000000000000000e+00
1.804215617300000000e+15 7.000862822800000494e+35 8.582249999999999380e+38 3.262443438900000103e+00 0.000000000000000000e+00
1.789215384900000000e+15 6.868672767700000619e+35 8.532249999999999542e+38 3.262443438900000103e+00 0.000000000000000000e+00
1.774300656500000000e+15 6.738223744799999990e+35 8.482249999999999704e+38 3.262443438900000103e+00 0.000000000000000000e+00
1.759470800100000000e+15 6.609502883899999643e+35 8.432249999999999865e+38 3.262443438900000103e+00 0.000000000000000000e+00
1.744725184600000000e+15 6.482497334600000046e+35 8.382250000000000027e+38 3.262443438900000103e+00 0.000000000000000000e+00
1.730063179700000000e+15 6.357194266199999824e+35 8.332250000000000189e+38 3.262443438900000103e+00 0.000000000000000000e+00
1.715484156500000000e+15 6.233580868500000061e+35 8.282250000000000350e+38 3.262443438900000103e+00 0.000000000000000000e+00
1.700987486800000000e+15 6.111644351200000334e+35 8.232250000000000512e+38 3.262443438900000103e+00 0.000000000000000000e+00
1.686572543300000000e+15 5.991371944399999925e+35 8.182250000000000674e+38 3.262443438900000103e+00 0.000000000000000000e+00
1.672238700000000000e+15 5.872750898399999700e+35 8.132249999999999324e+38 3.262443438900000103e+00 0.000000000000000000e+00
1.657985331800000000e+15 5.755768483900000230e+35 8.082249999999999486e+38 3.262443438900000103e+00 0.000000000000000000e+00
1.643811814400000000e+15 5.640411992299999716e+35 8.032249999999999648e+38 3.262443438900000103e+00 0.000000000000000000e+00
1.629717524800000000e+15 5.526668735600000093e+35 7.982249999999999809e+38 3.262443438900000103e+00 0.000000000000000000e+00
1.615701840800000000e+15 5.414526046299999846e+35 7.932249999999999971e+38 3.262443438900000103e+00 0.000000000000000000e+00
1.601764141400000000e+15 5.303971278000000194e+35 7.882250000000000133e+38 3.262443438900000103e+00 0.000000000000000000e+00
1.587903806500000000e+15 5.194991804799999648e+35 7.832250000000000294e+38 3.262443438900000103e+00 0.000000000000000000e+00
1.574120217000000000e+15 5.087575022300000122e+35 7.782250000000000456e+38 3.262443438900000103e+00 0.000000000000000000e+00
1.560412755100000000e+15 4.981708346900000223e+35 7.732250000000000618e+38 3.262443438900000103e+00 0.000000000000000000e+00
1.546780803600000000e+15 4.877379216200000348e+35 7.682249999999999268e+38 3.262443438900000103e+00 0.000000000000000000e+00
1.533223746800000000e+15 4.774575089200000075e+35 7.632249999999999430e+38 3.262443438900000103e+00 0.000000000000000000e+00
1.519740969800000000e+15 4.673283446100000034e+35 7.582249999999999592e+38 3.262443438900000103e+00 0.000000000000000000e+00
1.506331858700000000e+15 4.573491788999999769e+35 7.532249999999999753e+38 3.262443438900000103e+00 0.000000000000000000e+00
1.492995800900000000e+15 4.475187641299999680e+35 7.482249999999999915e+38 3.262443438900000103e+00 0.000000000000000000e+00
1.479732184600000000e+15 4.378358548100000220e+35 7.432250000000000077e+38 3.262443438900000103e+00 0.000000000000000000e+00
1.466540399300000000e+15 4.282992076499999814e+35 7.382250000000000238e+38 3.262443438900000103e+00 0.000000000000000000e+00
1.453419835500000000e+15 4.189075815399999694e+35 7.332250000000000400e+38 3.262443438900000103e+00 0.000000000000000000e+00
1.440369884700000000e+15 4.096597375900000143e+35 7.282250000000000562e+38 3.262443438900000103e+00 0.000000000000000000e+00
1.427389939500000000e+15 4.005544391000000356e+35 7.232250000000000723e+38 3.262443438900000103e+00 0.000000000000000000e+00
1.414479393800000000e+15 3.915904516200000192e+35 7.182249999999999374e+38 3.262443438900000103e+00 0.000000000000000000e+00
1.401637642200000000e+15 3.827665429200000037e+35 7.132249999999999536e+38 3.262443438900000103e+00 0.000000000000000000e+00
1.388864080900000000e+15 3.740814830399999801e+35 7.082249999999999697e+38 3.262443438900000103e+00 0.000000000000000000e+00
1.376158106900000000e+15 3.655340442600000258e+35 7.032249999999999859e+38 3.262443438900000103e+00 0.000000000000000000e+00
1.363519118200000000e+15 3.571230011400000031e+35 6.982250000000000021e+38 3.262443438900000103e+00 0.000000000000000000e+00
1.350946514300000000e+15 3.488471305400000355e+35 6.932250000000000182e+38 3.262443438900000103e+00 0.000000000000000000e+00
1.338439695600000000e+15 3.407052115899999775e+35 6.882250000000000344e+38 3.262443438900000103e+00 0.000000000000000000e+00
1.325998063500000000e+15 3.326960257399999788e+35 6.832250000000000506e+38 3.262443438900000103e+00 0.000000000000000000e+00
1.313621020800000000e+15 3.248183567699999844e+35 6.782249999999999912e+38 3.262443438900000103e+00 0.000000000000000000e+00
1.301307971400000000e+15 3.170709907800000128e+35 6.732250000000000074e+38 3.262443438900000103e+00 0.000000000000000000e+00
1.289058320200000000e+15 3.094527162300000024e+35 6.682250000000000235e+38 3.262443438900000103e+00 0.000000000000000000e+00
1.276871473400000000e+15 3.019623239199999987e+35 6.632249999999999641e+38 3.262443438900000103e+00 0.000000000000000000e+00
1.264746838300000000e+15 2.945986070499999976e+35 6.582249999999999803e+38 3.262443438900000103e+00 0.000000000000000000e+00
1.252683823500000000e+15 2.873603611799999885e+35 6.532249999999999965e+38 3.262443438900000103e+00 0.000000000000000000e+00
1.240681838500000000e+15 2.802463842800000015e+35 6.482250000000000126e+38 3.262443438900000103e+00 0.000000000000000000e+00
1.228740294200000000e+15 2.732554767299999971e+35 6.432250000000000288e+38 3.262443438900000103e+00 0.000000000000000000e+00
1.216858602700000000e+15 2.663864413400000102e+35 6.382249999999999694e+38 3.262443438900000103e+00 0.000000000000000000e+00
1.205036177200000000e+15 2.596380833500000029e+35 6.332249999999999856e+38 3.262443438900000103e+00 0.000000000000000000e+00
1.193272432100000000e+15 2.530092104599999883e+35 6.282250000000000018e+38 3.262443438900000103e+00 0.000000000000000000e+00
1.181566783200000000e+15 2.464986328499999913e+35 6.232250000000000179e+38 3.262443438900000103e+00 0.000000000000000000e+00
1.169918647300000000e+15 2.401051631699999939e+35 6.182250000000000341e+38 3.262443438900000103e+00 0.000000000000000000e+00
1.158327442500000000e+15 2.338276165499999896e+35 6.132249999999999747e+38 3.262443438900000103e+00 0.000000000000000000e+00
1.146792588200000000e+15 2.276648106699999905e+35 6.082249999999999909e+38 3.262443438900000103e+00 0.000000000000000000e+00
1.135313504900000000e+15 2.216155657199999966e+35 6.032250000000000070e+38 3.262443438900000103e+00 0.000000000000000000e+00
1.123889614400000000e+15 2.156787044199999930e+35 5.982250000000000232e+38 3.262443438900000103e+00 0.000000000000000000e+00
1.112520339900000000e+15 2.098530520600000170e+35 5.932249999999999638e+38 3.262443438900000103e+00 0.000000000000000000e+00
1.101205105700000000e+15 2.041374365099999905e+35 5.882249999999999800e+38 3.262443438900000103e+00 0.000000000000000000e+00
1.089943337400000000e+15 1.985306882299999954e+35 5.832249999999999962e+38 3.262443438900000103e+00 0.000000000000000000e+00
1.078734462000000000e+15 1.930316402599999982e+35 5.782250000000000123e+38 3.262443438900000103e+00 0.000000000000000000e+00
1.067577907500000000e+15 1.876391282900000049e+35 5.732250000000000285e+38 3.262443438900000103e+00 0.000000000000000000e+00
1.056473103600000000e+15 1.823519906500000076e+35 5.682249999999999691e+38 3.262443438900000103e+00 0.000000000000000000e+00
1.045419480900000000e+15 1.771690683200000007e+35 5.632249999999999853e+38 3.262443438900000103e+00 0.000000000000000000e+00
1.034416471700000000e+15 1.720892049299999816e+35 5.582250000000000014e+38 3.262443438900000103e+00 0.000000000000000000e+00
1.023463509200000000e+15 1.671112468400000113e+35 5.532250000000000176e+38 3.262443438900000103e+00 0.000000000000000000e+00
1.012560028400000000e+15 1.622340430999999996e+35 5.482250000000000338e+38 3.262443438900000103e+00 0.000000000000000000e+00
1.001705465200000000e+15 1.574564454899999938e+35 5.432249999999999744e+38 3.262443438900000103e+00 0.000000000000000000e+00
9.908992571300000000e+14 1.527773085199999943e+35 5.382249999999999906e+38 3.262443438900000103e+00 0.000000000000000000e+00
9.801408429900000000e+14 1.481954894900000004e+35 5.332250000000000067e+38 3.262443438900000103e+00 0.000000000000000000e+00
9.694296629400000000e+14 1.437098484699999949e+35 5.282250000000000229e+38 3.262443438900000103e+00 0.000000000000000000e+00
9.587651585200000000e+14 1.393192483199999965e+35 5.232249999999999635e+38 3.262443438900000103e+00 0.000000000000000000e+00
9.481467726500000000e+14 1.350225547399999960e+35 5.182249999999999797e+38 3.262443438900000103e+00 0.000000000000000000e+00
9.375739496700000000e+14 1.308186362599999957e+35 5.132249999999999958e+38 3.262443438900000103e+00 0.000000000000000000e+00
9.270461353100000000e+14 1.267063642800000020e+35 5.082250000000000120e+38 3.262443438900000103e+00 0.000000000000000000e+00
9.165627767000000000e+14 1.226846130800000061e+35 5.032250000000000282e+38 3.262443438900000103e+00 0.000000000000000000e+00
9.061233224300000000e+14 1.187522598399999989e+35 4.982249999999999688e+38 3.262443438900000103e+00 0.000000000000000000e+00
8.957272224900000000e+14 1.149081846600000049e+35 4.932249999999999850e+38 3.262443438900000103e+00 0.000000000000000000e+00
8.853739283400000000e+14 1.111512705900000035e+35 4.882250000000000011e+38 3.262443438900000103e+00 0.000000000000000000e+00
8.750628929000000000e+14 1.074804036499999997e+35 4.832250000000000173e+38 3.262443438900000103e+00 0.000000000000000000e+00
8.647935705300000000e+14 1.038944728500000024e+35 4.782250000000000335e+38 3.262443438900000103e+00 0.000000000000000000e+00
8.545654171100000000e+14 1.003923702100000028e+35 4.732249999999999741e+38 3.262443438900000103e+00 0.000000000000000000e+00
8.443778899700000000e+14 9.697299078300000214e+34 4.682249999999999902e+38 3.262443438900000103e+00 0.000000000000000000e+00
8.342304479900000000e+14 9.363523269400000736e+34 4.632250000000000064e+38 3.262443438900000103e+00 0.000000000000000000e+00
8.241225515100000000e+14 9.037799714099999207e+34 4.582250000000000226e+38 3.262443438900000103e+00 0.000000000000000000e+00
8.140536624400000000e+14 8.720018843200000698e+34 4.532249999999999632e+38 3.262443438900000103e+00 0.000000000000000000e+00
8.040232442100000000e+14 8.410071401099999866e+34 4.482249999999999794e+38 3.262443438900000103e+00 0.000000000000000000e+00
7.940307618000000000e+14 8.107848447899999806e+34 4.432249999999999955e+38 3.262443438900000103e+00 0.000000000000000000e+00
7.840756817600000000e+14 7.813241362199999978e+34 4.382250000000000117e+38 3.262443438900000103e+00 0.000000000000000000e+00
7.741574722200000000e+14 7.526141843800000028e+34 4.332250000000000279e+38 3.262443438900000103e+00 0.000000000000000000e+00
7.642713359200000000e+14 7.268058070500000419e+34 4.282249999999999685e+38 2.923076923100000002e+00 0.000000000000000000e+00
7.544207389400000000e+14 7.022773106299999663e+34 4.232249999999999846e+38 2.923076923100000002e+00 0.000000000000000000e+00
7.446019768600000000e+14 6.782998027300000080e+34 4.182250000000000008e+38 2.923076923100000002e+00 0.000000000000000000e+00
7.348147023400000000e+14 6.548672719399999835e+34 4.132250000000000170e+38 2.923076923100000002e+00 0.000000000000000000e+00
7.250585677400000000e+14 6.319737012799999868e+34 4.082250000000000332e+38 2.923076923100000002e+00 0.000000000000000000e+00
7.153332250900000000e+14 6.096130681799999681e+34 4.032249999999999738e+38 2.923076923100000002e+00 0.000000000000000000e+00
7.056383260800000000e+14 5.877793444099999664e+34 3.982249999999999899e+38 2.923076923100000002e+00 0.000000000000000000e+00
6.959735221000000000e+14 5.664664959599999810e+34 3.932250000000000061e+38 2.923076923100000002e+00 0.000000000000000000e+00
6.863384641700000000e+14 5.456684830100000316e+34 3.882250000000000223e+38 2.923076923100000002e+00 0.000000000000000000e+00
6.767328029800000000e+14 5.253792597999999578e+34 3.832249999999999629e+38 2.923076923100000002e+00 0.000000000000000000e+00
6.671561888700000000e+14 5.055927746199999921e+34 3.782249999999999791e+38 2.923076923100000002e+00 0.000000000000000000e+00
6.576082718400000000e+14 4.863029696499999743e+34 3.732249999999999952e+38 2.923076923100000002e+00 0.000000000000000000e+00
6.480887015300000000e+14 4.675037809100000045e+34 3.682250000000000114e+38 2.923076923100000002e+00 0.000000000000000000e+00
6.385971272100000000e+14 4.491891381799999583e+34 3.632250000000000276e+38 2.923076923100000002e+00 0.000000000000000000e+00
6.291331977900000000e+14 4.313529648899999833e+34 3.582249999999999682e+38 2.923076923100000002e+00 0.000000000000000000e+00
6.196965618100000000e+14 4.139891780400000143e+34 3.532249999999999843e+38 2.923076923100000002e+00 0.000000000000000000e+00
6.102868674300000000e+14 3.970916880600000078e+34 3.482250000000000005e+38 2.923076923100000002e+00 0.000000000000000000e+00
6.009037624200000000e+14 3.806543988000000073e+34 3.432250000000000167e+38 2.923076923100000002e+00 0.000000000000000000e+00
5.915468941800000000e+14 3.646712073200000119e+34 3.382249999999999951e+38 2.923076923100000002e+00 0.000000000000000000e+00
5.822159096800000000e+14 3.491360038799999951e+34 3.332250000000000112e+38 2.923076923100000002e+00 0.000000000000000000e+00
5.729104555300000000e+14 3.340426717599999898e+34 3.282249999999999896e+38 2.923076923100000002e+00 0.000000000000000000e+00
5.636301779000000000e+14 3.193850871800000176e+34 3.232250000000000058e+38 2.923076923100000002e+00 0.000000000000000000e+00
5.543747225700000000e+14 3.051571191899999861e+34 3.182249999999999842e+38 2.923076923100000002e+00 0.000000000000000000e+00
5.451437348700000000e+14 2.913526295300000160e+34 3.132250000000000003e+38 2.923076923100000002e+00 0.000000000000000000e+00
5.359368597300000000e+14 2.779654725099999897e+34 3.082250000000000165e+38 2.923076923100000002e+00 0.000000000000000000e+00
5.267537416100000000e+14 2.649894949099999822e+34 3.032249999999999949e+38 2.923076923100000002e+00 0.000000000000000000e+00
5.175940245700000000e+14 2.524185358100000021e+34 2.982250000000000111e+38 2.923076923100000002e+00 0.000000000000000000e+00
5.084573521800000000e+14 2.402464264700000017e+34 2.932249999999999895e+38 2.923076923100000002e+00 0.000000000000000000e+00
4.993433675700000000e+14 2.284669901900000190e+34 2.882250000000000056e+38 2.923076923100000002e+00 0.000000000000000000e+00
4.902517133900000000e+14 2.170740421699999970e+34 2.832249999999999840e+38 2.923076923100000002e+00 0.000000000000000000e+00
4.811820318200000000e+14 2.060613893300000065e+34 2.782250000000000002e+38 2.923076923100000002e+00 0.000000000000000000e+00
4.721339645500000000e+14 1.954228302000000046e+34 2.732250000000000164e+38 2.923076923100000002e+00 0.000000000000000000e+00
4.631071527800000000e+14 1.851521547100000026e+34 2.682249999999999948e+38 2.923076923100000002e+00 0.000000000000000000e+00
4.541012372000000000e+14 1.752431440499999999e+34 2.632250000000000109e+38 2.923076923100000002e+00 0.000000000000000000e+00
4.451158579900000000e+14 1.656895704899999996e+34 2.582249999999999893e+38 2.923076923100000002e+00 0.000000000000000000e+00
4.361506547900000000e+14 1.564851971799999935e+34 2.532250000000000055e+38 2.923076923100000002e+00 0.000000000000000000e+00
4.272052667200000000e+14 1.476237779700000004e+34 2.482249999999999839e+38 2.923076923100000002e+00 0.000000000000000000e+00
4.182950000000000000e+14 1.392530000000000010e+34 2.432250000000000000e+38 3.028000000000000025e+00 0.000000000000000000e+00
4.093660000000000000e+14 1.307619999999999947e+34 2.382250000000000162e+38 3.028999999999999915e+00 0.000000000000000000e+00
4.004560000000000000e+14 1.226260000000000076e+34 2.332249999999999946e+38 3.029999999999999805e+00 0.000000000000000000e+00
3.915650000000000000e+14 1.148379999999999924e+34 2.282250000000000108e+38 3.031000000000000139e+00 0.000000000000000000e+00
3.826940000000000000e+14 1.073909999999999938e+34 2.232249999999999892e+38 3.032000000000000028e+00 0.000000000000000000e+00
3.738400000000000000e+14 1.002779999999999990e+34 2.182250000000000053e+38 3.032999999999999918e+00 0.000000000000000000e+00
3.650050000000000000e+14 9.349100000000000457e+33 2.132249999999999837e+38 3.032999999999999918e+00 0.000000000000000000e+00
3.561880000000000000e+14 8.702350000000000451e+33 2.082249999999999999e+38 3.032999999999999918e+00 0.000000000000000000e+00
3.473870000000000000e+14 8.086810000000000358e+33 2.032250000000000160e+38 3.032999999999999918e+00 0.000000000000000000e+00
3.386040000000000000e+14 7.501739999999999509e+33 1.982249999999999944e+38 3.032999999999999918e+00 0.000000000000000000e+00
3.298370000000000000e+14 6.946390000000000558e+33 1.932250000000000106e+38 3.032000000000000028e+00 0.000000000000000000e+00
3.210860000000000000e+14 6.420029999999999510e+33 1.882249999999999890e+38 3.031000000000000139e+00 0.000000000000000000e+00
3.123500000000000000e+14 5.921889999999999905e+33 1.832250000000000052e+38 3.028999999999999915e+00 0.000000000000000000e+00
3.036310000000000000e+14 5.451219999999999787e+33 1.782249999999999836e+38 3.025999999999999801e+00 0.000000000000000000e+00
2.949260000000000000e+14 5.007240000000000256e+33 1.732249999999999997e+38 3.023000000000000131e+00 0.000000000000000000e+00
2.862360000000000000e+14 4.589180000000000241e+33 1.682249999999999970e+38 3.019000000000000128e+00 0.000000000000000000e+00
2.775600000000000000e+14 4.196239999999999999e+33 1.632249999999999943e+38 3.015000000000000124e+00 0.000000000000000000e+00
2.688980000000000000e+14 3.827629999999999920e+33 1.582249999999999916e+38 3.008999999999999897e+00 0.000000000000000000e+00
2.602500000000000000e+14 3.482519999999999860e+33 1.532250000000000077e+38 3.001999999999999780e+00 0.000000000000000000e+00
2.516160000000000000e+14 3.160089999999999809e+33 1.482250000000000050e+38 2.992999999999999883e+00 0.000000000000000000e+00
2.429950000000000000e+14 2.859470000000000241e+33 1.432250000000000023e+38 2.983000000000000096e+00 0.000000000000000000e+00
2.343880000000000000e+14 2.579780000000000054e+33 1.382249999999999996e+38 2.971000000000000085e+00 0.000000000000000000e+00
2.257950000000000000e+14 2.320059999999999961e+33 1.332249999999999968e+38 2.956999999999999851e+00 0.000000000000000000e+00
2.172160000000000000e+14 2.079229999999999934e+33 1.282249999999999941e+38 2.940999999999999837e+00 0.000000000000000000e+00
2.086560000000000000e+14 1.855909999999999969e+33 1.232249999999999914e+38 2.922000000000000153e+00 0.000000000000000000e+00
2.001090000000000000e+14 1.650499999999999937e+33 1.182250000000000076e+38 2.899000000000000021e+00 0.000000000000000000e+00
1.915700000000000000e+14 1.462399999999999888e+33 1.132250000000000049e+38 2.873000000000000220e+00 0.000000000000000000e+00
1.830410000000000000e+14 1.290769999999999975e+33 1.082250000000000021e+38 2.842000000000000082e+00 0.000000000000000000e+00
1.745200000000000000e+14 1.134780000000000055e+33 1.032249999999999994e+38 2.806000000000000050e+00 0.000000000000000000e+00
1.660080000000000000e+14 9.935950000000000605e+32 9.822510000000000917e+37 2.763999999999999790e+00 0.000000000000000000e+00
1.575030000000000000e+14 8.663699999999999352e+32 9.322510000000000645e+37 2.716000000000000192e+00 0.000000000000000000e+00
1.479560000000000000e+14 7.693430000000000286e+32 8.760939999999999513e+37 2.774000000000000021e+00 1.773709999999999929e+29
1.474660000000000000e+14 7.639999999999999307e+32 8.732099999999999066e+37 2.779999999999999805e+00 2.111059999999999862e+29
1.469760000000000000e+14 7.586050000000000024e+32 8.703249999999999261e+37 2.785000000000000142e+00 2.359189999999999989e+29
1.464860000000000000e+14 7.532050000000000072e+32 8.674399999999999455e+37 2.789000000000000146e+00 2.570329999999999915e+29
1.459960000000000000e+14 7.478109999999999481e+32 8.645549999999999650e+37 2.794000000000000039e+00 2.761300000000000150e+29
1.455060000000000000e+14 7.424300000000000628e+32 8.616699999999999845e+37 2.798999999999999932e+00 2.939770000000000037e+29
1.450160000000000000e+14 7.370639999999999457e+32 8.587859999999999398e+37 2.802999999999999936e+00 3.109869999999999979e+29
1.445270000000000000e+14 7.317160000000000692e+32 8.559009999999999593e+37 2.807999999999999829e+00 3.274109999999999832e+29
1.440370000000000000e+14 7.263870000000000145e+32 8.530159999999999787e+37 2.811999999999999833e+00 3.434069999999999655e+29
1.435470000000000000e+14 7.210770000000000696e+32 8.501309999999999982e+37 2.817000000000000171e+00 3.590829999999999929e+29
1.430570000000000000e+14 7.157869999999999598e+32 8.472460000000000176e+37 2.424999999999999822e+00 3.745160000000000264e+29
1.425670000000000000e+14 7.105179999999999867e+32 8.443619999999999730e+37 2.422000000000000153e+00 3.897609999999999880e+29
1.420780000000000000e+14 7.052710000000000194e+32 8.414769999999999924e+37 2.418000000000000149e+00 4.048589999999999984e+29
1.415880000000000000e+14 7.000450000000000447e+32 8.385920000000000119e+37 2.415000000000000036e+00 4.198420000000000250e+29
1.410980000000000000e+14 6.948419999999999452e+32 8.357070000000000313e+37 2.411999999999999922e+00 4.347340000000000082e+29
1.406080000000000000e+14 6.896609999999999957e+32 8.328219999999999563e+37 2.407999999999999918e+00 4.495529999999999735e+29
1.401190000000000000e+14 6.845030000000000654e+32 8.299380000000000061e+37 2.404999999999999805e+00 4.643139999999999892e+29
1.396290000000000000e+14 6.793680000000000103e+32 8.270530000000000256e+37 2.400999999999999801e+00 4.790279999999999693e+29
1.391390000000000000e+14 6.742549999999999611e+32 8.241680000000000450e+37 2.398000000000000131e+00 4.937059999999999685e+29
1.386500000000000000e+14 6.691669999999999579e+32 8.212829999999999700e+37 2.394000000000000128e+00 5.083539999999999720e+29
1.381600000000000000e+14 6.641019999999999741e+32 8.183979999999999895e+37 2.391000000000000014e+00 5.229780000000000352e+29
1.376700000000000000e+14 6.590600000000000094e+32 8.155140000000000393e+37 2.387000000000000011e+00 5.375830000000000166e+29
1.371810000000000000e+14 6.540429999999999467e+32 8.126289999999999643e+37 2.383999999999999897e+00 5.521730000000000001e+29
1.366910000000000000e+14 6.490500000000000607e+32 8.097439999999999838e+37 2.379999999999999893e+00 5.667510000000000135e+29
1.362020000000000000e+14 6.440799999999999779e+32 8.068590000000000032e+37 2.376999999999999780e+00 5.813179999999999721e+29
1.357120000000000000e+14 6.391350000000000131e+32 8.039740000000000227e+37 2.373000000000000220e+00 5.958769999999999740e+29
1.352230000000000000e+14 6.342150000000000223e+32 8.010899999999999780e+37 2.370000000000000107e+00 6.104280000000000193e+29
1.347330000000000000e+14 6.293189999999999920e+32 7.982049999999999975e+37 2.366000000000000103e+00 6.249730000000000092e+29
1.342440000000000000e+14 6.244469999999999944e+32 7.953200000000000169e+37 2.362000000000000099e+00 6.395120000000000140e+29
1.337540000000000000e+14 6.195999999999999708e+32 7.924350000000000364e+37 2.358999999999999986e+00 6.540449999999999633e+29
1.332650000000000000e+14 6.152060000000000229e+32 7.895499999999999614e+37 2.354999999999999982e+00 4.139329999999999997e+29
1.327760000000000000e+14 6.104140000000000140e+32 7.866660000000000112e+37 2.350999999999999979e+00 4.213899999999999756e+29
1.322860000000000000e+14 6.056469999999999791e+32 7.837810000000000306e+37 2.347999999999999865e+00 4.288470000000000219e+29
1.308180000000000000e+14 5.924290000000000143e+32 7.751259999999999945e+37 2.335999999999999854e+00 2.353270000000000050e+29
1.303290000000000000e+14 5.877720000000000089e+32 7.722420000000000443e+37 2.331999999999999851e+00 2.376249999999999906e+29
1.298400000000000000e+14 5.831389999999999641e+32 7.693569999999999693e+37 2.327999999999999847e+00 2.399300000000000175e+29
1.293500000000000000e+14 5.785309999999999653e+32 7.664719999999999888e+37 2.325000000000000178e+00 2.422389999999999874e+29
1.269040000000000000e+14 5.558539999999999967e+32 7.520480000000000220e+37 2.306000000000000050e+00 2.538399999999999913e+29
1.264150000000000000e+14 5.513920000000000044e+32 7.491630000000000414e+37 2.302000000000000046e+00 2.561660000000000011e+29
1.259260000000000000e+14 5.469539999999999726e+32 7.462779999999999664e+37 2.298000000000000043e+00 2.584920000000000109e+29
1.249480000000000000e+14 5.381520000000000337e+32 7.405090000000000357e+37 2.290999999999999925e+00 2.631410000000000028e+29
1.239700000000000000e+14 5.294470000000000226e+32 7.347389999999999801e+37 2.282999999999999918e+00 2.677849999999999954e+29
1.234810000000000000e+14 5.251300000000000234e+32 7.318539999999999996e+37 2.278999999999999915e+00 2.701030000000000134e+29
1.229910000000000000e+14 5.208390000000000114e+32 7.289699999999999549e+37 2.274999999999999911e+00 2.724180000000000036e+29
1.225020000000000000e+14 5.165710000000000187e+32 7.260849999999999744e+37 2.270999999999999908e+00 2.747300000000000013e+29
1.181020000000000000e+14 4.792470000000000031e+32 7.001220000000000213e+37 2.234999999999999876e+00 2.953080000000000131e+29
1.176130000000000000e+14 4.752189999999999766e+32 6.972370000000000407e+37 2.230999999999999872e+00 2.975630000000000118e+29
1.151700000000000000e+14 4.554380000000000320e+32 6.828129999999999794e+37 2.210999999999999854e+00 3.087129999999999878e+29
1.146810000000000000e+14 4.515520000000000305e+32 6.799279999999999989e+37 2.206999999999999851e+00 3.109159999999999868e+29
1.141920000000000000e+14 4.476899999999999896e+32 6.770430000000000183e+37 2.202999999999999847e+00 3.131100000000000082e+29
1.132150000000000000e+14 4.400349999999999655e+32 6.712739999999999931e+37 2.194999999999999840e+00 3.174690000000000058e+29
1.122380000000000000e+14 4.324739999999999733e+32 6.655040000000000321e+37 2.185999999999999943e+00 3.217869999999999880e+29
1.117490000000000000e+14 4.287270000000000287e+32 6.626189999999999571e+37 2.181999999999999940e+00 3.239299999999999955e+29
1.112610000000000000e+14 4.250039999999999727e+32 6.597339999999999765e+37 2.177999999999999936e+00 3.260620000000000186e+29
1.107720000000000000e+14 4.213040000000000080e+32 6.568500000000000263e+37 2.173999999999999932e+00 3.281829999999999869e+29
1.102830000000000000e+14 4.186999999999999969e+32 6.539650000000000458e+37 2.169000000000000039e+00 3.729209999999999699e+29
1.097950000000000000e+14 4.150669999999999912e+32 6.510799999999999708e+37 2.165000000000000036e+00 3.728690000000000053e+29
1.093060000000000000e+14 4.114570000000000048e+32 6.481949999999999902e+37 2.160000000000000142e+00 3.728019999999999726e+29
1.088180000000000000e+14 4.078690000000000243e+32 6.453100000000000097e+37 2.156000000000000139e+00 3.727219999999999838e+29
1.083290000000000000e+14 4.043029999999999777e+32 6.424259999999999650e+37 2.152000000000000135e+00 3.726269999999999972e+29
1.078410000000000000e+14 4.007590000000000090e+32 6.395409999999999845e+37 2.146999999999999797e+00 3.725179999999999985e+29
1.073530000000000000e+14 3.972379999999999876e+32 6.366560000000000039e+37 2.142999999999999794e+00 3.723940000000000019e+29
1.068640000000000000e+14 3.937380000000000307e+32 6.337710000000000234e+37 2.138999999999999790e+00 3.722559999999999933e+29
1.063760000000000000e+14 3.902600000000000077e+32 6.308860000000000428e+37 2.134999999999999787e+00 3.721029999999999867e+29
1.058870000000000000e+14 3.868050000000000039e+32 6.280019999999999982e+37 2.129999999999999893e+00 3.719359999999999680e+29
1.053990000000000000e+14 3.833699999999999794e+32 6.251170000000000176e+37 2.125999999999999890e+00 3.717550000000000076e+29
1.049110000000000000e+14 3.799579999999999741e+32 6.222320000000000371e+37 2.121999999999999886e+00 3.715589999999999789e+29
1.044220000000000000e+14 3.765670000000000334e+32 6.193469999999999621e+37 2.116999999999999993e+00 3.713490000000000086e+29
1.039340000000000000e+14 3.731980000000000265e+32 6.164619999999999816e+37 2.112999999999999989e+00 3.711239999999999699e+29
1.034460000000000000e+14 3.698500000000000122e+32 6.135780000000000314e+37 2.108000000000000096e+00 3.708849999999999895e+29
1.029570000000000000e+14 3.665229999999999904e+32 6.106929999999999564e+37 2.104000000000000092e+00 3.706310000000000113e+29
1.024690000000000000e+14 3.632179999999999745e+32 6.078079999999999758e+37 2.100000000000000089e+00 3.703630000000000209e+29
1.019810000000000000e+14 3.599340000000000232e+32 6.049229999999999953e+37 2.095000000000000195e+00 3.700810000000000185e+29
1.014930000000000000e+14 3.566709999999999924e+32 6.020380000000000147e+37 2.091000000000000192e+00 3.697840000000000181e+29
1.010040000000000000e+14 3.534290000000000262e+32 5.991539999999999701e+37 2.087000000000000188e+00 3.694730000000000057e+29
1.005160000000000000e+14 3.502069999999999671e+32 5.962689999999999895e+37 2.081999999999999851e+00 3.691479999999999811e+29
1.000280000000000000e+14 3.470069999999999859e+32 5.933840000000000090e+37 2.077999999999999847e+00 3.688090000000000148e+29
9.954000000000000000e+13 3.438269999999999839e+32 5.904990000000000284e+37 2.072999999999999954e+00 3.684549999999999803e+29
9.905180000000000000e+13 3.406679999999999745e+32 5.876139999999999534e+37 2.068999999999999950e+00 3.680879999999999898e+29
9.856370000000000000e+13 3.375300000000000296e+32 5.847300000000000032e+37 2.064000000000000057e+00 3.677060000000000015e+29
9.807560000000000000e+13 3.344109999999999785e+32 5.818450000000000227e+37 2.060000000000000053e+00 3.673100000000000010e+29
9.758750000000000000e+13 3.313140000000000054e+32 5.789600000000000421e+37 2.055000000000000160e+00 3.669009999999999743e+29
9.709940000000000000e+13 3.282359999999999980e+32 5.760749999999999671e+37 2.051000000000000156e+00 3.664780000000000057e+29
9.661140000000000000e+13 3.251789999999999832e+32 5.731899999999999866e+37 2.045999999999999819e+00 3.660410000000000251e+29
9.612330000000000000e+13 3.221410000000000062e+32 5.703060000000000364e+37 2.041999999999999815e+00 3.655900000000000324e+29
9.563530000000000000e+13 3.191239999999999858e+32 5.674209999999999614e+37 2.037999999999999812e+00 3.651260000000000134e+29
9.514730000000000000e+13 3.161270000000000165e+32 5.645359999999999809e+37 2.032999999999999918e+00 3.646479999999999823e+29
9.465930000000000000e+13 3.131490000000000131e+32 5.616510000000000003e+37 2.028999999999999915e+00 3.641560000000000094e+29
9.417140000000000000e+13 3.101909999999999888e+32 5.587660000000000198e+37 2.024000000000000021e+00 3.636519999999999961e+29
9.368340000000000000e+13 3.072530000000000157e+32 5.558819999999999751e+37 2.020000000000000018e+00 3.631339999999999706e+29
9.319550000000000000e+13 3.043340000000000085e+32 5.529969999999999946e+37 2.015000000000000124e+00 3.626020000000000034e+29
9.270750000000000000e+13 3.014350000000000164e+32 5.501120000000000140e+37 2.009999999999999787e+00 3.620579999999999956e+29
9.221960000000000000e+13 2.985549999999999902e+32 5.472270000000000335e+37 2.005999999999999783e+00 3.614999999999999758e+29
9.173180000000000000e+13 2.956940000000000017e+32 5.443419999999999585e+37 2.000999999999999890e+00 3.609299999999999858e+29
9.124390000000000000e+13 2.931050000000000110e+32 5.414580000000000083e+37 1.997000000000000108e+00 4.362699999999999886e+29
9.075600000000000000e+13 2.902849999999999943e+32 5.385730000000000277e+37 1.991999999999999993e+00 4.343789999999999878e+29
9.026820000000000000e+13 2.874840000000000154e+32 5.356880000000000472e+37 1.987000000000000099e+00 4.324820000000000020e+29
8.978040000000000000e+13 2.847020000000000024e+32 5.328029999999999722e+37 1.983000000000000096e+00 4.305790000000000311e+29
8.929260000000000000e+13 2.819380000000000138e+32 5.299179999999999916e+37 1.977999999999999980e+00 4.286690000000000189e+29
8.880480000000000000e+13 2.791929999999999910e+32 5.270340000000000414e+37 1.973999999999999977e+00 4.267530000000000216e+29
8.831700000000000000e+13 2.764670000000000061e+32 5.241489999999999664e+37 1.969000000000000083e+00 4.248309999999999689e+29
8.782930000000000000e+13 2.737590000000000096e+32 5.212639999999999859e+37 1.965000000000000080e+00 4.229039999999999873e+29
8.734150000000000000e+13 2.710690000000000016e+32 5.183790000000000054e+37 1.959999999999999964e+00 4.209710000000000206e+29
8.685380000000000000e+13 2.683969999999999820e+32 5.154940000000000248e+37 1.955999999999999961e+00 4.190319999999999985e+29
8.636610000000000000e+13 2.657440000000000003e+32 5.126099999999999802e+37 1.951000000000000068e+00 4.170879999999999770e+29
8.587840000000000000e+13 2.631079999999999937e+32 5.097249999999999996e+37 1.945999999999999952e+00 4.151390000000000267e+29
8.539070000000000000e+13 2.604900000000000115e+32 5.068400000000000191e+37 1.941999999999999948e+00 4.131840000000000208e+29
8.490310000000000000e+13 2.578909999999999952e+32 5.039550000000000385e+37 1.937000000000000055e+00 4.112250000000000015e+29
8.441540000000000000e+13 2.553089999999999899e+32 5.010699999999999635e+37 1.933000000000000052e+00 4.092609999999999829e+29
8.392780000000000000e+13 2.527439999999999958e+32 4.981860000000000133e+37 1.927999999999999936e+00 4.072919999999999650e+29
8.344020000000000000e+13 2.501969999999999901e+32 4.953010000000000328e+37 1.923999999999999932e+00 4.053180000000000181e+29
8.295260000000000000e+13 2.476680000000000090e+32 4.924159999999999578e+37 1.919000000000000039e+00 4.033390000000000016e+29
8.246510000000000000e+13 2.451549999999999895e+32 4.895309999999999772e+37 1.915000000000000036e+00 4.013570000000000277e+29
8.197750000000000000e+13 2.426599999999999945e+32 4.866459999999999967e+37 1.909999999999999920e+00 3.993699999999999842e+29
8.149000000000000000e+13 2.401829999999999880e+32 4.837620000000000465e+37 1.905000000000000027e+00 3.973789999999999975e+29
8.100240000000000000e+13 2.377220000000000152e+32 4.808769999999999715e+37 1.901000000000000023e+00 3.953830000000000116e+29
8.051490000000000000e+13 2.352780000000000175e+32 4.779919999999999909e+37 1.895999999999999908e+00 3.933839999999999979e+29
8.002750000000000000e+13 2.328509999999999950e+32 4.751070000000000104e+37 1.891999999999999904e+00 3.913809999999999707e+29
7.954000000000000000e+13 2.304409999999999835e+32 4.722220000000000299e+37 1.887000000000000011e+00 3.893749999999999861e+29
7.905250000000000000e+13 2.280470000000000058e+32 4.693379999999999852e+37 1.883000000000000007e+00 3.873649999999999880e+29
7.856510000000000000e+13 2.256700000000000032e+32 4.664530000000000047e+37 1.877999999999999892e+00 3.853509999999999765e+29
7.807770000000000000e+13 2.233089999999999983e+32 4.635680000000000241e+37 1.874000000000000110e+00 3.833340000000000075e+29
7.759020000000000000e+13 2.209650000000000045e+32 4.606830000000000436e+37 1.868999999999999995e+00 3.813140000000000109e+29
7.710290000000000000e+13 2.186370000000000085e+32 4.577979999999999686e+37 1.864999999999999991e+00 3.792900000000000007e+29
7.661550000000000000e+13 2.163250000000000103e+32 4.549140000000000184e+37 1.860000000000000098e+00 3.772640000000000190e+29
7.612810000000000000e+13 2.140290000000000097e+32 4.520290000000000378e+37 1.856000000000000094e+00 3.752340000000000237e+29
7.564080000000000000e+13 2.117490000000000070e+32 4.491439999999999628e+37 1.850999999999999979e+00 3.732019999999999865e+29
7.515350000000000000e+13 2.094850000000000019e+32 4.462589999999999823e+37 1.846999999999999975e+00 3.711669999999999920e+29
7.466610000000000000e+13 2.072360000000000173e+32 4.433740000000000017e+37 1.842000000000000082e+00 3.691289999999999697e+29
7.417880000000000000e+13 2.050040000000000077e+32 4.404899999999999571e+37 1.838000000000000078e+00 3.670889999999999759e+29
7.369160000000000000e+13 2.027869999999999826e+32 4.376049999999999765e+37 1.834000000000000075e+00 3.650460000000000247e+29
7.320430000000000000e+13 2.005850000000000138e+32 4.347199999999999960e+37 1.828999999999999959e+00 3.630010000000000316e+29
7.271710000000000000e+13 1.983990000000000068e+32 4.318350000000000154e+37 1.824999999999999956e+00 3.609539999999999965e+29
7.222980000000000000e+13 1.962279999999999841e+32 4.289500000000000349e+37 1.820000000000000062e+00 3.589049999999999899e+29
7.174260000000000000e+13 1.940720000000000179e+32 4.260659999999999902e+37 1.816000000000000059e+00 3.568530000000000259e+29
7.125540000000000000e+13 1.919310000000000000e+32 4.231810000000000097e+37 1.812000000000000055e+00 3.547990000000000199e+29
7.076820000000000000e+13 1.898050000000000026e+32 4.202959999999999819e+37 1.806999999999999940e+00 3.527440000000000282e+29
7.028110000000000000e+13 1.876939999999999895e+32 4.174110000000000014e+37 1.802999999999999936e+00 3.506860000000000088e+29
6.979390000000000000e+13 1.855979999999999968e+32 4.145260000000000208e+37 1.798999999999999932e+00 3.486270000000000035e+29
6.930680000000000000e+13 1.835169999999999884e+32 4.116420000000000234e+37 1.794000000000000039e+00 3.465660000000000267e+29
6.881970000000000000e+13 1.814499999999999872e+32 4.087569999999999956e+37 1.790000000000000036e+00 3.445030000000000080e+29
6.833260000000000000e+13 1.793969999999999929e+32 4.058720000000000151e+37 1.786000000000000032e+00 3.424390000000000034e+29
6.784550000000000000e+13 1.773589999999999830e+32 4.029869999999999873e+37 1.780999999999999917e+00 3.403730000000000274e+29
6.735840000000000000e+13 1.753359999999999935e+32 4.001020000000000068e+37 1.776999999999999913e+00 3.383059999999999951e+29
6.687140000000000000e+13 1.733259999999999977e+32 3.972180000000000093e+37 1.772999999999999909e+00 3.362379999999999771e+29
6.638430000000000000e+13 1.713309999999999863e+32 3.943329999999999816e+37 1.768999999999999906e+00 3.341679999999999875e+29
6.589730000000000000e+13 1.693490000000000045e+32 3.914480000000000010e+37 1.764999999999999902e+00 3.320960000000000263e+29
6.541030000000000000e+13 1.673809999999999938e+32 3.885630000000000205e+37 1.760000000000000009e+00 3.300239999999999947e+29
6.492330000000000000e+13 1.654280000000000035e+32 3.856779999999999927e+37 1.756000000000000005e+00 3.279499999999999916e+29
6.443640000000000000e+13 1.634880000000000068e+32 3.827939999999999953e+37 1.752000000000000002e+00 3.258759999999999885e+29
6.394940000000000000e+13 1.615610000000000038e+32 3.799090000000000147e+37 1.747999999999999998e+00 3.238000000000000138e+29
6.346250000000000000e+13 1.596480000000000078e+32 3.770239999999999870e+37 1.743999999999999995e+00 3.217229999999999830e+29
6.297550000000000000e+13 1.577490000000000008e+32 3.741390000000000064e+37 1.739999999999999991e+00 3.196449999999999663e+29
6.248860000000000000e+13 1.558619999999999922e+32 3.712539999999999787e+37 1.735999999999999988e+00 3.175670000000000201e+29
6.200170000000000000e+13 1.539890000000000086e+32 3.683699999999999812e+37 1.731999999999999984e+00 3.154869999999999967e+29
6.151490000000000000e+13 1.521290000000000006e+32 3.654850000000000007e+37 1.727999999999999980e+00 3.134059999999999875e+29
6.102800000000000000e+13 1.502820000000000043e+32 3.626000000000000201e+37 1.723999999999999977e+00 3.113250000000000136e+29
6.054120000000000000e+13 1.484480000000000017e+32 3.597149999999999924e+37 1.719999999999999973e+00 3.092429999999999834e+29
6.005430000000000000e+13 1.466269999999999927e+32 3.568300000000000118e+37 1.715999999999999970e+00 3.071600000000000027e+29
5.956750000000000000e+13 1.448189999999999955e+32 3.539460000000000144e+37 1.711999999999999966e+00 3.050760000000000010e+29
5.908070000000000000e+13 1.430229999999999965e+32 3.510609999999999866e+37 1.709000000000000075e+00 3.029919999999999993e+29
5.859400000000000000e+13 1.412399999999999912e+32 3.481760000000000061e+37 1.705000000000000071e+00 3.009070000000000118e+29
5.810720000000000000e+13 1.394690000000000022e+32 3.452909999999999783e+37 1.701000000000000068e+00 2.988210000000000033e+29
5.762050000000000000e+13 1.377110000000000069e+32 3.424059999999999978e+37 1.697000000000000064e+00 2.967340000000000091e+29
5.713370000000000000e+13 1.359639999999999965e+32 3.395220000000000003e+37 1.693999999999999950e+00 2.946470000000000148e+29
5.664700000000000000e+13 1.342299999999999978e+32 3.366370000000000198e+37 1.689999999999999947e+00 2.925589999999999996e+29
5.616030000000000000e+13 1.325089999999999928e+32 3.337519999999999920e+37 1.685999999999999943e+00 2.904699999999999986e+29
5.567370000000000000e+13 1.307990000000000087e+32 3.308670000000000115e+37 1.683000000000000052e+00 2.883809999999999976e+29
5.518700000000000000e+13 1.291010000000000049e+32 3.279819999999999837e+37 1.679000000000000048e+00 2.862910000000000108e+29
5.470040000000000000e+13 1.274140000000000041e+32 3.250979999999999863e+37 1.675999999999999934e+00 2.842000000000000031e+29
5.421370000000000000e+13 1.257399999999999969e+32 3.222130000000000057e+37 1.671999999999999931e+00 2.821089999999999953e+29
5.372710000000000000e+13 1.240769999999999927e+32 3.193279999999999780e+37 1.669000000000000039e+00 2.800170000000000018e+29
5.324050000000000000e+13 1.224249999999999915e+32 3.164429999999999974e+37 1.665000000000000036e+00 2.779239999999999873e+29
5.275390000000000000e+13 1.207850000000000065e+32 3.135580000000000169e+37 1.661999999999999922e+00 2.758310000000000079e+29
5.226740000000000000e+13 1.191570000000000019e+32 3.106740000000000194e+37 1.657999999999999918e+00 2.737370000000000076e+29
5.178080000000000000e+13 1.175390000000000049e+32 3.077889999999999917e+37 1.655000000000000027e+00 2.716419999999999864e+29
5.129430000000000000e+13 1.159330000000000061e+32 3.049040000000000111e+37 1.651999999999999913e+00 2.695460000000000145e+29
5.080780000000000000e+13 1.143379999999999923e+32 3.020189999999999833e+37 1.649000000000000021e+00 2.674500000000000074e+29
5.032130000000000000e+13 1.127539999999999995e+32 2.991340000000000028e+37 1.645999999999999908e+00 2.653530000000000146e+29
4.983480000000000000e+13 1.111799999999999962e+32 2.962500000000000054e+37 1.641999999999999904e+00 2.632550000000000008e+29
4.934840000000000000e+13 1.096179999999999913e+32 2.933649999999999776e+37 1.639000000000000012e+00 2.611560000000000012e+29
4.886190000000000000e+13 1.080659999999999940e+32 2.904799999999999971e+37 1.635999999999999899e+00 2.590560000000000158e+29
4.837550000000000000e+13 1.065249999999999996e+32 2.875950000000000165e+37 1.633000000000000007e+00 2.569550000000000095e+29
4.788910000000000000e+13 1.049939999999999948e+32 2.847099999999999887e+37 1.629999999999999893e+00 2.548530000000000174e+29
4.740270000000000000e+13 1.034739999999999929e+32 2.818259999999999913e+37 1.627000000000000002e+00 2.527509999999999900e+29
4.691630000000000000e+13 1.019639999999999987e+32 2.789410000000000108e+37 1.625000000000000000e+00 2.506469999999999912e+29
4.643000000000000000e+13 1.004650000000000074e+32 2.760559999999999830e+37 1.622000000000000108e+00 2.485420000000000065e+29
4.594360000000000000e+13 9.897569999999999442e+31 2.731710000000000025e+37 1.618999999999999995e+00 2.464360000000000008e+29
4.545730000000000000e+13 9.749650000000000482e+31 2.702860000000000219e+37 1.616000000000000103e+00 2.443290000000000094e+29
4.497100000000000000e+13 9.602740000000000255e+31 2.674019999999999773e+37 1.614000000000000101e+00 2.422200000000000112e+29
4.448470000000000000e+13 9.456830000000000787e+31 2.645169999999999967e+37 1.610999999999999988e+00 2.401099999999999921e+29
4.399840000000000000e+13 9.311900000000000731e+31 2.616320000000000162e+37 1.608999999999999986e+00 2.379989999999999871e+29
4.351220000000000000e+13 9.167959999999999859e+31 2.587469999999999884e+37 1.606000000000000094e+00 2.358860000000000106e+29
4.302590000000000000e+13 9.024990000000000427e+31 2.558620000000000078e+37 1.604000000000000092e+00 2.337720000000000132e+29
4.253970000000000000e+13 8.882980000000000860e+31 2.529780000000000104e+37 1.600999999999999979e+00 2.316560000000000089e+29
4.205350000000000000e+13 8.741929999999999356e+31 2.500929999999999826e+37 1.598999999999999977e+00 2.295379999999999979e+29
4.156730000000000000e+13 8.601829999999999744e+31 2.472080000000000021e+37 1.596999999999999975e+00 2.274190000000000012e+29
4.108120000000000000e+13 8.462670000000000450e+31 2.443230000000000216e+37 1.594999999999999973e+00 2.252979999999999976e+29
4.059500000000000000e+13 8.324449999999999673e+31 2.414379999999999938e+37 1.592999999999999972e+00 2.231749999999999874e+29
4.010890000000000000e+13 8.187149999999999667e+31 2.385539999999999964e+37 1.590999999999999970e+00 2.210500000000000055e+29
3.962280000000000000e+13 8.050780000000000205e+31 2.356690000000000158e+37 1.588999999999999968e+00 2.189230000000000169e+29
3.913670000000000000e+13 7.915319999999999939e+31 2.327839999999999880e+37 1.586999999999999966e+00 2.167930000000000006e+29
3.865060000000000000e+13 7.780769999999999770e+31 2.298990000000000075e+37 1.584999999999999964e+00 2.146619999999999985e+29
3.816460000000000000e+13 7.647119999999999925e+31 2.270139999999999797e+37 1.582999999999999963e+00 2.125280000000000038e+29
3.767850000000000000e+13 7.514359999999999729e+31 2.241299999999999823e+37 1.580999999999999961e+00 2.103920000000000024e+29
3.719250000000000000e+13 7.382490000000000083e+31 2.212450000000000018e+37 1.580000000000000071e+00 2.082530000000000084e+29
3.670650000000000000e+13 7.251510000000000086e+31 2.183600000000000212e+37 1.578000000000000069e+00 2.061109999999999868e+29
3.622050000000000000e+13 7.121390000000000418e+31 2.154749999999999934e+37 1.576999999999999957e+00 2.039669999999999935e+29
3.573460000000000000e+13 6.992149999999999726e+31 2.125899999999999893e+37 1.574999999999999956e+00 2.018200000000000077e+29
3.524860000000000000e+13 6.863770000000000263e+31 2.097059999999999918e+37 1.574000000000000066e+00 1.996690000000000084e+29
3.476270000000000000e+13 6.736250000000000229e+31 2.068210000000000113e+37 1.572000000000000064e+00 1.975160000000000024e+29
3.427680000000000000e+13 6.609579999999999850e+31 2.039360000000000071e+37 1.570999999999999952e+00 1.953589999999999828e+29
3.379090000000000000e+13 6.483760000000000027e+31 2.010510000000000030e+37 1.570000000000000062e+00 1.931999999999999917e+29
3.330510000000000000e+13 6.358780000000000085e+31 1.981659999999999988e+37 1.568999999999999950e+00 1.910360000000000013e+29
3.281920000000000000e+13 6.234640000000000024e+31 1.952820000000000014e+37 1.568000000000000060e+00 1.888689999999999831e+29
3.233340000000000000e+13 6.111339999999999845e+31 1.923969999999999972e+37 1.566999999999999948e+00 1.866990000000000076e+29
3.184760000000000000e+13 5.988860000000000001e+31 1.895119999999999931e+37 1.566000000000000059e+00 1.845239999999999976e+29
3.136180000000000000e+13 5.867210000000000265e+31 1.866269999999999889e+37 1.564999999999999947e+00 1.823450000000000093e+29
3.087610000000000000e+13 5.746379999999999963e+31 1.837420000000000084e+37 1.564999999999999947e+00 1.801629999999999933e+29
3.039030000000000000e+13 5.626360000000000223e+31 1.808580000000000110e+37 1.564000000000000057e+00 1.779760000000000131e+29
2.990460000000000000e+13 5.507169999999999689e+31 1.779730000000000068e+37 1.564000000000000057e+00 1.757839999999999985e+29
2.941890000000000000e+13 5.388779999999999944e+31 1.750880000000000026e+37 1.562999999999999945e+00 1.735880000000000055e+29
2.893330000000000000e+13 5.271199999999999860e+31 1.722029999999999985e+37 1.562999999999999945e+00 1.713870000000000133e+29
2.844760000000000000e+13 5.154430000000000336e+31 1.693179999999999943e+37 1.562999999999999945e+00 1.691809999999999866e+29
2.796200000000000000e+13 5.038459999999999799e+31 1.664339999999999969e+37 1.562000000000000055e+00 1.669699999999999957e+29
2.747640000000000000e+13 4.923290000000000051e+31 1.635489999999999927e+37 1.562000000000000055e+00 1.647540000000000056e+29
2.699080000000000000e+13 4.808929999999999962e+31 1.606639999999999886e+37 1.562000000000000055e+00 1.625330000000000162e+29
2.650520000000000000e+13 4.695359999999999988e+31 1.577790000000000080e+37 1.562999999999999945e+00 1.603060000000000065e+29
2.601970000000000000e+13 4.582589999999999900e+31 1.548940000000000039e+37 1.562999999999999945e+00 1.580729999999999941e+29
2.553420000000000000e+13 4.470630000000000374e+31 1.520100000000000064e+37 1.562999999999999945e+00 1.558339999999999967e+29
2.504870000000000000e+13 4.359460000000000062e+31 1.491250000000000023e+37 1.562999999999999945e+00 1.535889999999999966e+29
2.456320000000000000e+13 4.249089999999999636e+31 1.462399999999999981e+37 1.564000000000000057e+00 1.513370000000000080e+29
2.407770000000000000e+13 4.139529999999999771e+31 1.433549999999999940e+37 1.564999999999999947e+00 1.490789999999999991e+29
2.359230000000000000e+13 4.030760000000000021e+31 1.404699999999999898e+37 1.564999999999999947e+00 1.468150000000000052e+29
2.310690000000000000e+13 3.922799999999999931e+31 1.375859999999999924e+37 1.566000000000000059e+00 1.445430000000000019e+29
2.262150000000000000e+13 3.815649999999999952e+31 1.347009999999999882e+37 1.566999999999999948e+00 1.422639999999999925e+29
2.213620000000000000e+13 3.709310000000000084e+31 1.318160000000000077e+37 1.568000000000000060e+00 1.399779999999999946e+29
2.165090000000000000e+13 3.603779999999999876e+31 1.289310000000000035e+37 1.568999999999999950e+00 1.376840000000000049e+29
2.116560000000000000e+13 3.499079999999999777e+31 1.260459999999999994e+37 1.570000000000000062e+00 1.353820000000000058e+29
2.068030000000000000e+13 3.395189999999999789e+31 1.231620000000000019e+37 1.572000000000000064e+00 1.330719999999999973e+29
2.019510000000000000e+13 3.292140000000000132e+31 1.202769999999999978e+37 1.572999999999999954e+00 1.307539999999999969e+29
1.970980000000000000e+13 3.189929999999999907e+31 1.173919999999999936e+37 1.574999999999999956e+00 1.284270000000000013e+29
1.922470000000000000e+13 3.088560000000000014e+31 1.145069999999999895e+37 1.576000000000000068e+00 1.260909999999999929e+29
1.873950000000000000e+13 2.988039999999999776e+31 1.116220000000000089e+37 1.578000000000000069e+00 1.237450000000000035e+29
1.825440000000000000e+13 2.888390000000000090e+31 1.087380000000000115e+37 1.580000000000000071e+00 1.213910000000000047e+29
1.776930000000000000e+13 2.789610000000000057e+31 1.058529999999999955e+37 1.582000000000000073e+00 1.190260000000000039e+29
1.728420000000000000e+13 2.691720000000000123e+31 1.029680000000000032e+37 1.584000000000000075e+00 1.166520000000000079e+29
1.679910000000000000e+13 2.594719999999999839e+31 1.000829999999999990e+37 1.586999999999999966e+00 1.142669999999999923e+29
1.631410000000000000e+13 2.498630000000000102e+31 9.719840000000000463e+36 1.588999999999999968e+00 1.118709999999999924e+29
1.582910000000000000e+13 2.403479999999999782e+31 9.431359999999999946e+36 1.592000000000000082e+00 1.094640000000000081e+29
1.534420000000000000e+13 2.309260000000000007e+31 9.142879999999999429e+36 1.594000000000000083e+00 1.070460000000000042e+29
1.485930000000000000e+13 2.216000000000000096e+31 8.854400000000000092e+36 1.596999999999999975e+00 1.046149999999999916e+29
1.437440000000000000e+13 2.123729999999999820e+31 8.565919999999999574e+36 1.600000000000000089e+00 1.021719999999999913e+29
1.388950000000000000e+13 2.032459999999999854e+31 8.277440000000000238e+36 1.602999999999999980e+00 9.971629999999999555e+28
1.340470000000000000e+13 1.942209999999999969e+31 7.988959999999999720e+36 1.606999999999999984e+00 9.724719999999999677e+28
1.291990000000000000e+13 1.853019999999999935e+31 7.700480000000000384e+36 1.610000000000000098e+00 9.476410000000000348e+28
1.243520000000000000e+13 1.764899999999999975e+31 7.411999999999999866e+36 1.614000000000000101e+00 9.226660000000000379e+28
1.195050000000000000e+13 1.677890000000000083e+31 7.123520000000000530e+36 1.616999999999999993e+00 8.975389999999999145e+28
1.146580000000000000e+13 1.592030000000000030e+31 6.835040000000000012e+36 1.620999999999999996e+00 8.722550000000000878e+28
1.098120000000000000e+13 1.507350000000000035e+31 6.546559999999999495e+36 1.625000000000000000e+00 8.468049999999999818e+28
1.049660000000000000e+13 1.423880000000000095e+31 6.258080000000000158e+36 1.629000000000000004e+00 8.211810000000000623e+28
1.001210000000000000e+13 1.341669999999999977e+31 5.969599999999999641e+36 1.633000000000000007e+00 7.953749999999999151e+28
9.527560000000000000e+12 1.260779999999999898e+31 5.681120000000000304e+36 1.637000000000000011e+00 7.693749999999999747e+28
9.043110000000000000e+12 1.181240000000000079e+31 5.392639999999999787e+36 1.641999999999999904e+00 7.431699999999999576e+28
8.558690000000000000e+12 1.103120000000000060e+31 5.104159999999999860e+36 1.645999999999999908e+00 7.167459999999999749e+28
8.074330000000000000e+12 1.026480000000000058e+31 4.815679999999999933e+36 1.649999999999999911e+00 6.900900000000000355e+28
7.590010000000000000e+12 9.513959999999999487e+30 4.527200000000000006e+36 1.655000000000000027e+00 6.631809999999999981e+28
7.105750000000000000e+12 8.779349999999999484e+30 4.238720000000000079e+36 1.659000000000000030e+00 6.359999999999999568e+28
6.621540000000000000e+12 8.061860000000000444e+30 3.950240000000000152e+36 1.663000000000000034e+00 6.085220000000000031e+28
6.137390000000000000e+12 7.362459999999999980e+30 3.661760000000000225e+36 1.667000000000000037e+00 5.807159999999999619e+28
5.653300000000000000e+12 6.682220000000000191e+30 3.373279999999999707e+36 1.671000000000000041e+00 5.525459999999999932e+28
5.169270000000000000e+12 6.022359999999999781e+30 3.084799999999999780e+36 1.673000000000000043e+00 5.239659999999999592e+28
4.685300000000000000e+12 5.384249999999999682e+30 2.796319999999999853e+36 1.675000000000000044e+00 4.949150000000000232e+28
4.201410000000000000e+12 4.769470000000000234e+30 2.507839999999999926e+36 1.675000000000000044e+00 4.653180000000000200e+28
3.717590000000000000e+12 4.179820000000000058e+30 2.219359999999999999e+36 1.673000000000000043e+00 4.350689999999999609e+28
3.233850000000000000e+12 3.617379999999999985e+30 1.930880000000000072e+36 1.667999999999999927e+00 4.040210000000000004e+28
2.750200000000000000e+12 3.084550000000000242e+30 1.642400000000000145e+36 1.657000000000000028e+00 3.719549999999999970e+28
2.266650000000000000e+12 2.584059999999999879e+30 1.353919999999999923e+36 1.637000000000000011e+00 3.385249999999999871e+28
1.783210000000000000e+12 2.118799999999999896e+30 1.065439999999999996e+36 1.604000000000000092e+00 3.031169999999999904e+28
1.299900000000000000e+12 1.690780000000000011e+30 7.769600000000000691e+35 1.546999999999999931e+00 2.644310000000000144e+28
8.167490000000000000e+11 1.292760000000000118e+30 4.884799999999999945e+35 1.441999999999999948e+00 2.183950000000000192e+28
4.299000000000000000e+11 7.805000000000000069e+29 2.572000000000000181e+35 1.330000000000000071e+00 1.506450000000000062e+28
4.188000000000000000e+11 7.537999999999999717e+29 2.505999999999999897e+35 1.330000000000000071e+00 1.455129999999999927e+28
3.325000000000000000e+11 5.815999999999999745e+29 1.990000000000000163e+35 1.330000000000000071e+00 1.165809999999999924e+28
2.640000000000000000e+11 4.472999999999999815e+29 1.581000000000000083e+35 1.330000000000000071e+00 9.297799999999999813e+27
2.096000000000000000e+11 3.289999999999999843e+29 1.256000000000000028e+35 1.330000000000000071e+00 6.841069999999999801e+27
1.844000000000000000e+11 2.892000000000000018e+29 1.105000000000000000e+35 1.330000000000000071e+00 6.221810000000000396e+27
1.664000000000000000e+11 2.597000000000000095e+29 9.975999999999999784e+34 1.330000000000000071e+00 3.996079999999999920e+27
1.322000000000000000e+11 2.033000000000000102e+29 7.923999999999999875e+34 1.330000000000000071e+00 3.293160000000000158e+27
1.049000000000000000e+11 1.494999999999999961e+29 6.294000000000000085e+34 1.330000000000000071e+00 2.422460000000000012e+27
8.332000000000000000e+10 1.100000000000000064e+29 4.999999999999999843e+34 1.330000000000000071e+00 1.782300000000000002e+27
6.617000000000000000e+10 8.088999999999999432e+28 3.971999999999999897e+34 1.330000000000000071e+00 1.311289999999999924e+27
5.254000000000000000e+10 5.949000000000000344e+28 3.155000000000000010e+34 1.330000000000000071e+00 9.646129999999999985e+26
4.172000000000000000e+10 4.628000000000000126e+28 2.505999999999999897e+34 1.330000000000000071e+00 7.875200000000000595e+26
3.313000000000000000e+10 3.403999999999999866e+28 1.989999999999999932e+34 1.330000000000000071e+00 5.791050000000000196e+26
2.631000000000000000e+10 2.502999999999999803e+28 1.580999999999999991e+34 1.330000000000000071e+00 4.261170000000000143e+26
2.090000000000000000e+10 1.938000000000000082e+28 1.255999999999999936e+34 1.330000000000000071e+00 3.451690000000000088e+26
1.659000000000000000e+10 1.425000000000000067e+28 9.976000000000000246e+33 1.330000000000000071e+00 2.538950000000000110e+26
1.318000000000000000e+10 1.048000000000000007e+28 7.924000000000000337e+33 1.330000000000000071e+00 1.867689999999999969e+26
1.046000000000000000e+10 7.701999999999999683e+27 6.294000000000000085e+33 1.330000000000000071e+00 1.373879999999999975e+26
8.312000000000000000e+09 5.662000000000000348e+27 4.999999999999999728e+33 1.330000000000000071e+00 1.010819999999999921e+26
6.601000000000000000e+09 4.362000000000000029e+27 3.972000000000000127e+33 1.330000000000000071e+00 8.130089999999999436e+25
4.164000000000000000e+09 2.356000000000000079e+27 2.505999999999999955e+33 1.330000000000000071e+00 4.399369999999999874e+25
2.626000000000000000e+09 1.272000000000000034e+27 1.580999999999999991e+33 1.330000000000000071e+00 2.380450000000000180e+25
1.657000000000000000e+09 6.859999999999999767e+26 9.975999999999999957e+32 1.330000000000000071e+00 1.288319999999999913e+25
1.316000000000000000e+09 5.036000000000000296e+26 7.924000000000000337e+32 1.330000000000000071e+00 9.477099999999999527e+24
1.045000000000000000e+09 4.128999999999999924e+26 6.293999999999999941e+32 1.330000000000000071e+00 6.794269999999999770e+24
8.301000000000000000e+08 3.039000000000000162e+26 4.999999999999999728e+32 1.330000000000000071e+00 4.998809999999999830e+24
5.237000000000000000e+08 1.628999999999999891e+26 3.154999999999999923e+32 1.330000000000000071e+00 2.705450000000000161e+24
3.304000000000000000e+08 8.737999999999999925e+25 1.990000000000000076e+32 1.330000000000000071e+00 1.463449999999999964e+24
2.624000000000000000e+08 6.675999999999999817e+25 1.580999999999999919e+32 1.330000000000000071e+00 1.123400000000000065e+24
1.315000000000000000e+08 2.603999999999999941e+25 7.923999999999999616e+31 1.330000000000000071e+00 4.472499999999999827e+23
6.589000000000000000e+07 1.006000000000000014e+25 3.972000000000000199e+31 1.330000000000000071e+00 1.780890000000000165e+23
3.302000000000000000e+07 3.832999999999999839e+24 1.989999999999999986e+31 1.330000000000000071e+00 7.086450000000000092e+22
1.655000000000000000e+07 1.435000000000000086e+24 9.975999999999999642e+30 1.330000000000000071e+00 2.822060000000000131e+22
8.293000000000000000e+06 5.250000000000000315e+23 4.999999999999999818e+30 1.330000000000000071e+00 1.123529999999999934e+22
6.588000000000000000e+06 3.910999999999999759e+23 3.972000000000000087e+30 1.330000000000000071e+00 8.163429999999999541e+21
2.622000000000000000e+06 9.754999999999999214e+22 1.581000000000000009e+30 1.330000000000000071e+00 2.390210000000000197e+21
1.044000000000000000e+06 2.318000000000000105e+22 6.293999999999999902e+29 1.330000000000000071e+00 6.999960000000000000e+20
4.156000000000000000e+05 5.265999999999999476e+21 2.505999999999999907e+29 1.330000000000000071e+00 2.050380000000000000e+20
1.654000000000000000e+05 1.151000000000000000e+21 9.976000000000000768e+28 1.330000000000000071e+00 6.004390000000000000e+19
6.587000000000000000e+04 2.431000000000000000e+20 3.972000000000000263e+28 1.330000000000000071e+00 1.758760000000000000e+19
2.622000000000000000e+04 4.968000000000000000e+19 1.581000000000000061e+28 1.330000000000000071e+00 5.149550000000000000e+18
1.044000000000000000e+04 9.744000000000000000e+18 6.294999999999999717e+27 1.330000000000000071e+00 1.508420000000000000e+18
