9.822790656500000000e+15 7.916461235999999683e+36 1.999380000000000033e+39 1.000000000000000000e+00 0.000000000000000000e+00
9.773722903700000000e+15 7.872300258399999847e+36 1.994379999999999898e+39 1.000000000000000000e+00 0.000000000000000000e+00
9.724778011900000000e+15 7.828249855800000431e+36 1.989380000000000065e+39 1.000000000000000000e+00 0.000000000000000000e+00
9.675955981200000000e+15 7.784310028200000254e+36 1.984379999999999931e+39 1.000000000000000000e+00 0.000000000000000000e+00
9.627256811600000000e+15 7.740480775499999664e+36 1.979380000000000098e+39 1.000000000000000000e+00 0.000000000000000000e+00
9.578680502900000000e+15 7.696762097699999843e+36 1.974379999999999963e+39 1.000000000000000000e+00 0.000000000000000000e+00
9.530227055300000000e+15 7.653153994900000441e+36 1.969380000000000130e+39 1.000000000000000000e+00 0.000000000000000000e+00
9.481896468800000000e+15 7.609656466999999447e+36 1.964379999999999995e+39 1.000000000000000000e+00 0.000000000000000000e+00
9.433688743300000000e+15 7.566269514100000052e+36 1.959379999999999860e+39 1.000000000000000000e+00 0.000000000000000000e+00
9.385603878900000000e+15 7.522993136100000246e+36 1.954380000000000028e+39 1.000000000000000000e+00 0.000000000000000000e+00
9.337641875500000000e+15 7.479827333000000026e+36 1.949379999999999893e+39 1.000000000000000000e+00 0.000000000000000000e+00
9.289802733100000000e+15 7.436772104900000226e+36 1.944380000000000060e+39 1.000000000000000000e+00 0.000000000000000000e+00
9.242086451800000000e+15 7.393827451700000014e+36 1.939379999999999925e+39 1.000000000000000000e+00 0.000000000000000000e+00
9.194493031600000000e+15 7.350993373500000222e+36 1.934380000000000092e+39 1.000000000000000000e+00 0.000000000000000000e+00
9.147022472300000000e+15 7.308269870200000017e+36 1.929379999999999957e+39 1.000000000000000000e+00 0.000000000000000000e+00
9.099674774200000000e+15 7.265656941800000580e+36 1.924380000000000125e+39 1.000000000000000000e+00 0.000000000000000000e+00
9.052449937000000000e+15 7.223154588400000383e+36 1.919379999999999990e+39 1.000000000000000000e+00 0.000000000000000000e+00
9.005347960900000000e+15 7.180762809999999425e+36 1.914379999999999855e+39 1.000000000000000000e+00 0.000000000000000000e+00
8.958368845900000000e+15 7.138481606399999582e+36 1.909380000000000022e+39 1.000000000000000000e+00 0.000000000000000000e+00
8.911512591900000000e+15 7.096310977800000160e+36 1.904379999999999887e+39 1.000000000000000000e+00 0.000000000000000000e+00
8.864779199000000000e+15 7.054250924199999977e+36 1.899380000000000054e+39 1.000000000000000000e+00 0.000000000000000000e+00
8.818168667100000000e+15 7.012301445500000562e+36 1.894379999999999919e+39 1.000000000000000000e+00 0.000000000000000000e+00
8.771680996200000000e+15 6.970462541699999554e+36 1.889380000000000087e+39 1.000000000000000000e+00 0.000000000000000000e+00
8.725316186400000000e+15 6.928734212900000146e+36 1.884379999999999952e+39 1.000000000000000000e+00 0.000000000000000000e+00
8.679074237600000000e+15 6.887116459000000326e+36 1.879380000000000119e+39 1.000000000000000000e+00 0.000000000000000000e+00
8.632955149900000000e+15 6.845609280000000093e+36 1.874379999999999984e+39 1.000000000000000000e+00 0.000000000000000000e+00
8.586958923200000000e+15 6.804212676000000280e+36 1.869379999999999849e+39 1.000000000000000000e+00 0.000000000000000000e+00
8.541085557600000000e+15 6.762926646900000055e+36 1.864380000000000016e+39 1.000000000000000000e+00 0.000000000000000000e+00
8.495335053000000000e+15 6.721751192800000249e+36 1.859379999999999881e+39 1.000000000000000000e+00 0.000000000000000000e+00
8.449707409500000000e+15 6.680686313600000031e+36 1.854380000000000049e+39 1.000000000000000000e+00 0.000000000000000000e+00
8.404202627000000000e+15 6.639732009400000232e+36 1.849379999999999914e+39 1.000000000000000000e+00 0.000000000000000000e+00
8.358820705500000000e+15 6.598888280100000021e+36 1.844380000000000081e+39 1.000000000000000000e+00 0.000000000000000000e+00
8.313561645100000000e+15 6.558155125700000578e+36 1.839379999999999946e+39 1.000000000000000000e+00 0.000000000000000000e+00
8.268425445800000000e+15 6.517532546300000375e+36 1.834380000000000113e+39 1.000000000000000000e+00 0.000000000000000000e+00
8.223412107500000000e+15 6.477020541799999759e+36 1.829379999999999978e+39 1.000000000000000000e+00 0.000000000000000000e+00
8.178521630200000000e+15 6.436619112299999562e+36 1.824380000000000146e+39 1.000000000000000000e+00 0.000000000000000000e+00
8.133754014000000000e+15 6.396328257700000134e+36 1.819380000000000011e+39 1.000000000000000000e+00 0.000000000000000000e+00
8.089109258800000000e+15 6.356147978000000293e+36 1.814379999999999876e+39 1.000000000000000000e+00 0.000000000000000000e+00
8.044587364700000000e+15 6.316078273299999691e+36 1.809380000000000043e+39 1.000000000000000000e+00 0.000000000000000000e+00
8.000188331600000000e+15 6.276119143499999857e+36 1.804379999999999908e+39 1.000000000000000000e+00 0.000000000000000000e+00
7.955912159500000000e+15 6.236270588700000444e+36 1.799380000000000075e+39 1.000000000000000000e+00 0.000000000000000000e+00
7.911758848500000000e+15 6.196532608799999437e+36 1.794379999999999940e+39 1.000000000000000000e+00 0.000000000000000000e+00
7.867728398600000000e+15 6.156905203800000378e+36 1.789380000000000108e+39 1.000000000000000000e+00 0.000000000000000000e+00
7.823820809700000000e+15 6.117388373800000559e+36 1.784379999999999973e+39 1.000000000000000000e+00 0.000000000000000000e+00
7.780036081800000000e+15 6.077982118700000328e+36 1.779380000000000140e+39 1.000000000000000000e+00 0.000000000000000000e+00
7.736374215000000000e+15 6.038686438600000516e+36 1.774380000000000005e+39 1.000000000000000000e+00 0.000000000000000000e+00
7.692835209200000000e+15 5.999501333400000291e+36 1.769379999999999870e+39 1.000000000000000000e+00 0.000000000000000000e+00
7.649419064500000000e+15 5.960426803200000487e+36 1.764380000000000037e+39 1.000000000000000000e+00 0.000000000000000000e+00
7.606125780800000000e+15 5.921462847799999437e+36 1.759379999999999903e+39 1.000000000000000000e+00 0.000000000000000000e+00
7.562955358200000000e+15 5.882609467499999640e+36 1.754380000000000070e+39 1.000000000000000000e+00 0.000000000000000000e+00
7.519907796600000000e+15 5.843866661999999779e+36 1.749379999999999935e+39 1.000000000000000000e+00 0.000000000000000000e+00
7.476983096100000000e+15 5.805234431500000337e+36 1.744380000000000102e+39 1.000000000000000000e+00 0.000000000000000000e+00
7.434181256600000000e+15 5.766712776000000134e+36 1.739379999999999967e+39 1.000000000000000000e+00 0.000000000000000000e+00
7.391502278100000000e+15 5.728301695399999519e+36 1.734380000000000135e+39 1.000000000000000000e+00 0.000000000000000000e+00
7.348946160700000000e+15 5.690001189699999672e+36 1.729380000000000000e+39 1.000000000000000000e+00 0.000000000000000000e+00
7.306512904300000000e+15 5.651811259000000245e+36 1.724379999999999865e+39 1.000000000000000000e+00 0.000000000000000000e+00
7.264202509000000000e+15 5.613731903200000405e+36 1.719380000000000032e+39 1.000000000000000000e+00 0.000000000000000000e+00
7.222014974700000000e+15 5.575763122399999805e+36 1.714379999999999897e+39 1.000000000000000000e+00 0.000000000000000000e+00
7.179950301500000000e+15 5.537904916499999972e+36 1.709380000000000064e+39 1.000000000000000000e+00 0.000000000000000000e+00
7.138008489300000000e+15 5.500157285499999727e+36 1.704379999999999929e+39 1.000000000000000000e+00 0.000000000000000000e+00
7.096189538200000000e+15 5.462520229499999902e+36 1.699380000000000097e+39 1.000000000000000000e+00 0.000000000000000000e+00
7.054493448100000000e+15 5.424993748399999664e+36 1.694379999999999962e+39 1.000000000000000000e+00 0.000000000000000000e+00
7.012920219100000000e+15 5.387577842200000194e+36 1.689380000000000129e+39 1.000000000000000000e+00 0.000000000000000000e+00
6.971469851100000000e+15 5.350272510999999964e+36 1.684379999999999994e+39 1.000000000000000000e+00 0.000000000000000000e+00
6.930142344100000000e+15 5.313077754800000153e+36 1.679379999999999859e+39 1.000000000000000000e+00 0.000000000000000000e+00
6.888937698200000000e+15 5.275993573499999930e+36 1.674380000000000026e+39 1.000000000000000000e+00 0.000000000000000000e+00
6.847855913300000000e+15 5.239019967099999885e+36 1.669379999999999891e+39 1.000000000000000000e+00 0.000000000000000000e+00
6.806896989500000000e+15 5.202156935600000017e+36 1.664380000000000059e+39 1.000000000000000000e+00 0.000000000000000000e+00
6.766060926700000000e+15 5.165404479200000221e+36 1.659379999999999924e+39 1.000000000000000000e+00 0.000000000000000000e+00
6.725347725000000000e+15 5.128762597599999770e+36 1.654380000000000091e+39 1.000000000000000000e+00 0.000000000000000000e+00
6.684757384300000000e+15 5.092231290999999739e+36 1.649379999999999956e+39 1.000000000000000000e+00 0.000000000000000000e+00
6.644289904700000000e+15 5.055810559299999886e+36 1.644380000000000123e+39 1.000000000000000000e+00 0.000000000000000000e+00
6.603945286100000000e+15 5.019500402599999862e+36 1.639379999999999988e+39 1.000000000000000000e+00 0.000000000000000000e+00
6.563723528500000000e+15 4.983300820800000017e+36 1.634379999999999853e+39 1.000000000000000000e+00 0.000000000000000000e+00
6.523624632000000000e+15 4.947211813899999758e+36 1.629380000000000021e+39 1.000000000000000000e+00 0.000000000000000000e+00
6.483648596600000000e+15 4.911233381999999919e+36 1.624379999999999886e+39 1.000000000000000000e+00 0.000000000000000000e+00
6.443795422200000000e+15 4.875365525000000258e+36 1.619380000000000053e+39 1.000000000000000000e+00 0.000000000000000000e+00
6.404065108800000000e+15 4.839608242999999837e+36 1.614379999999999918e+39 1.000000000000000000e+00 0.000000000000000000e+00
6.364457656500000000e+15 4.803961535900000183e+36 1.609380000000000085e+39 1.000000000000000000e+00 0.000000000000000000e+00
6.324973065200000000e+15 4.768425403799999769e+36 1.604379999999999950e+39 1.000000000000000000e+00 0.000000000000000000e+00
6.285611335000000000e+15 4.732999846600000123e+36 1.599380000000000118e+39 1.000000000000000000e+00 0.000000000000000000e+00
6.246372465800000000e+15 4.697684864300000064e+36 1.594379999999999983e+39 1.000000000000000000e+00 0.000000000000000000e+00
6.207256457600000000e+15 4.662480456999999835e+36 1.589380000000000150e+39 1.000000000000000000e+00 0.000000000000000000e+00
6.168263310500000000e+15 4.627386624599999783e+36 1.584380000000000015e+39 1.000000000000000000e+00 0.000000000000000000e+00
6.129393024500000000e+15 4.592403367099999909e+36 1.579379999999999880e+39 1.000000000000000000e+00 0.000000000000000000e+00
6.090645599500000000e+15 4.557530684599999865e+36 1.574380000000000047e+39 1.000000000000000000e+00 0.000000000000000000e+00
6.052021035500000000e+15 4.522768577100000240e+36 1.569379999999999912e+39 1.000000000000000000e+00 0.000000000000000000e+00
6.013519332600000000e+15 4.488117044399999961e+36 1.564380000000000080e+39 1.000000000000000000e+00 0.000000000000000000e+00
5.975140490700000000e+15 4.453576086700000102e+36 1.559379999999999945e+39 1.000000000000000000e+00 0.000000000000000000e+00
5.936884509900000000e+15 4.419145704000000072e+36 1.554380000000000112e+39 1.000000000000000000e+00 0.000000000000000000e+00
5.898751390100000000e+15 4.384825896200000220e+36 1.549379999999999977e+39 1.000000000000000000e+00 0.000000000000000000e+00
5.860741131400000000e+15 4.350616663299999955e+36 1.544380000000000144e+39 1.000000000000000000e+00 0.000000000000000000e+00
5.822853733700000000e+15 4.316518005400000111e+36 1.539380000000000009e+39 1.000000000000000000e+00 0.000000000000000000e+00
5.785089197100000000e+15 4.282529922399999853e+36 1.534379999999999875e+39 1.000000000000000000e+00 0.000000000000000000e+00
5.747447521500000000e+15 4.248652414400000016e+36 1.529380000000000042e+39 1.000000000000000000e+00 0.000000000000000000e+00
5.709928706900000000e+15 4.214885481299999766e+36 1.524379999999999907e+39 1.000000000000000000e+00 0.000000000000000000e+00
5.672532753400000000e+15 4.181229123100000284e+36 1.519380000000000074e+39 1.000000000000000000e+00 0.000000000000000000e+00
5.635259660900000000e+15 4.147683339900000041e+36 1.514379999999999939e+39 1.000000000000000000e+00 0.000000000000000000e+00
5.598109429500000000e+15 4.114248131700000219e+36 1.509380000000000107e+39 1.000000000000000000e+00 0.000000000000000000e+00
5.561082059100000000e+15 4.080923498299999741e+36 1.504379999999999972e+39 1.000000000000000000e+00 0.000000000000000000e+00
5.524177549800000000e+15 4.047709439900000274e+36 1.499380000000000139e+39 1.000000000000000000e+00 0.000000000000000000e+00
5.487395901500000000e+15 4.014605956500000045e+36 1.494380000000000004e+39 1.000000000000000000e+00 0.000000000000000000e+00
5.450737114300000000e+15 3.981613047999999995e+36 1.489379999999999869e+39 1.000000000000000000e+00 0.000000000000000000e+00
5.414201188100000000e+15 3.948730714400000122e+36 1.484380000000000036e+39 1.000000000000000000e+00 0.000000000000000000e+00
5.377788123000000000e+15 3.915958955800000079e+36 1.479379999999999901e+39 1.000000000000000000e+00 0.000000000000000000e+00
5.341497918900000000e+15 3.883297772100000214e+36 1.474380000000000069e+39 1.000000000000000000e+00 0.000000000000000000e+00
5.305330575800000000e+15 3.850747163299999936e+36 1.469379999999999934e+39 1.000000000000000000e+00 0.000000000000000000e+00
5.269286093800000000e+15 3.818307129500000078e+36 1.464380000000000101e+39 1.000000000000000000e+00 0.000000000000000000e+00
5.233364472800000000e+15 3.785977670599999807e+36 1.459379999999999966e+39 1.000000000000000000e+00 0.000000000000000000e+00
5.197565712900000000e+15 3.753758786699999956e+36 1.454380000000000133e+39 1.000000000000000000e+00 0.000000000000000000e+00
5.161889814000000000e+15 3.721650477700000283e+36 1.449379999999999998e+39 1.000000000000000000e+00 0.000000000000000000e+00
5.126336776200000000e+15 3.689652743699999849e+36 1.444379999999999863e+39 1.000000000000000000e+00 0.000000000000000000e+00
5.090906599400000000e+15 3.657765584600000183e+36 1.439380000000000031e+39 1.000000000000000000e+00 0.000000000000000000e+00
5.055599283700000000e+15 3.625989000400000105e+36 1.434379999999999896e+39 1.000000000000000000e+00 0.000000000000000000e+00
5.020414829000000000e+15 3.594322991199999856e+36 1.429380000000000063e+39 1.000000000000000000e+00 0.000000000000000000e+00
4.985353235300000000e+15 3.562767556899999785e+36 1.424379999999999928e+39 1.000000000000000000e+00 0.000000000000000000e+00
4.950414502700000000e+15 3.531322697600000134e+36 1.419380000000000095e+39 1.000000000000000000e+00 0.000000000000000000e+00
4.915598631200000000e+15 3.499988413200000070e+36 1.414379999999999960e+39 1.000000000000000000e+00 0.000000000000000000e+00
4.880905620700000000e+15 3.468764703700000184e+36 1.409380000000000128e+39 1.000000000000000000e+00 0.000000000000000000e+00
4.846335471200000000e+15 3.437651569200000127e+36 1.404379999999999993e+39 1.000000000000000000e+00 0.000000000000000000e+00
4.811888182800000000e+15 3.406649009600000249e+36 1.399379999999999858e+39 1.000000000000000000e+00 0.000000000000000000e+00
4.777563755400000000e+15 3.375757024899999957e+36 1.394380000000000025e+39 1.000000000000000000e+00 0.000000000000000000e+00
4.743362189100000000e+15 3.344975615200000086e+36 1.389379999999999890e+39 1.000000000000000000e+00 0.000000000000000000e+00
4.709283483800000000e+15 3.314304780500000044e+36 1.384380000000000057e+39 1.000000000000000000e+00 0.000000000000000000e+00
4.675327639500000000e+15 3.283744520700000180e+36 1.379379999999999922e+39 1.000000000000000000e+00 0.000000000000000000e+00
4.641494656300000000e+15 3.253294835799999903e+36 1.374380000000000090e+39 1.000000000000000000e+00 0.000000000000000000e+00
4.607784534200000000e+15 3.222955725900000046e+36 1.369379999999999955e+39 1.000000000000000000e+00 0.000000000000000000e+00
4.574197273100000000e+15 3.192727190899999776e+36 1.364380000000000122e+39 1.000000000000000000e+00 0.000000000000000000e+00
4.540732873000000000e+15 3.162609230800000275e+36 1.359379999999999987e+39 1.000000000000000000e+00 0.000000000000000000e+00
4.507391334000000000e+15 3.132601845700000012e+36 1.354380000000000003e+39 1.000000000000000000e+00 0.000000000000000000e+00
4.474172656000000000e+15 3.102705035499999928e+36 1.349380000000000019e+39 1.000000000000000000e+00 0.000000000000000000e+00
4.441076839100000000e+15 3.072918800300000263e+36 1.344380000000000036e+39 1.000000000000000000e+00 0.000000000000000000e+00
4.408103883200000000e+15 3.043243140000000186e+36 1.339380000000000052e+39 1.000000000000000000e+00 0.000000000000000000e+00
4.375253788400000000e+15 3.013678054699999939e+36 1.334380000000000068e+39 1.000000000000000000e+00 0.000000000000000000e+00
4.342526554600000000e+15 2.984223544200000217e+36 1.329379999999999933e+39 1.000000000000000000e+00 0.000000000000000000e+00
4.309922181900000000e+15 2.954879608799999976e+36 1.324379999999999949e+39 1.000000000000000000e+00 0.000000000000000000e+00
4.277440670200000000e+15 2.925646248200000262e+36 1.319379999999999965e+39 1.000000000000000000e+00 0.000000000000000000e+00
4.245082019500000000e+15 2.896523462700000029e+36 1.314379999999999982e+39 1.000000000000000000e+00 0.000000000000000000e+00
4.212846229900000000e+15 2.867511251999999731e+36 1.309379999999999998e+39 1.000000000000000000e+00 0.000000000000000000e+00
4.180733301300000000e+15 2.838609616299999854e+36 1.304380000000000014e+39 1.000000000000000000e+00 0.000000000000000000e+00
4.148743233800000000e+15 2.809818555500000154e+36 1.299380000000000030e+39 1.000000000000000000e+00 0.000000000000000000e+00
4.116876027300000000e+15 2.781138069700000283e+36 1.294380000000000046e+39 1.000000000000000000e+00 0.000000000000000000e+00
4.085131681900000000e+15 2.752568158800000000e+36 1.289380000000000062e+39 1.000000000000000000e+00 0.000000000000000000e+00
4.053510197500000000e+15 2.724108822900000137e+36 1.284379999999999927e+39 1.000000000000000000e+00 0.000000000000000000e+00
4.022011574200000000e+15 2.695760061899999862e+36 1.279379999999999944e+39 1.000000000000000000e+00 0.000000000000000000e+00
3.990635811900000000e+15 2.667521875799999764e+36 1.274379999999999960e+39 1.000000000000000000e+00 0.000000000000000000e+00
3.959382910700000000e+15 2.639394264700000086e+36 1.269379999999999976e+39 1.000000000000000000e+00 0.000000000000000000e+00
3.928252870500000000e+15 2.611377228499999995e+36 1.264379999999999992e+39 1.000000000000000000e+00 0.000000000000000000e+00
3.897245691300000000e+15 2.583470767300000029e+36 1.259380000000000008e+39 1.000000000000000000e+00 0.000000000000000000e+00
3.866361373200000000e+15 2.555674880999999946e+36 1.254380000000000024e+39 1.000000000000000000e+00 0.000000000000000000e+00
3.835599916100000000e+15 2.527989569600000040e+36 1.249380000000000041e+39 1.000000000000000000e+00 0.000000000000000000e+00
3.804961320100000000e+15 2.500414833199999964e+36 1.244380000000000057e+39 1.000000000000000000e+00 0.000000000000000000e+00
3.774445585100000000e+15 2.472950671700000066e+36 1.239380000000000073e+39 1.000000000000000000e+00 0.000000000000000000e+00
3.744052711200000000e+15 2.445597085199999997e+36 1.234379999999999938e+39 1.000000000000000000e+00 0.000000000000000000e+00
3.713782698300000000e+15 2.418354073600000106e+36 1.229379999999999954e+39 1.000000000000000000e+00 0.000000000000000000e+00
3.683635546500000000e+15 2.391221636900000098e+36 1.224379999999999970e+39 1.000000000000000000e+00 0.000000000000000000e+00
3.653611255700000000e+15 2.364199775199999919e+36 1.219379999999999986e+39 1.000000000000000000e+00 0.000000000000000000e+00
3.623709825900000000e+15 2.337288488499999865e+36 1.214380000000000003e+39 1.000000000000000000e+00 0.000000000000000000e+00
3.593931257200000000e+15 2.310487776600000041e+36 1.209380000000000019e+39 1.000000000000000000e+00 0.000000000000000000e+00
3.564275549600000000e+15 2.283797639700000047e+36 1.204380000000000035e+39 1.000000000000000000e+00 0.000000000000000000e+00
3.534742703000000000e+15 2.257218077799999883e+36 1.199380000000000051e+39 1.000000000000000000e+00 0.000000000000000000e+00
3.505332717400000000e+15 2.230749090799999896e+36 1.194380000000000067e+39 1.000000000000000000e+00 0.000000000000000000e+00
3.476045592900000000e+15 2.204390678700000087e+36 1.189379999999999932e+39 1.000000000000000000e+00 0.000000000000000000e+00
3.446881329400000000e+15 2.178142841600000108e+36 1.184379999999999949e+39 1.000000000000000000e+00 0.000000000000000000e+00
3.417839927000000000e+15 2.152005579400000011e+36 1.179379999999999965e+39 1.000000000000000000e+00 0.000000000000000000e+00
3.388921385600000000e+15 2.125978892100000092e+36 1.174379999999999981e+39 1.000000000000000000e+00 0.000000000000000000e+00
3.360125705300000000e+15 2.100062779800000003e+36 1.169379999999999997e+39 1.000000000000000000e+00 0.000000000000000000e+00
3.331452886000000000e+15 2.074257242500000038e+36 1.164380000000000013e+39 1.000000000000000000e+00 0.000000000000000000e+00
3.302902927700000000e+15 2.048562280000000009e+36 1.159380000000000029e+39 1.000000000000000000e+00 0.000000000000000000e+00
3.274475830500000000e+15 2.022977892500000104e+36 1.154380000000000046e+39 1.000000000000000000e+00 0.000000000000000000e+00
3.246171594300000000e+15 1.997504080000000030e+36 1.149380000000000062e+39 1.000000000000000000e+00 0.000000000000000000e+00
3.217990219200000000e+15 1.972140842400000133e+36 1.144379999999999927e+39 1.000000000000000000e+00 0.000000000000000000e+00
3.189931705200000000e+15 1.946888179700000118e+36 1.139379999999999943e+39 1.000000000000000000e+00 0.000000000000000000e+00
3.161996052100000000e+15 1.921746091999999933e+36 1.134379999999999959e+39 1.000000000000000000e+00 0.000000000000000000e+00
3.134183260200000000e+15 1.896714579199999926e+36 1.129379999999999975e+39 1.000000000000000000e+00 0.000000000000000000e+00
3.106493329200000000e+15 1.871793641400000043e+36 1.124379999999999991e+39 1.000000000000000000e+00 0.000000000000000000e+00
3.078926259300000000e+15 1.846983278500000043e+36 1.119380000000000008e+39 1.000000000000000000e+00 0.000000000000000000e+00
3.051482050500000000e+15 1.822283490499999926e+36 1.114380000000000024e+39 1.000000000000000000e+00 0.000000000000000000e+00
3.024160702700000000e+15 1.797694277499999933e+36 1.109380000000000040e+39 1.000000000000000000e+00 0.000000000000000000e+00
2.996962215900000000e+15 1.773215639400000118e+36 1.104380000000000056e+39 1.000000000000000000e+00 0.000000000000000000e+00
2.969886590200000000e+15 1.748847576300000133e+36 1.099380000000000072e+39 1.000000000000000000e+00 0.000000000000000000e+00
2.942933825600000000e+15 1.724590088100000030e+36 1.094379999999999937e+39 1.000000000000000000e+00 0.000000000000000000e+00
2.916103922000000000e+15 1.700443174900000052e+36 1.089379999999999954e+39 1.000000000000000000e+00 0.000000000000000000e+00
2.889396879400000000e+15 1.676406836500000009e+36 1.084379999999999970e+39 1.000000000000000000e+00 0.000000000000000000e+00
2.862812697900000000e+15 1.652481073200000038e+36 1.079379999999999986e+39 1.000000000000000000e+00 0.000000000000000000e+00
2.836351377400000000e+15 1.628665884700000003e+36 1.074380000000000002e+39 1.000000000000000000e+00 0.000000000000000000e+00
2.810012917900000000e+15 1.604961271200000092e+36 1.069380000000000018e+39 1.000000000000000000e+00 0.000000000000000000e+00
2.783797319500000000e+15 1.581367232700000011e+36 1.064380000000000034e+39 1.000000000000000000e+00 0.000000000000000000e+00
2.757704582200000000e+15 1.557883769100000108e+36 1.059380000000000051e+39 1.000000000000000000e+00 0.000000000000000000e+00
2.731734705900000000e+15 1.534510880400000087e+36 1.054380000000000067e+39 1.000000000000000000e+00 0.000000000000000000e+00
2.705887690600000000e+15 1.511248566699999896e+36 1.049379999999999932e+39 1.000000000000000000e+00 0.000000000000000000e+00
2.680163536400000000e+15 1.488096827899999883e+36 1.044379999999999948e+39 1.000000000000000000e+00 0.000000000000000000e+00
2.654562243300000000e+15 1.465055664000000047e+36 1.039379999999999964e+39 1.000000000000000000e+00 0.000000000000000000e+00
2.629083811200000000e+15 1.442125075100000041e+36 1.034379999999999980e+39 1.000000000000000000e+00 0.000000000000000000e+00
2.603728240100000000e+15 1.419305061199999865e+36 1.029379999999999996e+39 1.000000000000000000e+00 0.000000000000000000e+00
2.578495530000000000e+15 1.396595622099999919e+36 1.024380000000000013e+39 1.000000000000000000e+00 0.000000000000000000e+00
2.553385681100000000e+15 1.373996758100000045e+36 1.019380000000000029e+39 1.000000000000000000e+00 0.000000000000000000e+00
2.528398693100000000e+15 1.351508468900000106e+36 1.014380000000000045e+39 1.000000000000000000e+00 0.000000000000000000e+00
2.503534566200000000e+15 1.329130754699999997e+36 1.009380000000000061e+39 1.000000000000000000e+00 0.000000000000000000e+00
2.478793300400000000e+15 1.306863615400000066e+36 1.004379999999999926e+39 1.000000000000000000e+00 0.000000000000000000e+00
2.454169984200000000e+15 1.284702630900000057e+36 9.993790000000000064e+38 1.000000000000000000e+00 0.000000000000000000e+00
2.429674465000000000e+15 1.262656663599999974e+36 9.943790000000000226e+38 1.000000000000000000e+00 0.000000000000000000e+00
2.405301806900000000e+15 1.240721271300000016e+36 9.893790000000000388e+38 1.000000000000000000e+00 0.000000000000000000e+00
2.381052009800000000e+15 1.218896453899999941e+36 9.843790000000000549e+38 1.000000000000000000e+00 0.000000000000000000e+00
2.356925073700000000e+15 1.197182211400000044e+36 9.793790000000000711e+38 1.000000000000000000e+00 0.000000000000000000e+00
2.332920998700000000e+15 1.175578543899999976e+36 9.743789999999999362e+38 1.000000000000000000e+00 0.000000000000000000e+00
2.309039784800000000e+15 1.154085451400000033e+36 9.693789999999999523e+38 1.000000000000000000e+00 0.000000000000000000e+00
2.285281431800000000e+15 1.132702933799999972e+36 9.643789999999999685e+38 1.000000000000000000e+00 0.000000000000000000e+00
2.261645940000000000e+15 1.111430991099999941e+36 9.593789999999999847e+38 1.000000000000000000e+00 0.000000000000000000e+00
2.238133309200000000e+15 1.090269623299999941e+36 9.543790000000000008e+38 1.000000000000000000e+00 0.000000000000000000e+00
2.214743539400000000e+15 1.069218830500000065e+36 9.493790000000000170e+38 1.000000000000000000e+00 0.000000000000000000e+00
2.191476630600000000e+15 1.048278612700000019e+36 9.443790000000000332e+38 1.000000000000000000e+00 0.000000000000000000e+00
2.168332583000000000e+15 1.027448969800000004e+36 9.393790000000000493e+38 1.000000000000000000e+00 0.000000000000000000e+00
2.145311396300000000e+15 1.006729901800000018e+36 9.343790000000000655e+38 1.000000000000000000e+00 0.000000000000000000e+00
2.122413070700000000e+15 9.861214087399999818e+35 9.293789999999999306e+38 1.000000000000000000e+00 0.000000000000000000e+00
2.099637606200000000e+15 9.656234906500000571e+35 9.243789999999999467e+38 1.000000000000000000e+00 0.000000000000000000e+00
2.076985002700000000e+15 9.452361474900000285e+35 9.193789999999999629e+38 1.000000000000000000e+00 0.000000000000000000e+00
2.054455260200000000e+15 9.249593792800000036e+35 9.143789999999999791e+38 1.000000000000000000e+00 0.000000000000000000e+00
2.032048378800000000e+15 9.047931860000000224e+35 9.093789999999999952e+38 1.000000000000000000e+00 0.000000000000000000e+00
2.009764358400000000e+15 8.847375676700000449e+35 9.043790000000000114e+38 1.000000000000000000e+00 0.000000000000000000e+00
1.987603199100000000e+15 8.647925242800000173e+35 8.993790000000000276e+38 1.000000000000000000e+00 0.000000000000000000e+00
1.965564900800000000e+15 8.449580558200000335e+35 8.943790000000000437e+38 1.000000000000000000e+00 0.000000000000000000e+00
1.943649463600000000e+15 8.252341623100000533e+35 8.893790000000000599e+38 1.000000000000000000e+00 0.000000000000000000e+00
1.921856887400000000e+15 8.056208437400000230e+35 8.843789999999999250e+38 1.000000000000000000e+00 0.000000000000000000e+00
1.900187172200000000e+15 7.861181001099999427e+35 8.793789999999999411e+38 1.000000000000000000e+00 0.000000000000000000e+00
1.878640318100000000e+15 7.667259314199999598e+35 8.743789999999999573e+38 1.000000000000000000e+00 0.000000000000000000e+00
1.857216325100000000e+15 7.474443376699999268e+35 8.693789999999999735e+38 1.000000000000000000e+00 0.000000000000000000e+00
1.835915193100000000e+15 7.282733188700000451e+35 8.643789999999999896e+38 3.262443438900000103e+00 0.000000000000000000e+00
1.820658627600000000e+15 7.146193477100000664e+35 8.593790000000000058e+38 3.262443438900000103e+00 0.000000000000000000e+00
1.805489751300000000e+15 7.011439292600000376e+35 8.543790000000000220e+38 3.262443438900000103e+00 0.000000000000000000e+00
1.790407920600000000e+15 6.878457530300000146e+35 8.493790000000000381e+38 3.262443438900000103e+00 0.000000000000000000e+00
1.775412493000000000e+15 6.747235105600000439e+35 8.443790000000000543e+38 3.262443438900000103e+00 0.000000000000000000e+00
1.760502826700000000e+15 6.617758953900000013e+35 8.393790000000000705e+38 3.262443438900000103e+00 0.000000000000000000e+00
1.745678281300000000e+15 6.490016031000000284e+35 8.343789999999999355e+38 3.262443438900000103e+00 0.000000000000000000e+00
1.730938217000000000e+15 6.363993313100000162e+35 8.293789999999999517e+38 3.262443438900000103e+00 0.000000000000000000e+00
1.716281995300000000e+15 6.239677796799999736e+35 8.243789999999999679e+38 3.262443438900000103e+00 0.000000000000000000e+00
1.701708978600000000e+15 6.117056499200000078e+35 8.193789999999999840e+38 3.262443438900000103e+00 0.000000000000000000e+00
1.687218530200000000e+15 5.996116458400000026e+35 8.143790000000000002e+38 3.262443438900000103e+00 0.000000000000000000e+00
1.672810014700000000e+15 5.876844732700000000e+35 8.093790000000000164e+38 3.262443438900000103e+00 0.000000000000000000e+00
1.658482797400000000e+15 5.759228401599999999e+35 8.043790000000000325e+38 3.262443438900000103e+00 0.000000000000000000e+00
1.644236244900000000e+15 5.643254565600000003e+35 7.993790000000000487e+38 3.262443438900000103e+00 0.000000000000000000e+00
1.630069724600000000e+15 5.528910345800000032e+35 7.943790000000000649e+38 3.262443438900000103e+00 0.000000000000000000e+00
1.615982605200000000e+15 5.416182884900000361e+35 7.893789999999999299e+38 3.262443438900000103e+00 0.000000000000000000e+00
1.601974256200000000e+15 5.305059346599999769e+35 7.843789999999999461e+38 3.262443438900000103e+00 0.000000000000000000e+00
1.588044048300000000e+15 5.195526915800000302e+35 7.793789999999999623e+38 3.262443438900000103e+00 0.000000000000000000e+00
1.574191353100000000e+15 5.087572799099999633e+35 7.743789999999999784e+38 3.262443438900000103e+00 0.000000000000000000e+00
1.560415543400000000e+15 4.981184224499999777e+35 7.693789999999999946e+38 3.262443438900000103e+00 0.000000000000000000e+00
1.546715993000000000e+15 4.876348441399999713e+35 7.643790000000000108e+38 3.262443438900000103e+00 0.000000000000000000e+00
1.533092076900000000e+15 4.773052721399999686e+35 7.593790000000000269e+38 3.262443438900000103e+00 0.000000000000000000e+00
1.519543170900000000e+15 4.671284357499999854e+35 7.543790000000000431e+38 3.262443438900000103e+00 0.000000000000000000e+00
1.506068652100000000e+15 4.571030664800000368e+35 7.493790000000000593e+38 3.262443438900000103e+00 0.000000000000000000e+00
1.492667898600000000e+15 4.472278980599999688e+35 7.443790000000000754e+38 3.262443438900000103e+00 0.000000000000000000e+00
1.479340289600000000e+15 4.375016663999999818e+35 7.393789999999999405e+38 3.262443438900000103e+00 0.000000000000000000e+00
1.466085205400000000e+15 4.279231096800000073e+35 7.343789999999999567e+38 3.262443438900000103e+00 0.000000000000000000e+00
1.452902027400000000e+15 4.184909682700000156e+35 7.293789999999999728e+38 3.262443438900000103e+00 0.000000000000000000e+00
1.439790138000000000e+15 4.092039848299999633e+35 7.243789999999999890e+38 3.262443438900000103e+00 0.000000000000000000e+00
1.426748921000000000e+15 4.000609042599999672e+35 7.193790000000000052e+38 3.262443438900000103e+00 0.000000000000000000e+00
1.413777761000000000e+15 3.910604737400000025e+35 7.143790000000000213e+38 3.262443438900000103e+00 0.000000000000000000e+00
1.400876043900000000e+15 3.822014427100000173e+35 7.093790000000000375e+38 3.262443438900000103e+00 0.000000000000000000e+00
1.388043156600000000e+15 3.734825629499999929e+35 7.043790000000000537e+38 3.262443438900000103e+00 0.000000000000000000e+00
1.375278487200000000e+15 3.649025884899999770e+35 6.993790000000000698e+38 3.262443438900000103e+00 0.000000000000000000e+00
1.362581425100000000e+15 3.564602757399999708e+35 6.943789999999999349e+38 3.262443438900000103e+00 0.000000000000000000e+00
1.349951360500000000e+15 3.481543833800000017e+35 6.893789999999999511e+38 3.262443438900000103e+00 0.000000000000000000e+00
1.337387685000000000e+15 3.399836724900000104e+35 6.843789999999999672e+38 3.262443438900000103e+00 0.000000000000000000e+00
1.324889791300000000e+15 3.319469064700000113e+35 6.793789999999999834e+38 3.262443438900000103e+00 0.000000000000000000e+00
1.312457073400000000e+15 3.240428510899999922e+35 6.743789999999999996e+38 3.262443438900000103e+00 0.000000000000000000e+00
1.300088926100000000e+15 3.162702745200000018e+35 6.693790000000000157e+38 3.262443438900000103e+00 0.000000000000000000e+00
1.287784745700000000e+15 3.086279473100000054e+35 6.643790000000000319e+38 3.262443438900000103e+00 0.000000000000000000e+00
1.275543929600000000e+15 3.011146424299999889e+35 6.593789999999999725e+38 3.262443438900000103e+00 0.000000000000000000e+00
1.263365876400000000e+15 2.937291352600000163e+35 6.543789999999999887e+38 3.262443438900000103e+00 0.000000000000000000e+00
1.251249985900000000e+15 2.864702036199999846e+35 6.493790000000000049e+38 3.262443438900000103e+00 0.000000000000000000e+00
1.239195659000000000e+15 2.793366277800000097e+35 6.443790000000000210e+38 3.262443438900000103e+00 0.000000000000000000e+00
1.227202297800000000e+15 2.723271904599999838e+35 6.393790000000000372e+38 3.262443438900000103e+00 0.000000000000000000e+00
1.215269305900000000e+15 2.654406768700000118e+35 6.343789999999999778e+38 3.262443438900000103e+00 0.000000000000000000e+00
1.203396087900000000e+15 2.586758746999999884e+35 6.293789999999999940e+38 3.262443438900000103e+00 0.000000000000000000e+00
1.191582049500000000e+15 2.520315741700000147e+35 6.243790000000000101e+38 3.262443438900000103e+00 0.000000000000000000e+00
1.179826597900000000e+15 2.455065679899999985e+35 6.193790000000000263e+38 3.262443438900000103e+00 0.000000000000000000e+00
1.168129141400000000e+15 2.390996514099999968e+35 6.143789999999999669e+38 3.262443438900000103e+00 0.000000000000000000e+00
1.156489089600000000e+15 2.328096222399999916e+35 6.093789999999999831e+38 3.262443438900000103e+00 0.000000000000000000e+00
1.144905853400000000e+15 2.266352808600000169e+35 6.043789999999999993e+38 3.262443438900000103e+00 0.000000000000000000e+00
1.133378844800000000e+15 2.205754302099999949e+35 5.993790000000000154e+38 3.262443438900000103e+00 0.000000000000000000e+00
1.121907477300000000e+15 2.146288758400000043e+35 5.943790000000000316e+38 3.262443438900000103e+00 0.000000000000000000e+00
1.110491165600000000e+15 2.087944259099999852e+35 5.893789999999999722e+38 3.262443438900000103e+00 0.000000000000000000e+00
1.099129325500000000e+15 2.030708912099999943e+35 5.843789999999999884e+38 3.262443438900000103e+00 0.000000000000000000e+00
1.087821374400000000e+15 1.974570851700000004e+35 5.793790000000000045e+38 3.262443438900000103e+00 0.000000000000000000e+00
1.076566730900000000e+15 1.919518238900000086e+35 5.743790000000000207e+38 3.262443438900000103e+00 0.000000000000000000e+00
1.065364814800000000e+15 1.865539261399999867e+35 5.693790000000000369e+38 3.262443438900000103e+00 0.000000000000000000e+00
1.054215047300000000e+15 1.812622133800000095e+35 5.643789999999999775e+38 3.262443438900000103e+00 0.000000000000000000e+00
1.043116850900000000e+15 1.760755097999999942e+35 5.593789999999999937e+38 3.262443438900000103e+00 0.000000000000000000e+00
1.032069649700000000e+15 1.709926423100000154e+35 5.543790000000000098e+38 3.262443438900000103e+00 0.000000000000000000e+00
1.021072868700000000e+15 1.660124405700000055e+35 5.493790000000000260e+38 3.262443438900000103e+00 0.000000000000000000e+00
1.010125934600000000e+15 1.611337370099999912e+35 5.443789999999999666e+38 3.262443438900000103e+00 0.000000000000000000e+00
9.992282753500000000e+14 1.563553668399999997e+35 5.393789999999999828e+38 3.262443438900000103e+00 0.000000000000000000e+00
9.883793202800000000e+14 1.516761680899999967e+35 5.343789999999999989e+38 3.262443438900000103e+00 0.000000000000000000e+00
9.775785001200000000e+14 1.470949815800000023e+35 5.293790000000000151e+38 3.262443438900000103e+00 0.000000000000000000e+00
9.668252469800000000e+14 1.426106510000000042e+35 5.243790000000000313e+38 3.262443438900000103e+00 0.000000000000000000e+00
9.561189943900000000e+14 1.382220229099999949e+35 5.193789999999999719e+38 3.262443438900000103e+00 0.000000000000000000e+00
9.454591773000000000e+14 1.339279467299999912e+35 5.143789999999999881e+38 3.262443438900000103e+00 0.000000000000000000e+00
9.348452320800000000e+14 1.297272748000000067e+35 5.093790000000000042e+38 3.262443438900000103e+00 0.000000000000000000e+00
9.242765965200000000e+14 1.256188623699999979e+35 5.043790000000000204e+38 3.262443438900000103e+00 0.000000000000000000e+00
9.137527098700000000e+14 1.216015676400000052e+35 4.993790000000000366e+38 3.262443438900000103e+00 0.000000000000000000e+00
9.032730128500000000e+14 1.176742517900000010e+35 4.943789999999999772e+38 3.262443438900000103e+00 0.000000000000000000e+00
8.928369476300000000e+14 1.138357789700000016e+35 4.893789999999999933e+38 3.262443438900000103e+00 0.000000000000000000e+00
8.824439578700000000e+14 1.100850163500000039e+35 4.843790000000000095e+38 3.262443438900000103e+00 0.000000000000000000e+00
8.720934887000000000e+14 1.064208341400000010e+35 4.793790000000000257e+38 3.262443438900000103e+00 0.000000000000000000e+00
8.617849867800000000e+14 1.028421055800000018e+35 4.743789999999999663e+38 3.262443438900000103e+00 0.000000000000000000e+00
8.515179002600000000e+14 9.934770703299999267e+34 4.693789999999999825e+38 3.262443438900000103e+00 0.000000000000000000e+00
8.412916788200000000e+14 9.593651792799999589e+34 4.643789999999999986e+38 3.262443438900000103e+00 0.000000000000000000e+00
8.311057736900000000e+14 9.260742084099999991e+34 4.593790000000000148e+38 3.262443438900000103e+00 0.000000000000000000e+00
8.209596376200000000e+14 8.935930149599999409e+34 4.543790000000000310e+38 3.262443438900000103e+00 0.000000000000000000e+00
8.108527249500000000e+14 8.619104879699999682e+34 4.493789999999999716e+38 3.262443438900000103e+00 0.000000000000000000e+00
8.007844915800000000e+14 8.310155485099999103e+34 4.443789999999999878e+38 3.262443438900000103e+00 0.000000000000000000e+00
7.907543949900000000e+14 8.008971499599999718e+34 4.393790000000000039e+38 3.262443438900000103e+00 0.000000000000000000e+00
7.807618942800000000e+14 7.715442782899999871e+34 4.343790000000000201e+38 3.262443438900000103e+00 0.000000000000000000e+00
7.707936302800000000e+14 7.444819084700000328e+34 4.293790000000000363e+38 2.923076923100000002e+00 0.000000000000000000e+00
7.608710321200000000e+14 7.194236397599999762e+34 4.243789999999999769e+38 2.923076923100000002e+00 0.000000000000000000e+00
7.509808689900000000e+14 6.949267465800000106e+34 4.193789999999999930e+38 2.923076923100000002e+00 0.000000000000000000e+00
7.411227879800000000e+14 6.709851208499999654e+34 4.143790000000000092e+38 2.923076923100000002e+00 0.000000000000000000e+00
7.312964358600000000e+14 6.475926488599999757e+34 4.093790000000000254e+38 2.923076923100000002e+00 0.000000000000000000e+00
7.215014590500000000e+14 6.247432112399999885e+34 4.043789999999999660e+38 2.923076923100000002e+00 0.000000000000000000e+00
7.117375036700000000e+14 6.024306828599999634e+34 3.993789999999999822e+38 2.923076923100000002e+00 0.000000000000000000e+00
7.020042154800000000e+14 5.806489327500000328e+34 3.943789999999999983e+38 2.923076923100000002e+00 0.000000000000000000e+00
6.923012399000000000e+14 5.593918240499999562e+34 3.893790000000000145e+38 2.923076923100000002e+00 0.000000000000000000e+00
6.826282220100000000e+14 5.386532138999999866e+34 3.843790000000000307e+38 2.923076923100000002e+00 0.000000000000000000e+00
6.729848065500000000e+14 5.184269533799999761e+34 3.793789999999999713e+38 2.923076923100000002e+00 0.000000000000000000e+00
6.633706378900000000e+14 4.987068873999999650e+34 3.743789999999999874e+38 2.923076923100000002e+00 0.000000000000000000e+00
6.537853600300000000e+14 4.794868546500000057e+34 3.693790000000000036e+38 2.923076923100000002e+00 0.000000000000000000e+00
6.442286166200000000e+14 4.607606874500000017e+34 3.643790000000000198e+38 2.923076923100000002e+00 0.000000000000000000e+00
6.347000509500000000e+14 4.425222117300000244e+34 3.593790000000000359e+38 2.923076923100000002e+00 0.000000000000000000e+00
6.251993059100000000e+14 4.247652468799999685e+34 3.543789999999999766e+38 2.923076923100000002e+00 0.000000000000000000e+00
6.157260240000000000e+14 4.074836056699999884e+34 3.493789999999999927e+38 2.923076923100000002e+00 0.000000000000000000e+00
6.062798473700000000e+14 3.906710941599999871e+34 3.443790000000000089e+38 2.923076923100000002e+00 0.000000000000000000e+00
5.968604177500000000e+14 3.743215115900000211e+34 3.393789999999999873e+38 2.923076923100000002e+00 0.000000000000000000e+00
5.874673764600000000e+14 3.584286502500000074e+34 3.343790000000000035e+38 2.923076923100000002e+00 0.000000000000000000e+00
5.781003644400000000e+14 3.429862954100000021e+34 3.293789999999999818e+38 2.923076923100000002e+00 0.000000000000000000e+00
5.687590221900000000e+14 3.279882251800000197e+34 3.243789999999999980e+38 2.923076923100000002e+00 0.000000000000000000e+00
5.594429898200000000e+14 3.134282104100000033e+34 3.193790000000000142e+38 2.923076923100000002e+00 0.000000000000000000e+00
5.501519069800000000e+14 2.993000145399999861e+34 3.143789999999999926e+38 2.923076923100000002e+00 0.000000000000000000e+00
5.408854129100000000e+14 2.855973935099999957e+34 3.093790000000000087e+38 2.923076923100000002e+00 0.000000000000000000e+00
5.316431464000000000e+14 2.723140956000000055e+34 3.043789999999999871e+38 2.923076923100000002e+00 0.000000000000000000e+00
5.224247457900000000e+14 2.594438613299999965e+34 2.993790000000000033e+38 2.923076923100000002e+00 0.000000000000000000e+00
5.132298489600000000e+14 2.469804232900000217e+34 2.943789999999999817e+38 2.923076923100000002e+00 0.000000000000000000e+00
5.040580933300000000e+14 2.349175060300000111e+34 2.893789999999999979e+38 2.923076923100000002e+00 0.000000000000000000e+00
4.949091158500000000e+14 2.232488258799999943e+34 2.843790000000000140e+38 2.923076923100000002e+00 0.000000000000000000e+00
4.857825529700000000e+14 2.119680908100000117e+34 2.793789999999999924e+38 2.923076923100000002e+00 0.000000000000000000e+00
4.766780406600000000e+14 2.010690002900000036e+34 2.743790000000000086e+38 2.923076923100000002e+00 0.000000000000000000e+00
4.675952143900000000e+14 1.905452450900000029e+34 2.693789999999999870e+38 2.923076923100000002e+00 0.000000000000000000e+00
4.585337091200000000e+14 1.803905071299999978e+34 2.643790000000000031e+38 2.923076923100000002e+00 0.000000000000000000e+00
4.494931592900000000e+14 1.705984593300000017e+34 2.593789999999999815e+38 2.923076923100000002e+00 0.000000000000000000e+00
4.404731987800000000e+14 1.611627653499999978e+34 2.543789999999999977e+38 2.923076923100000002e+00 0.000000000000000000e+00
4.314734609700000000e+14 1.520770795000000042e+34 2.493790000000000139e+38 2.923076923100000002e+00 0.000000000000000000e+00
4.225080000000000000e+14 1.428879999999999930e+34 2.443789999999999923e+38 2.737000000000000099e+00 0.000000000000000000e+00
4.135250000000000000e+14 1.349730000000000092e+34 2.393790000000000084e+38 2.737000000000000099e+00 0.000000000000000000e+00
4.045600000000000000e+14 1.273509999999999998e+34 2.343789999999999868e+38 2.737000000000000099e+00 0.000000000000000000e+00
3.956120000000000000e+14 1.200169999999999902e+34 2.293790000000000030e+38 2.736000000000000210e+00 0.000000000000000000e+00
3.866820000000000000e+14 1.129669999999999959e+34 2.243789999999999814e+38 2.734999999999999876e+00 0.000000000000000000e+00
3.777680000000000000e+14 1.061970000000000098e+34 2.193789999999999975e+38 2.733999999999999986e+00 0.000000000000000000e+00
3.688720000000000000e+14 9.970249999999999462e+33 2.143790000000000137e+38 2.733000000000000096e+00 0.000000000000000000e+00
3.599910000000000000e+14 9.347829999999999619e+33 2.093789999999999921e+38 2.730999999999999872e+00 0.000000000000000000e+00
3.511270000000000000e+14 8.751990000000000045e+33 2.043790000000000083e+38 2.729000000000000092e+00 0.000000000000000000e+00
3.422790000000000000e+14 8.182239999999999954e+33 1.993789999999999867e+38 2.726999999999999869e+00 0.000000000000000000e+00
3.334460000000000000e+14 7.638089999999999712e+33 1.943790000000000028e+38 2.724000000000000199e+00 0.000000000000000000e+00
3.246290000000000000e+14 7.119020000000000437e+33 1.893789999999999812e+38 2.721000000000000085e+00 0.000000000000000000e+00
3.158260000000000000e+14 6.624499999999999656e+33 1.843789999999999974e+38 2.717999999999999972e+00 0.000000000000000000e+00
3.070390000000000000e+14 6.154019999999999772e+33 1.793790000000000136e+38 2.713999999999999968e+00 0.000000000000000000e+00
2.982660000000000000e+14 5.707020000000000217e+33 1.743789999999999919e+38 2.709000000000000075e+00 0.000000000000000000e+00
2.895080000000000000e+14 5.282930000000000286e+33 1.693790000000000081e+38 2.704000000000000181e+00 0.000000000000000000e+00
2.807640000000000000e+14 4.881200000000000121e+33 1.643790000000000054e+38 2.697999999999999954e+00 0.000000000000000000e+00
2.720340000000000000e+14 4.501220000000000214e+33 1.593790000000000027e+38 2.690999999999999837e+00 0.000000000000000000e+00
2.633180000000000000e+14 4.142400000000000168e+33 1.543789999999999999e+38 2.684000000000000163e+00 0.000000000000000000e+00
2.546160000000000000e+14 3.804110000000000210e+33 1.493789999999999972e+38 2.676000000000000156e+00 0.000000000000000000e+00
2.459270000000000000e+14 3.485730000000000119e+33 1.443789999999999945e+38 2.665999999999999925e+00 0.000000000000000000e+00
2.372510000000000000e+14 3.186580000000000028e+33 1.393789999999999918e+38 2.656000000000000139e+00 0.000000000000000000e+00
2.285890000000000000e+14 2.905990000000000203e+33 1.343790000000000080e+38 2.644000000000000128e+00 0.000000000000000000e+00
2.199400000000000000e+14 2.643240000000000240e+33 1.293790000000000052e+38 2.630999999999999783e+00 0.000000000000000000e+00
2.113050000000000000e+14 2.397590000000000045e+33 1.243790000000000025e+38 2.616000000000000103e+00 0.000000000000000000e+00
2.026830000000000000e+14 2.168210000000000052e+33 1.193789999999999998e+38 2.600000000000000089e+00 0.000000000000000000e+00
1.940770000000000000e+14 1.954169999999999931e+33 1.143789999999999971e+38 2.581999999999999851e+00 0.000000000000000000e+00
1.854870000000000000e+14 1.754180000000000018e+33 1.093789999999999943e+38 2.563000000000000167e+00 0.000000000000000000e+00
1.769200000000000000e+14 1.566880000000000000e+33 1.043789999999999916e+38 2.539000000000000146e+00 0.000000000000000000e+00
1.683640000000000000e+14 1.393999999999999948e+33 9.937900000000000780e+37 2.512999999999999901e+00 0.000000000000000000e+00
1.598170000000000000e+14 1.234980000000000014e+33 9.437900000000000508e+37 2.483999999999999986e+00 0.000000000000000000e+00
1.492400000000000000e+14 1.093820000000000066e+33 8.818639999999999124e+37 2.490000000000000213e+00 2.075900000000000034e+29
1.487480000000000000e+14 1.086999999999999964e+33 8.789789999999999318e+37 2.491999999999999993e+00 2.854420000000000109e+29
1.482550000000000000e+14 1.079890000000000021e+33 8.760939999999999513e+37 2.494000000000000217e+00 3.260449999999999787e+29
1.477630000000000000e+14 1.072739999999999976e+33 8.732099999999999066e+37 2.495000000000000107e+00 3.577519999999999835e+29
1.472710000000000000e+14 1.065589999999999930e+33 8.703249999999999261e+37 2.496999999999999886e+00 3.851479999999999769e+29
1.467790000000000000e+14 1.058440000000000028e+33 8.674399999999999455e+37 2.498000000000000220e+00 4.100000000000000335e+29
1.462870000000000000e+14 1.051299999999999972e+33 8.645549999999999650e+37 2.500000000000000000e+00 4.331850000000000014e+29
1.457950000000000000e+14 1.044180000000000039e+33 8.616699999999999845e+37 2.500999999999999890e+00 4.552049999999999928e+29
1.453030000000000000e+14 1.037079999999999942e+33 8.587859999999999398e+37 2.501999999999999780e+00 4.763720000000000060e+29
1.448110000000000000e+14 1.029989999999999977e+33 8.559009999999999593e+37 2.504000000000000004e+00 4.968939999999999694e+29
1.443190000000000000e+14 1.022929999999999982e+33 8.530159999999999787e+37 2.378000000000000114e+00 5.169140000000000317e+29
1.438270000000000000e+14 1.015879999999999976e+33 8.501309999999999982e+37 2.375999999999999890e+00 5.365359999999999812e+29
1.433350000000000000e+14 1.008859999999999939e+33 8.472460000000000176e+37 2.374000000000000110e+00 5.558379999999999759e+29
1.428440000000000000e+14 1.001860000000000026e+33 8.443619999999999730e+37 2.371999999999999886e+00 5.748779999999999653e+29
1.423520000000000000e+14 9.948780000000000643e+32 8.414769999999999924e+37 2.370000000000000107e+00 5.937010000000000134e+29
1.418600000000000000e+14 9.879199999999999915e+32 8.385920000000000119e+37 2.367999999999999883e+00 6.123419999999999746e+29
1.413680000000000000e+14 9.809859999999999514e+32 8.357070000000000313e+37 2.366000000000000103e+00 6.308299999999999996e+29
1.408760000000000000e+14 9.740740000000000613e+32 8.328219999999999563e+37 2.365000000000000213e+00 6.491870000000000572e+29
1.403850000000000000e+14 9.671869999999999290e+32 8.299380000000000061e+37 2.362999999999999989e+00 6.674320000000000179e+29
1.398930000000000000e+14 9.603219999999999467e+32 8.270530000000000256e+37 2.361000000000000210e+00 6.855789999999999644e+29
1.394010000000000000e+14 9.534820000000000104e+32 8.241680000000000450e+37 2.358999999999999986e+00 7.036400000000000073e+29
1.389100000000000000e+14 9.466669999999999760e+32 8.212829999999999700e+37 2.357000000000000206e+00 7.216260000000000609e+29
1.384180000000000000e+14 9.398749999999999609e+32 8.183979999999999895e+37 2.354999999999999982e+00 7.395450000000000113e+29
1.379270000000000000e+14 9.331079999999999918e+32 8.155140000000000393e+37 2.353000000000000203e+00 7.574039999999999702e+29
1.374350000000000000e+14 9.263660000000000687e+32 8.126289999999999643e+37 2.350999999999999979e+00 7.752079999999999368e+29
1.369430000000000000e+14 9.196490000000000475e+32 8.097439999999999838e+37 2.349000000000000199e+00 7.929629999999999667e+29
1.364520000000000000e+14 9.129579999999999416e+32 8.068590000000000032e+37 2.346999999999999975e+00 8.106710000000000313e+29
1.359600000000000000e+14 9.062910000000000125e+32 8.039740000000000227e+37 2.345000000000000195e+00 8.283359999999999331e+29
1.354690000000000000e+14 8.996499999999999986e+32 8.010899999999999780e+37 2.342999999999999972e+00 8.459609999999999812e+29
1.349780000000000000e+14 8.930340000000000307e+32 7.982049999999999975e+37 2.341000000000000192e+00 8.635469999999999504e+29
1.344860000000000000e+14 8.864439999999999781e+32 7.953200000000000169e+37 2.338999999999999968e+00 8.810959999999999530e+29
1.339950000000000000e+14 8.798799999999999849e+32 7.924350000000000364e+37 2.337000000000000188e+00 8.986090000000000451e+29
1.335030000000000000e+14 8.733420000000000510e+32 7.895499999999999614e+37 2.335999999999999854e+00 9.160870000000000014e+29
1.330120000000000000e+14 8.668300000000000325e+32 7.866660000000000112e+37 2.334000000000000075e+00 9.335299999999999627e+29
1.325210000000000000e+14 8.609120000000000292e+32 7.837810000000000306e+37 2.330999999999999961e+00 5.871489999999999802e+29
1.320300000000000000e+14 8.544580000000000656e+32 7.808959999999999556e+37 2.329000000000000181e+00 5.958750000000000025e+29
1.315380000000000000e+14 8.480300000000000171e+32 7.780109999999999751e+37 2.326999999999999957e+00 6.045889999999999841e+29
1.300650000000000000e+14 8.301459999999999987e+32 7.693569999999999693e+37 2.319999999999999840e+00 3.261029999999999987e+29
1.295740000000000000e+14 8.238359999999999427e+32 7.664719999999999888e+37 2.318000000000000060e+00 3.285389999999999930e+29
1.271180000000000000e+14 7.926769999999999901e+32 7.520480000000000220e+37 2.306999999999999940e+00 3.407779999999999702e+29
1.241730000000000000e+14 7.561559999999999739e+32 7.347389999999999801e+37 2.294999999999999929e+00 3.554899999999999788e+29
1.236820000000000000e+14 7.501609999999999500e+32 7.318539999999999996e+37 2.293000000000000149e+00 3.579340000000000001e+29
1.212280000000000000e+14 7.205900000000000437e+32 7.174300000000000328e+37 2.282000000000000028e+00 3.700829999999999900e+29
1.202470000000000000e+14 7.089490000000000503e+32 7.116610000000000076e+37 2.278000000000000025e+00 3.748990000000000006e+29
1.197560000000000000e+14 7.031680000000000052e+32 7.087760000000000270e+37 2.274999999999999911e+00 3.772959999999999863e+29
1.187750000000000000e+14 6.916880000000000026e+32 7.030059999999999715e+37 2.270999999999999908e+00 3.820629999999999897e+29
1.177940000000000000e+14 6.803139999999999760e+32 6.972370000000000407e+37 2.266000000000000014e+00 3.867940000000000123e+29
1.158320000000000000e+14 6.578899999999999312e+32 6.856979999999999600e+37 2.257000000000000117e+00 3.961329999999999762e+29
1.128900000000000000e+14 6.250580000000000209e+32 6.683890000000000126e+37 2.244000000000000217e+00 4.097830000000000219e+29
1.104390000000000000e+14 5.984359999999999825e+32 6.539650000000000458e+37 2.232000000000000206e+00 4.207809999999999770e+29
1.099490000000000000e+14 5.931919999999999833e+32 6.510799999999999708e+37 2.229999999999999982e+00 4.229360000000000250e+29
1.094590000000000000e+14 5.895090000000000297e+32 6.481949999999999902e+37 2.225000000000000089e+00 4.713789999999999782e+29
1.089690000000000000e+14 5.843479999999999873e+32 6.453100000000000097e+37 2.222999999999999865e+00 4.705419999999999836e+29
1.084790000000000000e+14 5.792130000000000043e+32 6.424259999999999650e+37 2.220000000000000195e+00 4.696909999999999769e+29
1.079890000000000000e+14 5.741050000000000219e+32 6.395409999999999845e+37 2.217999999999999972e+00 4.688249999999999724e+29
1.074990000000000000e+14 5.690230000000000269e+32 6.366560000000000039e+37 2.216000000000000192e+00 4.679439999999999699e+29
1.070090000000000000e+14 5.639680000000000326e+32 6.337710000000000234e+37 2.213000000000000078e+00 4.670490000000000257e+29
1.065190000000000000e+14 5.589380000000000123e+32 6.308860000000000428e+37 2.210999999999999854e+00 4.661380000000000275e+29
1.060290000000000000e+14 5.539349999999999926e+32 6.280019999999999982e+37 2.208000000000000185e+00 4.652109999999999753e+29
1.055400000000000000e+14 5.489580000000000323e+32 6.251170000000000176e+37 2.205999999999999961e+00 4.642699999999999813e+29
1.050500000000000000e+14 5.440069999999999873e+32 6.222320000000000371e+37 2.202999999999999847e+00 4.633130000000000036e+29
1.045600000000000000e+14 5.390820000000000017e+32 6.193469999999999621e+37 2.200000000000000178e+00 4.623410000000000281e+29
1.040700000000000000e+14 5.341830000000000034e+32 6.164619999999999816e+37 2.197999999999999954e+00 4.613529999999999985e+29
1.035800000000000000e+14 5.293110000000000058e+32 6.135780000000000314e+37 2.194999999999999840e+00 4.603499999999999711e+29
1.030910000000000000e+14 5.244639999999999822e+32 6.106929999999999564e+37 2.193000000000000060e+00 4.593320000000000161e+29
1.026010000000000000e+14 5.196430000000000179e+32 6.078079999999999758e+37 2.189999999999999947e+00 4.582980000000000071e+29
1.021110000000000000e+14 5.148479999999999689e+32 6.049229999999999953e+37 2.188000000000000167e+00 4.572490000000000002e+29
1.016220000000000000e+14 5.100789999999999793e+32 6.020380000000000147e+37 2.185000000000000053e+00 4.561840000000000096e+29
1.011320000000000000e+14 5.053359999999999770e+32 5.991539999999999701e+37 2.181999999999999940e+00 4.551040000000000211e+29
1.006420000000000000e+14 5.006190000000000341e+32 5.962689999999999895e+37 2.180000000000000160e+00 4.540090000000000348e+29
1.001530000000000000e+14 4.959269999999999931e+32 5.933840000000000090e+37 2.177000000000000046e+00 4.528979999999999944e+29
9.966310000000000000e+13 4.912620000000000249e+32 5.904990000000000284e+37 2.174999999999999822e+00 4.517720000000000265e+29
9.917350000000000000e+13 4.866220000000000306e+32 5.876139999999999534e+37 2.172000000000000153e+00 4.506300000000000046e+29
9.868400000000000000e+13 4.820070000000000103e+32 5.847300000000000032e+37 2.169000000000000039e+00 4.494729999999999847e+29
9.819450000000000000e+13 4.774189999999999907e+32 5.818450000000000227e+37 2.166999999999999815e+00 4.483009999999999670e+29
9.770510000000000000e+13 4.728560000000000170e+32 5.789600000000000421e+37 2.164000000000000146e+00 4.471140000000000218e+29
9.721560000000000000e+13 4.683180000000000174e+32 5.760749999999999671e+37 2.161000000000000032e+00 4.459120000000000083e+29
9.672620000000000000e+13 4.638060000000000051e+32 5.731899999999999866e+37 2.157999999999999918e+00 4.446949999999999970e+29
9.623680000000000000e+13 4.593199999999999801e+32 5.703060000000000364e+37 2.156000000000000139e+00 4.434629999999999877e+29
9.574740000000000000e+13 4.548590000000000011e+32 5.674209999999999614e+37 2.153000000000000025e+00 4.422159999999999806e+29
9.525810000000000000e+13 4.504229999999999960e+32 5.645359999999999809e+37 2.149999999999999911e+00 4.409539999999999756e+29
9.476880000000000000e+13 4.460119999999999650e+32 5.616510000000000003e+37 2.146999999999999797e+00 4.396769999999999727e+29
9.427950000000000000e+13 4.416269999999999933e+32 5.587660000000000198e+37 2.145000000000000018e+00 4.383860000000000280e+29
9.379020000000000000e+13 4.372680000000000089e+32 5.558819999999999751e+37 2.141999999999999904e+00 4.370800000000000151e+29
9.330100000000000000e+13 4.329329999999999851e+32 5.529969999999999946e+37 2.138999999999999790e+00 4.357599999999999902e+29
9.281180000000000000e+13 4.286240000000000207e+32 5.501120000000000140e+37 2.136000000000000121e+00 4.344260000000000234e+29
9.232260000000000000e+13 4.247299999999999843e+32 5.472270000000000335e+37 2.133000000000000007e+00 5.198350000000000280e+29
9.183340000000000000e+13 4.204750000000000213e+32 5.443419999999999585e+37 2.129999999999999893e+00 5.166290000000000015e+29
9.134430000000000000e+13 4.162450000000000323e+32 5.414580000000000083e+37 2.126999999999999780e+00 5.134219999999999893e+29
9.085520000000000000e+13 4.120400000000000172e+32 5.385730000000000277e+37 2.124000000000000110e+00 5.102130000000000054e+29
9.036610000000000000e+13 4.078590000000000347e+32 5.356880000000000472e+37 2.120999999999999996e+00 5.070029999999999655e+29
8.987700000000000000e+13 4.037030000000000263e+32 5.328029999999999722e+37 2.119000000000000217e+00 5.037929999999999959e+29
8.938800000000000000e+13 3.995719999999999917e+32 5.299179999999999916e+37 2.116000000000000103e+00 5.005809999999999843e+29
8.889890000000000000e+13 3.954660000000000032e+32 5.270340000000000414e+37 2.112999999999999989e+00 4.973689999999999728e+29
8.840990000000000000e+13 3.913839999999999753e+32 5.241489999999999664e+37 2.109999999999999876e+00 4.941570000000000316e+29
8.792100000000000000e+13 3.873269999999999934e+32 5.212639999999999859e+37 2.107000000000000206e+00 4.909440000000000343e+29
8.743200000000000000e+13 3.832939999999999721e+32 5.183790000000000054e+37 2.104000000000000092e+00 4.877309999999999666e+29
8.694310000000000000e+13 3.792859999999999968e+32 5.154940000000000248e+37 2.100999999999999979e+00 4.845179999999999692e+29
8.645420000000000000e+13 3.753029999999999954e+32 5.126099999999999802e+37 2.097999999999999865e+00 4.813060000000000281e+29
8.596540000000000000e+13 3.713430000000000133e+32 5.097249999999999996e+37 2.095000000000000195e+00 4.780940000000000165e+29
8.547650000000000000e+13 3.674080000000000052e+32 5.068400000000000191e+37 2.092000000000000082e+00 4.748829999999999908e+29
8.498770000000000000e+13 3.634970000000000297e+32 5.039550000000000385e+37 2.088999999999999968e+00 4.716719999999999650e+29
8.449890000000000000e+13 3.596110000000000282e+32 5.010699999999999635e+37 2.085999999999999854e+00 4.684629999999999812e+29
8.401010000000000000e+13 3.557479999999999739e+32 4.981860000000000133e+37 2.083000000000000185e+00 4.652549999999999831e+29
8.352140000000000000e+13 3.519099999999999656e+32 4.953010000000000328e+37 2.080000000000000071e+00 4.620479999999999709e+29
8.303270000000000000e+13 3.480959999999999900e+32 4.924159999999999578e+37 2.076999999999999957e+00 4.588430000000000006e+29
8.254400000000000000e+13 3.443059999999999750e+32 4.895309999999999772e+37 2.073999999999999844e+00 4.556400000000000018e+29
8.205530000000000000e+13 3.405389999999999792e+32 4.866459999999999967e+37 2.071000000000000174e+00 4.524379999999999889e+29
8.156670000000000000e+13 3.367970000000000294e+32 4.837620000000000465e+37 2.068000000000000060e+00 4.492390000000000037e+29
8.107800000000000000e+13 3.330789999999999682e+32 4.808769999999999715e+37 2.064999999999999947e+00 4.460429999999999758e+29
8.058950000000000000e+13 3.293839999999999983e+32 4.779919999999999909e+37 2.060999999999999943e+00 4.428480000000000041e+29
8.010090000000000000e+13 3.257129999999999890e+32 4.751070000000000104e+37 2.057999999999999829e+00 4.396569999999999755e+29
7.961230000000000000e+13 3.220660000000000123e+32 4.722220000000000299e+37 2.055000000000000160e+00 4.364679999999999888e+29
7.912380000000000000e+13 3.184419999999999828e+32 4.693379999999999852e+37 2.052000000000000046e+00 4.332830000000000157e+29
7.863530000000000000e+13 3.148419999999999860e+32 4.664530000000000047e+37 2.048999999999999932e+00 4.301009999999999999e+29
7.814690000000000000e+13 3.112650000000000085e+32 4.635680000000000241e+37 2.045999999999999819e+00 4.269220000000000119e+29
7.765840000000000000e+13 3.077119999999999916e+32 4.606830000000000436e+37 2.043000000000000149e+00 4.237469999999999670e+29
7.717000000000000000e+13 3.041830000000000073e+32 4.577979999999999686e+37 2.039000000000000146e+00 4.205760000000000059e+29
7.668160000000000000e+13 3.006759999999999928e+32 4.549140000000000184e+37 2.036000000000000032e+00 4.174089999999999881e+29
7.619320000000000000e+13 2.971930000000000111e+32 4.520290000000000378e+37 2.032999999999999918e+00 4.142459999999999837e+29
7.570490000000000000e+13 2.937339999999999899e+32 4.491439999999999628e+37 2.029999999999999805e+00 4.110879999999999786e+29
7.521650000000000000e+13 2.902970000000000106e+32 4.462589999999999823e+37 2.025999999999999801e+00 4.079339999999999870e+29
7.472820000000000000e+13 2.868839999999999919e+32 4.433740000000000017e+37 2.023000000000000131e+00 4.047849999999999947e+29
7.424000000000000000e+13 2.834930000000000152e+32 4.404899999999999571e+37 2.020000000000000018e+00 4.016410000000000018e+29
7.375170000000000000e+13 2.801259999999999991e+32 4.376049999999999765e+37 2.016999999999999904e+00 3.985020000000000081e+29
7.326350000000000000e+13 2.767820000000000022e+32 4.347199999999999960e+37 2.012999999999999901e+00 3.953680000000000137e+29
7.277530000000000000e+13 2.734600000000000112e+32 4.318350000000000154e+37 2.009999999999999787e+00 3.922400000000000044e+29
7.228710000000000000e+13 2.701620000000000169e+32 4.289500000000000349e+37 2.007000000000000117e+00 3.891169999999999943e+29
7.179900000000000000e+13 2.668859999999999924e+32 4.260659999999999902e+37 2.003000000000000114e+00 3.860010000000000255e+29
7.131080000000000000e+13 2.636329999999999872e+32 4.231810000000000097e+37 2.000000000000000000e+00 3.828899999999999857e+29
7.082270000000000000e+13 2.604019999999999879e+32 4.202959999999999819e+37 1.997000000000000108e+00 3.797850000000000013e+29
7.033470000000000000e+13 2.571940000000000079e+32 4.174110000000000014e+37 1.993000000000000105e+00 3.766869999999999877e+29
6.984660000000000000e+13 2.540090000000000111e+32 4.145260000000000208e+37 1.989999999999999991e+00 3.735950000000000296e+29
6.935860000000000000e+13 2.508459999999999842e+32 4.116420000000000234e+37 1.987000000000000099e+00 3.705089999999999863e+29
6.887060000000000000e+13 2.477060000000000126e+32 4.087569999999999956e+37 1.983000000000000096e+00 3.674309999999999699e+29
6.838260000000000000e+13 2.445880000000000109e+32 4.058720000000000151e+37 1.979999999999999982e+00 3.643590000000000090e+29
6.789460000000000000e+13 2.414920000000000151e+32 4.029869999999999873e+37 1.977000000000000091e+00 3.612950000000000047e+29
6.740670000000000000e+13 2.384190000000000025e+32 4.001020000000000068e+37 1.973000000000000087e+00 3.582369999999999855e+29
6.691880000000000000e+13 2.353669999999999825e+32 3.972180000000000093e+37 1.969999999999999973e+00 3.551879999999999791e+29
6.643090000000000000e+13 2.323380000000000178e+32 3.943329999999999816e+37 1.965999999999999970e+00 3.521450000000000282e+29
6.594310000000000000e+13 2.293309999999999869e+32 3.914480000000000010e+37 1.963000000000000078e+00 3.491100000000000339e+29
6.545520000000000000e+13 2.263459999999999979e+32 3.885630000000000205e+37 1.959000000000000075e+00 3.460829999999999963e+29
6.496740000000000000e+13 2.233830000000000149e+32 3.856779999999999927e+37 1.955999999999999961e+00 3.430639999999999857e+29
6.447970000000000000e+13 2.204409999999999884e+32 3.827939999999999953e+37 1.951999999999999957e+00 3.400539999999999879e+29
6.399190000000000000e+13 2.175220000000000171e+32 3.799090000000000147e+37 1.949000000000000066e+00 3.370510000000000313e+29
6.350420000000000000e+13 2.146240000000000024e+32 3.770239999999999870e+37 1.945000000000000062e+00 3.340560000000000314e+29
6.301650000000000000e+13 2.117479999999999936e+32 3.741390000000000064e+37 1.941999999999999948e+00 3.310710000000000301e+29
6.252880000000000000e+13 2.088930000000000133e+32 3.712539999999999787e+37 1.937999999999999945e+00 3.280929999999999996e+29
6.204110000000000000e+13 2.060600000000000030e+32 3.683699999999999812e+37 1.935000000000000053e+00 3.251249999999999677e+29
6.155350000000000000e+13 2.032489999999999985e+32 3.654850000000000007e+37 1.931000000000000050e+00 3.221650000000000332e+29
6.106590000000000000e+13 2.004589999999999865e+32 3.626000000000000201e+37 1.927999999999999936e+00 3.192139999999999708e+29
6.057830000000000000e+13 1.976900000000000032e+32 3.597149999999999924e+37 1.923999999999999932e+00 3.162719999999999916e+29
6.009070000000000000e+13 1.949429999999999897e+32 3.568300000000000118e+37 1.921000000000000041e+00 3.133400000000000109e+29
5.960320000000000000e+13 1.922159999999999914e+32 3.539460000000000144e+37 1.917000000000000037e+00 3.104170000000000079e+29
5.911570000000000000e+13 1.895109999999999990e+32 3.510609999999999866e+37 1.913000000000000034e+00 3.075029999999999825e+29
5.862820000000000000e+13 1.868269999999999991e+32 3.481760000000000061e+37 1.909999999999999920e+00 3.045980000000000050e+29
5.814070000000000000e+13 1.841650000000000052e+32 3.452909999999999783e+37 1.905999999999999917e+00 3.017029999999999910e+29
5.765330000000000000e+13 1.815229999999999904e+32 3.424059999999999978e+37 1.903000000000000025e+00 2.988180000000000108e+29
5.716590000000000000e+13 1.789020000000000041e+32 3.395220000000000003e+37 1.899000000000000021e+00 2.959429999999999939e+29
5.667850000000000000e+13 1.763009999999999971e+32 3.366370000000000198e+37 1.895000000000000018e+00 2.930769999999999899e+29
5.619110000000000000e+13 1.737219999999999959e+32 3.337519999999999920e+37 1.891999999999999904e+00 2.902220000000000054e+29
5.570380000000000000e+13 1.711630000000000100e+32 3.308670000000000115e+37 1.887999999999999901e+00 2.873759999999999986e+29
5.521650000000000000e+13 1.686250000000000165e+32 3.279819999999999837e+37 1.885000000000000009e+00 2.845410000000000113e+29
5.472920000000000000e+13 1.661070000000000023e+32 3.250979999999999863e+37 1.881000000000000005e+00 2.817159999999999874e+29
5.424190000000000000e+13 1.636100000000000166e+32 3.222130000000000057e+37 1.877000000000000002e+00 2.789009999999999973e+29
5.375470000000000000e+13 1.611340000000000054e+32 3.193279999999999780e+37 1.874000000000000110e+00 2.760960000000000057e+29
5.326750000000000000e+13 1.586769999999999961e+32 3.164429999999999974e+37 1.870000000000000107e+00 2.733019999999999986e+29
5.278030000000000000e+13 1.562409999999999973e+32 3.135580000000000169e+37 1.866000000000000103e+00 2.705179999999999900e+29
5.229310000000000000e+13 1.538249999999999956e+32 3.106740000000000194e+37 1.862999999999999989e+00 2.677450000000000010e+29
5.180600000000000000e+13 1.514300000000000046e+32 3.077889999999999917e+37 1.858999999999999986e+00 2.649820000000000106e+29
5.131880000000000000e+13 1.490539999999999973e+32 3.049040000000000111e+37 1.854999999999999982e+00 2.622300000000000046e+29
5.083170000000000000e+13 1.466980000000000053e+32 3.020189999999999833e+37 1.852000000000000091e+00 2.594889999999999829e+29
5.034470000000000000e+13 1.443630000000000057e+32 2.991340000000000028e+37 1.848000000000000087e+00 2.567590000000000160e+29
4.985760000000000000e+13 1.420470000000000080e+32 2.962500000000000054e+37 1.844000000000000083e+00 2.540390000000000125e+29
4.937060000000000000e+13 1.397510000000000075e+32 2.933649999999999776e+37 1.840999999999999970e+00 2.513299999999999934e+29
4.888360000000000000e+13 1.374750000000000041e+32 2.904799999999999971e+37 1.836999999999999966e+00 2.486319999999999938e+29
4.839670000000000000e+13 1.352180000000000026e+32 2.875950000000000165e+37 1.832999999999999963e+00 2.459450000000000138e+29
4.790970000000000000e+13 1.329809999999999983e+32 2.847099999999999887e+37 1.830000000000000071e+00 2.432689999999999829e+29
4.742280000000000000e+13 1.307639999999999911e+32 2.818259999999999913e+37 1.826000000000000068e+00 2.406040000000000069e+29
4.693590000000000000e+13 1.285650000000000084e+32 2.789410000000000108e+37 1.822000000000000064e+00 2.379500000000000152e+29
4.644900000000000000e+13 1.263870000000000003e+32 2.760559999999999830e+37 1.818000000000000060e+00 2.353070000000000078e+29
4.596220000000000000e+13 1.242269999999999986e+32 2.731710000000000025e+37 1.814999999999999947e+00 2.326749999999999849e+29
4.547540000000000000e+13 1.220869999999999941e+32 2.702860000000000219e+37 1.810999999999999943e+00 2.300540000000000167e+29
4.498860000000000000e+13 1.199659999999999914e+32 2.674019999999999773e+37 1.806999999999999940e+00 2.274439999999999976e+29
4.450180000000000000e+13 1.178640000000000086e+32 2.645169999999999967e+37 1.804000000000000048e+00 2.248449999999999982e+29
4.401510000000000000e+13 1.157809999999999915e+32 2.616320000000000162e+37 1.800000000000000044e+00 2.222569999999999831e+29
4.352840000000000000e+13 1.137180000000000077e+32 2.587469999999999884e+37 1.796000000000000041e+00 2.196810000000000085e+29
4.304170000000000000e+13 1.116719999999999989e+32 2.558620000000000078e+37 1.792999999999999927e+00 2.171149999999999974e+29
4.255500000000000000e+13 1.096460000000000054e+32 2.529780000000000104e+37 1.788999999999999924e+00 2.145609999999999916e+29
4.206840000000000000e+13 1.076389999999999956e+32 2.500929999999999826e+37 1.786000000000000032e+00 2.120180000000000053e+29
4.158180000000000000e+13 1.056499999999999923e+32 2.472080000000000021e+37 1.782000000000000028e+00 2.094849999999999825e+29
4.109520000000000000e+13 1.036800000000000089e+32 2.443230000000000216e+37 1.778000000000000025e+00 2.069640000000000002e+29
4.060860000000000000e+13 1.017279999999999959e+32 2.414379999999999938e+37 1.774999999999999911e+00 2.044540000000000022e+29
4.012210000000000000e+13 9.979449999999999606e+31 2.385539999999999964e+37 1.770999999999999908e+00 2.019549999999999887e+29
3.963560000000000000e+13 9.787960000000000710e+31 2.356690000000000158e+37 1.766999999999999904e+00 1.994669999999999947e+29
3.914910000000000000e+13 9.598299999999999980e+31 2.327839999999999880e+37 1.764000000000000012e+00 1.969899999999999851e+29
3.866260000000000000e+13 9.410459999999999444e+31 2.298990000000000075e+37 1.760000000000000009e+00 1.945239999999999950e+29
3.817620000000000000e+13 9.224450000000000676e+31 2.270139999999999797e+37 1.756999999999999895e+00 1.920680000000000035e+29
3.768980000000000000e+13 9.040240000000000754e+31 2.241299999999999823e+37 1.752999999999999892e+00 1.896240000000000174e+29
3.720340000000000000e+13 8.857829999999999677e+31 2.212450000000000018e+37 1.750000000000000000e+00 1.871899999999999947e+29
3.671710000000000000e+13 8.677219999999999247e+31 2.183600000000000212e+37 1.745999999999999996e+00 1.847669999999999915e+29
3.623070000000000000e+13 8.498399999999999691e+31 2.154749999999999934e+37 1.743000000000000105e+00 1.823550000000000079e+29
3.574440000000000000e+13 8.321359999999999433e+31 2.125899999999999893e+37 1.739000000000000101e+00 1.799540000000000087e+29
3.525820000000000000e+13 8.146090000000000502e+31 2.097059999999999918e+37 1.735999999999999988e+00 1.775630000000000080e+29
3.477190000000000000e+13 7.972599999999999969e+31 2.068210000000000113e+37 1.731999999999999984e+00 1.751829999999999918e+29
3.428570000000000000e+13 7.800870000000000089e+31 2.039360000000000071e+37 1.729000000000000092e+00 1.728130000000000093e+29
3.379950000000000000e+13 7.630890000000000187e+31 2.010510000000000030e+37 1.725999999999999979e+00 1.704540000000000111e+29
3.331330000000000000e+13 7.462660000000000263e+31 1.981659999999999988e+37 1.721999999999999975e+00 1.681050000000000116e+29
3.282720000000000000e+13 7.296169999999999644e+31 1.952820000000000014e+37 1.719000000000000083e+00 1.657660000000000107e+29
3.234110000000000000e+13 7.131420000000000130e+31 1.923969999999999972e+37 1.715999999999999970e+00 1.634370000000000083e+29
3.185500000000000000e+13 6.968400000000000147e+31 1.895119999999999931e+37 1.711999999999999966e+00 1.611189999999999904e+29
3.136890000000000000e+13 6.807099999999999922e+31 1.866269999999999889e+37 1.709000000000000075e+00 1.588099999999999852e+29
3.088290000000000000e+13 6.647520000000000355e+31 1.837420000000000084e+37 1.705999999999999961e+00 1.565119999999999996e+29
3.039690000000000000e+13 6.489649999999999872e+31 1.808580000000000110e+37 1.703000000000000069e+00 1.542229999999999916e+29
2.991090000000000000e+13 6.333490000000000273e+31 1.779730000000000068e+37 1.699999999999999956e+00 1.519439999999999998e+29
2.942500000000000000e+13 6.179020000000000210e+31 1.750880000000000026e+37 1.695999999999999952e+00 1.496740000000000032e+29
2.893910000000000000e+13 6.026250000000000359e+31 1.722029999999999985e+37 1.693000000000000060e+00 1.474140000000000052e+29
2.845320000000000000e+13 5.875160000000000270e+31 1.693179999999999943e+37 1.689999999999999947e+00 1.451640000000000058e+29
2.796730000000000000e+13 5.725759999999999718e+31 1.664339999999999969e+37 1.687000000000000055e+00 1.429219999999999982e+29
2.748150000000000000e+13 5.578030000000000057e+31 1.635489999999999927e+37 1.683999999999999941e+00 1.406900000000000068e+29
2.699570000000000000e+13 5.431980000000000158e+31 1.606639999999999886e+37 1.681000000000000050e+00 1.384669999999999931e+29
2.650990000000000000e+13 5.287589999999999575e+31 1.577790000000000080e+37 1.679000000000000048e+00 1.362520000000000063e+29
2.602420000000000000e+13 5.144860000000000109e+31 1.548940000000000039e+37 1.675999999999999934e+00 1.340459999999999972e+29
2.553840000000000000e+13 5.003799999999999733e+31 1.520100000000000064e+37 1.673000000000000043e+00 1.318490000000000008e+29
2.505270000000000000e+13 4.864380000000000025e+31 1.491250000000000023e+37 1.669999999999999929e+00 1.296599999999999963e+29
2.456710000000000000e+13 4.726619999999999633e+31 1.462399999999999981e+37 1.667999999999999927e+00 1.274790000000000013e+29
2.408150000000000000e+13 4.590499999999999911e+31 1.433549999999999940e+37 1.665000000000000036e+00 1.253059999999999980e+29
2.359590000000000000e+13 4.456019999999999957e+31 1.404699999999999898e+37 1.663000000000000034e+00 1.231410000000000042e+29
2.311030000000000000e+13 4.323179999999999773e+31 1.375859999999999924e+37 1.659999999999999920e+00 1.209829999999999989e+29
2.262480000000000000e+13 4.191980000000000257e+31 1.347009999999999882e+37 1.657999999999999918e+00 1.188330000000000030e+29
2.213920000000000000e+13 4.062409999999999837e+31 1.318160000000000077e+37 1.655999999999999917e+00 1.166899999999999955e+29
2.165380000000000000e+13 3.934480000000000085e+31 1.289310000000000035e+37 1.653000000000000025e+00 1.145549999999999975e+29
2.116830000000000000e+13 3.808170000000000106e+31 1.260459999999999994e+37 1.651000000000000023e+00 1.124260000000000021e+29
2.068290000000000000e+13 3.683490000000000122e+31 1.231620000000000019e+37 1.649000000000000021e+00 1.103029999999999918e+29
2.019750000000000000e+13 3.560440000000000133e+31 1.202769999999999978e+37 1.647000000000000020e+00 1.081870000000000052e+29
1.971220000000000000e+13 3.439009999999999915e+31 1.173919999999999936e+37 1.645000000000000018e+00 1.060770000000000036e+29
1.922690000000000000e+13 3.319210000000000144e+31 1.145069999999999895e+37 1.643999999999999906e+00 1.039720000000000014e+29
1.874160000000000000e+13 3.201039999999999917e+31 1.116220000000000089e+37 1.641999999999999904e+00 1.018730000000000018e+29
1.825630000000000000e+13 3.084500000000000136e+31 1.087380000000000115e+37 1.639999999999999902e+00 9.977959999999999295e+28
1.777110000000000000e+13 2.969589999999999900e+31 1.058529999999999955e+37 1.639000000000000012e+00 9.769059999999999195e+28
1.728590000000000000e+13 2.856319999999999883e+31 1.029680000000000032e+37 1.637000000000000011e+00 9.560619999999999593e+28
1.680080000000000000e+13 2.744679999999999862e+31 1.000829999999999990e+37 1.635999999999999899e+00 9.352589999999999441e+28
1.631570000000000000e+13 2.634689999999999833e+31 9.719840000000000463e+36 1.635000000000000009e+00 9.144939999999999164e+28
1.583060000000000000e+13 2.526340000000000023e+31 9.431359999999999946e+36 1.633999999999999897e+00 8.937629999999999333e+28
1.534560000000000000e+13 2.419649999999999979e+31 9.142879999999999429e+36 1.633000000000000007e+00 8.730610000000000656e+28
1.486060000000000000e+13 2.314629999999999925e+31 8.854400000000000092e+36 1.631999999999999895e+00 8.523850000000000043e+28
1.437560000000000000e+13 2.211270000000000087e+31 8.565919999999999574e+36 1.631999999999999895e+00 8.317290000000000106e+28
1.389070000000000000e+13 2.109590000000000013e+31 8.277440000000000238e+36 1.631000000000000005e+00 8.110879999999999795e+28
1.340580000000000000e+13 2.009609999999999923e+31 7.988959999999999720e+36 1.631000000000000005e+00 7.904569999999999822e+28
1.292090000000000000e+13 1.911340000000000043e+31 7.700480000000000384e+36 1.631000000000000005e+00 7.698290000000000303e+28
1.243610000000000000e+13 1.814789999999999921e+31 7.411999999999999866e+36 1.631000000000000005e+00 7.491990000000000188e+28
1.195140000000000000e+13 1.719980000000000003e+31 7.123520000000000530e+36 1.631000000000000005e+00 7.285599999999999593e+28
1.146660000000000000e+13 1.626930000000000063e+31 6.835040000000000012e+36 1.631000000000000005e+00 7.079039999999999655e+28
1.098200000000000000e+13 1.535650000000000098e+31 6.546559999999999495e+36 1.631999999999999895e+00 6.872219999999999895e+28
1.049730000000000000e+13 1.446190000000000102e+31 6.258080000000000158e+36 1.631999999999999895e+00 6.665059999999999691e+28
1.001270000000000000e+13 1.358560000000000072e+31 5.969599999999999641e+36 1.633000000000000007e+00 6.457449999999999725e+28
9.528190000000000000e+12 1.272790000000000006e+31 5.681120000000000304e+36 1.633999999999999897e+00 6.249279999999999804e+28
9.043690000000000000e+12 1.188919999999999897e+31 5.392639999999999787e+36 1.635999999999999899e+00 6.040439999999999730e+28
8.559240000000000000e+12 1.106989999999999965e+31 5.104159999999999860e+36 1.637000000000000011e+00 5.830770000000000020e+28
8.074840000000000000e+12 1.027049999999999978e+31 4.815679999999999933e+36 1.637999999999999901e+00 5.620110000000000309e+28
7.590490000000000000e+12 9.491420000000000414e+30 4.527200000000000006e+36 1.639999999999999902e+00 5.408290000000000374e+28
7.106200000000000000e+12 8.733250000000000354e+30 4.238720000000000079e+36 1.641999999999999904e+00 5.195079999999999967e+28
6.621960000000000000e+12 7.996649999999999506e+30 3.950240000000000152e+36 1.643999999999999906e+00 4.980239999999999860e+28
6.137780000000000000e+12 7.282350000000000016e+30 3.661760000000000225e+36 1.645999999999999908e+00 4.763469999999999919e+28
5.653660000000000000e+12 6.591209999999999513e+30 3.373279999999999707e+36 1.647000000000000020e+00 4.544409999999999985e+28
5.169610000000000000e+12 5.924200000000000111e+30 3.084799999999999780e+36 1.649000000000000021e+00 4.322610000000000296e+28
4.685620000000000000e+12 5.282440000000000527e+30 2.796319999999999853e+36 1.649000000000000021e+00 4.097519999999999875e+28
4.201700000000000000e+12 4.667240000000000012e+30 2.507839999999999926e+36 1.649000000000000021e+00 3.868430000000000018e+28
3.717860000000000000e+12 4.080140000000000039e+30 2.219359999999999999e+36 1.647000000000000020e+00 3.634390000000000155e+28
3.234100000000000000e+12 3.522939999999999791e+30 1.930880000000000072e+36 1.643000000000000016e+00 3.394099999999999855e+28
2.750420000000000000e+12 2.997800000000000088e+30 1.642400000000000145e+36 1.635000000000000009e+00 3.145670000000000033e+28
2.266840000000000000e+12 2.507220000000000017e+30 1.353919999999999923e+36 1.620000000000000107e+00 2.886170000000000118e+28
4.299000000000000000e+11 7.805000000000000069e+29 2.572000000000000181e+35 1.330000000000000071e+00 1.506450000000000062e+28
4.188000000000000000e+11 7.537999999999999717e+29 2.505999999999999897e+35 1.330000000000000071e+00 1.455129999999999927e+28
3.325000000000000000e+11 5.815999999999999745e+29 1.990000000000000163e+35 1.330000000000000071e+00 1.165809999999999924e+28
2.640000000000000000e+11 4.472999999999999815e+29 1.581000000000000083e+35 1.330000000000000071e+00 9.297799999999999813e+27
2.096000000000000000e+11 3.289999999999999843e+29 1.256000000000000028e+35 1.330000000000000071e+00 6.841069999999999801e+27
1.844000000000000000e+11 2.892000000000000018e+29 1.105000000000000000e+35 1.330000000000000071e+00 6.221810000000000396e+27
1.664000000000000000e+11 2.597000000000000095e+29 9.975999999999999784e+34 1.330000000000000071e+00 3.996079999999999920e+27
1.322000000000000000e+11 2.033000000000000102e+29 7.923999999999999875e+34 1.330000000000000071e+00 3.293160000000000158e+27
1.049000000000000000e+11 1.494999999999999961e+29 6.294000000000000085e+34 1.330000000000000071e+00 2.422460000000000012e+27
8.332000000000000000e+10 1.100000000000000064e+29 4.999999999999999843e+34 1.330000000000000071e+00 1.782300000000000002e+27
6.617000000000000000e+10 8.088999999999999432e+28 3.971999999999999897e+34 1.330000000000000071e+00 1.311289999999999924e+27
5.254000000000000000e+10 5.949000000000000344e+28 3.155000000000000010e+34 1.330000000000000071e+00 9.646129999999999985e+26
4.172000000000000000e+10 4.628000000000000126e+28 2.505999999999999897e+34 1.330000000000000071e+00 7.875200000000000595e+26
3.313000000000000000e+10 3.403999999999999866e+28 1.989999999999999932e+34 1.330000000000000071e+00 5.791050000000000196e+26
2.631000000000000000e+10 2.502999999999999803e+28 1.580999999999999991e+34 1.330000000000000071e+00 4.261170000000000143e+26
2.090000000000000000e+10 1.938000000000000082e+28 1.255999999999999936e+34 1.330000000000000071e+00 3.451690000000000088e+26
1.659000000000000000e+10 1.425000000000000067e+28 9.976000000000000246e+33 1.330000000000000071e+00 2.538950000000000110e+26
1.318000000000000000e+10 1.048000000000000007e+28 7.924000000000000337e+33 1.330000000000000071e+00 1.867689999999999969e+26
1.046000000000000000e+10 7.701999999999999683e+27 6.294000000000000085e+33 1.330000000000000071e+00 1.373879999999999975e+26
8.312000000000000000e+09 5.662000000000000348e+27 4.999999999999999728e+33 1.330000000000000071e+00 1.010819999999999921e+26
6.601000000000000000e+09 4.362000000000000029e+27 3.972000000000000127e+33 1.330000000000000071e+00 8.130089999999999436e+25
4.164000000000000000e+09 2.356000000000000079e+27 2.505999999999999955e+33 1.330000000000000071e+00 4.399369999999999874e+25
2.626000000000000000e+09 1.272000000000000034e+27 1.580999999999999991e+33 1.330000000000000071e+00 2.380450000000000180e+25
1.657000000000000000e+09 6.859999999999999767e+26 9.975999999999999957e+32 1.330000000000000071e+00 1.288319999999999913e+25
1.316000000000000000e+09 5.036000000000000296e+26 7.924000000000000337e+32 1.330000000000000071e+00 9.477099999999999527e+24
1.045000000000000000e+09 4.128999999999999924e+26 6.293999999999999941e+32 1.330000000000000071e+00 6.794269999999999770e+24
8.301000000000000000e+08 3.039000000000000162e+26 4.999999999999999728e+32 1.330000000000000071e+00 4.998809999999999830e+24
5.237000000000000000e+08 1.628999999999999891e+26 3.154999999999999923e+32 1.330000000000000071e+00 2.705450000000000161e+24
3.304000000000000000e+08 8.737999999999999925e+25 1.990000000000000076e+32 1.330000000000000071e+00 1.463449999999999964e+24
2.624000000000000000e+08 6.675999999999999817e+25 1.580999999999999919e+32 1.330000000000000071e+00 1.123400000000000065e+24
1.315000000000000000e+08 2.603999999999999941e+25 7.923999999999999616e+31 1.330000000000000071e+00 4.472499999999999827e+23
6.589000000000000000e+07 1.006000000000000014e+25 3.972000000000000199e+31 1.330000000000000071e+00 1.780890000000000165e+23
3.302000000000000000e+07 3.832999999999999839e+24 1.989999999999999986e+31 1.330000000000000071e+00 7.086450000000000092e+22
1.655000000000000000e+07 1.435000000000000086e+24 9.975999999999999642e+30 1.330000000000000071e+00 2.822060000000000131e+22
8.293000000000000000e+06 5.250000000000000315e+23 4.999999999999999818e+30 1.330000000000000071e+00 1.123529999999999934e+22
6.588000000000000000e+06 3.910999999999999759e+23 3.972000000000000087e+30 1.330000000000000071e+00 8.163429999999999541e+21
2.622000000000000000e+06 9.754999999999999214e+22 1.581000000000000009e+30 1.330000000000000071e+00 2.390210000000000197e+21
1.044000000000000000e+06 2.318000000000000105e+22 6.293999999999999902e+29 1.330000000000000071e+00 6.999960000000000000e+20
4.156000000000000000e+05 5.265999999999999476e+21 2.505999999999999907e+29 1.330000000000000071e+00 2.050380000000000000e+20
1.654000000000000000e+05 1.151000000000000000e+21 9.976000000000000768e+28 1.330000000000000071e+00 6.004390000000000000e+19
6.587000000000000000e+04 2.431000000000000000e+20 3.972000000000000263e+28 1.330000000000000071e+00 1.758760000000000000e+19
2.622000000000000000e+04 4.968000000000000000e+19 1.581000000000000061e+28 1.330000000000000071e+00 5.149550000000000000e+18
1.044000000000000000e+04 9.744000000000000000e+18 6.294999999999999717e+27 1.330000000000000071e+00 1.508420000000000000e+18
