9.919405102800000000e+15 8.040092836799999546e+36 1.995439999999999947e+39 1.000000000000000000e+00 0.000000000000000000e+00
9.869757017600000000e+15 7.995409560199999679e+36 1.990440000000000115e+39 1.000000000000000000e+00 0.000000000000000000e+00
9.820233492400000000e+15 7.950838387400000513e+36 1.985439999999999980e+39 1.000000000000000000e+00 0.000000000000000000e+00
9.770834527000000000e+15 7.906379318600000170e+36 1.980440000000000147e+39 1.000000000000000000e+00 0.000000000000000000e+00
9.721560121500000000e+15 7.862032353700000180e+36 1.975440000000000012e+39 1.000000000000000000e+00 0.000000000000000000e+00
9.672410276000000000e+15 7.817797492700000543e+36 1.970439999999999877e+39 1.000000000000000000e+00 0.000000000000000000e+00
9.623384990300000000e+15 7.773674735600000078e+36 1.965440000000000044e+39 1.000000000000000000e+00 0.000000000000000000e+00
9.574484264600000000e+15 7.729664082399999965e+36 1.960439999999999909e+39 1.000000000000000000e+00 0.000000000000000000e+00
9.525708098800000000e+15 7.685765533199999857e+36 1.955440000000000077e+39 1.000000000000000000e+00 0.000000000000000000e+00
9.477056492800000000e+15 7.641979087800000449e+36 1.950439999999999942e+39 1.000000000000000000e+00 0.000000000000000000e+00
9.428529446800000000e+15 7.598304746399999865e+36 1.945440000000000109e+39 1.000000000000000000e+00 0.000000000000000000e+00
9.380126960700000000e+15 7.554742509000000467e+36 1.940439999999999974e+39 1.000000000000000000e+00 0.000000000000000000e+00
9.331849034600000000e+15 7.511292375400000588e+36 1.935440000000000141e+39 1.000000000000000000e+00 0.000000000000000000e+00
9.283695668300000000e+15 7.467954345699999882e+36 1.930440000000000006e+39 1.000000000000000000e+00 0.000000000000000000e+00
9.235666861900000000e+15 7.424728420000000360e+36 1.925439999999999871e+39 1.000000000000000000e+00 0.000000000000000000e+00
9.187762615400000000e+15 7.381614598200000011e+36 1.920440000000000039e+39 1.000000000000000000e+00 0.000000000000000000e+00
9.139982928900000000e+15 7.338612880300000014e+36 1.915439999999999904e+39 1.000000000000000000e+00 0.000000000000000000e+00
9.092327802300000000e+15 7.295723266300000370e+36 1.910440000000000071e+39 1.000000000000000000e+00 0.000000000000000000e+00
9.044797235500000000e+15 7.252945756299999550e+36 1.905439999999999936e+39 1.000000000000000000e+00 0.000000000000000000e+00
8.997391228700000000e+15 7.210280350099999430e+36 1.900440000000000103e+39 1.000000000000000000e+00 0.000000000000000000e+00
8.950109781800000000e+15 7.167727047900000496e+36 1.895439999999999968e+39 1.000000000000000000e+00 0.000000000000000000e+00
8.902952894800000000e+15 7.125285849599999553e+36 1.890440000000000136e+39 1.000000000000000000e+00 0.000000000000000000e+00
8.855920567700000000e+15 7.082956755200000143e+36 1.885440000000000001e+39 1.000000000000000000e+00 0.000000000000000000e+00
8.809012800500000000e+15 7.040739764699999905e+36 1.880439999999999866e+39 1.000000000000000000e+00 0.000000000000000000e+00
8.762229593200000000e+15 6.998634878199999672e+36 1.875440000000000033e+39 1.000000000000000000e+00 0.000000000000000000e+00
8.715570945900000000e+15 6.956642095599999791e+36 1.870439999999999898e+39 1.000000000000000000e+00 0.000000000000000000e+00
8.669036858400000000e+15 6.914761416900000263e+36 1.865440000000000066e+39 1.000000000000000000e+00 0.000000000000000000e+00
8.622627330900000000e+15 6.872992842099999907e+36 1.860439999999999931e+39 1.000000000000000000e+00 0.000000000000000000e+00
8.576342363200000000e+15 6.831336371199999903e+36 1.855440000000000098e+39 1.000000000000000000e+00 0.000000000000000000e+00
8.530181955500000000e+15 6.789792004200000252e+36 1.850439999999999963e+39 1.000000000000000000e+00 0.000000000000000000e+00
8.484146107700000000e+15 6.748359741199999425e+36 1.845440000000000130e+39 1.000000000000000000e+00 0.000000000000000000e+00
8.438234819800000000e+15 6.707039582100000132e+36 1.840439999999999995e+39 1.000000000000000000e+00 0.000000000000000000e+00
8.392448091800000000e+15 6.665831526900000010e+36 1.835439999999999860e+39 1.000000000000000000e+00 0.000000000000000000e+00
8.346785923700000000e+15 6.624735575600000240e+36 1.830440000000000028e+39 1.000000000000000000e+00 0.000000000000000000e+00
8.301248315500000000e+15 6.583751728199999643e+36 1.825439999999999893e+39 1.000000000000000000e+00 0.000000000000000000e+00
8.255835267200000000e+15 6.542879984800000231e+36 1.820440000000000060e+39 1.000000000000000000e+00 0.000000000000000000e+00
8.210546778900000000e+15 6.502120345299999991e+36 1.815439999999999925e+39 1.000000000000000000e+00 0.000000000000000000e+00
8.165382850400000000e+15 6.461472809700000104e+36 1.810440000000000092e+39 1.000000000000000000e+00 0.000000000000000000e+00
8.120343481900000000e+15 6.420937378000000569e+36 1.805439999999999957e+39 1.000000000000000000e+00 0.000000000000000000e+00
8.075428673300000000e+15 6.380514050200000206e+36 1.800440000000000125e+39 1.000000000000000000e+00 0.000000000000000000e+00
8.030638424500000000e+15 6.340202826399999847e+36 1.795439999999999990e+39 1.000000000000000000e+00 0.000000000000000000e+00
7.985972735700000000e+15 6.300003706400000190e+36 1.790439999999999855e+39 1.000000000000000000e+00 0.000000000000000000e+00
7.941431606800000000e+15 6.259916690400000536e+36 1.785440000000000022e+39 1.000000000000000000e+00 0.000000000000000000e+00
7.897015037800000000e+15 6.219941778300000055e+36 1.780439999999999887e+39 1.000000000000000000e+00 0.000000000000000000e+00
7.852723028700000000e+15 6.180078970099999926e+36 1.775440000000000054e+39 1.000000000000000000e+00 0.000000000000000000e+00
7.808555579600000000e+15 6.140328265899999802e+36 1.770439999999999919e+39 1.000000000000000000e+00 0.000000000000000000e+00
7.764512690300000000e+15 6.100689665500000379e+36 1.765440000000000087e+39 1.000000000000000000e+00 0.000000000000000000e+00
7.720594360900000000e+15 6.061163169099999780e+36 1.760439999999999952e+39 1.000000000000000000e+00 0.000000000000000000e+00
7.676800591500000000e+15 6.021748776599999533e+36 1.755440000000000119e+39 1.000000000000000000e+00 0.000000000000000000e+00
7.633131382000000000e+15 5.982446487999999638e+36 1.750439999999999984e+39 1.000000000000000000e+00 0.000000000000000000e+00
7.589586732300000000e+15 5.943256303399999749e+36 1.745439999999999849e+39 1.000000000000000000e+00 0.000000000000000000e+00
7.546166642600000000e+15 5.904178222600000559e+36 1.740440000000000016e+39 1.000000000000000000e+00 0.000000000000000000e+00
7.502871112800000000e+15 5.865212245800000194e+36 1.735439999999999881e+39 1.000000000000000000e+00 0.000000000000000000e+00
7.459700142900000000e+15 5.826358372900000182e+36 1.730440000000000049e+39 1.000000000000000000e+00 0.000000000000000000e+00
7.416653732900000000e+15 5.787616603900000522e+36 1.725439999999999914e+39 1.000000000000000000e+00 0.000000000000000000e+00
7.373731882800000000e+15 5.748986938800000034e+36 1.720440000000000081e+39 1.000000000000000000e+00 0.000000000000000000e+00
7.330934592700000000e+15 5.710469377699999550e+36 1.715439999999999946e+39 1.000000000000000000e+00 0.000000000000000000e+00
7.288261862400000000e+15 5.672063920399999767e+36 1.710440000000000113e+39 1.000000000000000000e+00 0.000000000000000000e+00
7.245713692000000000e+15 5.633770567099999989e+36 1.705439999999999978e+39 1.000000000000000000e+00 0.000000000000000000e+00
7.203290081600000000e+15 5.595589317700000564e+36 1.700440000000000146e+39 1.000000000000000000e+00 0.000000000000000000e+00
7.160991031100000000e+15 5.557520172200000310e+36 1.695440000000000011e+39 1.000000000000000000e+00 0.000000000000000000e+00
7.118816540400000000e+15 5.519563130700000061e+36 1.690439999999999876e+39 1.000000000000000000e+00 0.000000000000000000e+00
7.076766609700000000e+15 5.481718193000000512e+36 1.685440000000000043e+39 1.000000000000000000e+00 0.000000000000000000e+00
7.034841238900000000e+15 5.443985359299999788e+36 1.680439999999999908e+39 1.000000000000000000e+00 0.000000000000000000e+00
6.993040428000000000e+15 5.406364629499999416e+36 1.675440000000000075e+39 1.000000000000000000e+00 0.000000000000000000e+00
6.951364177000000000e+15 5.368856003600000577e+36 1.670439999999999941e+39 1.000000000000000000e+00 0.000000000000000000e+00
6.909812486000000000e+15 5.331459481599999730e+36 1.665440000000000108e+39 1.000000000000000000e+00 0.000000000000000000e+00
6.868385354800000000e+15 5.294175063600000067e+36 1.660439999999999973e+39 1.000000000000000000e+00 0.000000000000000000e+00
6.827082783500000000e+15 5.257002749500000167e+36 1.655440000000000140e+39 1.000000000000000000e+00 0.000000000000000000e+00
6.785904772200000000e+15 5.219942539199999787e+36 1.650440000000000005e+39 1.000000000000000000e+00 0.000000000000000000e+00
6.744851320700000000e+15 5.182994433000000245e+36 1.645439999999999870e+39 1.000000000000000000e+00 0.000000000000000000e+00
6.703922429200000000e+15 5.146158430600000222e+36 1.640440000000000038e+39 1.000000000000000000e+00 0.000000000000000000e+00
6.663118097600000000e+15 5.109434532099999961e+36 1.635439999999999903e+39 1.000000000000000000e+00 0.000000000000000000e+00
6.622438325900000000e+15 5.072822737599999706e+36 1.630440000000000070e+39 1.000000000000000000e+00 0.000000000000000000e+00
6.581883114100000000e+15 5.036323046999999802e+36 1.625439999999999935e+39 1.000000000000000000e+00 0.000000000000000000e+00
6.541452462200000000e+15 4.999935460300000251e+36 1.620440000000000102e+39 1.000000000000000000e+00 0.000000000000000000e+00
6.501146370200000000e+15 4.963659977499999873e+36 1.615439999999999967e+39 1.000000000000000000e+00 0.000000000000000000e+00
6.460964838100000000e+15 4.927496598599999847e+36 1.610440000000000135e+39 1.000000000000000000e+00 0.000000000000000000e+00
6.420907866000000000e+15 4.891445323699999825e+36 1.605440000000000000e+39 1.000000000000000000e+00 0.000000000000000000e+00
6.380975453700000000e+15 4.855506152599999914e+36 1.600439999999999865e+39 1.000000000000000000e+00 0.000000000000000000e+00
6.341167601400000000e+15 4.819679085500000007e+36 1.595440000000000032e+39 1.000000000000000000e+00 0.000000000000000000e+00
6.301484308900000000e+15 4.783964122299999862e+36 1.590439999999999897e+39 1.000000000000000000e+00 0.000000000000000000e+00
6.261925576400000000e+15 4.748361263099999723e+36 1.585440000000000064e+39 1.000000000000000000e+00 0.000000000000000000e+00
6.222491403800000000e+15 4.712870507700000283e+36 1.580439999999999929e+39 1.000000000000000000e+00 0.000000000000000000e+00
6.183181791100000000e+15 4.677491856300000258e+36 1.575440000000000097e+39 1.000000000000000000e+00 0.000000000000000000e+00
6.143996738300000000e+15 4.642225308699999753e+36 1.570439999999999962e+39 1.000000000000000000e+00 0.000000000000000000e+00
6.104936245400000000e+15 4.607070865099999843e+36 1.565440000000000129e+39 1.000000000000000000e+00 0.000000000000000000e+00
6.066000312400000000e+15 4.572028525499999938e+36 1.560439999999999994e+39 1.000000000000000000e+00 0.000000000000000000e+00
6.027188939400000000e+15 4.537098289700000142e+36 1.555439999999999859e+39 1.000000000000000000e+00 0.000000000000000000e+00
5.988502126200000000e+15 4.502280157899999761e+36 1.550440000000000026e+39 1.000000000000000000e+00 0.000000000000000000e+00
5.949939872900000000e+15 4.467574129900000081e+36 1.545439999999999891e+39 1.000000000000000000e+00 0.000000000000000000e+00
5.911502179600000000e+15 4.432980205899999815e+36 1.540440000000000059e+39 1.000000000000000000e+00 0.000000000000000000e+00
5.873189046200000000e+15 4.398498385799999901e+36 1.535439999999999924e+39 1.000000000000000000e+00 0.000000000000000000e+00
5.835000472700000000e+15 4.364128669699999993e+36 1.530440000000000091e+39 1.000000000000000000e+00 0.000000000000000000e+00
5.796936459000000000e+15 4.329871057400000194e+36 1.525439999999999956e+39 1.000000000000000000e+00 0.000000000000000000e+00
5.758997005300000000e+15 4.295725549099999809e+36 1.520440000000000123e+39 1.000000000000000000e+00 0.000000000000000000e+00
5.721182111500000000e+15 4.261692144699999778e+36 1.515439999999999988e+39 1.000000000000000000e+00 0.000000000000000000e+00
5.683491777700000000e+15 4.227770844200000098e+36 1.510439999999999853e+39 1.000000000000000000e+00 0.000000000000000000e+00
5.645926003700000000e+15 4.193961647600000182e+36 1.505440000000000021e+39 1.000000000000000000e+00 0.000000000000000000e+00
5.608484789600000000e+15 4.160264554900000027e+36 1.500439999999999886e+39 1.000000000000000000e+00 0.000000000000000000e+00
5.571168135500000000e+15 4.126679566199999877e+36 1.495440000000000053e+39 1.000000000000000000e+00 0.000000000000000000e+00
5.533976041200000000e+15 4.093206681400000079e+36 1.490439999999999918e+39 1.000000000000000000e+00 0.000000000000000000e+00
5.496908506900000000e+15 4.059845900500000044e+36 1.485440000000000085e+39 1.000000000000000000e+00 0.000000000000000000e+00
5.459965532500000000e+15 4.026597223499999771e+36 1.480439999999999950e+39 1.000000000000000000e+00 0.000000000000000000e+00
5.423147117900000000e+15 3.993460650399999851e+36 1.475440000000000118e+39 1.000000000000000000e+00 0.000000000000000000e+00
5.386453263300000000e+15 3.960436181299999935e+36 1.470439999999999983e+39 1.000000000000000000e+00 0.000000000000000000e+00
5.349883968600000000e+15 3.927523816099999782e+36 1.465440000000000150e+39 1.000000000000000000e+00 0.000000000000000000e+00
5.313439233800000000e+15 3.894723554699999739e+36 1.460440000000000015e+39 1.000000000000000000e+00 0.000000000000000000e+00
5.277119059000000000e+15 3.862035397399999942e+36 1.455439999999999880e+39 1.000000000000000000e+00 0.000000000000000000e+00
5.240923444000000000e+15 3.829459343900000256e+36 1.450440000000000047e+39 1.000000000000000000e+00 0.000000000000000000e+00
5.204852388900000000e+15 3.796995394299999742e+36 1.445439999999999913e+39 1.000000000000000000e+00 0.000000000000000000e+00
5.168905893800000000e+15 3.764643548699999823e+36 1.440440000000000080e+39 1.000000000000000000e+00 0.000000000000000000e+00
5.133083958500000000e+15 3.732403807000000257e+36 1.435439999999999945e+39 1.000000000000000000e+00 0.000000000000000000e+00
5.097386583200000000e+15 3.700276169199999862e+36 1.430440000000000112e+39 1.000000000000000000e+00 0.000000000000000000e+00
5.061813767800000000e+15 3.668260635299999820e+36 1.425439999999999977e+39 1.000000000000000000e+00 0.000000000000000000e+00
5.026365512300000000e+15 3.636357205300000131e+36 1.420440000000000144e+39 1.000000000000000000e+00 0.000000000000000000e+00
4.991041816700000000e+15 3.604565879299999855e+36 1.415440000000000010e+39 1.000000000000000000e+00 0.000000000000000000e+00
4.955842681000000000e+15 3.572886657199999933e+36 1.410439999999999875e+39 1.000000000000000000e+00 0.000000000000000000e+00
4.920768105200000000e+15 3.541319538999999773e+36 1.405440000000000042e+39 1.000000000000000000e+00 0.000000000000000000e+00
4.885818089300000000e+15 3.509864524699999965e+36 1.400439999999999907e+39 1.000000000000000000e+00 0.000000000000000000e+00
4.850992633300000000e+15 3.478521614299999920e+36 1.395440000000000074e+39 1.000000000000000000e+00 0.000000000000000000e+00
4.816291737300000000e+15 3.447290807800000227e+36 1.390439999999999939e+39 1.000000000000000000e+00 0.000000000000000000e+00
4.781715401100000000e+15 3.416172105299999948e+36 1.385440000000000107e+39 1.000000000000000000e+00 0.000000000000000000e+00
4.747263624900000000e+15 3.385165506700000022e+36 1.380439999999999972e+39 1.000000000000000000e+00 0.000000000000000000e+00
4.712936408600000000e+15 3.354271011999999859e+36 1.375440000000000139e+39 1.000000000000000000e+00 0.000000000000000000e+00
4.678733752200000000e+15 3.323488621200000048e+36 1.370440000000000004e+39 1.000000000000000000e+00 0.000000000000000000e+00
4.644655655600000000e+15 3.292818334400000241e+36 1.365439999999999869e+39 1.000000000000000000e+00 0.000000000000000000e+00
4.610702119000000000e+15 3.262260151399999955e+36 1.360440000000000036e+39 1.000000000000000000e+00 0.000000000000000000e+00
4.576873142400000000e+15 3.231814072400000263e+36 1.355440000000000052e+39 1.000000000000000000e+00 0.000000000000000000e+00
4.543168725600000000e+15 3.201480097299999743e+36 1.350440000000000069e+39 1.000000000000000000e+00 0.000000000000000000e+00
4.509588868700000000e+15 3.171258226100000167e+36 1.345439999999999934e+39 1.000000000000000000e+00 0.000000000000000000e+00
4.476133571700000000e+15 3.141148458900000004e+36 1.340439999999999950e+39 1.000000000000000000e+00 0.000000000000000000e+00
4.442802834700000000e+15 3.111150795499999952e+36 1.335439999999999966e+39 1.000000000000000000e+00 0.000000000000000000e+00
4.409596657500000000e+15 3.081265236099999904e+36 1.330439999999999982e+39 1.000000000000000000e+00 0.000000000000000000e+00
4.376515040300000000e+15 3.051491780600000209e+36 1.325439999999999998e+39 1.000000000000000000e+00 0.000000000000000000e+00
4.343557983000000000e+15 3.021830429000000277e+36 1.320440000000000014e+39 1.000000000000000000e+00 0.000000000000000000e+00
4.310725485600000000e+15 2.992281181300000106e+36 1.315440000000000031e+39 1.000000000000000000e+00 0.000000000000000000e+00
4.278017548100000000e+15 2.962844037500000288e+36 1.310440000000000047e+39 1.000000000000000000e+00 0.000000000000000000e+00
4.245434170500000000e+15 2.933518997699999885e+36 1.305440000000000063e+39 1.000000000000000000e+00 0.000000000000000000e+00
4.212975352800000000e+15 2.904306061799999834e+36 1.300439999999999928e+39 1.000000000000000000e+00 0.000000000000000000e+00
4.180641095000000000e+15 2.875205229800000135e+36 1.295439999999999944e+39 1.000000000000000000e+00 0.000000000000000000e+00
4.148431397100000000e+15 2.846216501700000199e+36 1.290439999999999960e+39 1.000000000000000000e+00 0.000000000000000000e+00
4.116346259200000000e+15 2.817339877500000025e+36 1.285439999999999977e+39 1.000000000000000000e+00 0.000000000000000000e+00
4.084385681100000000e+15 2.788575357299999856e+36 1.280439999999999993e+39 1.000000000000000000e+00 0.000000000000000000e+00
4.052549663000000000e+15 2.759922941000000039e+36 1.275440000000000009e+39 1.000000000000000000e+00 0.000000000000000000e+00
4.020838204800000000e+15 2.731382628599999985e+36 1.270440000000000025e+39 1.000000000000000000e+00 0.000000000000000000e+00
3.989251306400000000e+15 2.702954420100000283e+36 1.265440000000000041e+39 1.000000000000000000e+00 0.000000000000000000e+00
3.957788968000000000e+15 2.674638315499999753e+36 1.260440000000000057e+39 1.000000000000000000e+00 0.000000000000000000e+00
3.926451189500000000e+15 2.646434314900000113e+36 1.255440000000000074e+39 1.000000000000000000e+00 0.000000000000000000e+00
3.895237970900000000e+15 2.618342418099999994e+36 1.250439999999999939e+39 1.000000000000000000e+00 0.000000000000000000e+00
3.864149312300000000e+15 2.590362625299999878e+36 1.245439999999999955e+39 1.000000000000000000e+00 0.000000000000000000e+00
3.833185213500000000e+15 2.562494936400000116e+36 1.240439999999999971e+39 1.000000000000000000e+00 0.000000000000000000e+00
3.802345674600000000e+15 2.534739351400000115e+36 1.235439999999999987e+39 1.000000000000000000e+00 0.000000000000000000e+00
3.771630695700000000e+15 2.507095870400000120e+36 1.230440000000000003e+39 1.000000000000000000e+00 0.000000000000000000e+00
3.741040276600000000e+15 2.479564493199999939e+36 1.225440000000000019e+39 1.000000000000000000e+00 0.000000000000000000e+00
3.710574417500000000e+15 2.452145220000000058e+36 1.220440000000000036e+39 1.000000000000000000e+00 0.000000000000000000e+00
3.680233118300000000e+15 2.424838050699999939e+36 1.215440000000000052e+39 1.000000000000000000e+00 0.000000000000000000e+00
3.650016378900000000e+15 2.397642985299999878e+36 1.210440000000000068e+39 1.000000000000000000e+00 0.000000000000000000e+00
3.619924199500000000e+15 2.370560023900000117e+36 1.205439999999999933e+39 1.000000000000000000e+00 0.000000000000000000e+00
3.589956580000000000e+15 2.343589166299999875e+36 1.200439999999999949e+39 1.000000000000000000e+00 0.000000000000000000e+00
3.560113520500000000e+15 2.316730412699999933e+36 1.195439999999999965e+39 1.000000000000000000e+00 0.000000000000000000e+00
3.530395020800000000e+15 2.289983763000000049e+36 1.190439999999999982e+39 1.000000000000000000e+00 0.000000000000000000e+00
3.500801081000000000e+15 2.263349217199999927e+36 1.185439999999999998e+39 1.000000000000000000e+00 0.000000000000000000e+00
3.471331701100000000e+15 2.236826775299999862e+36 1.180440000000000014e+39 1.000000000000000000e+00 0.000000000000000000e+00
3.441986881200000000e+15 2.210416437400000098e+36 1.175440000000000030e+39 1.000000000000000000e+00 0.000000000000000000e+00
3.412766621200000000e+15 2.184118203299999853e+36 1.170440000000000046e+39 1.000000000000000000e+00 0.000000000000000000e+00
3.383670921000000000e+15 2.157932073199999908e+36 1.165440000000000062e+39 1.000000000000000000e+00 0.000000000000000000e+00
3.354699780800000000e+15 2.131858047000000020e+36 1.160439999999999927e+39 1.000000000000000000e+00 0.000000000000000000e+00
3.325853200500000000e+15 2.105896124699999894e+36 1.155439999999999944e+39 1.000000000000000000e+00 0.000000000000000000e+00
3.297131180100000000e+15 2.080046306400000069e+36 1.150439999999999960e+39 1.000000000000000000e+00 0.000000000000000000e+00
3.268533719600000000e+15 2.054308591900000058e+36 1.145439999999999976e+39 1.000000000000000000e+00 0.000000000000000000e+00
3.240060819000000000e+15 2.028682981400000052e+36 1.140439999999999992e+39 1.000000000000000000e+00 0.000000000000000000e+00
3.211712478300000000e+15 2.003169474800000104e+36 1.135440000000000008e+39 1.000000000000000000e+00 0.000000000000000000e+00
3.183488697600000000e+15 1.977768072099999917e+36 1.130440000000000024e+39 1.000000000000000000e+00 0.000000000000000000e+00
3.155389476700000000e+15 1.952478773300000084e+36 1.125440000000000041e+39 1.000000000000000000e+00 0.000000000000000000e+00
3.127414815800000000e+15 1.927301578499999959e+36 1.120440000000000057e+39 1.000000000000000000e+00 0.000000000000000000e+00
3.099564714700000000e+15 1.902236487499999945e+36 1.115440000000000073e+39 1.000000000000000000e+00 0.000000000000000000e+00
3.071839173600000000e+15 1.877283500499999936e+36 1.110439999999999938e+39 1.000000000000000000e+00 0.000000000000000000e+00
3.044238192400000000e+15 1.852442617399999984e+36 1.105439999999999954e+39 1.000000000000000000e+00 0.000000000000000000e+00
3.016761771100000000e+15 1.827713838300000037e+36 1.100439999999999970e+39 1.000000000000000000e+00 0.000000000000000000e+00
2.989409909700000000e+15 1.803097162999999904e+36 1.095439999999999987e+39 1.000000000000000000e+00 0.000000000000000000e+00
2.962182608200000000e+15 1.778592591700000072e+36 1.090440000000000003e+39 1.000000000000000000e+00 0.000000000000000000e+00
2.935079866600000000e+15 1.754200124200000055e+36 1.085440000000000019e+39 1.000000000000000000e+00 0.000000000000000000e+00
2.908101684900000000e+15 1.729919760700000042e+36 1.080440000000000035e+39 1.000000000000000000e+00 0.000000000000000000e+00
2.881248063200000000e+15 1.705751501200000034e+36 1.075440000000000051e+39 1.000000000000000000e+00 0.000000000000000000e+00
2.854519001300000000e+15 1.681695345500000136e+36 1.070440000000000067e+39 1.000000000000000000e+00 0.000000000000000000e+00
2.827914499400000000e+15 1.657751293700000000e+36 1.065439999999999932e+39 1.000000000000000000e+00 0.000000000000000000e+00
2.801434557400000000e+15 1.633919345899999869e+36 1.060439999999999949e+39 1.000000000000000000e+00 0.000000000000000000e+00
2.775079175200000000e+15 1.610199502000000091e+36 1.055439999999999965e+39 1.000000000000000000e+00 0.000000000000000000e+00
2.748848353000000000e+15 1.586591762000000074e+36 1.050439999999999981e+39 1.000000000000000000e+00 0.000000000000000000e+00
2.722742090700000000e+15 1.563096125900000116e+36 1.045439999999999997e+39 1.000000000000000000e+00 0.000000000000000000e+00
2.696760388300000000e+15 1.539712593799999866e+36 1.040440000000000013e+39 1.000000000000000000e+00 0.000000000000000000e+00
2.670903245800000000e+15 1.516441165500000022e+36 1.035440000000000029e+39 1.000000000000000000e+00 0.000000000000000000e+00
2.645170663300000000e+15 1.493281841199999888e+36 1.030440000000000046e+39 1.000000000000000000e+00 0.000000000000000000e+00
2.619562640600000000e+15 1.470234620800000106e+36 1.025440000000000062e+39 1.000000000000000000e+00 0.000000000000000000e+00
2.594079177800000000e+15 1.447299504300000086e+36 1.020439999999999927e+39 1.000000000000000000e+00 0.000000000000000000e+00
2.568720275000000000e+15 1.424476491800000071e+36 1.015439999999999943e+39 1.000000000000000000e+00 0.000000000000000000e+00
2.543485932100000000e+15 1.401765583099999872e+36 1.010439999999999959e+39 1.000000000000000000e+00 0.000000000000000000e+00
2.518376149000000000e+15 1.379166778399999971e+36 1.005439999999999975e+39 1.000000000000000000e+00 0.000000000000000000e+00
2.493390925900000000e+15 1.356680077600000129e+36 1.000439999999999991e+39 1.000000000000000000e+00 0.000000000000000000e+00
2.468530262700000000e+15 1.334305480700000048e+36 9.954400000000000076e+38 1.000000000000000000e+00 0.000000000000000000e+00
2.443794159400000000e+15 1.312042987700000025e+36 9.904400000000000238e+38 1.000000000000000000e+00 0.000000000000000000e+00
2.419182616000000000e+15 1.289892598700000007e+36 9.854400000000000400e+38 1.000000000000000000e+00 0.000000000000000000e+00
2.394695632500000000e+15 1.267854313600000046e+36 9.804400000000000562e+38 1.000000000000000000e+00 0.000000000000000000e+00
2.370333209000000000e+15 1.245928132300000048e+36 9.754400000000000723e+38 1.000000000000000000e+00 0.000000000000000000e+00
2.346095345300000000e+15 1.224114055100000001e+36 9.704399999999999374e+38 1.000000000000000000e+00 0.000000000000000000e+00
2.321982041500000000e+15 1.202412081700000065e+36 9.654399999999999535e+38 1.000000000000000000e+00 0.000000000000000000e+00
2.297993297700000000e+15 1.180822212200000039e+36 9.604399999999999697e+38 1.000000000000000000e+00 0.000000000000000000e+00
2.274129113800000000e+15 1.159344446700000017e+36 9.554399999999999859e+38 1.000000000000000000e+00 0.000000000000000000e+00
2.250389489700000000e+15 1.137978785100000052e+36 9.504400000000000020e+38 1.000000000000000000e+00 0.000000000000000000e+00
2.226774425600000000e+15 1.116725227300000051e+36 9.454400000000000182e+38 1.000000000000000000e+00 0.000000000000000000e+00
2.203283921400000000e+15 1.095583773600000001e+36 9.404400000000000344e+38 1.000000000000000000e+00 0.000000000000000000e+00
2.179917977100000000e+15 1.074554423700000061e+36 9.354400000000000506e+38 1.000000000000000000e+00 0.000000000000000000e+00
2.156676592700000000e+15 1.053637177799999979e+36 9.304400000000000667e+38 1.000000000000000000e+00 0.000000000000000000e+00
2.133559768300000000e+15 1.032832035700000006e+36 9.254399999999999318e+38 1.000000000000000000e+00 0.000000000000000000e+00
2.110567503700000000e+15 1.012138997600000038e+36 9.204399999999999479e+38 1.000000000000000000e+00 0.000000000000000000e+00
2.087699799000000000e+15 9.915580634199999404e+35 9.154399999999999641e+38 1.000000000000000000e+00 0.000000000000000000e+00
2.064956654300000000e+15 9.710892331400000474e+35 9.104399999999999803e+38 1.000000000000000000e+00 0.000000000000000000e+00
2.042338069400000000e+15 9.507325067899999304e+35 9.054399999999999965e+38 1.000000000000000000e+00 0.000000000000000000e+00
2.019844044500000000e+15 9.304878843500000721e+35 9.004400000000000126e+38 1.000000000000000000e+00 0.000000000000000000e+00
1.997474579500000000e+15 9.103553658299999360e+35 8.954400000000000288e+38 1.000000000000000000e+00 0.000000000000000000e+00
1.975229674400000000e+15 8.903349512400000186e+35 8.904400000000000450e+38 1.000000000000000000e+00 0.000000000000000000e+00
1.953109329200000000e+15 8.704266405500000110e+35 8.854400000000000611e+38 1.000000000000000000e+00 0.000000000000000000e+00
1.931113543900000000e+15 8.506304337899999270e+35 8.804399999999999262e+38 1.000000000000000000e+00 0.000000000000000000e+00
1.909242318500000000e+15 8.309463309500000078e+35 8.754399999999999423e+38 1.000000000000000000e+00 0.000000000000000000e+00
1.887495653000000000e+15 8.113743320200000523e+35 8.704399999999999585e+38 1.000000000000000000e+00 0.000000000000000000e+00
1.865873547500000000e+15 7.919144370099999666e+35 8.654399999999999747e+38 1.000000000000000000e+00 0.000000000000000000e+00
1.844376001800000000e+15 7.725666459299999519e+35 8.604399999999999909e+38 1.000000000000000000e+00 0.000000000000000000e+00
1.823003016100000000e+15 7.533309587600000484e+35 8.554400000000000070e+38 1.000000000000000000e+00 0.000000000000000000e+00
1.801754590200000000e+15 7.342073754999999610e+35 8.504400000000000232e+38 1.000000000000000000e+00 0.000000000000000000e+00
1.780630724300000000e+15 7.151958961699999446e+35 8.454400000000000394e+38 1.000000000000000000e+00 0.000000000000000000e+00
1.759631418300000000e+15 6.962965207599999456e+35 8.404400000000000555e+38 1.000000000000000000e+00 0.000000000000000000e+00
1.738756672200000000e+15 6.775092492600000578e+35 8.354400000000000717e+38 1.000000000000000000e+00 0.000000000000000000e+00
1.718006486000000000e+15 6.588340816799999660e+35 8.304399999999999367e+38 1.000000000000000000e+00 0.000000000000000000e+00
1.697380859700000000e+15 6.402710180199999653e+35 8.254399999999999529e+38 1.000000000000000000e+00 0.000000000000000000e+00
1.676879793300000000e+15 6.218200582799999819e+35 8.204399999999999691e+38 1.000000000000000000e+00 0.000000000000000000e+00
1.656503286900000000e+15 6.034812024600000159e+35 8.154399999999999853e+38 1.000000000000000000e+00 0.000000000000000000e+00
1.636251340300000000e+15 5.852544505599999935e+35 8.104400000000000014e+38 1.000000000000000000e+00 0.000000000000000000e+00
1.616123953700000000e+15 5.671398025700000084e+35 8.054400000000000176e+38 1.000000000000000000e+00 0.000000000000000000e+00
1.596121126900000000e+15 5.491372585100000207e+35 8.004400000000000338e+38 1.000000000000000000e+00 0.000000000000000000e+00
1.576242860100000000e+15 5.312468183599999965e+35 7.954400000000000499e+38 1.000000000000000000e+00 0.000000000000000000e+00
1.556489153200000000e+15 5.134684821299999897e+35 7.904400000000000661e+38 1.000000000000000000e+00 0.000000000000000000e+00
1.536860006100000000e+15 4.958022498200000003e+35 7.854399999999999312e+38 3.785515320300000042e+00 0.000000000000000000e+00
1.523611770700000000e+15 4.839599098999999770e+35 7.804399999999999473e+38 3.785515320300000042e+00 0.000000000000000000e+00
1.510447086900000000e+15 4.723270309000000160e+35 7.754399999999999635e+38 3.785515320300000042e+00 0.000000000000000000e+00
1.497365001400000000e+15 4.609012228000000102e+35 7.704399999999999797e+38 3.785515320300000042e+00 0.000000000000000000e+00
1.484364565700000000e+15 4.496801076599999966e+35 7.654399999999999958e+38 3.785515320300000042e+00 0.000000000000000000e+00
1.471444835900000000e+15 4.386613196500000226e+35 7.604400000000000120e+38 3.785515320300000042e+00 0.000000000000000000e+00
1.458604873400000000e+15 4.278425050299999646e+35 7.554400000000000282e+38 3.785515320300000042e+00 0.000000000000000000e+00
1.445843743900000000e+15 4.172213221700000045e+35 7.504400000000000443e+38 3.785515320300000042e+00 0.000000000000000000e+00
1.433160518400000000e+15 4.067954416300000267e+35 7.454400000000000605e+38 3.785515320300000042e+00 0.000000000000000000e+00
1.420554272500000000e+15 3.965625460700000198e+35 7.404399999999999256e+38 3.785515320300000042e+00 0.000000000000000000e+00
1.408024086600000000e+15 3.865203303799999635e+35 7.354399999999999417e+38 3.785515320300000042e+00 0.000000000000000000e+00
1.395569046200000000e+15 3.766665016200000228e+35 7.304399999999999579e+38 3.785515320300000042e+00 0.000000000000000000e+00
1.383188241400000000e+15 3.669987790600000251e+35 7.254399999999999741e+38 3.785515320300000042e+00 0.000000000000000000e+00
1.370880767500000000e+15 3.575148942099999903e+35 7.204399999999999902e+38 3.785515320300000042e+00 0.000000000000000000e+00
1.358645724500000000e+15 3.482125908299999635e+35 7.154400000000000064e+38 3.785515320300000042e+00 0.000000000000000000e+00
1.346482217100000000e+15 3.390896249300000144e+35 7.104400000000000226e+38 3.785515320300000042e+00 0.000000000000000000e+00
1.334389355300000000e+15 3.301437648300000070e+35 7.054400000000000387e+38 3.785515320300000042e+00 0.000000000000000000e+00
1.322366253800000000e+15 3.213727911400000082e+35 7.004400000000000549e+38 3.785515320300000042e+00 0.000000000000000000e+00
1.310412032100000000e+15 3.127744967900000065e+35 6.954400000000000711e+38 3.785515320300000042e+00 0.000000000000000000e+00
1.298525814800000000e+15 3.043466870499999828e+35 6.904399999999999361e+38 3.785515320300000042e+00 0.000000000000000000e+00
1.286706731400000000e+15 2.960871795599999974e+35 6.854399999999999523e+38 3.785515320300000042e+00 0.000000000000000000e+00
1.274953916300000000e+15 2.879938043399999857e+35 6.804399999999999685e+38 3.785515320300000042e+00 0.000000000000000000e+00
1.263266509000000000e+15 2.800644037900000169e+35 6.754399999999999846e+38 3.785515320300000042e+00 0.000000000000000000e+00
1.251643653600000000e+15 2.722968327499999883e+35 6.704400000000000008e+38 3.785515320300000042e+00 0.000000000000000000e+00
1.240084499400000000e+15 2.646889584799999986e+35 6.654400000000000170e+38 3.785515320300000042e+00 0.000000000000000000e+00
1.228588200800000000e+15 2.572386607099999885e+35 6.604400000000000331e+38 3.785515320300000042e+00 0.000000000000000000e+00
1.217153916900000000e+15 2.499438316500000163e+35 6.554399999999999737e+38 3.785515320300000042e+00 0.000000000000000000e+00
1.205780812000000000e+15 2.428023760000000165e+35 6.504399999999999899e+38 3.785515320300000042e+00 0.000000000000000000e+00
1.194468055200000000e+15 2.358122109700000177e+35 6.454400000000000061e+38 3.785515320300000042e+00 0.000000000000000000e+00
1.183214820800000000e+15 2.289712663199999888e+35 6.404400000000000223e+38 3.785515320300000042e+00 0.000000000000000000e+00
1.172020288000000000e+15 2.222774843799999838e+35 6.354399999999999629e+38 3.785515320300000042e+00 0.000000000000000000e+00
1.160883640900000000e+15 2.157288200299999965e+35 6.304399999999999790e+38 3.785515320300000042e+00 0.000000000000000000e+00
1.149804068900000000e+15 2.093232407900000024e+35 6.254399999999999952e+38 3.785515320300000042e+00 0.000000000000000000e+00
1.138780766300000000e+15 2.030587267600000047e+35 6.204400000000000114e+38 3.785515320300000042e+00 0.000000000000000000e+00
1.127812932300000000e+15 1.969332707299999984e+35 6.154400000000000275e+38 3.785515320300000042e+00 0.000000000000000000e+00
1.116899771400000000e+15 1.909448781100000001e+35 6.104399999999999681e+38 3.785515320300000042e+00 0.000000000000000000e+00
1.106040493000000000e+15 1.850915670400000116e+35 6.054399999999999843e+38 3.785515320300000042e+00 0.000000000000000000e+00
1.095234311700000000e+15 1.793713683600000068e+35 6.004400000000000005e+38 3.785515320300000042e+00 0.000000000000000000e+00
1.084480447100000000e+15 1.737823256100000050e+35 5.954400000000000167e+38 3.785515320300000042e+00 0.000000000000000000e+00
1.073778123700000000e+15 1.683224951300000184e+35 5.904400000000000328e+38 3.785515320300000042e+00 0.000000000000000000e+00
1.063126571500000000e+15 1.629899460100000044e+35 5.854399999999999734e+38 3.785515320300000042e+00 0.000000000000000000e+00
1.052525025300000000e+15 1.577827601700000010e+35 5.804399999999999896e+38 3.785515320300000042e+00 0.000000000000000000e+00
1.041972725200000000e+15 1.526990323100000050e+35 5.754400000000000058e+38 3.785515320300000042e+00 0.000000000000000000e+00
1.031468916200000000e+15 1.477368700300000086e+35 5.704400000000000219e+38 3.785515320300000042e+00 0.000000000000000000e+00
1.021012848600000000e+15 1.428943937599999922e+35 5.654399999999999625e+38 3.785515320300000042e+00 0.000000000000000000e+00
1.010603777800000000e+15 1.381697368600000002e+35 5.604399999999999787e+38 3.785515320300000042e+00 0.000000000000000000e+00
1.000240964500000000e+15 1.335610455899999988e+35 5.554399999999999949e+38 3.785515320300000042e+00 0.000000000000000000e+00
9.899236742300000000e+14 1.290664791599999968e+35 5.504400000000000111e+38 3.785515320300000042e+00 0.000000000000000000e+00
9.796511780400000000e+14 1.246842097500000058e+35 5.454400000000000272e+38 3.785515320300000042e+00 0.000000000000000000e+00
9.694227519800000000e+14 1.204124225499999966e+35 5.404399999999999678e+38 3.785515320300000042e+00 0.000000000000000000e+00
9.592376773200000000e+14 1.162493157399999949e+35 5.354399999999999840e+38 3.785515320300000042e+00 0.000000000000000000e+00
9.490952405500000000e+14 1.121931005899999914e+35 5.304400000000000002e+38 3.785515320300000042e+00 0.000000000000000000e+00
9.389947333700000000e+14 1.082420014000000070e+35 5.254400000000000163e+38 3.785515320300000042e+00 0.000000000000000000e+00
9.289354527100000000e+14 1.043942556100000010e+35 5.204400000000000325e+38 3.785515320300000042e+00 0.000000000000000000e+00
9.189167007300000000e+14 1.006481137399999919e+35 5.154399999999999731e+38 3.785515320300000042e+00 0.000000000000000000e+00
9.089377848400000000e+14 9.700183950800000501e+34 5.104399999999999893e+38 3.785515320300000042e+00 0.000000000000000000e+00
8.989980177000000000e+14 9.345370978399999878e+34 5.054400000000000055e+38 3.785515320300000042e+00 0.000000000000000000e+00
8.890967172600000000e+14 9.000201465600000921e+34 5.004400000000000216e+38 3.785515320300000042e+00 0.000000000000000000e+00
8.792332067100000000e+14 8.664505744500000912e+34 4.954399999999999622e+38 3.785515320300000042e+00 0.000000000000000000e+00
8.694068145700000000e+14 8.338115473800000805e+34 4.904399999999999784e+38 3.785515320300000042e+00 0.000000000000000000e+00
8.596168746500000000e+14 8.020863641400000015e+34 4.854399999999999946e+38 3.785515320300000042e+00 0.000000000000000000e+00
8.498627260600000000e+14 7.712584567299999833e+34 4.804400000000000107e+38 3.785515320300000042e+00 0.000000000000000000e+00
8.401437132600000000e+14 7.413113906500000379e+34 4.754400000000000269e+38 3.785515320300000042e+00 0.000000000000000000e+00
8.304591860200000000e+14 7.122288652300000446e+34 4.704399999999999675e+38 3.785515320300000042e+00 0.000000000000000000e+00
8.208084994800000000e+14 6.839947138899999672e+34 4.654399999999999837e+38 3.785515320300000042e+00 0.000000000000000000e+00
8.111910141400000000e+14 6.565929044600000428e+34 4.604399999999999999e+38 3.785515320300000042e+00 0.000000000000000000e+00
8.016060958500000000e+14 6.300075394999999558e+34 4.554400000000000160e+38 3.785515320300000042e+00 0.000000000000000000e+00
7.920531158900000000e+14 6.042228565800000297e+34 4.504400000000000322e+38 3.785515320300000042e+00 0.000000000000000000e+00
7.825314508900000000e+14 5.792232286400000444e+34 4.454399999999999728e+38 3.785515320300000042e+00 0.000000000000000000e+00
7.730404829300000000e+14 5.549931642900000185e+34 4.404399999999999890e+38 3.785515320300000042e+00 0.000000000000000000e+00
7.635795995000000000e+14 5.315173081099999772e+34 4.354400000000000051e+38 3.785515320300000042e+00 0.000000000000000000e+00
7.541535257000000000e+14 5.095256198799999750e+34 4.304400000000000213e+38 3.380952381000000173e+00 0.000000000000000000e+00
7.447484783600000000e+14 4.897901535699999582e+34 4.254400000000000375e+38 3.380952381000000173e+00 0.000000000000000000e+00
7.353688450000000000e+14 4.705992724300000449e+34 4.204399999999999781e+38 3.380952381000000173e+00 0.000000000000000000e+00
7.260142140800000000e+14 4.519441579200000048e+34 4.154399999999999943e+38 3.380952381000000173e+00 0.000000000000000000e+00
7.166841759300000000e+14 4.338160313699999609e+34 4.104400000000000104e+38 3.380952381000000173e+00 0.000000000000000000e+00
7.073783227500000000e+14 4.162061542500000329e+34 4.054400000000000266e+38 3.380952381000000173e+00 0.000000000000000000e+00
6.980962486400000000e+14 3.991058285099999787e+34 4.004399999999999672e+38 3.380952381000000173e+00 0.000000000000000000e+00
6.888375495900000000e+14 3.825063968499999909e+34 3.954399999999999834e+38 3.380952381000000173e+00 0.000000000000000000e+00
6.796018235000000000e+14 3.663992430800000213e+34 3.904399999999999995e+38 3.380952381000000173e+00 0.000000000000000000e+00
6.703886702300000000e+14 3.507757923899999782e+34 3.854400000000000157e+38 3.380952381000000173e+00 0.000000000000000000e+00
6.611976915500000000e+14 3.356275117100000192e+34 3.804400000000000319e+38 3.380952381000000173e+00 0.000000000000000000e+00
6.520284912300000000e+14 3.209459100399999822e+34 3.754399999999999725e+38 3.380952381000000173e+00 0.000000000000000000e+00
6.428806750000000000e+14 3.067225387899999959e+34 3.704399999999999887e+38 3.380952381000000173e+00 0.000000000000000000e+00
6.337538505800000000e+14 2.929489921100000023e+34 3.654400000000000048e+38 3.380952381000000173e+00 0.000000000000000000e+00
6.246476277100000000e+14 2.796169072799999903e+34 3.604400000000000210e+38 3.380952381000000173e+00 0.000000000000000000e+00
6.155616181600000000e+14 2.667179650599999862e+34 3.554400000000000372e+38 3.380952381000000173e+00 0.000000000000000000e+00
6.064954357500000000e+14 2.542438900399999974e+34 3.504399999999999778e+38 3.380952381000000173e+00 0.000000000000000000e+00
5.974486963500000000e+14 2.421864510600000017e+34 3.454399999999999939e+38 3.380952381000000173e+00 0.000000000000000000e+00
5.884210179300000000e+14 2.305374615599999833e+34 3.404400000000000101e+38 3.380952381000000173e+00 0.000000000000000000e+00
5.794120205500000000e+14 2.192887800200000199e+34 3.354399999999999885e+38 3.380952381000000173e+00 0.000000000000000000e+00
5.704213263900000000e+14 2.084323103300000022e+34 3.304400000000000047e+38 3.380952381000000173e+00 0.000000000000000000e+00
5.614485597700000000e+14 1.979600022400000008e+34 3.254399999999999831e+38 3.380952381000000173e+00 0.000000000000000000e+00
5.524933471700000000e+14 1.878638517599999947e+34 3.204399999999999992e+38 3.380952381000000173e+00 0.000000000000000000e+00
5.435553172500000000e+14 1.781359016200000104e+34 3.154400000000000154e+38 3.380952381000000173e+00 0.000000000000000000e+00
5.346341008800000000e+14 1.687682417100000011e+34 3.104399999999999938e+38 3.380952381000000173e+00 0.000000000000000000e+00
5.257293311400000000e+14 1.597530095400000089e+34 3.054400000000000100e+38 3.380952381000000173e+00 0.000000000000000000e+00
5.168406433500000000e+14 1.510823907200000097e+34 3.004399999999999883e+38 3.380952381000000173e+00 0.000000000000000000e+00
5.079676751100000000e+14 1.427486194499999925e+34 2.954400000000000045e+38 3.380952381000000173e+00 0.000000000000000000e+00
4.991100663100000000e+14 1.347439789999999887e+34 2.904399999999999829e+38 3.380952381000000173e+00 0.000000000000000000e+00
4.902674591600000000e+14 1.270608022400000017e+34 2.854399999999999991e+38 3.380952381000000173e+00 0.000000000000000000e+00
4.814394981800000000e+14 1.196914721600000028e+34 2.804400000000000152e+38 3.380952381000000173e+00 0.000000000000000000e+00
4.726258302800000000e+14 1.126284224200000049e+34 2.754399999999999936e+38 3.380952381000000173e+00 0.000000000000000000e+00
4.638261047600000000e+14 1.058641378899999950e+34 2.704400000000000098e+38 3.380952381000000173e+00 0.000000000000000000e+00
4.550399733200000000e+14 9.939115524599999688e+33 2.654399999999999882e+38 3.380952381000000173e+00 0.000000000000000000e+00
4.462670901300000000e+14 9.320206353800000494e+33 2.604400000000000044e+38 3.380952381000000173e+00 0.000000000000000000e+00
4.375071118200000000e+14 8.728950481599999817e+33 2.554399999999999827e+38 3.380952381000000173e+00 0.000000000000000000e+00
4.287596975000000000e+14 8.164617475199999658e+33 2.504399999999999989e+38 3.380952381000000173e+00 0.000000000000000000e+00
4.200245088600000000e+14 7.626482328600000041e+33 2.454400000000000151e+38 3.380952381000000173e+00 0.000000000000000000e+00
4.113000000000000000e+14 7.098269999999999715e+33 2.404399999999999935e+38 2.267999999999999794e+00 0.000000000000000000e+00
4.025890000000000000e+14 6.775970000000000249e+33 2.354400000000000096e+38 2.278000000000000025e+00 0.000000000000000000e+00
3.938850000000000000e+14 6.458579999999999560e+33 2.304399999999999880e+38 2.286999999999999922e+00 0.000000000000000000e+00
3.851870000000000000e+14 6.146679999999999636e+33 2.254400000000000042e+38 2.295999999999999819e+00 0.000000000000000000e+00
3.764950000000000000e+14 5.840770000000000246e+33 2.204399999999999826e+38 2.302999999999999936e+00 0.000000000000000000e+00
3.678090000000000000e+14 5.541360000000000138e+33 2.154399999999999988e+38 2.310000000000000053e+00 0.000000000000000000e+00
3.591300000000000000e+14 5.248880000000000449e+33 2.104400000000000149e+38 2.315999999999999837e+00 0.000000000000000000e+00
3.504570000000000000e+14 4.963749999999999876e+33 2.054399999999999933e+38 2.322000000000000064e+00 0.000000000000000000e+00
3.417900000000000000e+14 4.686339999999999908e+33 2.004400000000000095e+38 2.326000000000000068e+00 0.000000000000000000e+00
3.331300000000000000e+14 4.416989999999999903e+33 1.954399999999999879e+38 2.330000000000000071e+00 0.000000000000000000e+00
3.244760000000000000e+14 4.155980000000000145e+33 1.904400000000000040e+38 2.333000000000000185e+00 0.000000000000000000e+00
3.158290000000000000e+14 3.903570000000000075e+33 1.854399999999999824e+38 2.334999999999999964e+00 0.000000000000000000e+00
3.071890000000000000e+14 3.659989999999999886e+33 1.804399999999999986e+38 2.335999999999999854e+00 0.000000000000000000e+00
2.985550000000000000e+14 3.425399999999999988e+33 1.754400000000000148e+38 2.335999999999999854e+00 0.000000000000000000e+00
2.899270000000000000e+14 3.199939999999999946e+33 1.704399999999999932e+38 2.334999999999999964e+00 0.000000000000000000e+00
2.813070000000000000e+14 2.983709999999999945e+33 1.654400000000000093e+38 2.334000000000000075e+00 0.000000000000000000e+00
2.726930000000000000e+14 2.776760000000000076e+33 1.604400000000000066e+38 2.330999999999999961e+00 0.000000000000000000e+00
2.640860000000000000e+14 2.579110000000000032e+33 1.554400000000000039e+38 2.326999999999999957e+00 0.000000000000000000e+00
2.554860000000000000e+14 2.390729999999999986e+33 1.504400000000000012e+38 2.321000000000000174e+00 0.000000000000000000e+00
2.468930000000000000e+14 2.211549999999999868e+33 1.454399999999999984e+38 2.314999999999999947e+00 0.000000000000000000e+00
1.672410000000000000e+14 9.965810000000000629e+32 9.886020000000000191e+37 2.248000000000000220e+00 2.967190000000000112e+29
1.667490000000000000e+14 9.915709999999999496e+32 9.857170000000000386e+37 2.250999999999999890e+00 3.428569999999999727e+29
1.662580000000000000e+14 9.864990000000000162e+32 9.828320000000000580e+37 2.253000000000000114e+00 3.770810000000000166e+29
1.657670000000000000e+14 9.814059999999999462e+32 9.799470000000000775e+37 2.254999999999999893e+00 4.056479999999999716e+29
1.652760000000000000e+14 9.763060000000000708e+32 9.770619999999999080e+37 2.257000000000000117e+00 4.308910000000000293e+29
1.647840000000000000e+14 9.712060000000000513e+32 9.741780000000000523e+37 2.258999999999999897e+00 4.539610000000000134e+29
1.642930000000000000e+14 9.661080000000000586e+32 9.712930000000000717e+37 2.261000000000000121e+00 4.755100000000000149e+29
1.638020000000000000e+14 9.610160000000000019e+32 9.684080000000000912e+37 2.262999999999999901e+00 4.959469999999999903e+29
1.633110000000000000e+14 9.559290000000000121e+32 9.655229999999999218e+37 2.265000000000000124e+00 5.155419999999999718e+29
1.628200000000000000e+14 9.508499999999999852e+32 9.626379999999999412e+37 2.266999999999999904e+00 5.344840000000000172e+29
1.623290000000000000e+14 9.457780000000000518e+32 9.597540000000000854e+37 2.267999999999999794e+00 5.529090000000000230e+29
1.618380000000000000e+14 9.407149999999999505e+32 9.568689999999999160e+37 2.270000000000000018e+00 5.709190000000000169e+29
1.613470000000000000e+14 9.356609999999999696e+32 9.539839999999999355e+37 2.271999999999999797e+00 5.885910000000000303e+29
1.608560000000000000e+14 9.306159999999999649e+32 9.510989999999999549e+37 2.274999999999999911e+00 6.059849999999999843e+29
1.603650000000000000e+14 9.255799999999999363e+32 9.482139999999999744e+37 2.277000000000000135e+00 6.231500000000000270e+29
1.598740000000000000e+14 9.205530000000000281e+32 9.453299999999999297e+37 2.278999999999999915e+00 6.401220000000000687e+29
1.593830000000000000e+14 9.155369999999999788e+32 9.424449999999999492e+37 2.107000000000000206e+00 6.569340000000000626e+29
1.588920000000000000e+14 9.105300000000000498e+32 9.395599999999999686e+37 2.105999999999999872e+00 6.736100000000000194e+29
1.584010000000000000e+14 9.055339999999999796e+32 9.366749999999999881e+37 2.104999999999999982e+00 6.901720000000000486e+29
1.579100000000000000e+14 9.005480000000000431e+32 9.337900000000000075e+37 2.104000000000000092e+00 7.066369999999999788e+29
1.574190000000000000e+14 8.955719999999999521e+32 9.309059999999999629e+37 2.103000000000000203e+00 7.230199999999999488e+29
1.569280000000000000e+14 8.906070000000000081e+32 9.280209999999999823e+37 2.101999999999999869e+00 7.393339999999999848e+29
1.564370000000000000e+14 8.856530000000000671e+32 9.251360000000000018e+37 2.100999999999999979e+00 7.555889999999999446e+29
1.559460000000000000e+14 8.807089999999999716e+32 9.222510000000000212e+37 2.100000000000000089e+00 7.717940000000000523e+29
1.554550000000000000e+14 8.757770000000000365e+32 9.193660000000000407e+37 2.099000000000000199e+00 7.879570000000000533e+29
1.549650000000000000e+14 8.708559999999999602e+32 9.164819999999999960e+37 2.097999999999999865e+00 8.040829999999999469e+29
1.544740000000000000e+14 8.659460000000000310e+32 9.135970000000000155e+37 2.096999999999999975e+00 8.201800000000000416e+29
1.539830000000000000e+14 8.610469999999999607e+32 9.107120000000000350e+37 2.096000000000000085e+00 8.362509999999999430e+29
1.534920000000000000e+14 8.561600000000000508e+32 9.078270000000000544e+37 2.095000000000000195e+00 8.523019999999999879e+29
1.530010000000000000e+14 8.512839999999999997e+32 9.049420000000000739e+37 2.093999999999999861e+00 8.683339999999999510e+29
1.525110000000000000e+14 8.464199999999999649e+32 9.020580000000000292e+37 2.092999999999999972e+00 8.843519999999999724e+29
1.520200000000000000e+14 8.415669999999999331e+32 8.991730000000000487e+37 2.092000000000000082e+00 9.003569999999999676e+29
1.515290000000000000e+14 8.367269999999999310e+32 8.962880000000000681e+37 2.092000000000000082e+00 9.163530000000000202e+29
1.510380000000000000e+14 8.318979999999999318e+32 8.934030000000000876e+37 2.091000000000000192e+00 9.323399999999999897e+29
1.505480000000000000e+14 8.270809999999999490e+32 8.905179999999999181e+37 2.089999999999999858e+00 9.483210000000000445e+29
1.500570000000000000e+14 8.222759999999999825e+32 8.876340000000000624e+37 2.088999999999999968e+00 9.642960000000000439e+29
1.495660000000000000e+14 8.174830000000000323e+32 8.847490000000000818e+37 2.088000000000000078e+00 9.802680000000000155e+29
1.490760000000000000e+14 8.127019999999999543e+32 8.818639999999999124e+37 2.087000000000000188e+00 9.962349999999999878e+29
1.485850000000000000e+14 8.084190000000000493e+32 8.789789999999999318e+37 2.084999999999999964e+00 6.360849999999999624e+29
1.480950000000000000e+14 8.036689999999999534e+32 8.760939999999999513e+37 2.084000000000000075e+00 6.439769999999999474e+29
1.476040000000000000e+14 7.989310000000000180e+32 8.732099999999999066e+37 2.083000000000000185e+00 6.518760000000000440e+29
1.471140000000000000e+14 7.942049999999999548e+32 8.703249999999999261e+37 2.081999999999999851e+00 6.597810000000000553e+29
1.466230000000000000e+14 7.894920000000000654e+32 8.674399999999999455e+37 2.080999999999999961e+00 6.676930000000000374e+29
1.441710000000000000e+14 7.671929999999999624e+32 8.530159999999999787e+37 2.075000000000000178e+00 3.746729999999999762e+29
1.436800000000000000e+14 7.625669999999999391e+32 8.501309999999999982e+37 2.073999999999999844e+00 3.767509999999999928e+29
1.417180000000000000e+14 7.441889999999999454e+32 8.385920000000000119e+37 2.068999999999999950e+00 3.851779999999999727e+29
1.407380000000000000e+14 7.350750000000000145e+32 8.328219999999999563e+37 2.067000000000000171e+00 3.894510000000000317e+29
1.402470000000000000e+14 7.305380000000000282e+32 8.299380000000000061e+37 2.065999999999999837e+00 3.915989999999999681e+29
1.392670000000000000e+14 7.215009999999999738e+32 8.241680000000000450e+37 2.064000000000000057e+00 3.959160000000000349e+29
1.343650000000000000e+14 6.770970000000000558e+32 7.953200000000000169e+37 2.052999999999999936e+00 4.177799999999999920e+29
1.324050000000000000e+14 6.597049999999999860e+32 7.837810000000000306e+37 2.048000000000000043e+00 4.265790000000000321e+29
1.319150000000000000e+14 6.553909999999999548e+32 7.808959999999999556e+37 2.047000000000000153e+00 4.287780000000000176e+29
1.304450000000000000e+14 6.425279999999999805e+32 7.722420000000000443e+37 2.044000000000000039e+00 4.353670000000000174e+29
1.299550000000000000e+14 6.382670000000000094e+32 7.693569999999999693e+37 2.043000000000000149e+00 4.375590000000000320e+29
1.289750000000000000e+14 6.297859999999999667e+32 7.635870000000000083e+37 2.040000000000000036e+00 4.419350000000000343e+29
1.284850000000000000e+14 6.255659999999999672e+32 7.607020000000000277e+37 2.039000000000000146e+00 4.441190000000000219e+29
1.265260000000000000e+14 6.088229999999999996e+32 7.491630000000000414e+37 2.033999999999999808e+00 4.528110000000000348e+29
1.255460000000000000e+14 6.005329999999999886e+32 7.433940000000000162e+37 2.032000000000000028e+00 4.571290000000000171e+29
1.250560000000000000e+14 5.964089999999999756e+32 7.405090000000000357e+37 2.031000000000000139e+00 4.592799999999999812e+29
1.235870000000000000e+14 5.841190000000000241e+32 7.318539999999999996e+37 2.027000000000000135e+00 4.656940000000000057e+29
1.230970000000000000e+14 5.800500000000000259e+32 7.289699999999999549e+37 2.025999999999999801e+00 4.678189999999999875e+29
1.226080000000000000e+14 5.759949999999999986e+32 7.260849999999999744e+37 2.024999999999999911e+00 4.699369999999999985e+29
1.221180000000000000e+14 5.719540000000000145e+32 7.231999999999999938e+37 2.023000000000000131e+00 4.720479999999999683e+29
1.211390000000000000e+14 5.639130000000000179e+32 7.174300000000000328e+37 2.020999999999999908e+00 4.762449999999999817e+29
1.182010000000000000e+14 5.401249999999999672e+32 7.001220000000000213e+37 2.012999999999999901e+00 4.886319999999999662e+29
1.172220000000000000e+14 5.323080000000000111e+32 6.943519999999999657e+37 2.011000000000000121e+00 4.926849999999999858e+29
1.167330000000000000e+14 5.296929999999999970e+32 6.914669999999999852e+37 2.007000000000000117e+00 5.585980000000000090e+29
1.162440000000000000e+14 5.258429999999999724e+32 6.885820000000000046e+37 2.005999999999999783e+00 5.576770000000000122e+29
1.157540000000000000e+14 5.220059999999999774e+32 6.856979999999999600e+37 2.004000000000000004e+00 5.567450000000000310e+29
1.152650000000000000e+14 5.181839999999999669e+32 6.828129999999999794e+37 2.003000000000000114e+00 5.558010000000000093e+29
1.147750000000000000e+14 5.143749999999999861e+32 6.799279999999999989e+37 2.001999999999999780e+00 5.548460000000000032e+29
1.142860000000000000e+14 5.105799999999999762e+32 6.770430000000000183e+37 2.000000000000000000e+00 5.538790000000000270e+29
1.137970000000000000e+14 5.067990000000000094e+32 6.741580000000000378e+37 1.999000000000000110e+00 5.529009999999999960e+29
1.133070000000000000e+14 5.030320000000000137e+32 6.712739999999999931e+37 1.997000000000000108e+00 5.519119999999999806e+29
1.128180000000000000e+14 4.992789999999999889e+32 6.683890000000000126e+37 1.995999999999999996e+00 5.509100000000000093e+29
1.123290000000000000e+14 4.955400000000000072e+32 6.655040000000000321e+37 1.993999999999999995e+00 5.498969999999999832e+29
1.118390000000000000e+14 4.918139999999999831e+32 6.626189999999999571e+37 1.993000000000000105e+00 5.488710000000000012e+29
1.113500000000000000e+14 4.881030000000000154e+32 6.597339999999999765e+37 1.991999999999999993e+00 5.478340000000000349e+29
1.108610000000000000e+14 4.844060000000000188e+32 6.568500000000000263e+37 1.989999999999999991e+00 5.467839999999999718e+29
1.103710000000000000e+14 4.807219999999999798e+32 6.539650000000000458e+37 1.989000000000000101e+00 5.457220000000000090e+29
1.098820000000000000e+14 4.770519999999999839e+32 6.510799999999999708e+37 1.987000000000000099e+00 5.446480000000000056e+29
1.093930000000000000e+14 4.733969999999999723e+32 6.481949999999999902e+37 1.985999999999999988e+00 5.435609999999999759e+29
1.089040000000000000e+14 4.697549999999999904e+32 6.453100000000000097e+37 1.983999999999999986e+00 5.424619999999999760e+29
1.084150000000000000e+14 4.661269999999999795e+32 6.424259999999999650e+37 1.983000000000000096e+00 5.413510000000000060e+29
1.079260000000000000e+14 4.625130000000000117e+32 6.395409999999999845e+37 1.981000000000000094e+00 5.402270000000000097e+29
1.074360000000000000e+14 4.589130000000000149e+32 6.366560000000000039e+37 1.979999999999999982e+00 5.390899999999999871e+29
1.069470000000000000e+14 4.553269999999999891e+32 6.337710000000000234e+37 1.979000000000000092e+00 5.379409999999999942e+29
1.064580000000000000e+14 4.517550000000000064e+32 6.308860000000000428e+37 1.977000000000000091e+00 5.367800000000000313e+29
1.059690000000000000e+14 4.481969999999999946e+32 6.280019999999999982e+37 1.975999999999999979e+00 5.356049999999999859e+29
1.054800000000000000e+14 4.446530000000000260e+32 6.251170000000000176e+37 1.973999999999999977e+00 5.344179999999999703e+29
1.049910000000000000e+14 4.411230000000000283e+32 6.222320000000000371e+37 1.973000000000000087e+00 5.332179999999999987e+29
1.045020000000000000e+14 4.376070000000000016e+32 6.193469999999999621e+37 1.971000000000000085e+00 5.320059999999999867e+29
1.040130000000000000e+14 4.341050000000000180e+32 6.164619999999999816e+37 1.969000000000000083e+00 5.307800000000000329e+29
1.035240000000000000e+14 4.306170000000000054e+32 6.135780000000000314e+37 1.967999999999999972e+00 5.295419999999999682e+29
1.030350000000000000e+14 4.271420000000000225e+32 6.106929999999999564e+37 1.965999999999999970e+00 5.282910000000000179e+29
1.025460000000000000e+14 4.236820000000000240e+32 6.078079999999999758e+37 1.965000000000000080e+00 5.270280000000000271e+29
1.020570000000000000e+14 4.202359999999999965e+32 6.049229999999999953e+37 1.963000000000000078e+00 5.257510000000000242e+29
1.015680000000000000e+14 4.168040000000000120e+32 6.020380000000000147e+37 1.961999999999999966e+00 5.244619999999999807e+29
1.010790000000000000e+14 4.133849999999999852e+32 5.991539999999999701e+37 1.959999999999999964e+00 5.231599999999999814e+29
1.005910000000000000e+14 4.099810000000000148e+32 5.962689999999999895e+37 1.959000000000000075e+00 5.218450000000000260e+29
1.001020000000000000e+14 4.065900000000000020e+32 5.933840000000000090e+37 1.957000000000000073e+00 5.205180000000000302e+29
9.961280000000000000e+13 4.032139999999999736e+32 5.904990000000000284e+37 1.955000000000000071e+00 5.191770000000000222e+29
9.912400000000000000e+13 3.998519999999999883e+32 5.876139999999999534e+37 1.953999999999999959e+00 5.178239999999999738e+29
9.863520000000000000e+13 3.965030000000000327e+32 5.847300000000000032e+37 1.951999999999999957e+00 5.164579999999999693e+29
9.814640000000000000e+13 3.931679999999999760e+32 5.818450000000000227e+37 1.951000000000000068e+00 5.150799999999999947e+29
9.765770000000000000e+13 3.898479999999999757e+32 5.789600000000000421e+37 1.949000000000000066e+00 5.136889999999999938e+29
9.716890000000000000e+13 3.865410000000000051e+32 5.760749999999999671e+37 1.947000000000000064e+00 5.122849999999999666e+29
9.668020000000000000e+13 3.832490000000000190e+32 5.731899999999999866e+37 1.945999999999999952e+00 5.108679999999999835e+29
9.619150000000000000e+13 3.799699999999999904e+32 5.703060000000000364e+37 1.943999999999999950e+00 5.094390000000000301e+29
9.570280000000000000e+13 3.767050000000000049e+32 5.674209999999999614e+37 1.943000000000000060e+00 5.079979999999999659e+29
9.521410000000000000e+13 3.734550000000000038e+32 5.645359999999999809e+37 1.941000000000000059e+00 5.065430000000000303e+29
9.472550000000000000e+13 3.705360000000000325e+32 5.616510000000000003e+37 1.937999999999999945e+00 6.111310000000000187e+29
9.423680000000000000e+13 3.673170000000000135e+32 5.587660000000000198e+37 1.937000000000000055e+00 6.078000000000000099e+29
9.374820000000000000e+13 3.641110000000000242e+32 5.558819999999999751e+37 1.935000000000000053e+00 6.044649999999999875e+29
9.325960000000000000e+13 3.609190000000000059e+32 5.529969999999999946e+37 1.933000000000000052e+00 6.011279999999999936e+29
9.277100000000000000e+13 3.577419999999999720e+32 5.501120000000000140e+37 1.931999999999999940e+00 5.977890000000000281e+29
9.228250000000000000e+13 3.545779999999999678e+32 5.472270000000000335e+37 1.929999999999999938e+00 5.944459999999999788e+29
9.179390000000000000e+13 3.514280000000000066e+32 5.443419999999999585e+37 1.927999999999999936e+00 5.911020000000000140e+29
9.130540000000000000e+13 3.482910000000000030e+32 5.414580000000000083e+37 1.927000000000000046e+00 5.877550000000000215e+29
9.081690000000000000e+13 3.451689999999999839e+32 5.385730000000000277e+37 1.925000000000000044e+00 5.844050000000000012e+29
9.032840000000000000e+13 3.420599999999999944e+32 5.356880000000000472e+37 1.923000000000000043e+00 5.810539999999999952e+29
8.983990000000000000e+13 3.389659999999999893e+32 5.328029999999999722e+37 1.921000000000000041e+00 5.777000000000000318e+29
8.935150000000000000e+13 3.358850000000000139e+32 5.299179999999999916e+37 1.919999999999999929e+00 5.743450000000000123e+29
8.886300000000000000e+13 3.328180000000000095e+32 5.270340000000000414e+37 1.917999999999999927e+00 5.709880000000000212e+29
8.837460000000000000e+13 3.297649999999999761e+32 5.241489999999999664e+37 1.915999999999999925e+00 5.676289999999999882e+29
8.788620000000000000e+13 3.267249999999999724e+32 5.212639999999999859e+37 1.913999999999999924e+00 5.642679999999999836e+29
8.739780000000000000e+13 3.236999999999999891e+32 5.183790000000000054e+37 1.913000000000000034e+00 5.609059999999999932e+29
8.690950000000000000e+13 3.206879999999999994e+32 5.154940000000000248e+37 1.911000000000000032e+00 5.575430000000000170e+29
8.642110000000000000e+13 3.176900000000000168e+32 5.126099999999999802e+37 1.909000000000000030e+00 5.541779999999999989e+29
8.593280000000000000e+13 3.147060000000000052e+32 5.097249999999999996e+37 1.907000000000000028e+00 5.508119999999999950e+29
8.544450000000000000e+13 3.117349999999999873e+32 5.068400000000000191e+37 1.905000000000000027e+00 5.474459999999999911e+29
8.495620000000000000e+13 3.087789999999999897e+32 5.039550000000000385e+37 1.903999999999999915e+00 5.440780000000000156e+29
8.446800000000000000e+13 3.058359999999999859e+32 5.010699999999999635e+37 1.901999999999999913e+00 5.407099999999999697e+29
8.397970000000000000e+13 3.029069999999999890e+32 4.981860000000000133e+37 1.899999999999999911e+00 5.373400000000000227e+29
8.349150000000000000e+13 2.999919999999999992e+32 4.953010000000000328e+37 1.897999999999999909e+00 5.339709999999999911e+29
8.300330000000000000e+13 2.970900000000000031e+32 4.924159999999999578e+37 1.895999999999999908e+00 5.306009999999999736e+29
8.251510000000000000e+13 2.942020000000000140e+32 4.895309999999999772e+37 1.895000000000000018e+00 5.272299999999999704e+29
8.202690000000000000e+13 2.913279999999999958e+32 4.866459999999999967e+37 1.893000000000000016e+00 5.238600000000000234e+29
8.153880000000000000e+13 2.884679999999999848e+32 4.837620000000000465e+37 1.891000000000000014e+00 5.204890000000000202e+29
8.105060000000000000e+13 2.856220000000000168e+32 4.808769999999999715e+37 1.889000000000000012e+00 5.171190000000000028e+29
8.056250000000000000e+13 2.827890000000000064e+32 4.779919999999999909e+37 1.887000000000000011e+00 5.137479999999999996e+29
8.007440000000000000e+13 2.799700000000000030e+32 4.751070000000000104e+37 1.885000000000000009e+00 5.103789999999999680e+29
7.958630000000000000e+13 2.771650000000000067e+32 4.722220000000000299e+37 1.883000000000000007e+00 5.070090000000000209e+29
7.909830000000000000e+13 2.743730000000000041e+32 4.693379999999999852e+37 1.881000000000000005e+00 5.036399999999999893e+29
7.861030000000000000e+13 2.715950000000000085e+32 4.664530000000000047e+37 1.879999999999999893e+00 5.002720000000000138e+29
7.812220000000000000e+13 2.688309999999999839e+32 4.635680000000000241e+37 1.877999999999999892e+00 4.969050000000000241e+29
7.763420000000000000e+13 2.660799999999999889e+32 4.606830000000000436e+37 1.875999999999999890e+00 4.935380000000000344e+29
7.714620000000000000e+13 2.633440000000000144e+32 4.577979999999999686e+37 1.874000000000000110e+00 4.901730000000000163e+29
7.665830000000000000e+13 2.606199999999999842e+32 4.549140000000000184e+37 1.872000000000000108e+00 4.868089999999999840e+29
7.617030000000000000e+13 2.579110000000000104e+32 4.520290000000000378e+37 1.870000000000000107e+00 4.834460000000000078e+29
7.568240000000000000e+13 2.552149999999999942e+32 4.491439999999999628e+37 1.868000000000000105e+00 4.800850000000000032e+29
7.519450000000000000e+13 2.525329999999999850e+32 4.462589999999999823e+37 1.866000000000000103e+00 4.767249999999999844e+29
7.470660000000000000e+13 2.498640000000000056e+32 4.433740000000000017e+37 1.864000000000000101e+00 4.733670000000000075e+29
7.421880000000000000e+13 2.472089999999999971e+32 4.404899999999999571e+37 1.862000000000000099e+00 4.700110000000000022e+29
7.373090000000000000e+13 2.445679999999999957e+32 4.376049999999999765e+37 1.860000000000000098e+00 4.666569999999999684e+29
7.324310000000000000e+13 2.419399999999999879e+32 4.347199999999999960e+37 1.858000000000000096e+00 4.633049999999999766e+29
7.275530000000000000e+13 2.393259999999999872e+32 4.318350000000000154e+37 1.856000000000000094e+00 4.599550000000000268e+29
7.226750000000000000e+13 2.367259999999999935e+32 4.289500000000000349e+37 1.854000000000000092e+00 4.566069999999999781e+29
7.177970000000000000e+13 2.341389999999999935e+32 4.260659999999999902e+37 1.852000000000000091e+00 4.532620000000000275e+29
7.129200000000000000e+13 2.315660000000000005e+32 4.231810000000000097e+37 1.850999999999999979e+00 4.499200000000000343e+29
7.080420000000000000e+13 2.290060000000000012e+32 4.202959999999999819e+37 1.848999999999999977e+00 4.465800000000000127e+29
7.031650000000000000e+13 2.264600000000000089e+32 4.174110000000000014e+37 1.846999999999999975e+00 4.432430000000000187e+29
6.982880000000000000e+13 2.239270000000000102e+32 4.145260000000000208e+37 1.844999999999999973e+00 4.399089999999999822e+29
6.934120000000000000e+13 2.214079999999999826e+32 4.116420000000000234e+37 1.842999999999999972e+00 4.365779999999999733e+29
6.885350000000000000e+13 2.189029999999999980e+32 4.087569999999999956e+37 1.840999999999999970e+00 4.332509999999999780e+29
6.836590000000000000e+13 2.164110000000000071e+32 4.058720000000000151e+37 1.838000000000000078e+00 4.299260000000000246e+29
6.787830000000000000e+13 2.139320000000000099e+32 4.029869999999999873e+37 1.836000000000000076e+00 4.266060000000000001e+29
6.739070000000000000e+13 2.114669999999999837e+32 4.001020000000000068e+37 1.834000000000000075e+00 4.232880000000000176e+29
6.690310000000000000e+13 2.090160000000000005e+32 3.972180000000000093e+37 1.832000000000000073e+00 4.199750000000000344e+29
6.641550000000000000e+13 2.065780000000000110e+32 3.943329999999999816e+37 1.830000000000000071e+00 4.166650000000000085e+29
6.592800000000000000e+13 2.041530000000000151e+32 3.914480000000000010e+37 1.828000000000000069e+00 4.133589999999999962e+29
6.544050000000000000e+13 2.017419999999999903e+32 3.885630000000000205e+37 1.826000000000000068e+00 4.100569999999999973e+29
6.495300000000000000e+13 1.993450000000000085e+32 3.856779999999999927e+37 1.824000000000000066e+00 4.067590000000000120e+29
6.446550000000000000e+13 1.969609999999999844e+32 3.827939999999999953e+37 1.822000000000000064e+00 4.034660000000000259e+29
6.397810000000000000e+13 1.945899999999999899e+32 3.799090000000000147e+37 1.820000000000000062e+00 4.001759999999999972e+29
6.349060000000000000e+13 1.922330000000000025e+32 3.770239999999999870e+37 1.818000000000000060e+00 3.968920000000000240e+29
6.300320000000000000e+13 1.898890000000000087e+32 3.741390000000000064e+37 1.816000000000000059e+00 3.936119999999999939e+29
6.251580000000000000e+13 1.875580000000000086e+32 3.712539999999999787e+37 1.814000000000000057e+00 3.903359999999999773e+29
6.202850000000000000e+13 1.852410000000000156e+32 3.683699999999999812e+37 1.812000000000000055e+00 3.870660000000000161e+29
6.154110000000000000e+13 1.829379999999999935e+32 3.654850000000000007e+37 1.810000000000000053e+00 3.837999999999999981e+29
6.105380000000000000e+13 1.806480000000000012e+32 3.626000000000000201e+37 1.808000000000000052e+00 3.805389999999999794e+29
6.056650000000000000e+13 1.783710000000000025e+32 3.597149999999999924e+37 1.806000000000000050e+00 3.772840000000000161e+29
6.007920000000000000e+13 1.761069999999999974e+32 3.568300000000000118e+37 1.804000000000000048e+00 3.740329999999999960e+29
5.959190000000000000e+13 1.738569999999999994e+32 3.539460000000000144e+37 1.800999999999999934e+00 3.707880000000000314e+29
5.910460000000000000e+13 1.716199999999999951e+32 3.510609999999999866e+37 1.798999999999999932e+00 3.675489999999999814e+29
5.861740000000000000e+13 1.693969999999999978e+32 3.481760000000000061e+37 1.796999999999999931e+00 3.643140000000000153e+29
5.813020000000000000e+13 1.671869999999999941e+32 3.452909999999999783e+37 1.794999999999999929e+00 3.610860000000000201e+29
5.764300000000000000e+13 1.649899999999999841e+32 3.424059999999999978e+37 1.792999999999999927e+00 3.578630000000000242e+29
5.715580000000000000e+13 1.628060000000000039e+32 3.395220000000000003e+37 1.790999999999999925e+00 3.546460000000000133e+29
5.666870000000000000e+13 1.606359999999999946e+32 3.366370000000000198e+37 1.788999999999999924e+00 3.514349999999999876e+29
5.618150000000000000e+13 1.584789999999999970e+32 3.337519999999999920e+37 1.786999999999999922e+00 3.482300000000000173e+29
5.569440000000000000e+13 1.563349999999999930e+32 3.308670000000000115e+37 1.784999999999999920e+00 3.450310000000000320e+29
5.520730000000000000e+13 1.542049999999999961e+32 3.279819999999999837e+37 1.782000000000000028e+00 3.418380000000000319e+29
5.472030000000000000e+13 1.520869999999999975e+32 3.250979999999999863e+37 1.780000000000000027e+00 3.386510000000000168e+29
5.423320000000000000e+13 1.499830000000000059e+32 3.222130000000000057e+37 1.778000000000000025e+00 3.354709999999999726e+29
5.374620000000000000e+13 1.478930000000000034e+32 3.193279999999999780e+37 1.776000000000000023e+00 3.322969999999999839e+29
5.325920000000000000e+13 1.458149999999999992e+32 3.164429999999999974e+37 1.774000000000000021e+00 3.291299999999999660e+29
5.277220000000000000e+13 1.437510000000000019e+32 3.135580000000000169e+37 1.772000000000000020e+00 3.259690000000000035e+29
5.228520000000000000e+13 1.416999999999999984e+32 3.106740000000000194e+37 1.770000000000000018e+00 3.228150000000000120e+29
5.179830000000000000e+13 1.396620000000000065e+32 3.077889999999999917e+37 1.768000000000000016e+00 3.196679999999999913e+29
5.131140000000000000e+13 1.376370000000000083e+32 3.049040000000000111e+37 1.766000000000000014e+00 3.165269999999999908e+29
5.082450000000000000e+13 1.356250000000000038e+32 3.020189999999999833e+37 1.762999999999999901e+00 3.133929999999999964e+29
5.033760000000000000e+13 1.336270000000000063e+32 2.991340000000000028e+37 1.760999999999999899e+00 3.102669999999999939e+29
4.985070000000000000e+13 1.316410000000000071e+32 2.962500000000000054e+37 1.758999999999999897e+00 3.071470000000000116e+29
4.936390000000000000e+13 1.296689999999999969e+32 2.933649999999999776e+37 1.756999999999999895e+00 3.040349999999999859e+29
4.887710000000000000e+13 1.277099999999999984e+32 2.904799999999999971e+37 1.754999999999999893e+00 3.009290000000000157e+29
4.839030000000000000e+13 1.257639999999999936e+32 2.875950000000000165e+37 1.752999999999999892e+00 2.978310000000000022e+29
4.790350000000000000e+13 1.238310000000000004e+32 2.847099999999999887e+37 1.750999999999999890e+00 2.947399999999999947e+29
4.741680000000000000e+13 1.219119999999999963e+32 2.818259999999999913e+37 1.749000000000000110e+00 2.916570000000000142e+29
4.693000000000000000e+13 1.200050000000000084e+32 2.789410000000000108e+37 1.747000000000000108e+00 2.885799999999999836e+29
4.644330000000000000e+13 1.181109999999999963e+32 2.760559999999999830e+37 1.743999999999999995e+00 2.855120000000000010e+29
4.595660000000000000e+13 1.162309999999999911e+32 2.731710000000000025e+37 1.741999999999999993e+00 2.824509999999999893e+29
4.547000000000000000e+13 1.143630000000000023e+32 2.702860000000000219e+37 1.739999999999999991e+00 2.793969999999999836e+29
4.498330000000000000e+13 1.125090000000000025e+32 2.674019999999999773e+37 1.737999999999999989e+00 2.763510000000000050e+29
4.449670000000000000e+13 1.106679999999999964e+32 2.645169999999999967e+37 1.735999999999999988e+00 2.733129999999999830e+29
4.401010000000000000e+13 1.088390000000000066e+32 2.616320000000000162e+37 1.733999999999999986e+00 2.702820000000000022e+29
4.352350000000000000e+13 1.070240000000000058e+32 2.587469999999999884e+37 1.731999999999999984e+00 2.672599999999999990e+29
4.303700000000000000e+13 1.052219999999999987e+32 2.558620000000000078e+37 1.729999999999999982e+00 2.642450000000000019e+29
4.255050000000000000e+13 1.034320000000000078e+32 2.529780000000000104e+37 1.727999999999999980e+00 2.612370000000000109e+29
4.206400000000000000e+13 1.016560000000000061e+32 2.500929999999999826e+37 1.725999999999999979e+00 2.582379999999999975e+29
4.157750000000000000e+13 9.989270000000000473e+31 2.472080000000000021e+37 1.723999999999999977e+00 2.552470000000000111e+29
4.109100000000000000e+13 9.814239999999999707e+31 2.443230000000000216e+37 1.721999999999999975e+00 2.522629999999999955e+29
4.060460000000000000e+13 9.640510000000000109e+31 2.414379999999999938e+37 1.719999999999999973e+00 2.492879999999999928e+29
4.011820000000000000e+13 9.468070000000000103e+31 2.385539999999999964e+37 1.717999999999999972e+00 2.463210000000000171e+29
3.963180000000000000e+13 9.296939999999999237e+31 2.356690000000000158e+37 1.715999999999999970e+00 2.433610000000000122e+29
3.914540000000000000e+13 9.127089999999999992e+31 2.327839999999999880e+37 1.713999999999999968e+00 2.404099999999999850e+29
3.865900000000000000e+13 8.958549999999999887e+31 2.298990000000000075e+37 1.711999999999999966e+00 2.374659999999999990e+29
3.817270000000000000e+13 8.791299999999999375e+31 2.270139999999999797e+37 1.709999999999999964e+00 2.345309999999999906e+29
3.768640000000000000e+13 8.625350000000000031e+31 2.241299999999999823e+37 1.707999999999999963e+00 2.316040000000000092e+29
3.720010000000000000e+13 8.460690000000000279e+31 2.212450000000000018e+37 1.705999999999999961e+00 2.286849999999999845e+29
3.671390000000000000e+13 8.297320000000000121e+31 2.183600000000000212e+37 1.703999999999999959e+00 2.257739999999999868e+29
3.622770000000000000e+13 8.135249999999999329e+31 2.154749999999999934e+37 1.701999999999999957e+00 2.228710000000000161e+29
3.574150000000000000e+13 7.974479999999999704e+31 2.125899999999999893e+37 1.699999999999999956e+00 2.199769999999999879e+29
3.525530000000000000e+13 7.814999999999999673e+31 2.097059999999999918e+37 1.697999999999999954e+00 2.170900000000000009e+29
3.476910000000000000e+13 7.656810000000000135e+31 2.068210000000000113e+37 1.695999999999999952e+00 2.142119999999999915e+29
3.428300000000000000e+13 7.499919999999999963e+31 2.039360000000000071e+37 1.695000000000000062e+00 2.113420000000000092e+29
3.379690000000000000e+13 7.344320000000000286e+31 2.010510000000000030e+37 1.693000000000000060e+00 2.084789999999999977e+29
3.331080000000000000e+13 7.190019999999999974e+31 1.981659999999999988e+37 1.691000000000000059e+00 2.056249999999999990e+29
3.282470000000000000e+13 7.037010000000000156e+31 1.952820000000000014e+37 1.689000000000000057e+00 2.027789999999999921e+29
3.233870000000000000e+13 6.885299999999999705e+31 1.923969999999999972e+37 1.687000000000000055e+00 1.999410000000000123e+29
3.185270000000000000e+13 6.734890000000000421e+31 1.895119999999999931e+37 1.685999999999999943e+00 1.971109999999999891e+29
3.136670000000000000e+13 6.585769999999999830e+31 1.866269999999999889e+37 1.683999999999999941e+00 1.942900000000000139e+29
3.088080000000000000e+13 6.437950000000000406e+31 1.837420000000000084e+37 1.681999999999999940e+00 1.914760000000000096e+29
3.039480000000000000e+13 6.291430000000000348e+31 1.808580000000000110e+37 1.681000000000000050e+00 1.886699999999999971e+29
2.990890000000000000e+13 6.146209999999999657e+31 1.779730000000000068e+37 1.679000000000000048e+00 1.858720000000000116e+29
2.942300000000000000e+13 6.002290000000000134e+31 1.750880000000000026e+37 1.677000000000000046e+00 1.830809999999999970e+29
2.893720000000000000e+13 5.859669999999999977e+31 1.722029999999999985e+37 1.675999999999999934e+00 1.802989999999999952e+29
2.845140000000000000e+13 5.718359999999999861e+31 1.693179999999999943e+37 1.673999999999999932e+00 1.775239999999999994e+29
2.796560000000000000e+13 5.578350000000000011e+31 1.664339999999999969e+37 1.673000000000000043e+00 1.747569999999999955e+29
2.747980000000000000e+13 5.439650000000000203e+31 1.635489999999999927e+37 1.671000000000000041e+00 1.719979999999999834e+29
2.699400000000000000e+13 5.302249999999999760e+31 1.606639999999999886e+37 1.669999999999999929e+00 1.692460000000000126e+29
2.650830000000000000e+13 5.166170000000000032e+31 1.577790000000000080e+37 1.669000000000000039e+00 1.665019999999999984e+29
2.602260000000000000e+13 5.031410000000000118e+31 1.548940000000000039e+37 1.667000000000000037e+00 1.637649999999999902e+29
2.553700000000000000e+13 4.897960000000000244e+31 1.520100000000000064e+37 1.665999999999999925e+00 1.610360000000000091e+29
2.505130000000000000e+13 4.765830000000000185e+31 1.491250000000000023e+37 1.665000000000000036e+00 1.583139999999999988e+29
2.456570000000000000e+13 4.635019999999999939e+31 1.462399999999999981e+37 1.663000000000000034e+00 1.555989999999999946e+29
2.408010000000000000e+13 4.505540000000000181e+31 1.433549999999999940e+37 1.661999999999999922e+00 1.528909999999999965e+29
2.359460000000000000e+13 4.377390000000000010e+31 1.404699999999999898e+37 1.661000000000000032e+00 1.501900000000000043e+29
2.310900000000000000e+13 4.250570000000000328e+31 1.375859999999999924e+37 1.659999999999999920e+00 1.474960000000000007e+29
2.262360000000000000e+13 4.125090000000000006e+31 1.347009999999999882e+37 1.659000000000000030e+00 1.448079999999999997e+29
2.213810000000000000e+13 4.000960000000000169e+31 1.318160000000000077e+37 1.657999999999999918e+00 1.421270000000000048e+29
2.165270000000000000e+13 3.878170000000000144e+31 1.289310000000000035e+37 1.657000000000000028e+00 1.394529999999999983e+29
2.116720000000000000e+13 3.756739999999999926e+31 1.260459999999999994e+37 1.655999999999999917e+00 1.367849999999999945e+29
2.068190000000000000e+13 3.636669999999999968e+31 1.231620000000000019e+37 1.655000000000000027e+00 1.341229999999999933e+29
2.019650000000000000e+13 3.517959999999999817e+31 1.202769999999999978e+37 1.655000000000000027e+00 1.314669999999999949e+29
1.971120000000000000e+13 3.400629999999999922e+31 1.173919999999999936e+37 1.653999999999999915e+00 1.288169999999999991e+29
1.922590000000000000e+13 3.284690000000000057e+31 1.145069999999999895e+37 1.653000000000000025e+00 1.261720000000000026e+29
1.874070000000000000e+13 3.170129999999999997e+31 1.116220000000000089e+37 1.653000000000000025e+00 1.235330000000000088e+29
1.825550000000000000e+13 3.056970000000000190e+31 1.087380000000000115e+37 1.651999999999999913e+00 1.208989999999999967e+29
1.777030000000000000e+13 2.945219999999999959e+31 1.058529999999999955e+37 1.651999999999999913e+00 1.182700000000000014e+29
1.728510000000000000e+13 2.834880000000000204e+31 1.029680000000000032e+37 1.651999999999999913e+00 1.156450000000000021e+29
1.680000000000000000e+13 2.725979999999999796e+31 1.000829999999999990e+37 1.651000000000000023e+00 1.130250000000000021e+29
1.631490000000000000e+13 2.618520000000000086e+31 9.719840000000000463e+36 1.651000000000000023e+00 1.104089999999999980e+29
1.582990000000000000e+13 2.512509999999999947e+31 9.431359999999999946e+36 1.651000000000000023e+00 1.077970000000000074e+29
1.534490000000000000e+13 2.407969999999999825e+31 9.142879999999999429e+36 1.651000000000000023e+00 1.051879999999999918e+29
1.485990000000000000e+13 2.304920000000000168e+31 8.854400000000000092e+36 1.651000000000000023e+00 1.025820000000000038e+29
1.437500000000000000e+13 2.203360000000000077e+31 8.565919999999999574e+36 1.651999999999999913e+00 9.997940000000000278e+28
1.389010000000000000e+13 2.103329999999999994e+31 8.277440000000000238e+36 1.651999999999999913e+00 9.737869999999999230e+28
1.340520000000000000e+13 2.004829999999999922e+31 7.988959999999999720e+36 1.653000000000000025e+00 9.477969999999999284e+28
1.292040000000000000e+13 1.907880000000000081e+31 7.700480000000000384e+36 1.653000000000000025e+00 9.218199999999999249e+28
1.243560000000000000e+13 1.812520000000000016e+31 7.411999999999999866e+36 1.653999999999999915e+00 8.958499999999999979e+28
1.195090000000000000e+13 1.718769999999999949e+31 7.123520000000000530e+36 1.655000000000000027e+00 8.698800000000000708e+28
1.146620000000000000e+13 1.626640000000000104e+31 6.835040000000000012e+36 1.655999999999999917e+00 8.439050000000000389e+28
1.098150000000000000e+13 1.536180000000000023e+31 6.546559999999999495e+36 1.657000000000000028e+00 8.179150000000000443e+28
1.049690000000000000e+13 1.447409999999999930e+31 6.258080000000000158e+36 1.657999999999999918e+00 7.919039999999999964e+28
1.001230000000000000e+13 1.360370000000000042e+31 5.969599999999999641e+36 1.659000000000000030e+00 7.658609999999999635e+28
9.527790000000000000e+12 1.275089999999999907e+31 5.681120000000000304e+36 1.659999999999999920e+00 7.397750000000000141e+28
9.043310000000000000e+12 1.191619999999999967e+31 5.392639999999999787e+36 1.661999999999999922e+00 7.136339999999999669e+28
8.558880000000000000e+12 1.110009999999999990e+31 5.104159999999999860e+36 1.663999999999999924e+00 6.874250000000000067e+28
8.074500000000000000e+12 1.030309999999999968e+31 4.815679999999999933e+36 1.665000000000000036e+00 6.611320000000000090e+28
7.590170000000000000e+12 9.525620000000000095e+30 4.527200000000000006e+36 1.667000000000000037e+00 6.347349999999999944e+28
7.105900000000000000e+12 8.768449999999999895e+30 4.238720000000000079e+36 1.669000000000000039e+00 6.082129999999999974e+28
6.621680000000000000e+12 8.032260000000000114e+30 3.950240000000000152e+36 1.669999999999999929e+00 5.815410000000000215e+28
6.137520000000000000e+12 7.317859999999999513e+30 3.661760000000000225e+36 1.671999999999999931e+00 5.546860000000000082e+28
5.653420000000000000e+12 6.626130000000000219e+30 3.373279999999999707e+36 1.673000000000000043e+00 5.276110000000000434e+28
5.169380000000000000e+12 5.958099999999999835e+30 3.084799999999999780e+36 1.673000000000000043e+00 5.002680000000000179e+28
4.685410000000000000e+12 5.314950000000000446e+30 2.796319999999999853e+36 1.673000000000000043e+00 4.725979999999999787e+28
4.201510000000000000e+12 4.698030000000000174e+30 2.507839999999999926e+36 1.671999999999999931e+00 4.445229999999999790e+28
3.717690000000000000e+12 4.108879999999999927e+30 2.219359999999999999e+36 1.667999999999999927e+00 4.159380000000000160e+28
3.233950000000000000e+12 3.549340000000000009e+30 1.930880000000000072e+36 1.661999999999999922e+00 3.866979999999999959e+28
2.750290000000000000e+12 3.021490000000000126e+30 1.642400000000000145e+36 1.651000000000000023e+00 3.565879999999999841e+28
2.266740000000000000e+12 2.527789999999999931e+30 1.353919999999999923e+36 1.631999999999999895e+00 3.252729999999999926e+28
1.783290000000000000e+12 2.070869999999999899e+30 1.065439999999999996e+36 1.600999999999999979e+00 2.921679999999999809e+28
4.299000000000000000e+11 7.805000000000000069e+29 2.572000000000000181e+35 1.330000000000000071e+00 1.506450000000000062e+28
4.188000000000000000e+11 7.537999999999999717e+29 2.505999999999999897e+35 1.330000000000000071e+00 1.455129999999999927e+28
3.325000000000000000e+11 5.815999999999999745e+29 1.990000000000000163e+35 1.330000000000000071e+00 1.165809999999999924e+28
2.640000000000000000e+11 4.472999999999999815e+29 1.581000000000000083e+35 1.330000000000000071e+00 9.297799999999999813e+27
2.096000000000000000e+11 3.289999999999999843e+29 1.256000000000000028e+35 1.330000000000000071e+00 6.841069999999999801e+27
1.844000000000000000e+11 2.892000000000000018e+29 1.105000000000000000e+35 1.330000000000000071e+00 6.221810000000000396e+27
1.664000000000000000e+11 2.597000000000000095e+29 9.975999999999999784e+34 1.330000000000000071e+00 3.996079999999999920e+27
1.322000000000000000e+11 2.033000000000000102e+29 7.923999999999999875e+34 1.330000000000000071e+00 3.293160000000000158e+27
1.049000000000000000e+11 1.494999999999999961e+29 6.294000000000000085e+34 1.330000000000000071e+00 2.422460000000000012e+27
8.332000000000000000e+10 1.100000000000000064e+29 4.999999999999999843e+34 1.330000000000000071e+00 1.782300000000000002e+27
6.617000000000000000e+10 8.088999999999999432e+28 3.971999999999999897e+34 1.330000000000000071e+00 1.311289999999999924e+27
5.254000000000000000e+10 5.949000000000000344e+28 3.155000000000000010e+34 1.330000000000000071e+00 9.646129999999999985e+26
4.172000000000000000e+10 4.628000000000000126e+28 2.505999999999999897e+34 1.330000000000000071e+00 7.875200000000000595e+26
3.313000000000000000e+10 3.403999999999999866e+28 1.989999999999999932e+34 1.330000000000000071e+00 5.791050000000000196e+26
2.631000000000000000e+10 2.502999999999999803e+28 1.580999999999999991e+34 1.330000000000000071e+00 4.261170000000000143e+26
2.090000000000000000e+10 1.938000000000000082e+28 1.255999999999999936e+34 1.330000000000000071e+00 3.451690000000000088e+26
1.659000000000000000e+10 1.425000000000000067e+28 9.976000000000000246e+33 1.330000000000000071e+00 2.538950000000000110e+26
1.318000000000000000e+10 1.048000000000000007e+28 7.924000000000000337e+33 1.330000000000000071e+00 1.867689999999999969e+26
1.046000000000000000e+10 7.701999999999999683e+27 6.294000000000000085e+33 1.330000000000000071e+00 1.373879999999999975e+26
8.312000000000000000e+09 5.662000000000000348e+27 4.999999999999999728e+33 1.330000000000000071e+00 1.010819999999999921e+26
6.601000000000000000e+09 4.362000000000000029e+27 3.972000000000000127e+33 1.330000000000000071e+00 8.130089999999999436e+25
4.164000000000000000e+09 2.356000000000000079e+27 2.505999999999999955e+33 1.330000000000000071e+00 4.399369999999999874e+25
2.626000000000000000e+09 1.272000000000000034e+27 1.580999999999999991e+33 1.330000000000000071e+00 2.380450000000000180e+25
1.657000000000000000e+09 6.859999999999999767e+26 9.975999999999999957e+32 1.330000000000000071e+00 1.288319999999999913e+25
1.316000000000000000e+09 5.036000000000000296e+26 7.924000000000000337e+32 1.330000000000000071e+00 9.477099999999999527e+24
1.045000000000000000e+09 4.128999999999999924e+26 6.293999999999999941e+32 1.330000000000000071e+00 6.794269999999999770e+24
8.301000000000000000e+08 3.039000000000000162e+26 4.999999999999999728e+32 1.330000000000000071e+00 4.998809999999999830e+24
5.237000000000000000e+08 1.628999999999999891e+26 3.154999999999999923e+32 1.330000000000000071e+00 2.705450000000000161e+24
3.304000000000000000e+08 8.737999999999999925e+25 1.990000000000000076e+32 1.330000000000000071e+00 1.463449999999999964e+24
2.624000000000000000e+08 6.675999999999999817e+25 1.580999999999999919e+32 1.330000000000000071e+00 1.123400000000000065e+24
1.315000000000000000e+08 2.603999999999999941e+25 7.923999999999999616e+31 1.330000000000000071e+00 4.472499999999999827e+23
6.589000000000000000e+07 1.006000000000000014e+25 3.972000000000000199e+31 1.330000000000000071e+00 1.780890000000000165e+23
3.302000000000000000e+07 3.832999999999999839e+24 1.989999999999999986e+31 1.330000000000000071e+00 7.086450000000000092e+22
1.655000000000000000e+07 1.435000000000000086e+24 9.975999999999999642e+30 1.330000000000000071e+00 2.822060000000000131e+22
8.293000000000000000e+06 5.250000000000000315e+23 4.999999999999999818e+30 1.330000000000000071e+00 1.123529999999999934e+22
6.588000000000000000e+06 3.910999999999999759e+23 3.972000000000000087e+30 1.330000000000000071e+00 8.163429999999999541e+21
2.622000000000000000e+06 9.754999999999999214e+22 1.581000000000000009e+30 1.330000000000000071e+00 2.390210000000000197e+21
1.044000000000000000e+06 2.318000000000000105e+22 6.293999999999999902e+29 1.330000000000000071e+00 6.999960000000000000e+20
4.156000000000000000e+05 5.265999999999999476e+21 2.505999999999999907e+29 1.330000000000000071e+00 2.050380000000000000e+20
1.654000000000000000e+05 1.151000000000000000e+21 9.976000000000000768e+28 1.330000000000000071e+00 6.004390000000000000e+19
6.587000000000000000e+04 2.431000000000000000e+20 3.972000000000000263e+28 1.330000000000000071e+00 1.758760000000000000e+19
2.622000000000000000e+04 4.968000000000000000e+19 1.581000000000000061e+28 1.330000000000000071e+00 5.149550000000000000e+18
1.044000000000000000e+04 9.744000000000000000e+18 6.294999999999999717e+27 1.330000000000000071e+00 1.508420000000000000e+18
