1.011869245300000000e+16 8.186484913199999894e+36 1.999280000000000097e+39 1.000000000000000000e+00 0.000000000000000000e+00
1.006814405800000000e+16 8.140991357699999995e+36 1.994279999999999962e+39 1.000000000000000000e+00 0.000000000000000000e+00
1.001772223800000000e+16 8.095611719400000145e+36 1.989280000000000129e+39 1.000000000000000000e+00 0.000000000000000000e+00
9.967426992100000000e+15 8.050345998399999998e+36 1.984279999999999994e+39 1.000000000000000000e+00 0.000000000000000000e+00
9.917258321400000000e+15 8.005194194699999553e+36 1.979279999999999859e+39 1.000000000000000000e+00 0.000000000000000000e+00
9.867216225400000000e+15 7.960156308299999990e+36 1.974280000000000027e+39 1.000000000000000000e+00 0.000000000000000000e+00
9.817300704200000000e+15 7.915232339200000130e+36 1.969279999999999892e+39 1.000000000000000000e+00 0.000000000000000000e+00
9.767511757700000000e+15 7.870422287399999972e+36 1.964280000000000059e+39 1.000000000000000000e+00 0.000000000000000000e+00
9.717849386000000000e+15 7.825726152899999515e+36 1.959279999999999924e+39 1.000000000000000000e+00 0.000000000000000000e+00
9.668313589100000000e+15 7.781143935699999942e+36 1.954280000000000091e+39 1.000000000000000000e+00 0.000000000000000000e+00
9.618904367000000000e+15 7.736675635800000071e+36 1.949279999999999956e+39 1.000000000000000000e+00 0.000000000000000000e+00
9.569621719700000000e+15 7.692321253199999902e+36 1.944280000000000124e+39 1.000000000000000000e+00 0.000000000000000000e+00
9.520465647100000000e+15 7.648080787899999435e+36 1.939279999999999989e+39 1.000000000000000000e+00 0.000000000000000000e+00
9.471436149300000000e+15 7.603954239800000198e+36 1.934279999999999854e+39 1.000000000000000000e+00 0.000000000000000000e+00
9.422533226200000000e+15 7.559941609100000316e+36 1.929280000000000021e+39 1.000000000000000000e+00 0.000000000000000000e+00
9.373756878000000000e+15 7.516042895700000136e+36 1.924279999999999886e+39 1.000000000000000000e+00 0.000000000000000000e+00
9.325107104500000000e+15 7.472258099500000006e+36 1.919280000000000053e+39 1.000000000000000000e+00 0.000000000000000000e+00
9.276583905800000000e+15 7.428587220700000411e+36 1.914279999999999918e+39 1.000000000000000000e+00 0.000000000000000000e+00
9.228187281800000000e+15 7.385030259099999685e+36 1.909280000000000086e+39 1.000000000000000000e+00 0.000000000000000000e+00
9.179917232700000000e+15 7.341587214899999494e+36 1.904279999999999951e+39 1.000000000000000000e+00 0.000000000000000000e+00
9.131773758300000000e+15 7.298258087900000534e+36 1.899280000000000118e+39 1.000000000000000000e+00 0.000000000000000000e+00
9.083756858600000000e+15 7.255042878299999747e+36 1.894279999999999983e+39 1.000000000000000000e+00 0.000000000000000000e+00
9.035866533800000000e+15 7.211941585900000191e+36 1.889280000000000150e+39 1.000000000000000000e+00 0.000000000000000000e+00
8.988102783700000000e+15 7.168954210800000337e+36 1.884280000000000015e+39 1.000000000000000000e+00 0.000000000000000000e+00
8.940465608400000000e+15 7.126080753099999838e+36 1.879279999999999881e+39 1.000000000000000000e+00 0.000000000000000000e+00
8.892955007900000000e+15 7.083321212600000569e+36 1.874280000000000048e+39 1.000000000000000000e+00 0.000000000000000000e+00
8.845570982100000000e+15 7.040675589399999821e+36 1.869279999999999913e+39 1.000000000000000000e+00 0.000000000000000000e+00
8.798313531100000000e+15 6.998143883499999956e+36 1.864280000000000080e+39 1.000000000000000000e+00 0.000000000000000000e+00
8.751182654900000000e+15 6.955726094899999794e+36 1.859279999999999945e+39 1.000000000000000000e+00 0.000000000000000000e+00
8.704178353500000000e+15 6.913422223600000514e+36 1.854280000000000112e+39 1.000000000000000000e+00 0.000000000000000000e+00
8.657300626800000000e+15 6.871232269599999755e+36 1.849279999999999978e+39 1.000000000000000000e+00 0.000000000000000000e+00
8.610549474900000000e+15 6.829156232899999880e+36 1.844280000000000145e+39 1.000000000000000000e+00 0.000000000000000000e+00
8.563924897800000000e+15 6.787194113499999706e+36 1.839280000000000010e+39 1.000000000000000000e+00 0.000000000000000000e+00
8.517426895500000000e+15 6.745345911400000415e+36 1.834279999999999875e+39 1.000000000000000000e+00 0.000000000000000000e+00
8.471055467900000000e+15 6.703611626599999646e+36 1.829280000000000042e+39 1.000000000000000000e+00 0.000000000000000000e+00
8.424810615100000000e+15 6.661991259099999759e+36 1.824279999999999907e+39 1.000000000000000000e+00 0.000000000000000000e+00
8.378692337100000000e+15 6.620484808899999575e+36 1.819280000000000075e+39 1.000000000000000000e+00 0.000000000000000000e+00
8.332700633800000000e+15 6.579092275899999441e+36 1.814279999999999940e+39 1.000000000000000000e+00 0.000000000000000000e+00
8.286835505300000000e+15 6.537813660299999841e+36 1.809280000000000107e+39 1.000000000000000000e+00 0.000000000000000000e+00
8.241096951600000000e+15 6.496648961999999944e+36 1.804279999999999972e+39 1.000000000000000000e+00 0.000000000000000000e+00
8.195484972700000000e+15 6.455598180900000096e+36 1.799280000000000139e+39 1.000000000000000000e+00 0.000000000000000000e+00
8.149999568500000000e+15 6.414661317199999603e+36 1.794280000000000004e+39 1.000000000000000000e+00 0.000000000000000000e+00
8.104640739200000000e+15 6.373838370700000340e+36 1.789279999999999869e+39 1.000000000000000000e+00 0.000000000000000000e+00
8.059408484500000000e+15 6.333129341600000432e+36 1.784280000000000037e+39 1.000000000000000000e+00 0.000000000000000000e+00
8.014302804700000000e+15 6.292534229700000574e+36 1.779279999999999902e+39 1.000000000000000000e+00 0.000000000000000000e+00
7.969323699600000000e+15 6.252053035200000070e+36 1.774280000000000069e+39 1.000000000000000000e+00 0.000000000000000000e+00
7.924471169300000000e+15 6.211685757899999615e+36 1.769279999999999934e+39 1.000000000000000000e+00 0.000000000000000000e+00
7.879745213800000000e+15 6.171432397900000044e+36 1.764280000000000101e+39 1.000000000000000000e+00 0.000000000000000000e+00
7.835145833100000000e+15 6.131292955200000175e+36 1.759279999999999966e+39 1.000000000000000000e+00 0.000000000000000000e+00
7.790673027100000000e+15 6.091267429899999660e+36 1.754280000000000134e+39 1.000000000000000000e+00 0.000000000000000000e+00
7.746326795900000000e+15 6.051355821800000376e+36 1.749279999999999999e+39 1.000000000000000000e+00 0.000000000000000000e+00
7.702107139500000000e+15 6.011558130999999613e+36 1.744279999999999864e+39 1.000000000000000000e+00 0.000000000000000000e+00
7.658014057800000000e+15 5.971874357499999733e+36 1.739280000000000031e+39 1.000000000000000000e+00 0.000000000000000000e+00
7.614047550900000000e+15 5.932304501299999555e+36 1.734279999999999896e+39 1.000000000000000000e+00 0.000000000000000000e+00
7.570207618800000000e+15 5.892848562400000259e+36 1.729280000000000063e+39 1.000000000000000000e+00 0.000000000000000000e+00
7.526494261500000000e+15 5.853506540799999486e+36 1.724279999999999928e+39 1.000000000000000000e+00 0.000000000000000000e+00
7.482907478900000000e+15 5.814278436499999595e+36 1.719280000000000096e+39 1.000000000000000000e+00 0.000000000000000000e+00
7.439447271100000000e+15 5.775164249500000586e+36 1.714279999999999961e+39 1.000000000000000000e+00 0.000000000000000000e+00
7.396113638100000000e+15 5.736163979800000100e+36 1.709280000000000128e+39 1.000000000000000000e+00 0.000000000000000000e+00
7.352906579800000000e+15 5.697277627400000496e+36 1.704279999999999993e+39 1.000000000000000000e+00 0.000000000000000000e+00
7.309826096400000000e+15 5.658505192199999761e+36 1.699279999999999858e+39 1.000000000000000000e+00 0.000000000000000000e+00
7.266872187700000000e+15 5.619846674399999561e+36 1.694280000000000025e+39 1.000000000000000000e+00 0.000000000000000000e+00
7.224044853800000000e+15 5.581302073900000244e+36 1.689279999999999890e+39 1.000000000000000000e+00 0.000000000000000000e+00
7.181344094600000000e+15 5.542871390599999797e+36 1.684280000000000058e+39 1.000000000000000000e+00 0.000000000000000000e+00
7.138769910200000000e+15 5.504554624699999884e+36 1.679279999999999923e+39 1.000000000000000000e+00 0.000000000000000000e+00
7.096322300600000000e+15 5.466351776000000021e+36 1.674280000000000090e+39 1.000000000000000000e+00 0.000000000000000000e+00
7.054001265800000000e+15 5.428262844699999513e+36 1.669279999999999955e+39 1.000000000000000000e+00 0.000000000000000000e+00
7.011806805700000000e+15 5.390287830600000235e+36 1.664280000000000122e+39 1.000000000000000000e+00 0.000000000000000000e+00
6.969738920400000000e+15 5.352426733900000311e+36 1.659279999999999987e+39 1.000000000000000000e+00 0.000000000000000000e+00
6.927797609900000000e+15 5.314679554399999847e+36 1.654279999999999853e+39 1.000000000000000000e+00 0.000000000000000000e+00
6.885982874200000000e+15 5.277046292299999918e+36 1.649280000000000020e+39 1.000000000000000000e+00 0.000000000000000000e+00
6.844294713200000000e+15 5.239526947400000039e+36 1.644279999999999885e+39 1.000000000000000000e+00 0.000000000000000000e+00
6.802733127000000000e+15 5.202121519799999862e+36 1.639280000000000052e+39 1.000000000000000000e+00 0.000000000000000000e+00
6.761298115600000000e+15 5.164830009499999977e+36 1.634279999999999917e+39 1.000000000000000000e+00 0.000000000000000000e+00
6.719989678900000000e+15 5.127652416499999795e+36 1.629280000000000084e+39 1.000000000000000000e+00 0.000000000000000000e+00
6.678807817100000000e+15 5.090588740900000147e+36 1.624279999999999950e+39 1.000000000000000000e+00 0.000000000000000000e+00
6.637752530000000000e+15 5.053638982499999960e+36 1.619280000000000117e+39 1.000000000000000000e+00 0.000000000000000000e+00
6.596823817600000000e+15 5.016803141400000064e+36 1.614279999999999982e+39 1.000000000000000000e+00 0.000000000000000000e+00
6.556021680100000000e+15 4.980081217599999871e+36 1.609280000000000149e+39 1.000000000000000000e+00 0.000000000000000000e+00
6.515346117300000000e+15 4.943473211099999970e+36 1.604280000000000014e+39 1.000000000000000000e+00 0.000000000000000000e+00
6.474797129300000000e+15 4.906979121899999771e+36 1.599279999999999879e+39 1.000000000000000000e+00 0.000000000000000000e+00
6.434374716100000000e+15 4.870598949900000213e+36 1.594280000000000047e+39 1.000000000000000000e+00 0.000000000000000000e+00
6.394078877600000000e+15 4.834332695300000009e+36 1.589279999999999912e+39 1.000000000000000000e+00 0.000000000000000000e+00
6.353909613900000000e+15 4.798180358000000097e+36 1.584280000000000079e+39 1.000000000000000000e+00 0.000000000000000000e+00
6.313866925000000000e+15 4.762141937999999887e+36 1.579279999999999944e+39 1.000000000000000000e+00 0.000000000000000000e+00
6.273950810800000000e+15 4.726217435199999728e+36 1.574280000000000111e+39 1.000000000000000000e+00 0.000000000000000000e+00
6.234161271500000000e+15 4.690406849800000103e+36 1.569279999999999976e+39 1.000000000000000000e+00 0.000000000000000000e+00
6.194498306900000000e+15 4.654710181700000180e+36 1.564280000000000144e+39 1.000000000000000000e+00 0.000000000000000000e+00
6.154961917000000000e+15 4.619127430799999717e+36 1.559280000000000009e+39 1.000000000000000000e+00 0.000000000000000000e+00
6.115552102000000000e+15 4.583658597299999789e+36 1.554279999999999874e+39 1.000000000000000000e+00 0.000000000000000000e+00
6.076268861700000000e+15 4.548303680999999911e+36 1.549280000000000041e+39 1.000000000000000000e+00 0.000000000000000000e+00
6.037112196200000000e+15 4.513062682099999978e+36 1.544279999999999906e+39 1.000000000000000000e+00 0.000000000000000000e+00
5.998082105500000000e+15 4.477935600400000094e+36 1.539280000000000073e+39 1.000000000000000000e+00 0.000000000000000000e+00
5.959178589500000000e+15 4.442922436100000155e+36 1.534279999999999938e+39 1.000000000000000000e+00 0.000000000000000000e+00
5.920401648300000000e+15 4.408023189000000266e+36 1.529280000000000106e+39 1.000000000000000000e+00 0.000000000000000000e+00
5.881751281900000000e+15 4.373237859200000079e+36 1.524279999999999971e+39 1.000000000000000000e+00 0.000000000000000000e+00
5.843227490300000000e+15 4.338566446700000185e+36 1.519280000000000138e+39 1.000000000000000000e+00 0.000000000000000000e+00
5.804830273400000000e+15 4.304008951600000235e+36 1.514280000000000003e+39 1.000000000000000000e+00 0.000000000000000000e+00
5.766559631300000000e+15 4.269565373699999745e+36 1.509279999999999868e+39 1.000000000000000000e+00 0.000000000000000000e+00
5.728415564000000000e+15 4.235235713100000137e+36 1.504280000000000035e+39 1.000000000000000000e+00 0.000000000000000000e+00
5.690398071400000000e+15 4.201019969800000232e+36 1.499279999999999900e+39 1.000000000000000000e+00 0.000000000000000000e+00
5.652507153700000000e+15 4.166918143800000029e+36 1.494280000000000068e+39 1.000000000000000000e+00 0.000000000000000000e+00
5.614742810700000000e+15 4.132930235100000118e+36 1.489279999999999933e+39 1.000000000000000000e+00 0.000000000000000000e+00
5.577105042400000000e+15 4.099056243699999910e+36 1.484280000000000100e+39 1.000000000000000000e+00 0.000000000000000000e+00
5.539593849000000000e+15 4.065296169599999993e+36 1.479279999999999965e+39 1.000000000000000000e+00 0.000000000000000000e+00
5.502209230300000000e+15 4.031650012799999779e+36 1.474280000000000132e+39 1.000000000000000000e+00 0.000000000000000000e+00
5.464951186400000000e+15 3.998117773200000206e+36 1.469279999999999997e+39 1.000000000000000000e+00 0.000000000000000000e+00
5.427819717300000000e+15 3.964699450999999986e+36 1.464279999999999862e+39 1.000000000000000000e+00 0.000000000000000000e+00
5.390814822900000000e+15 3.931395046100000059e+36 1.459280000000000030e+39 1.000000000000000000e+00 0.000000000000000000e+00
5.353936503300000000e+15 3.898204558499999834e+36 1.454279999999999895e+39 1.000000000000000000e+00 0.000000000000000000e+00
5.317184758500000000e+15 3.865127988100000250e+36 1.449280000000000062e+39 1.000000000000000000e+00 0.000000000000000000e+00
5.280559588400000000e+15 3.832165335100000019e+36 1.444279999999999927e+39 1.000000000000000000e+00 0.000000000000000000e+00
5.244060993200000000e+15 3.799316599299999839e+36 1.439280000000000094e+39 1.000000000000000000e+00 0.000000000000000000e+00
5.207688972700000000e+15 3.766581780900000193e+36 1.434279999999999959e+39 1.000000000000000000e+00 0.000000000000000000e+00
5.171443526900000000e+15 3.733960879700000007e+36 1.429280000000000127e+39 1.000000000000000000e+00 0.000000000000000000e+00
5.135324656000000000e+15 3.701453895899999766e+36 1.424279999999999992e+39 1.000000000000000000e+00 0.000000000000000000e+00
5.099332359800000000e+15 3.669060829300000165e+36 1.419279999999999857e+39 1.000000000000000000e+00 0.000000000000000000e+00
5.063466638400000000e+15 3.636781680099999918e+36 1.414280000000000024e+39 1.000000000000000000e+00 0.000000000000000000e+00
5.027727491800000000e+15 3.604616448099999722e+36 1.409279999999999889e+39 1.000000000000000000e+00 0.000000000000000000e+00
4.992114919900000000e+15 3.572565133399999818e+36 1.404280000000000056e+39 1.000000000000000000e+00 0.000000000000000000e+00
4.956628922800000000e+15 3.540627736000000206e+36 1.399279999999999922e+39 1.000000000000000000e+00 0.000000000000000000e+00
4.921269500500000000e+15 3.508804255999999948e+36 1.394280000000000089e+39 1.000000000000000000e+00 0.000000000000000000e+00
4.886036653000000000e+15 3.477094693199999740e+36 1.389279999999999954e+39 1.000000000000000000e+00 0.000000000000000000e+00
4.850930380200000000e+15 3.445499047699999825e+36 1.384280000000000121e+39 1.000000000000000000e+00 0.000000000000000000e+00
4.815950682200000000e+15 3.414017319500000203e+36 1.379279999999999986e+39 1.000000000000000000e+00 0.000000000000000000e+00
4.781097559000000000e+15 3.382649508600000282e+36 1.374279999999999851e+39 1.000000000000000000e+00 0.000000000000000000e+00
4.746371010600000000e+15 3.351395615000000063e+36 1.369280000000000019e+39 1.000000000000000000e+00 0.000000000000000000e+00
4.711771036900000000e+15 3.320255638700000137e+36 1.364279999999999884e+39 1.000000000000000000e+00 0.000000000000000000e+00
4.677297638000000000e+15 3.289229579699999913e+36 1.359280000000000051e+39 1.000000000000000000e+00 0.000000000000000000e+00
4.642950813800000000e+15 3.258317437999999982e+36 1.354280000000000067e+39 1.000000000000000000e+00 0.000000000000000000e+00
4.608730564500000000e+15 3.227519213500000101e+36 1.349279999999999932e+39 1.000000000000000000e+00 0.000000000000000000e+00
4.574636889900000000e+15 3.196834906400000164e+36 1.344279999999999948e+39 1.000000000000000000e+00 0.000000000000000000e+00
4.540669790100000000e+15 3.166264516599999929e+36 1.339279999999999964e+39 1.000000000000000000e+00 0.000000000000000000e+00
4.506829265100000000e+15 3.135808043999999744e+36 1.334279999999999981e+39 1.000000000000000000e+00 0.000000000000000000e+00
4.473115314800000000e+15 3.105465488800000094e+36 1.329279999999999997e+39 1.000000000000000000e+00 0.000000000000000000e+00
4.439527939300000000e+15 3.075236850900000146e+36 1.324280000000000013e+39 1.000000000000000000e+00 0.000000000000000000e+00
4.406067138600000000e+15 3.045122130200000248e+36 1.319280000000000029e+39 1.000000000000000000e+00 0.000000000000000000e+00
4.372732912700000000e+15 3.015121326900000295e+36 1.314280000000000045e+39 1.000000000000000000e+00 0.000000000000000000e+00
4.339525261500000000e+15 2.985234440799999802e+36 1.309280000000000061e+39 1.000000000000000000e+00 0.000000000000000000e+00
4.306444185100000000e+15 2.955461472099999843e+36 1.304279999999999927e+39 1.000000000000000000e+00 0.000000000000000000e+00
4.273489683500000000e+15 2.925802420599999934e+36 1.299279999999999943e+39 1.000000000000000000e+00 0.000000000000000000e+00
4.240661756600000000e+15 2.896257286399999728e+36 1.294279999999999959e+39 1.000000000000000000e+00 0.000000000000000000e+00
4.207960404500000000e+15 2.866826069600000056e+36 1.289279999999999975e+39 1.000000000000000000e+00 0.000000000000000000e+00
4.175385627200000000e+15 2.837508769999999844e+36 1.284279999999999991e+39 1.000000000000000000e+00 0.000000000000000000e+00
4.142937424700000000e+15 2.808305387699999924e+36 1.279280000000000007e+39 1.000000000000000000e+00 0.000000000000000000e+00
4.110615796900000000e+15 2.779215922699999707e+36 1.274280000000000024e+39 1.000000000000000000e+00 0.000000000000000000e+00
4.078420744000000000e+15 2.750240374999999782e+36 1.269280000000000040e+39 1.000000000000000000e+00 0.000000000000000000e+00
4.046352265700000000e+15 2.721378744699999801e+36 1.264280000000000056e+39 1.000000000000000000e+00 0.000000000000000000e+00
4.014410362300000000e+15 2.692631031599999871e+36 1.259280000000000072e+39 1.000000000000000000e+00 0.000000000000000000e+00
3.982595033600000000e+15 2.663997235800000233e+36 1.254279999999999937e+39 1.000000000000000000e+00 0.000000000000000000e+00
3.950906279700000000e+15 2.635477357300000002e+36 1.249279999999999953e+39 1.000000000000000000e+00 0.000000000000000000e+00
3.919344100600000000e+15 2.607071396000000116e+36 1.244279999999999969e+39 1.000000000000000000e+00 0.000000000000000000e+00
3.887908496300000000e+15 2.578779352099999879e+36 1.239279999999999986e+39 1.000000000000000000e+00 0.000000000000000000e+00
3.856599466700000000e+15 2.550601225499999935e+36 1.234280000000000002e+39 1.000000000000000000e+00 0.000000000000000000e+00
3.825417011900000000e+15 2.522537016199999988e+36 1.229280000000000018e+39 1.000000000000000000e+00 0.000000000000000000e+00
3.794361131900000000e+15 2.494586724200000039e+36 1.224280000000000034e+39 1.000000000000000000e+00 0.000000000000000000e+00
3.763431826600000000e+15 2.466750349400000139e+36 1.219280000000000050e+39 1.000000000000000000e+00 0.000000000000000000e+00
3.732629096100000000e+15 2.439027891999999889e+36 1.214280000000000066e+39 1.000000000000000000e+00 0.000000000000000000e+00
3.701952940400000000e+15 2.411419351899999931e+36 1.209279999999999931e+39 1.000000000000000000e+00 0.000000000000000000e+00
3.671403359500000000e+15 2.383924729000000024e+36 1.204279999999999948e+39 1.000000000000000000e+00 0.000000000000000000e+00
3.640980353300000000e+15 2.356544023500000061e+36 1.199279999999999964e+39 1.000000000000000000e+00 0.000000000000000000e+00
3.610683921900000000e+15 2.329277235200000147e+36 1.194279999999999980e+39 1.000000000000000000e+00 0.000000000000000000e+00
3.580514065300000000e+15 2.302124364299999884e+36 1.189279999999999996e+39 1.000000000000000000e+00 0.000000000000000000e+00
3.550470783500000000e+15 2.275085410599999965e+36 1.184280000000000012e+39 1.000000000000000000e+00 0.000000000000000000e+00
3.520554076400000000e+15 2.248160374299999991e+36 1.179280000000000029e+39 1.000000000000000000e+00 0.000000000000000000e+00
3.490763944100000000e+15 2.221349255200000067e+36 1.174280000000000045e+39 1.000000000000000000e+00 0.000000000000000000e+00
3.461100386600000000e+15 2.194652053400000140e+36 1.169280000000000061e+39 1.000000000000000000e+00 0.000000000000000000e+00
3.431563403800000000e+15 2.168068768899999916e+36 1.164279999999999926e+39 1.000000000000000000e+00 0.000000000000000000e+00
3.402152995900000000e+15 2.141599401799999931e+36 1.159279999999999942e+39 1.000000000000000000e+00 0.000000000000000000e+00
3.372869162700000000e+15 2.115243951899999996e+36 1.154279999999999958e+39 1.000000000000000000e+00 0.000000000000000000e+00
3.343711904200000000e+15 2.089002419300000058e+36 1.149279999999999974e+39 1.000000000000000000e+00 0.000000000000000000e+00
3.314681220600000000e+15 2.062874804000000118e+36 1.144279999999999991e+39 1.000000000000000000e+00 0.000000000000000000e+00
3.285777111700000000e+15 2.036861105999999880e+36 1.139280000000000007e+39 1.000000000000000000e+00 0.000000000000000000e+00
3.256999577600000000e+15 2.010961325299999934e+36 1.134280000000000023e+39 1.000000000000000000e+00 0.000000000000000000e+00
3.228348618200000000e+15 1.985175461899999985e+36 1.129280000000000039e+39 1.000000000000000000e+00 0.000000000000000000e+00
3.199824233700000000e+15 1.959503515800000034e+36 1.124280000000000055e+39 1.000000000000000000e+00 0.000000000000000000e+00
3.171426423900000000e+15 1.933945487000000080e+36 1.119280000000000071e+39 1.000000000000000000e+00 0.000000000000000000e+00
3.143155188900000000e+15 1.908501375500000123e+36 1.114279999999999936e+39 1.000000000000000000e+00 0.000000000000000000e+00
3.115010528600000000e+15 1.883171181199999922e+36 1.109279999999999953e+39 1.000000000000000000e+00 0.000000000000000000e+00
3.086992443100000000e+15 1.857954904299999960e+36 1.104279999999999969e+39 1.000000000000000000e+00 0.000000000000000000e+00
3.059100932400000000e+15 1.832852544699999995e+36 1.099279999999999985e+39 1.000000000000000000e+00 0.000000000000000000e+00
3.031335996500000000e+15 1.807864102300000080e+36 1.094280000000000001e+39 1.000000000000000000e+00 0.000000000000000000e+00
3.003697635400000000e+15 1.782989577300000110e+36 1.089280000000000017e+39 1.000000000000000000e+00 0.000000000000000000e+00
2.976185849000000000e+15 1.758228969600000137e+36 1.084280000000000033e+39 1.000000000000000000e+00 0.000000000000000000e+00
2.948800637400000000e+15 1.733582279099999918e+36 1.079280000000000050e+39 1.000000000000000000e+00 0.000000000000000000e+00
2.921542000500000000e+15 1.709049505999999940e+36 1.074280000000000066e+39 1.000000000000000000e+00 0.000000000000000000e+00
2.894409938500000000e+15 1.684630650100000012e+36 1.069279999999999931e+39 1.000000000000000000e+00 0.000000000000000000e+00
2.867404451200000000e+15 1.660325711600000028e+36 1.064279999999999947e+39 1.000000000000000000e+00 0.000000000000000000e+00
2.840525538700000000e+15 1.636134690300000094e+36 1.059279999999999963e+39 1.000000000000000000e+00 0.000000000000000000e+00
2.813773200900000000e+15 1.612057586299999862e+36 1.054279999999999979e+39 1.000000000000000000e+00 0.000000000000000000e+00
2.787147438000000000e+15 1.588094399599999923e+36 1.049279999999999996e+39 1.000000000000000000e+00 0.000000000000000000e+00
2.760648249800000000e+15 1.564245130299999928e+36 1.044280000000000012e+39 1.000000000000000000e+00 0.000000000000000000e+00
2.734275636300000000e+15 1.540509778199999983e+36 1.039280000000000028e+39 1.000000000000000000e+00 0.000000000000000000e+00
2.708029597700000000e+15 1.516888343400000036e+36 1.034280000000000044e+39 1.000000000000000000e+00 0.000000000000000000e+00
2.681910133800000000e+15 1.493380825900000085e+36 1.029280000000000060e+39 1.000000000000000000e+00 0.000000000000000000e+00
2.655917244700000000e+15 1.469987225700000132e+36 1.024279999999999925e+39 1.000000000000000000e+00 0.000000000000000000e+00
2.630050930400000000e+15 1.446707542799999882e+36 1.019279999999999941e+39 1.000000000000000000e+00 0.000000000000000000e+00
2.604311190800000000e+15 1.423541777199999923e+36 1.014279999999999958e+39 1.000000000000000000e+00 0.000000000000000000e+00
2.578698026000000000e+15 1.400489928899999962e+36 1.009279999999999974e+39 1.000000000000000000e+00 0.000000000000000000e+00
2.553211436000000000e+15 1.377551997899999998e+36 1.004279999999999990e+39 1.000000000000000000e+00 0.000000000000000000e+00
2.527861539500000000e+15 1.354737090999999966e+36 9.992820000000000290e+38 1.000000000000000000e+00 0.000000000000000000e+00
2.502628048400000000e+15 1.332026948999999873e+36 9.942820000000000452e+38 1.000000000000000000e+00 0.000000000000000000e+00
2.477521132100000000e+15 1.309430724300000072e+36 9.892820000000000614e+38 1.000000000000000000e+00 0.000000000000000000e+00
2.452540790500000000e+15 1.286948417000000068e+36 9.842819999999999264e+38 1.000000000000000000e+00 0.000000000000000000e+00
2.427687023700000000e+15 1.264580026899999966e+36 9.792819999999999426e+38 1.000000000000000000e+00 0.000000000000000000e+00
2.402959831700000000e+15 1.242325554100000009e+36 9.742819999999999587e+38 1.000000000000000000e+00 0.000000000000000000e+00
2.378359214500000000e+15 1.220184998499999955e+36 9.692819999999999749e+38 1.000000000000000000e+00 0.000000000000000000e+00
2.353885172000000000e+15 1.198158360299999992e+36 9.642819999999999911e+38 1.000000000000000000e+00 0.000000000000000000e+00
2.329537704400000000e+15 1.176245639400000027e+36 9.592820000000000072e+38 1.000000000000000000e+00 0.000000000000000000e+00
2.305316811500000000e+15 1.154446835800000060e+36 9.542820000000000234e+38 1.000000000000000000e+00 0.000000000000000000e+00
2.281222493300000000e+15 1.132761949499999942e+36 9.492820000000000396e+38 1.000000000000000000e+00 0.000000000000000000e+00
2.257254750000000000e+15 1.111190980400000021e+36 9.442820000000000558e+38 1.000000000000000000e+00 0.000000000000000000e+00
2.233413581400000000e+15 1.089733928700000045e+36 9.392820000000000719e+38 1.000000000000000000e+00 0.000000000000000000e+00
2.209698987500000000e+15 1.068390794300000067e+36 9.342819999999999370e+38 1.000000000000000000e+00 0.000000000000000000e+00
2.186110968500000000e+15 1.047161577099999991e+36 9.292819999999999531e+38 1.000000000000000000e+00 0.000000000000000000e+00
2.162649524200000000e+15 1.026046277300000007e+36 9.242819999999999693e+38 1.000000000000000000e+00 0.000000000000000000e+00
2.139314654700000000e+15 1.005044894700000073e+36 9.192819999999999855e+38 1.000000000000000000e+00 0.000000000000000000e+00
2.116106360000000000e+15 9.841574294900000295e+35 9.142820000000000016e+38 1.000000000000000000e+00 0.000000000000000000e+00
2.093024640100000000e+15 9.633838815300000099e+35 9.092820000000000178e+38 1.000000000000000000e+00 0.000000000000000000e+00
2.070069494900000000e+15 9.427242508699999876e+35 9.042820000000000340e+38 1.000000000000000000e+00 0.000000000000000000e+00
2.047240924500000000e+15 9.221785375099999625e+35 8.992820000000000502e+38 1.000000000000000000e+00 0.000000000000000000e+00
2.024538928800000000e+15 9.017467414400000286e+35 8.942820000000000663e+38 1.000000000000000000e+00 0.000000000000000000e+00
2.001963508000000000e+15 8.814288626600000382e+35 8.892819999999999314e+38 1.000000000000000000e+00 0.000000000000000000e+00
1.979514661900000000e+15 8.612249011800000450e+35 8.842819999999999475e+38 1.000000000000000000e+00 0.000000000000000000e+00
1.957192390600000000e+15 8.411348570000000492e+35 8.792819999999999637e+38 1.000000000000000000e+00 0.000000000000000000e+00
1.934996694000000000e+15 8.211587301099999969e+35 8.742819999999999799e+38 1.000000000000000000e+00 0.000000000000000000e+00
1.912927572300000000e+15 8.012965205199999418e+35 8.692819999999999960e+38 1.000000000000000000e+00 0.000000000000000000e+00
1.890985025300000000e+15 7.815482282300000316e+35 8.642820000000000122e+38 1.000000000000000000e+00 0.000000000000000000e+00
1.869169053000000000e+15 7.619138532300000649e+35 8.592820000000000284e+38 1.000000000000000000e+00 0.000000000000000000e+00
1.847479655600000000e+15 7.423933955299999479e+35 8.542820000000000446e+38 1.000000000000000000e+00 0.000000000000000000e+00
1.825916832900000000e+15 7.229868551200000696e+35 8.492820000000000607e+38 1.000000000000000000e+00 0.000000000000000000e+00
1.804480585000000000e+15 7.036942320100000410e+35 8.442819999999999258e+38 1.000000000000000000e+00 0.000000000000000000e+00
1.783170911900000000e+15 6.845155261899999559e+35 8.392819999999999419e+38 1.000000000000000000e+00 0.000000000000000000e+00
1.761987813500000000e+15 6.654507376700000157e+35 8.342819999999999581e+38 3.375296912100000046e+00 0.000000000000000000e+00
1.747041311100000000e+15 6.520850501699999701e+35 8.292819999999999743e+38 3.375296912100000046e+00 0.000000000000000000e+00
1.732183710300000000e+15 6.389094137400000032e+35 8.242819999999999905e+38 3.375296912100000046e+00 0.000000000000000000e+00
1.717414274900000000e+15 6.259222542600000346e+35 8.192820000000000066e+38 3.375296912100000046e+00 0.000000000000000000e+00
1.702732270100000000e+15 6.131220011799999879e+35 8.142820000000000228e+38 3.375296912100000046e+00 0.000000000000000000e+00
1.688136962900000000e+15 6.005070875299999919e+35 8.092820000000000390e+38 3.375296912100000046e+00 0.000000000000000000e+00
1.673627622200000000e+15 5.880759499600000052e+35 8.042820000000000551e+38 3.375296912100000046e+00 0.000000000000000000e+00
1.659203518200000000e+15 5.758270287299999841e+35 7.992820000000000713e+38 3.375296912100000046e+00 0.000000000000000000e+00
1.644863923000000000e+15 5.637587677600000035e+35 7.942819999999999363e+38 3.375296912100000046e+00 0.000000000000000000e+00
1.630608110500000000e+15 5.518696145799999883e+35 7.892819999999999525e+38 3.375296912100000046e+00 0.000000000000000000e+00
1.616435356200000000e+15 5.401580204300000296e+35 7.842819999999999687e+38 3.375296912100000046e+00 0.000000000000000000e+00
1.602344937200000000e+15 5.286224401800000281e+35 7.792819999999999849e+38 3.375296912100000046e+00 0.000000000000000000e+00
1.588336132600000000e+15 5.172613324300000107e+35 7.742820000000000010e+38 3.375296912100000046e+00 0.000000000000000000e+00
1.574408223100000000e+15 5.060731594600000093e+35 7.692820000000000172e+38 3.375296912100000046e+00 0.000000000000000000e+00
1.560560491100000000e+15 4.950563872999999938e+35 7.642820000000000334e+38 3.375296912100000046e+00 0.000000000000000000e+00
1.546792220700000000e+15 4.842094856799999730e+35 7.592820000000000495e+38 3.375296912100000046e+00 0.000000000000000000e+00
1.533102697900000000e+15 4.735309281300000151e+35 7.542820000000000657e+38 3.375296912100000046e+00 0.000000000000000000e+00
1.519491210400000000e+15 4.630191918999999654e+35 7.492819999999999307e+38 3.375296912100000046e+00 0.000000000000000000e+00
1.505957047700000000e+15 4.526727580599999838e+35 7.442819999999999469e+38 3.375296912100000046e+00 0.000000000000000000e+00
1.492499501100000000e+15 4.424901114600000348e+35 7.392819999999999631e+38 3.375296912100000046e+00 0.000000000000000000e+00
1.479117863500000000e+15 4.324697407599999747e+35 7.342819999999999793e+38 3.375296912100000046e+00 0.000000000000000000e+00
1.465811429800000000e+15 4.226101384900000218e+35 7.292819999999999954e+38 3.375296912100000046e+00 0.000000000000000000e+00
1.452579496600000000e+15 4.129098009700000313e+35 7.242820000000000116e+38 3.375296912100000046e+00 0.000000000000000000e+00
1.439421362400000000e+15 4.033672284299999927e+35 7.192820000000000278e+38 3.375296912100000046e+00 0.000000000000000000e+00
1.426336327400000000e+15 3.939809249500000024e+35 7.142820000000000439e+38 3.375296912100000046e+00 0.000000000000000000e+00
1.413323693600000000e+15 3.847493985400000297e+35 7.092820000000000601e+38 3.375296912100000046e+00 0.000000000000000000e+00
1.400382765000000000e+15 3.756711610900000167e+35 7.042819999999999252e+38 3.375296912100000046e+00 0.000000000000000000e+00
1.387512847300000000e+15 3.667447284500000136e+35 6.992819999999999413e+38 3.375296912100000046e+00 0.000000000000000000e+00
1.374713248200000000e+15 3.579686204000000173e+35 6.942819999999999575e+38 3.375296912100000046e+00 0.000000000000000000e+00
1.361983277000000000e+15 3.493413606899999647e+35 6.892819999999999737e+38 3.375296912100000046e+00 0.000000000000000000e+00
1.349322245000000000e+15 3.408614770699999681e+35 6.842819999999999898e+38 3.375296912100000046e+00 0.000000000000000000e+00
1.336729465500000000e+15 3.325275012699999864e+35 6.792820000000000060e+38 3.375296912100000046e+00 0.000000000000000000e+00
1.324204253400000000e+15 3.243379690599999996e+35 6.742820000000000222e+38 3.375296912100000046e+00 0.000000000000000000e+00
1.311745925800000000e+15 3.162914202300000124e+35 6.692819999999999628e+38 3.375296912100000046e+00 0.000000000000000000e+00
1.299353801600000000e+15 3.083863986500000076e+35 6.642819999999999789e+38 3.375296912100000046e+00 0.000000000000000000e+00
1.287027201300000000e+15 3.006214522600000030e+35 6.592819999999999951e+38 3.375296912100000046e+00 0.000000000000000000e+00
1.274765447900000000e+15 2.929951330799999945e+35 6.542820000000000113e+38 3.375296912100000046e+00 0.000000000000000000e+00
1.262567865700000000e+15 2.855059972600000034e+35 6.492820000000000274e+38 3.375296912100000046e+00 0.000000000000000000e+00
1.250433781400000000e+15 2.781526050899999829e+35 6.442819999999999681e+38 3.375296912100000046e+00 0.000000000000000000e+00
1.238362523400000000e+15 2.709335210099999820e+35 6.392819999999999842e+38 3.375296912100000046e+00 0.000000000000000000e+00
1.226353422200000000e+15 2.638473136200000154e+35 6.342820000000000004e+38 3.375296912100000046e+00 0.000000000000000000e+00
1.214405810200000000e+15 2.568925557400000165e+35 6.292820000000000166e+38 3.375296912100000046e+00 0.000000000000000000e+00
1.202519021700000000e+15 2.500678243899999884e+35 6.242820000000000327e+38 3.375296912100000046e+00 0.000000000000000000e+00
1.190692393000000000e+15 2.433717008299999976e+35 6.192819999999999733e+38 3.375296912100000046e+00 0.000000000000000000e+00
1.178925262600000000e+15 2.368027705900000031e+35 6.142819999999999895e+38 3.375296912100000046e+00 0.000000000000000000e+00
1.167216970700000000e+15 2.303596234500000074e+35 6.092820000000000057e+38 3.375296912100000046e+00 0.000000000000000000e+00
1.155566859700000000e+15 2.240408535299999862e+35 6.042820000000000218e+38 3.375296912100000046e+00 0.000000000000000000e+00
1.143974274000000000e+15 2.178450592399999894e+35 5.992819999999999625e+38 3.375296912100000046e+00 0.000000000000000000e+00
1.132438559900000000e+15 2.117708433600000172e+35 5.942819999999999786e+38 3.375296912100000046e+00 0.000000000000000000e+00
1.120959066000000000e+15 2.058168130199999864e+35 5.892819999999999948e+38 3.375296912100000046e+00 0.000000000000000000e+00
1.109535142700000000e+15 1.999815797600000162e+35 5.842820000000000110e+38 3.375296912100000046e+00 0.000000000000000000e+00
1.098166142600000000e+15 1.942637595099999886e+35 5.792820000000000271e+38 3.375296912100000046e+00 0.000000000000000000e+00
1.086851420300000000e+15 1.886619726500000184e+35 5.742819999999999677e+38 3.375296912100000046e+00 0.000000000000000000e+00
1.075590332600000000e+15 1.831748440399999872e+35 5.692819999999999839e+38 3.375296912100000046e+00 0.000000000000000000e+00
1.064382238300000000e+15 1.778010029999999896e+35 5.642820000000000001e+38 3.375296912100000046e+00 0.000000000000000000e+00
1.053226498400000000e+15 1.725390833699999911e+35 5.592820000000000163e+38 3.375296912100000046e+00 0.000000000000000000e+00
1.042122475900000000e+15 1.673877235199999932e+35 5.542820000000000324e+38 3.375296912100000046e+00 0.000000000000000000e+00
1.031069536000000000e+15 1.623455664000000063e+35 5.492819999999999730e+38 3.375296912100000046e+00 0.000000000000000000e+00
1.020067046100000000e+15 1.574112595199999982e+35 5.442819999999999892e+38 3.375296912100000046e+00 0.000000000000000000e+00
1.009114375500000000e+15 1.525834550299999916e+35 5.392820000000000054e+38 3.375296912100000046e+00 0.000000000000000000e+00
9.982108961500000000e+14 1.478608096899999950e+35 5.342820000000000215e+38 3.375296912100000046e+00 0.000000000000000000e+00
9.873559817200000000e+14 1.432419849500000090e+35 5.292820000000000377e+38 3.375296912100000046e+00 0.000000000000000000e+00
9.765490083200000000e+14 1.387256469400000089e+35 5.242819999999999783e+38 3.375296912100000046e+00 0.000000000000000000e+00
9.657893541800000000e+14 1.343104665199999922e+35 5.192819999999999945e+38 3.375296912100000046e+00 0.000000000000000000e+00
9.550763997900000000e+14 1.299951192799999973e+35 5.142820000000000107e+38 3.375296912100000046e+00 0.000000000000000000e+00
9.444095278600000000e+14 1.257782856199999981e+35 5.092820000000000268e+38 3.375296912100000046e+00 0.000000000000000000e+00
9.337881233400000000e+14 1.216586507200000017e+35 5.042819999999999674e+38 3.375296912100000046e+00 0.000000000000000000e+00
9.232115734700000000e+14 1.176349045900000025e+35 4.992819999999999836e+38 3.375296912100000046e+00 0.000000000000000000e+00
9.126792677400000000e+14 1.137057421400000092e+35 4.942819999999999998e+38 3.375296912100000046e+00 0.000000000000000000e+00
9.021905979300000000e+14 1.098698631299999962e+35 4.892820000000000159e+38 3.375296912100000046e+00 0.000000000000000000e+00
8.917449581400000000e+14 1.061259722899999963e+35 4.842820000000000321e+38 3.375296912100000046e+00 0.000000000000000000e+00
8.813417447900000000e+14 1.024727792899999939e+35 4.792819999999999727e+38 3.375296912100000046e+00 0.000000000000000000e+00
8.709803566100000000e+14 9.890899877600000098e+34 4.742819999999999889e+38 3.375296912100000046e+00 0.000000000000000000e+00
8.606601947000000000e+14 9.543335043899999235e+34 4.692820000000000051e+38 3.375296912100000046e+00 0.000000000000000000e+00
8.503806625300000000e+14 9.204455901599999605e+34 4.642820000000000212e+38 3.375296912100000046e+00 0.000000000000000000e+00
8.401411659300000000e+14 8.874135433400000511e+34 4.592820000000000374e+38 3.375296912100000046e+00 0.000000000000000000e+00
8.299411131500000000e+14 8.552247134400000165e+34 4.542819999999999780e+38 3.375296912100000046e+00 0.000000000000000000e+00
8.197799148300000000e+14 8.238665015400000144e+34 4.492819999999999942e+38 3.375296912100000046e+00 0.000000000000000000e+00
8.096569840500000000e+14 7.933263606800000344e+34 4.442820000000000103e+38 3.375296912100000046e+00 0.000000000000000000e+00
7.995717363500000000e+14 7.635917961700000147e+34 4.392820000000000265e+38 3.375296912100000046e+00 0.000000000000000000e+00
7.895235897100000000e+14 7.346503660000000349e+34 4.342819999999999671e+38 3.375296912100000046e+00 0.000000000000000000e+00
7.795192925600000000e+14 7.116622144700000097e+34 4.292819999999999833e+38 2.219512195100000085e+00 0.000000000000000000e+00
7.695308506700000000e+14 6.933952645500000202e+34 4.242819999999999995e+38 2.219512195100000085e+00 0.000000000000000000e+00
7.595661567200000000e+14 6.753889626800000212e+34 4.192820000000000156e+38 2.219512195100000085e+00 0.000000000000000000e+00
7.496251489900000000e+14 6.576426314700000310e+34 4.142820000000000318e+38 2.219512195100000085e+00 0.000000000000000000e+00
7.397077651800000000e+14 6.401555871799999714e+34 4.092819999999999724e+38 2.219512195100000085e+00 0.000000000000000000e+00
7.298139424000000000e+14 6.229271396199999603e+34 4.042819999999999886e+38 2.219512195100000085e+00 0.000000000000000000e+00
7.199436171600000000e+14 6.059565919599999545e+34 3.992820000000000047e+38 2.219512195100000085e+00 0.000000000000000000e+00
7.100967253700000000e+14 5.892432406400000220e+34 3.942820000000000209e+38 2.219512195100000085e+00 0.000000000000000000e+00
7.002732022900000000e+14 5.727863751600000255e+34 3.892820000000000371e+38 2.219512195100000085e+00 0.000000000000000000e+00
6.904729825500000000e+14 5.565852779700000266e+34 3.842819999999999777e+38 2.219512195100000085e+00 0.000000000000000000e+00
6.806960001000000000e+14 5.406392242900000014e+34 3.792819999999999939e+38 2.219512195100000085e+00 0.000000000000000000e+00
6.709421882400000000e+14 5.249474819300000165e+34 3.742820000000000100e+38 2.219512195100000085e+00 0.000000000000000000e+00
6.612114795600000000e+14 5.095093111499999562e+34 3.692820000000000262e+38 2.219512195100000085e+00 0.000000000000000000e+00
6.515038059700000000e+14 4.943239644200000029e+34 3.642819999999999668e+38 2.219512195100000085e+00 0.000000000000000000e+00
6.418190986300000000e+14 4.793906862999999563e+34 3.592819999999999830e+38 2.219512195100000085e+00 0.000000000000000000e+00
6.321572879700000000e+14 4.647087131999999897e+34 3.542819999999999991e+38 2.219512195100000085e+00 0.000000000000000000e+00
6.225183036500000000e+14 4.502772731999999972e+34 3.492820000000000153e+38 2.219512195100000085e+00 0.000000000000000000e+00
6.129020745800000000e+14 4.360955858000000017e+34 3.442820000000000315e+38 2.219512195100000085e+00 0.000000000000000000e+00
6.033085288300000000e+14 4.221628617699999947e+34 3.392820000000000099e+38 2.219512195100000085e+00 0.000000000000000000e+00
5.937375936800000000e+14 4.084783028499999839e+34 3.342819999999999883e+38 2.219512195100000085e+00 0.000000000000000000e+00
5.841891955600000000e+14 3.950411015699999848e+34 3.292820000000000044e+38 2.219512195100000085e+00 0.000000000000000000e+00
5.746632600400000000e+14 3.818504409500000225e+34 3.242819999999999828e+38 2.219512195100000085e+00 0.000000000000000000e+00
5.651597117900000000e+14 3.689054942800000190e+34 3.192819999999999990e+38 2.219512195100000085e+00 0.000000000000000000e+00
5.556784745700000000e+14 3.562054248599999916e+34 3.142820000000000152e+38 2.219512195100000085e+00 0.000000000000000000e+00
5.462194712200000000e+14 3.437493856700000220e+34 3.092819999999999935e+38 2.219512195100000085e+00 0.000000000000000000e+00
5.367826236000000000e+14 3.315365191299999996e+34 3.042820000000000097e+38 2.219512195100000085e+00 0.000000000000000000e+00
5.273678525800000000e+14 3.195659567400000201e+34 2.992819999999999881e+38 2.219512195100000085e+00 0.000000000000000000e+00
5.179750780100000000e+14 3.078368188100000039e+34 2.942820000000000043e+38 2.219512195100000085e+00 0.000000000000000000e+00
5.086042186900000000e+14 2.963482141099999826e+34 2.892819999999999827e+38 2.219512195100000085e+00 0.000000000000000000e+00
4.992551923300000000e+14 2.850992394800000042e+34 2.842819999999999988e+38 2.219512195100000085e+00 0.000000000000000000e+00
4.899279155400000000e+14 2.740889795299999963e+34 2.792820000000000150e+38 2.219512195100000085e+00 0.000000000000000000e+00
4.806223037400000000e+14 2.633165061799999961e+34 2.742819999999999934e+38 2.219512195100000085e+00 0.000000000000000000e+00
4.713382712000000000e+14 2.527808782999999955e+34 2.692820000000000096e+38 2.219512195100000085e+00 0.000000000000000000e+00
4.620757309400000000e+14 2.424811412999999789e+34 2.642819999999999879e+38 2.219512195100000085e+00 0.000000000000000000e+00
4.528345947100000000e+14 2.324163266099999963e+34 2.592820000000000041e+38 2.219512195100000085e+00 0.000000000000000000e+00
4.436147729500000000e+14 2.225854512700000166e+34 2.542819999999999825e+38 2.219512195100000085e+00 0.000000000000000000e+00
4.344161747500000000e+14 2.129875174100000013e+34 2.492819999999999987e+38 2.219512195100000085e+00 0.000000000000000000e+00
4.252950000000000000e+14 2.062150000000000029e+34 2.442820000000000148e+38 3.116000000000000103e+00 0.000000000000000000e+00
4.160740000000000000e+14 1.940349999999999974e+34 2.392819999999999932e+38 3.120000000000000107e+00 0.000000000000000000e+00
4.068830000000000000e+14 1.823230000000000001e+34 2.342820000000000094e+38 3.123000000000000220e+00 0.000000000000000000e+00
3.977210000000000000e+14 1.710730000000000000e+34 2.292819999999999878e+38 3.125999999999999890e+00 0.000000000000000000e+00
3.885890000000000000e+14 1.602779999999999957e+34 2.242820000000000040e+38 3.129000000000000004e+00 0.000000000000000000e+00
3.794850000000000000e+14 1.499310000000000090e+34 2.192819999999999823e+38 3.132000000000000117e+00 0.000000000000000000e+00
3.704090000000000000e+14 1.400260000000000056e+34 2.142819999999999985e+38 3.134999999999999787e+00 0.000000000000000000e+00
3.613610000000000000e+14 1.305560000000000075e+34 2.092820000000000147e+38 3.137000000000000011e+00 0.000000000000000000e+00
3.523390000000000000e+14 1.215150000000000034e+34 2.042819999999999931e+38 3.138999999999999790e+00 0.000000000000000000e+00
3.433440000000000000e+14 1.128929999999999981e+34 1.992820000000000092e+38 3.141000000000000014e+00 0.000000000000000000e+00
3.343740000000000000e+14 1.046840000000000035e+34 1.942819999999999876e+38 3.142999999999999794e+00 0.000000000000000000e+00
3.254300000000000000e+14 9.688019999999999616e+33 1.892820000000000038e+38 3.144000000000000128e+00 0.000000000000000000e+00
3.165110000000000000e+14 8.947269999999999532e+33 1.842819999999999822e+38 3.144000000000000128e+00 0.000000000000000000e+00
3.076150000000000000e+14 8.245329999999999516e+33 1.792819999999999984e+38 3.145000000000000018e+00 0.000000000000000000e+00
2.987440000000000000e+14 7.581339999999999598e+33 1.742820000000000145e+38 3.144000000000000128e+00 0.000000000000000000e+00
2.898950000000000000e+14 6.954390000000000294e+33 1.692819999999999929e+38 3.142999999999999794e+00 0.000000000000000000e+00
2.810690000000000000e+14 6.363559999999999681e+33 1.642820000000000091e+38 3.141000000000000014e+00 0.000000000000000000e+00
2.722650000000000000e+14 5.807910000000000178e+33 1.592820000000000064e+38 3.137999999999999901e+00 0.000000000000000000e+00
2.634820000000000000e+14 5.286450000000000078e+33 1.542820000000000036e+38 3.133999999999999897e+00 0.000000000000000000e+00
2.547200000000000000e+14 4.798179999999999848e+33 1.492820000000000009e+38 3.128000000000000114e+00 0.000000000000000000e+00
2.459780000000000000e+14 4.342059999999999993e+33 1.442819999999999982e+38 3.120999999999999996e+00 0.000000000000000000e+00
2.372570000000000000e+14 3.917020000000000043e+33 1.392819999999999955e+38 3.112999999999999989e+00 0.000000000000000000e+00
2.285550000000000000e+14 3.521960000000000280e+33 1.342819999999999928e+38 3.103000000000000203e+00 0.000000000000000000e+00
2.198720000000000000e+14 3.155720000000000182e+33 1.292820000000000089e+38 3.089999999999999858e+00 0.000000000000000000e+00
2.112090000000000000e+14 2.817109999999999981e+33 1.242820000000000062e+38 3.075000000000000178e+00 0.000000000000000000e+00
2.025640000000000000e+14 2.504859999999999989e+33 1.192820000000000035e+38 3.056999999999999940e+00 0.000000000000000000e+00
1.939390000000000000e+14 2.217549999999999958e+33 1.142820000000000008e+38 3.036000000000000032e+00 0.000000000000000000e+00
1.853350000000000000e+14 1.953409999999999858e+33 1.092819999999999980e+38 3.011000000000000121e+00 0.000000000000000000e+00
1.767580000000000000e+14 1.710389999999999950e+33 1.042819999999999953e+38 2.979999999999999982e+00 0.000000000000000000e+00
1.681950000000000000e+14 1.490370000000000006e+33 9.928219999999999867e+37 2.943000000000000060e+00 0.000000000000000000e+00
1.596440000000000000e+14 1.292289999999999977e+33 9.428219999999999595e+37 2.900999999999999801e+00 0.000000000000000000e+00
1.511050000000000000e+14 1.114870000000000043e+33 8.928219999999999323e+37 2.850999999999999979e+00 0.000000000000000000e+00
1.425760000000000000e+14 9.568060000000000641e+32 8.428219999999999996e+37 2.793000000000000149e+00 0.000000000000000000e+00
1.339880000000000000e+14 8.457380000000000701e+32 7.924350000000000364e+37 2.837000000000000188e+00 1.913800000000000020e+29
1.334970000000000000e+14 8.390159999999999821e+32 7.895499999999999614e+37 2.842000000000000082e+00 2.269380000000000127e+29
1.330050000000000000e+14 8.322490000000000130e+32 7.866660000000000112e+37 2.846000000000000085e+00 2.539039999999999964e+29
1.325140000000000000e+14 8.254840000000000706e+32 7.837810000000000306e+37 2.850000000000000089e+00 2.772610000000000174e+29
1.320230000000000000e+14 8.187340000000000406e+32 7.808959999999999556e+37 2.854000000000000092e+00 2.986430000000000003e+29
1.315320000000000000e+14 8.120050000000000031e+32 7.780109999999999751e+37 2.858000000000000096e+00 3.187969999999999874e+29
1.310410000000000000e+14 8.053010000000000116e+32 7.751259999999999945e+37 2.543000000000000149e+00 3.381270000000000063e+29
1.305500000000000000e+14 7.986229999999999353e+32 7.722420000000000443e+37 2.539000000000000146e+00 3.568759999999999804e+29
1.300590000000000000e+14 7.919739999999999586e+32 7.693569999999999693e+37 2.535000000000000142e+00 3.751979999999999725e+29
1.295680000000000000e+14 7.853539999999999373e+32 7.664719999999999888e+37 2.529999999999999805e+00 3.931990000000000239e+29
1.290770000000000000e+14 7.787650000000000422e+32 7.635870000000000083e+37 2.525999999999999801e+00 4.109529999999999976e+29
1.285860000000000000e+14 7.722069999999999850e+32 7.607020000000000277e+37 2.521999999999999797e+00 4.285129999999999846e+29
1.280950000000000000e+14 7.656810000000000675e+32 7.578179999999999831e+37 2.517999999999999794e+00 4.459179999999999934e+29
1.276050000000000000e+14 7.591870000000000014e+32 7.549330000000000025e+37 2.512999999999999901e+00 4.631990000000000056e+29
1.271140000000000000e+14 7.527259999999999441e+32 7.520480000000000220e+37 2.508999999999999897e+00 4.803770000000000042e+29
1.266230000000000000e+14 7.462990000000000532e+32 7.491630000000000414e+37 2.504999999999999893e+00 4.974700000000000148e+29
1.261320000000000000e+14 7.399050000000000270e+32 7.462779999999999664e+37 2.500000000000000000e+00 5.144929999999999649e+29
1.256410000000000000e+14 7.335450000000000230e+32 7.433940000000000162e+37 2.495999999999999996e+00 5.314550000000000080e+29
1.251510000000000000e+14 7.272190000000000413e+32 7.405090000000000357e+37 2.491999999999999993e+00 5.483640000000000305e+29
1.246600000000000000e+14 7.209279999999999510e+32 7.376239999999999607e+37 2.487000000000000099e+00 5.652279999999999889e+29
1.241690000000000000e+14 7.146720000000000405e+32 7.347389999999999801e+37 2.483000000000000096e+00 5.820509999999999672e+29
1.236790000000000000e+14 7.084500000000000080e+32 7.318539999999999996e+37 2.478000000000000203e+00 5.988369999999999789e+29
1.231880000000000000e+14 7.022640000000000246e+32 7.289699999999999549e+37 2.474000000000000199e+00 6.155879999999999955e+29
1.226980000000000000e+14 6.961129999999999326e+32 7.260849999999999744e+37 2.468999999999999861e+00 6.323080000000000305e+29
1.222070000000000000e+14 6.899970000000000203e+32 7.231999999999999938e+37 2.464999999999999858e+00 6.489969999999999432e+29
1.217160000000000000e+14 6.839170000000000129e+32 7.203150000000000133e+37 2.459999999999999964e+00 6.656569999999999867e+29
1.212260000000000000e+14 6.778720000000000411e+32 7.174300000000000328e+37 2.455999999999999961e+00 6.822870000000000345e+29
1.207360000000000000e+14 6.718639999999999875e+32 7.145459999999999881e+37 2.451000000000000068e+00 6.988880000000000018e+29
1.202450000000000000e+14 6.663859999999999583e+32 7.116610000000000076e+37 2.447000000000000064e+00 4.377040000000000116e+29
1.197550000000000000e+14 6.604550000000000694e+32 7.087760000000000270e+37 2.442000000000000171e+00 4.461999999999999959e+29
1.158320000000000000e+14 6.154220000000000284e+32 6.856979999999999600e+37 2.403999999999999915e+00 2.526349999999999853e+29
1.148520000000000000e+14 6.042550000000000312e+32 6.799279999999999989e+37 2.395000000000000018e+00 2.578899999999999832e+29
1.133820000000000000e+14 5.877689999999999688e+32 6.712739999999999931e+37 2.379999999999999893e+00 2.657350000000000030e+29
1.128920000000000000e+14 5.823439999999999997e+32 6.683890000000000126e+37 2.375999999999999890e+00 2.683380000000000159e+29
1.099520000000000000e+14 5.505279999999999821e+32 6.510799999999999708e+37 2.346000000000000085e+00 2.837799999999999919e+29
1.084820000000000000e+14 5.350900000000000241e+32 6.424259999999999650e+37 2.331999999999999851e+00 2.913659999999999989e+29
1.075030000000000000e+14 5.249699999999999739e+32 6.366560000000000039e+37 2.322000000000000064e+00 2.963639999999999909e+29
1.055440000000000000e+14 5.051409999999999640e+32 6.251170000000000176e+37 2.301000000000000156e+00 3.062070000000000034e+29
1.050540000000000000e+14 5.002689999999999664e+32 6.222320000000000371e+37 2.295999999999999819e+00 3.086329999999999991e+29
1.030960000000000000e+14 4.811170000000000007e+32 6.106929999999999564e+37 2.275999999999999801e+00 3.181900000000000308e+29
1.026060000000000000e+14 4.764130000000000154e+32 6.078079999999999758e+37 2.270999999999999908e+00 3.205399999999999809e+29
1.021170000000000000e+14 4.717419999999999670e+32 6.049229999999999953e+37 2.266000000000000014e+00 3.228750000000000035e+29
1.016270000000000000e+14 4.671039999999999994e+32 6.020380000000000147e+37 2.259999999999999787e+00 3.251929999999999863e+29
1.011380000000000000e+14 4.638080000000000318e+32 5.991539999999999701e+37 2.254000000000000004e+00 3.585130000000000029e+29
1.006490000000000000e+14 4.592619999999999972e+32 5.962689999999999895e+37 2.249000000000000110e+00 3.583580000000000248e+29
1.001590000000000000e+14 4.547489999999999715e+32 5.933840000000000090e+37 2.244000000000000217e+00 3.581850000000000210e+29
9.966980000000000000e+13 4.502680000000000134e+32 5.904990000000000284e+37 2.238999999999999879e+00 3.579930000000000059e+29
9.918050000000000000e+13 4.458189999999999787e+32 5.876139999999999534e+37 2.233000000000000096e+00 3.577829999999999651e+29
9.869110000000000000e+13 4.414009999999999981e+32 5.847300000000000032e+37 2.228000000000000203e+00 3.575539999999999833e+29
9.820180000000000000e+13 4.370150000000000130e+32 5.818450000000000227e+37 2.222999999999999865e+00 3.573069999999999759e+29
9.771260000000000000e+13 4.326610000000000235e+32 5.789600000000000421e+37 2.217000000000000082e+00 3.570420000000000133e+29
9.722330000000000000e+13 4.283390000000000294e+32 5.760749999999999671e+37 2.212000000000000188e+00 3.567590000000000250e+29
9.673410000000000000e+13 4.240470000000000041e+32 5.731899999999999866e+37 2.206999999999999851e+00 3.564570000000000254e+29
9.624490000000000000e+13 4.197869999999999742e+32 5.703060000000000364e+37 2.201000000000000068e+00 3.561370000000000001e+29
9.575570000000000000e+13 4.155579999999999985e+32 5.674209999999999614e+37 2.196000000000000174e+00 3.557990000000000197e+29
9.526650000000000000e+13 4.113600000000000050e+32 5.645359999999999809e+37 2.190999999999999837e+00 3.554430000000000136e+29
9.477740000000000000e+13 4.071919999999999802e+32 5.616510000000000003e+37 2.185000000000000053e+00 3.550689999999999818e+29
9.428830000000000000e+13 4.030560000000000229e+32 5.587660000000000198e+37 2.180000000000000160e+00 3.546769999999999949e+29
9.379920000000000000e+13 3.989490000000000210e+32 5.558819999999999751e+37 2.173999999999999932e+00 3.542679999999999681e+29
9.331010000000000000e+13 3.948730000000000013e+32 5.529969999999999946e+37 2.169000000000000039e+00 3.538409999999999861e+29
9.282110000000000000e+13 3.908270000000000223e+32 5.501120000000000140e+37 2.162999999999999812e+00 3.533959999999999785e+29
9.233210000000000000e+13 3.868110000000000121e+32 5.472270000000000335e+37 2.157999999999999918e+00 3.529340000000000014e+29
9.184310000000000000e+13 3.828249999999999706e+32 5.443419999999999585e+37 2.152000000000000135e+00 3.524549999999999845e+29
9.135410000000000000e+13 3.788689999999999700e+32 5.414580000000000083e+37 2.146999999999999797e+00 3.519589999999999981e+29
9.086520000000000000e+13 3.749419999999999968e+32 5.385730000000000277e+37 2.141999999999999904e+00 3.514449999999999862e+29
9.037620000000000000e+13 3.710449999999999923e+32 5.356880000000000472e+37 2.136000000000000121e+00 3.509149999999999905e+29
8.988730000000000000e+13 3.671770000000000153e+32 5.328029999999999722e+37 2.130999999999999783e+00 3.503669999999999693e+29
8.939850000000000000e+13 3.633379999999999936e+32 5.299179999999999916e+37 2.125000000000000000e+00 3.498030000000000347e+29
8.890960000000000000e+13 3.595279999999999994e+32 5.270340000000000414e+37 2.119000000000000217e+00 3.492229999999999758e+29
8.842080000000000000e+13 3.557470000000000326e+32 5.241489999999999664e+37 2.113999999999999879e+00 3.486260000000000177e+29
8.793200000000000000e+13 3.519950000000000212e+32 5.212639999999999859e+37 2.108000000000000096e+00 3.480130000000000056e+29
8.744320000000000000e+13 3.482710000000000239e+32 5.183790000000000054e+37 2.103000000000000203e+00 3.473840000000000099e+29
8.695440000000000000e+13 3.445759999999999819e+32 5.154940000000000248e+37 2.096999999999999975e+00 3.467379999999999743e+29
8.646570000000000000e+13 3.409080000000000127e+32 5.126099999999999802e+37 2.092000000000000082e+00 3.460770000000000112e+29
8.597700000000000000e+13 3.375739999999999694e+32 5.097249999999999996e+37 2.085999999999999854e+00 4.139310000000000281e+29
8.548830000000000000e+13 3.339660000000000097e+32 5.068400000000000191e+37 2.080000000000000071e+00 4.118030000000000185e+29
8.499960000000000000e+13 3.303859999999999921e+32 5.039550000000000385e+37 2.075000000000000178e+00 4.096679999999999677e+29
8.451100000000000000e+13 3.268329999999999752e+32 5.010699999999999635e+37 2.068999999999999950e+00 4.075279999999999880e+29
8.402230000000000000e+13 3.233069999999999949e+32 4.981860000000000133e+37 2.064000000000000057e+00 4.053820000000000232e+29
8.353370000000000000e+13 3.198089999999999928e+32 4.953010000000000328e+37 2.057999999999999829e+00 4.032300000000000029e+29
8.304510000000000000e+13 3.163370000000000139e+32 4.924159999999999578e+37 2.052000000000000046e+00 4.010739999999999691e+29
8.255660000000000000e+13 3.128930000000000131e+32 4.895309999999999772e+37 2.047000000000000153e+00 3.989120000000000206e+29
8.206810000000000000e+13 3.094749999999999997e+32 4.866459999999999967e+37 2.040999999999999925e+00 3.967450000000000025e+29
8.157950000000000000e+13 3.060830000000000096e+32 4.837620000000000465e+37 2.036000000000000032e+00 3.945729999999999850e+29
8.109100000000000000e+13 3.027179999999999841e+32 4.808769999999999715e+37 2.029999999999999805e+00 3.923970000000000244e+29
8.060260000000000000e+13 2.993789999999999821e+32 4.779919999999999909e+37 2.024000000000000021e+00 3.902169999999999800e+29
8.011410000000000000e+13 2.960670000000000167e+32 4.751070000000000104e+37 2.019000000000000128e+00 3.880329999999999924e+29
7.962570000000000000e+13 2.927799999999999893e+32 4.722220000000000299e+37 2.012999999999999901e+00 3.858449999999999912e+29
7.913730000000000000e+13 2.895189999999999852e+32 4.693379999999999852e+37 2.008000000000000007e+00 3.836529999999999766e+29
7.864890000000000000e+13 2.862829999999999911e+32 4.664530000000000047e+37 2.001999999999999780e+00 3.814570000000000189e+29
7.816060000000000000e+13 2.830729999999999844e+32 4.635680000000000241e+37 1.995999999999999996e+00 3.792580000000000334e+29
7.767220000000000000e+13 2.798879999999999876e+32 4.606830000000000436e+37 1.991000000000000103e+00 3.770560000000000201e+29
7.718390000000000000e+13 2.767280000000000008e+32 4.577979999999999686e+37 1.985000000000000098e+00 3.748509999999999792e+29
7.669560000000000000e+13 2.735929999999999880e+32 4.549140000000000184e+37 1.979999999999999982e+00 3.726439999999999667e+29
7.620740000000000000e+13 2.704829999999999851e+32 4.520290000000000378e+37 1.973999999999999977e+00 3.704330000000000110e+29
7.571910000000000000e+13 2.673970000000000149e+32 4.491439999999999628e+37 1.967999999999999972e+00 3.682200000000000135e+29
7.523090000000000000e+13 2.643359999999999826e+32 4.462589999999999823e+37 1.963000000000000078e+00 3.660049999999999739e+29
7.474270000000000000e+13 2.612989999999999830e+32 4.433740000000000017e+37 1.957000000000000073e+00 3.637880000000000332e+29
7.425450000000000000e+13 2.582869999999999934e+32 4.404899999999999571e+37 1.951999999999999957e+00 3.615689999999999801e+29
7.376630000000000000e+13 2.552979999999999870e+32 4.376049999999999765e+37 1.945999999999999952e+00 3.593480000000000259e+29
7.327820000000000000e+13 2.523330000000000132e+32 4.347199999999999960e+37 1.941000000000000059e+00 3.571260000000000155e+29
7.279010000000000000e+13 2.493920000000000001e+32 4.318350000000000154e+37 1.935000000000000053e+00 3.549020000000000335e+29
7.230200000000000000e+13 2.464740000000000062e+32 4.289500000000000349e+37 1.929000000000000048e+00 3.526769999999999954e+29
7.181390000000000000e+13 2.435800000000000089e+32 4.260659999999999902e+37 1.923999999999999932e+00 3.504499999999999857e+29
7.132590000000000000e+13 2.407080000000000175e+32 4.231810000000000097e+37 1.917999999999999927e+00 3.482229999999999760e+29
7.083780000000000000e+13 2.378599999999999868e+32 4.202959999999999819e+37 1.913000000000000034e+00 3.459949999999999806e+29
7.034980000000000000e+13 2.350350000000000113e+32 4.174110000000000014e+37 1.907000000000000028e+00 3.437659999999999993e+29
6.986190000000000000e+13 2.322320000000000057e+32 4.145260000000000208e+37 1.901999999999999913e+00 3.415360000000000323e+29
6.937390000000000000e+13 2.294519999999999833e+32 4.116420000000000234e+37 1.895999999999999908e+00 3.393059999999999948e+29
6.888590000000000000e+13 2.266940000000000029e+32 4.087569999999999956e+37 1.891000000000000014e+00 3.370760000000000278e+29
6.839800000000000000e+13 2.239579999999999924e+32 4.058720000000000151e+37 1.885999999999999899e+00 3.348450000000000046e+29
6.791010000000000000e+13 2.212439999999999877e+32 4.029869999999999873e+37 1.879999999999999893e+00 3.326149999999999672e+29
6.742220000000000000e+13 2.185530000000000024e+32 4.001020000000000068e+37 1.875000000000000000e+00 3.303840000000000143e+29
6.693440000000000000e+13 2.158819999999999962e+32 3.972180000000000093e+37 1.868999999999999995e+00 3.281539999999999769e+29
6.644660000000000000e+13 2.132340000000000092e+32 3.943329999999999816e+37 1.864000000000000101e+00 3.259240000000000099e+29
6.595870000000000000e+13 2.106070000000000149e+32 3.914480000000000010e+37 1.858999999999999986e+00 3.236939999999999725e+29
6.547100000000000000e+13 2.080010000000000130e+32 3.885630000000000205e+37 1.852999999999999980e+00 3.214649999999999912e+29
6.498320000000000000e+13 2.054160000000000037e+32 3.856779999999999927e+37 1.848000000000000087e+00 3.192360000000000099e+29
6.449540000000000000e+13 2.028519999999999869e+32 3.827939999999999953e+37 1.842999999999999972e+00 3.170080000000000145e+29
6.400770000000000000e+13 2.003089999999999987e+32 3.799090000000000147e+37 1.838000000000000078e+00 3.147810000000000048e+29
6.352000000000000000e+13 1.977859999999999896e+32 3.770239999999999870e+37 1.832000000000000073e+00 3.125550000000000161e+29
6.303230000000000000e+13 1.952840000000000092e+32 3.741390000000000064e+37 1.826999999999999957e+00 3.103289999999999921e+29
6.254460000000000000e+13 1.928020000000000078e+32 3.712539999999999787e+37 1.822000000000000064e+00 3.081050000000000102e+29
6.205700000000000000e+13 1.903399999999999857e+32 3.683699999999999812e+37 1.816999999999999948e+00 3.058820000000000140e+29
6.156940000000000000e+13 1.878980000000000147e+32 3.654850000000000007e+37 1.812000000000000055e+00 3.036600000000000036e+29
6.108180000000000000e+13 1.854759999999999869e+32 3.626000000000000201e+37 1.806999999999999940e+00 3.014390000000000142e+29
6.059420000000000000e+13 1.830729999999999970e+32 3.597149999999999924e+37 1.800999999999999934e+00 2.992199999999999963e+29
6.010660000000000000e+13 1.806899999999999862e+32 3.568300000000000118e+37 1.796000000000000041e+00 2.970019999999999994e+29
5.961910000000000000e+13 1.783260000000000133e+32 3.539460000000000144e+37 1.790999999999999925e+00 2.947849999999999883e+29
5.913160000000000000e+13 1.759819999999999835e+32 3.510609999999999866e+37 1.786000000000000032e+00 2.925699999999999840e+29
5.864410000000000000e+13 1.736560000000000142e+32 3.481760000000000061e+37 1.782000000000000028e+00 2.903560000000000006e+29
5.815660000000000000e+13 1.713490000000000108e+32 3.452909999999999783e+37 1.776999999999999913e+00 2.881439999999999888e+29
5.766920000000000000e+13 1.690610000000000091e+32 3.424059999999999978e+37 1.772000000000000020e+00 2.859339999999999837e+29
5.718180000000000000e+13 1.667909999999999959e+32 3.395220000000000003e+37 1.766999999999999904e+00 2.837249999999999997e+29
5.669430000000000000e+13 1.645399999999999845e+32 3.366370000000000198e+37 1.762000000000000011e+00 2.815179999999999872e+29
5.620700000000000000e+13 1.623069999999999977e+32 3.337519999999999920e+37 1.756999999999999895e+00 2.793130000000000166e+29
5.571960000000000000e+13 1.600919999999999992e+32 3.308670000000000115e+37 1.752999999999999892e+00 2.771100000000000176e+29
5.523230000000000000e+13 1.578950000000000073e+32 3.279819999999999837e+37 1.747999999999999998e+00 2.749080000000000044e+29
5.474490000000000000e+13 1.557150000000000084e+32 3.250979999999999863e+37 1.743000000000000105e+00 2.727079999999999979e+29
5.425760000000000000e+13 1.535539999999999933e+32 3.222130000000000057e+37 1.739000000000000101e+00 2.705099999999999982e+29
5.377030000000000000e+13 1.514089999999999940e+32 3.193279999999999780e+37 1.733999999999999986e+00 2.683140000000000052e+29
5.328310000000000000e+13 1.492820000000000012e+32 3.164429999999999974e+37 1.729999999999999982e+00 2.661199999999999839e+29
5.279590000000000000e+13 1.471720000000000015e+32 3.135580000000000169e+37 1.725000000000000089e+00 2.639269999999999835e+29
5.230860000000000000e+13 1.450789999999999948e+32 3.106740000000000194e+37 1.721000000000000085e+00 2.617370000000000108e+29
5.182140000000000000e+13 1.430029999999999993e+32 3.077889999999999917e+37 1.715999999999999970e+00 2.595479999999999887e+29
5.133430000000000000e+13 1.409430000000000016e+32 3.049040000000000111e+37 1.711999999999999966e+00 2.573610000000000085e+29
5.084710000000000000e+13 1.388999999999999969e+32 3.020189999999999833e+37 1.707999999999999963e+00 2.551760000000000000e+29
5.036000000000000000e+13 1.368730000000000080e+32 2.991340000000000028e+37 1.703000000000000069e+00 2.529929999999999981e+29
4.987290000000000000e+13 1.348629999999999941e+32 2.962500000000000054e+37 1.699000000000000066e+00 2.508120000000000031e+29
4.938580000000000000e+13 1.328680000000000007e+32 2.933649999999999776e+37 1.695000000000000062e+00 2.486319999999999938e+29
4.889870000000000000e+13 1.308900000000000004e+32 2.904799999999999971e+37 1.691000000000000059e+00 2.464550000000000122e+29
4.841170000000000000e+13 1.289270000000000024e+32 2.875950000000000165e+37 1.687000000000000055e+00 2.442790000000000165e+29
4.792470000000000000e+13 1.269800000000000022e+32 2.847099999999999887e+37 1.683000000000000052e+00 2.421049999999999923e+29
4.743770000000000000e+13 1.250489999999999998e+32 2.818259999999999913e+37 1.679000000000000048e+00 2.399319999999999890e+29
4.695070000000000000e+13 1.231320000000000044e+32 2.789410000000000108e+37 1.675000000000000044e+00 2.377609999999999926e+29
4.646370000000000000e+13 1.212310000000000067e+32 2.760559999999999830e+37 1.671000000000000041e+00 2.355920000000000028e+29
4.597680000000000000e+13 1.193449999999999934e+32 2.731710000000000025e+37 1.667999999999999927e+00 2.334249999999999847e+29
4.548990000000000000e+13 1.174749999999999959e+32 2.702860000000000219e+37 1.663999999999999924e+00 2.312580000000000017e+29
4.500300000000000000e+13 1.156179999999999920e+32 2.674019999999999773e+37 1.659999999999999920e+00 2.290940000000000113e+29
4.451610000000000000e+13 1.137770000000000039e+32 2.645169999999999967e+37 1.657000000000000028e+00 2.269310000000000066e+29
4.402930000000000000e+13 1.119500000000000048e+32 2.616320000000000162e+37 1.653000000000000025e+00 2.247689999999999878e+29
4.354250000000000000e+13 1.101369999999999947e+32 2.587469999999999884e+37 1.649999999999999911e+00 2.226090000000000109e+29
4.305570000000000000e+13 1.083390000000000050e+32 2.558620000000000078e+37 1.647000000000000020e+00 2.204489999999999988e+29
4.256890000000000000e+13 1.065550000000000044e+32 2.529780000000000104e+37 1.643000000000000016e+00 2.182920000000000144e+29
4.208210000000000000e+13 1.047839999999999974e+32 2.500929999999999826e+37 1.639999999999999902e+00 2.161349999999999948e+29
4.159540000000000000e+13 1.030279999999999928e+32 2.472080000000000021e+37 1.637000000000000011e+00 2.139789999999999962e+29
4.110870000000000000e+13 1.012849999999999998e+32 2.443230000000000216e+37 1.633999999999999897e+00 2.118239999999999834e+29
4.062200000000000000e+13 9.955650000000000260e+31 2.414379999999999938e+37 1.631000000000000005e+00 2.096699999999999916e+29
4.013530000000000000e+13 9.784099999999999903e+31 2.385539999999999964e+37 1.627999999999999892e+00 2.075169999999999855e+29
3.964870000000000000e+13 9.613889999999999809e+31 2.356690000000000158e+37 1.625000000000000000e+00 2.053650000000000005e+29
3.916210000000000000e+13 9.445010000000000202e+31 2.327839999999999880e+37 1.622000000000000108e+00 2.032140000000000012e+29
3.867550000000000000e+13 9.277439999999999735e+31 2.298990000000000075e+37 1.620000000000000107e+00 2.010630000000000019e+29
3.818890000000000000e+13 9.111170000000000436e+31 2.270139999999999797e+37 1.616999999999999993e+00 1.989120000000000026e+29
3.770240000000000000e+13 8.946200000000000503e+31 2.241299999999999823e+37 1.614000000000000101e+00 1.967619999999999891e+29
3.721580000000000000e+13 8.782500000000000616e+31 2.212450000000000018e+37 1.612000000000000099e+00 1.946120000000000107e+29
3.672930000000000000e+13 8.620080000000000549e+31 2.183600000000000212e+37 1.608999999999999986e+00 1.924629999999999830e+29
3.624290000000000000e+13 8.458909999999999179e+31 2.154749999999999934e+37 1.606999999999999984e+00 1.903130000000000047e+29
3.575640000000000000e+13 8.298999999999999884e+31 2.125899999999999893e+37 1.604999999999999982e+00 1.881640000000000121e+29
3.527000000000000000e+13 8.140319999999999740e+31 2.097059999999999918e+37 1.602999999999999980e+00 1.860139999999999986e+29
3.478360000000000000e+13 7.982869999999999647e+31 2.068210000000000113e+37 1.600999999999999979e+00 1.838639999999999851e+29
3.429720000000000000e+13 7.826639999999999833e+31 2.039360000000000071e+37 1.598999999999999977e+00 1.817140000000000068e+29
3.381080000000000000e+13 7.671619999999999623e+31 2.010510000000000030e+37 1.596999999999999975e+00 1.795639999999999933e+29
3.332450000000000000e+13 7.517809999999999918e+31 1.981659999999999988e+37 1.594999999999999973e+00 1.774120000000000082e+29
3.283820000000000000e+13 7.365179999999999596e+31 1.952820000000000014e+37 1.592999999999999972e+00 1.752599999999999879e+29
3.235190000000000000e+13 7.213740000000000232e+31 1.923969999999999972e+37 1.592000000000000082e+00 1.731080000000000028e+29
3.186560000000000000e+13 7.063480000000000252e+31 1.895119999999999931e+37 1.590000000000000080e+00 1.709540000000000110e+29
3.137940000000000000e+13 6.914380000000000108e+31 1.866269999999999889e+37 1.588999999999999968e+00 1.687999999999999840e+29
3.089320000000000000e+13 6.766449999999999574e+31 1.837420000000000084e+37 1.586999999999999966e+00 1.666439999999999854e+29
3.040700000000000000e+13 6.619670000000000004e+31 1.808580000000000110e+37 1.586000000000000076e+00 1.644870000000000010e+29
2.992080000000000000e+13 6.474039999999999596e+31 1.779730000000000068e+37 1.584999999999999964e+00 1.623280000000000099e+29
2.943470000000000000e+13 6.329550000000000378e+31 1.750880000000000026e+37 1.584000000000000075e+00 1.601679999999999978e+29
2.894860000000000000e+13 6.186189999999999875e+31 1.722029999999999985e+37 1.582999999999999963e+00 1.580059999999999965e+29
2.846250000000000000e+13 6.043969999999999662e+31 1.693179999999999943e+37 1.582000000000000073e+00 1.558420000000000061e+29
2.797650000000000000e+13 5.902870000000000191e+31 1.664339999999999969e+37 1.580999999999999961e+00 1.536759999999999913e+29
2.749050000000000000e+13 5.762900000000000336e+31 1.635489999999999927e+37 1.580999999999999961e+00 1.515080000000000050e+29
2.700450000000000000e+13 5.624039999999999649e+31 1.606639999999999886e+37 1.580000000000000071e+00 1.493379999999999943e+29
2.651850000000000000e+13 5.486299999999999705e+31 1.577790000000000080e+37 1.580000000000000071e+00 1.471650000000000087e+29
2.603250000000000000e+13 5.349669999999999829e+31 1.548940000000000039e+37 1.578999999999999959e+00 1.449899999999999987e+29
2.554660000000000000e+13 5.214150000000000022e+31 1.520100000000000064e+37 1.578999999999999959e+00 1.428119999999999961e+29
2.506070000000000000e+13 5.079740000000000284e+31 1.491250000000000023e+37 1.578999999999999959e+00 1.406310000000000011e+29
2.457490000000000000e+13 4.946429999999999940e+31 1.462399999999999981e+37 1.578999999999999959e+00 1.384459999999999925e+29
2.408910000000000000e+13 4.814229999999999665e+31 1.433549999999999940e+37 1.578999999999999959e+00 1.362589999999999948e+29
2.360330000000000000e+13 4.683140000000000360e+31 1.404699999999999898e+37 1.578999999999999959e+00 1.340680000000000011e+29
2.311750000000000000e+13 4.553160000000000222e+31 1.375859999999999924e+37 1.580000000000000071e+00 1.318739999999999973e+29
2.263170000000000000e+13 4.424290000000000153e+31 1.347009999999999882e+37 1.580000000000000071e+00 1.296749999999999942e+29
2.214600000000000000e+13 4.296530000000000153e+31 1.318160000000000077e+37 1.580999999999999961e+00 1.274729999999999986e+29
2.166040000000000000e+13 4.169889999999999994e+31 1.289310000000000035e+37 1.582000000000000073e+00 1.252670000000000071e+29
2.117470000000000000e+13 4.044359999999999905e+31 1.260459999999999994e+37 1.582000000000000073e+00 1.230559999999999986e+29
2.068910000000000000e+13 3.919970000000000105e+31 1.231620000000000019e+37 1.582999999999999963e+00 1.208409999999999943e+29
2.020350000000000000e+13 3.796700000000000147e+31 1.202769999999999978e+37 1.584000000000000075e+00 1.186210000000000082e+29
1.971800000000000000e+13 3.674570000000000028e+31 1.173919999999999936e+37 1.586000000000000076e+00 1.163970000000000087e+29
1.923240000000000000e+13 3.553600000000000196e+31 1.145069999999999895e+37 1.586999999999999966e+00 1.141670000000000064e+29
1.874690000000000000e+13 3.433779999999999977e+31 1.116220000000000089e+37 1.588000000000000078e+00 1.119320000000000049e+29
1.826150000000000000e+13 3.315120000000000045e+31 1.087380000000000115e+37 1.590000000000000080e+00 1.096910000000000007e+29
1.777610000000000000e+13 3.197650000000000170e+31 1.058529999999999955e+37 1.592000000000000082e+00 1.074449999999999972e+29
1.729070000000000000e+13 3.081369999999999902e+31 1.029680000000000032e+37 1.592999999999999972e+00 1.051930000000000087e+29
1.680540000000000000e+13 2.966300000000000139e+31 1.000829999999999990e+37 1.594999999999999973e+00 1.029339999999999964e+29
1.632000000000000000e+13 2.852450000000000204e+31 9.719840000000000463e+36 1.596999999999999975e+00 1.006689999999999991e+29
1.583480000000000000e+13 2.739849999999999867e+31 9.431359999999999946e+36 1.600000000000000089e+00 9.839799999999999917e+28
1.534950000000000000e+13 2.628509999999999804e+31 9.142879999999999429e+36 1.602000000000000091e+00 9.611959999999999884e+28
1.486430000000000000e+13 2.518450000000000010e+31 8.854400000000000092e+36 1.604999999999999982e+00 9.383389999999999672e+28
1.437920000000000000e+13 2.409699999999999806e+31 8.565919999999999574e+36 1.606999999999999984e+00 9.154079999999999424e+28
1.389410000000000000e+13 2.302289999999999864e+31 8.277440000000000238e+36 1.610000000000000098e+00 8.923989999999999708e+28
1.340900000000000000e+13 2.196240000000000180e+31 7.988959999999999720e+36 1.612999999999999989e+00 8.693079999999999333e+28
1.292400000000000000e+13 2.091580000000000075e+31 7.700480000000000384e+36 1.616000000000000103e+00 8.461330000000000344e+28
1.243900000000000000e+13 1.988359999999999992e+31 7.411999999999999866e+36 1.618999999999999995e+00 8.228680000000000074e+28
1.195400000000000000e+13 1.886599999999999929e+31 7.123520000000000530e+36 1.622999999999999998e+00 7.995110000000000567e+28
1.146910000000000000e+13 1.786340000000000104e+31 6.835040000000000012e+36 1.625999999999999890e+00 7.760569999999999895e+28
1.098430000000000000e+13 1.687630000000000061e+31 6.546559999999999495e+36 1.629999999999999893e+00 7.524999999999999791e+28
1.049940000000000000e+13 1.590530000000000016e+31 6.258080000000000158e+36 1.633999999999999897e+00 7.288350000000000085e+28
1.001470000000000000e+13 1.495069999999999965e+31 5.969599999999999641e+36 1.637999999999999901e+00 7.050569999999999729e+28
9.529970000000000000e+12 1.401319999999999898e+31 5.681120000000000304e+36 1.641999999999999904e+00 6.811579999999999861e+28
9.045310000000000000e+12 1.309350000000000030e+31 5.392639999999999787e+36 1.645999999999999908e+00 6.571299999999999857e+28
8.560710000000000000e+12 1.219209999999999905e+31 5.104159999999999860e+36 1.649999999999999911e+00 6.329640000000000119e+28
8.076160000000000000e+12 1.130999999999999957e+31 4.815679999999999933e+36 1.653999999999999915e+00 6.086500000000000308e+28
7.591670000000000000e+12 1.044779999999999955e+31 4.527200000000000006e+36 1.659000000000000030e+00 5.841760000000000370e+28
7.107240000000000000e+12 9.606639999999999930e+30 4.238720000000000079e+36 1.663000000000000034e+00 5.595259999999999942e+28
6.622870000000000000e+12 8.787449999999999468e+30 3.950240000000000152e+36 1.667000000000000037e+00 5.346840000000000418e+28
6.138560000000000000e+12 7.991400000000000246e+30 3.661760000000000225e+36 1.671000000000000041e+00 5.096269999999999790e+28
5.654320000000000000e+12 7.219799999999999828e+30 3.373279999999999707e+36 1.675000000000000044e+00 4.843289999999999994e+28
5.170150000000000000e+12 6.474090000000000264e+30 3.084799999999999780e+36 1.677999999999999936e+00 4.587559999999999706e+28
4.686060000000000000e+12 5.755940000000000192e+30 2.796319999999999853e+36 1.679999999999999938e+00 4.328649999999999761e+28
4.202050000000000000e+12 5.067229999999999909e+30 2.507839999999999926e+36 1.679999999999999938e+00 4.065979999999999608e+28
3.718120000000000000e+12 4.410120000000000237e+30 2.219359999999999999e+36 1.679000000000000048e+00 3.798780000000000075e+28
3.234280000000000000e+12 3.787130000000000258e+30 1.930880000000000072e+36 1.673999999999999932e+00 3.525920000000000074e+28
2.750540000000000000e+12 3.201170000000000124e+30 1.642400000000000145e+36 1.665000000000000036e+00 3.245780000000000202e+28
2.266910000000000000e+12 2.655659999999999916e+30 1.353919999999999923e+36 1.647000000000000020e+00 2.955730000000000021e+28
4.299000000000000000e+11 7.805000000000000069e+29 2.572000000000000181e+35 1.330000000000000071e+00 1.506450000000000062e+28
4.188000000000000000e+11 7.537999999999999717e+29 2.505999999999999897e+35 1.330000000000000071e+00 1.455129999999999927e+28
3.325000000000000000e+11 5.815999999999999745e+29 1.990000000000000163e+35 1.330000000000000071e+00 1.165809999999999924e+28
2.640000000000000000e+11 4.472999999999999815e+29 1.581000000000000083e+35 1.330000000000000071e+00 9.297799999999999813e+27
2.096000000000000000e+11 3.289999999999999843e+29 1.256000000000000028e+35 1.330000000000000071e+00 6.841069999999999801e+27
1.844000000000000000e+11 2.892000000000000018e+29 1.105000000000000000e+35 1.330000000000000071e+00 6.221810000000000396e+27
1.664000000000000000e+11 2.597000000000000095e+29 9.975999999999999784e+34 1.330000000000000071e+00 3.996079999999999920e+27
1.322000000000000000e+11 2.033000000000000102e+29 7.923999999999999875e+34 1.330000000000000071e+00 3.293160000000000158e+27
1.049000000000000000e+11 1.494999999999999961e+29 6.294000000000000085e+34 1.330000000000000071e+00 2.422460000000000012e+27
8.332000000000000000e+10 1.100000000000000064e+29 4.999999999999999843e+34 1.330000000000000071e+00 1.782300000000000002e+27
6.617000000000000000e+10 8.088999999999999432e+28 3.971999999999999897e+34 1.330000000000000071e+00 1.311289999999999924e+27
5.254000000000000000e+10 5.949000000000000344e+28 3.155000000000000010e+34 1.330000000000000071e+00 9.646129999999999985e+26
4.172000000000000000e+10 4.628000000000000126e+28 2.505999999999999897e+34 1.330000000000000071e+00 7.875200000000000595e+26
3.313000000000000000e+10 3.403999999999999866e+28 1.989999999999999932e+34 1.330000000000000071e+00 5.791050000000000196e+26
2.631000000000000000e+10 2.502999999999999803e+28 1.580999999999999991e+34 1.330000000000000071e+00 4.261170000000000143e+26
2.090000000000000000e+10 1.938000000000000082e+28 1.255999999999999936e+34 1.330000000000000071e+00 3.451690000000000088e+26
1.659000000000000000e+10 1.425000000000000067e+28 9.976000000000000246e+33 1.330000000000000071e+00 2.538950000000000110e+26
1.318000000000000000e+10 1.048000000000000007e+28 7.924000000000000337e+33 1.330000000000000071e+00 1.867689999999999969e+26
1.046000000000000000e+10 7.701999999999999683e+27 6.294000000000000085e+33 1.330000000000000071e+00 1.373879999999999975e+26
8.312000000000000000e+09 5.662000000000000348e+27 4.999999999999999728e+33 1.330000000000000071e+00 1.010819999999999921e+26
6.601000000000000000e+09 4.362000000000000029e+27 3.972000000000000127e+33 1.330000000000000071e+00 8.130089999999999436e+25
4.164000000000000000e+09 2.356000000000000079e+27 2.505999999999999955e+33 1.330000000000000071e+00 4.399369999999999874e+25
2.626000000000000000e+09 1.272000000000000034e+27 1.580999999999999991e+33 1.330000000000000071e+00 2.380450000000000180e+25
1.657000000000000000e+09 6.859999999999999767e+26 9.975999999999999957e+32 1.330000000000000071e+00 1.288319999999999913e+25
1.316000000000000000e+09 5.036000000000000296e+26 7.924000000000000337e+32 1.330000000000000071e+00 9.477099999999999527e+24
1.045000000000000000e+09 4.128999999999999924e+26 6.293999999999999941e+32 1.330000000000000071e+00 6.794269999999999770e+24
8.301000000000000000e+08 3.039000000000000162e+26 4.999999999999999728e+32 1.330000000000000071e+00 4.998809999999999830e+24
5.237000000000000000e+08 1.628999999999999891e+26 3.154999999999999923e+32 1.330000000000000071e+00 2.705450000000000161e+24
3.304000000000000000e+08 8.737999999999999925e+25 1.990000000000000076e+32 1.330000000000000071e+00 1.463449999999999964e+24
2.624000000000000000e+08 6.675999999999999817e+25 1.580999999999999919e+32 1.330000000000000071e+00 1.123400000000000065e+24
1.315000000000000000e+08 2.603999999999999941e+25 7.923999999999999616e+31 1.330000000000000071e+00 4.472499999999999827e+23
6.589000000000000000e+07 1.006000000000000014e+25 3.972000000000000199e+31 1.330000000000000071e+00 1.780890000000000165e+23
3.302000000000000000e+07 3.832999999999999839e+24 1.989999999999999986e+31 1.330000000000000071e+00 7.086450000000000092e+22
1.655000000000000000e+07 1.435000000000000086e+24 9.975999999999999642e+30 1.330000000000000071e+00 2.822060000000000131e+22
8.293000000000000000e+06 5.250000000000000315e+23 4.999999999999999818e+30 1.330000000000000071e+00 1.123529999999999934e+22
6.588000000000000000e+06 3.910999999999999759e+23 3.972000000000000087e+30 1.330000000000000071e+00 8.163429999999999541e+21
2.622000000000000000e+06 9.754999999999999214e+22 1.581000000000000009e+30 1.330000000000000071e+00 2.390210000000000197e+21
1.044000000000000000e+06 2.318000000000000105e+22 6.293999999999999902e+29 1.330000000000000071e+00 6.999960000000000000e+20
4.156000000000000000e+05 5.265999999999999476e+21 2.505999999999999907e+29 1.330000000000000071e+00 2.050380000000000000e+20
1.654000000000000000e+05 1.151000000000000000e+21 9.976000000000000768e+28 1.330000000000000071e+00 6.004390000000000000e+19
6.587000000000000000e+04 2.431000000000000000e+20 3.972000000000000263e+28 1.330000000000000071e+00 1.758760000000000000e+19
2.622000000000000000e+04 4.968000000000000000e+19 1.581000000000000061e+28 1.330000000000000071e+00 5.149550000000000000e+18
1.044000000000000000e+04 9.744000000000000000e+18 6.294999999999999717e+27 1.330000000000000071e+00 1.508420000000000000e+18
