9.884399349500000000e+15 7.975635230700000453e+36 1.999190000000000124e+39 1.000000000000000000e+00 0.000000000000000000e+00
9.835019156300000000e+15 7.931193056900000274e+36 1.994189999999999989e+39 1.000000000000000000e+00 0.000000000000000000e+00
9.785762618200000000e+15 7.886862172599999555e+36 1.989189999999999854e+39 1.000000000000000000e+00 0.000000000000000000e+00
9.736629735300000000e+15 7.842642577999999961e+36 1.984190000000000022e+39 1.000000000000000000e+00 0.000000000000000000e+00
9.687620507500000000e+15 7.798534272899999827e+36 1.979189999999999887e+39 1.000000000000000000e+00 0.000000000000000000e+00
9.638734934800000000e+15 7.754537257499999638e+36 1.974190000000000054e+39 1.000000000000000000e+00 0.000000000000000000e+00
9.589973017300000000e+15 7.710651531699999742e+36 1.969189999999999919e+39 1.000000000000000000e+00 0.000000000000000000e+00
9.541334754900000000e+15 7.666877095599999790e+36 1.964190000000000086e+39 1.000000000000000000e+00 0.000000000000000000e+00
9.492820147600000000e+15 7.623213949000000478e+36 1.959189999999999951e+39 1.000000000000000000e+00 0.000000000000000000e+00
9.444429195500000000e+15 7.579662092099999931e+36 1.954190000000000119e+39 1.000000000000000000e+00 0.000000000000000000e+00
9.396161898500000000e+15 7.536221524799999676e+36 1.949189999999999984e+39 1.000000000000000000e+00 0.000000000000000000e+00
9.348018256600000000e+15 7.492892247099999713e+36 1.944190000000000151e+39 1.000000000000000000e+00 0.000000000000000000e+00
9.299998269800000000e+15 7.449674259000000044e+36 1.939190000000000016e+39 1.000000000000000000e+00 0.000000000000000000e+00
9.252101938200000000e+15 7.406567560600000319e+36 1.934189999999999881e+39 1.000000000000000000e+00 0.000000000000000000e+00
9.204329261700000000e+15 7.363572151700000053e+36 1.929190000000000048e+39 1.000000000000000000e+00 0.000000000000000000e+00
9.156680240400000000e+15 7.320688032499999733e+36 1.924189999999999913e+39 1.000000000000000000e+00 0.000000000000000000e+00
9.109154874200000000e+15 7.277915202899999705e+36 1.919190000000000081e+39 1.000000000000000000e+00 0.000000000000000000e+00
9.061753163100000000e+15 7.235253662999999621e+36 1.914189999999999946e+39 1.000000000000000000e+00 0.000000000000000000e+00
9.014475107100000000e+15 7.192703412600000178e+36 1.909190000000000113e+39 1.000000000000000000e+00 0.000000000000000000e+00
8.967320706300000000e+15 7.150264451899999500e+36 1.904189999999999978e+39 1.000000000000000000e+00 0.000000000000000000e+00
8.920289960600000000e+15 7.107936780800000294e+36 1.899190000000000145e+39 1.000000000000000000e+00 0.000000000000000000e+00
8.873382870100000000e+15 7.065720399300000200e+36 1.894190000000000010e+39 1.000000000000000000e+00 0.000000000000000000e+00
8.826599434700000000e+15 7.023615307400000399e+36 1.889189999999999875e+39 1.000000000000000000e+00 0.000000000000000000e+00
8.779939654400000000e+15 6.981621505099999710e+36 1.884190000000000043e+39 1.000000000000000000e+00 0.000000000000000000e+00
8.733403529200000000e+15 6.939738992500000146e+36 1.879189999999999908e+39 1.000000000000000000e+00 0.000000000000000000e+00
8.686991059200000000e+15 6.897967769400000042e+36 1.874190000000000075e+39 1.000000000000000000e+00 0.000000000000000000e+00
8.640702244300000000e+15 6.856307835999999883e+36 1.869189999999999940e+39 1.000000000000000000e+00 0.000000000000000000e+00
8.594537084500000000e+15 6.814759192299999668e+36 1.864190000000000107e+39 1.000000000000000000e+00 0.000000000000000000e+00
8.548495579900000000e+15 6.773321838100000094e+36 1.859189999999999972e+39 1.000000000000000000e+00 0.000000000000000000e+00
8.502577730400000000e+15 6.731995773499999631e+36 1.854190000000000140e+39 1.000000000000000000e+00 0.000000000000000000e+00
8.456783536000000000e+15 6.690780998600000294e+36 1.849190000000000005e+39 1.000000000000000000e+00 0.000000000000000000e+00
8.411112996800000000e+15 6.649677513300000069e+36 1.844189999999999870e+39 1.000000000000000000e+00 0.000000000000000000e+00
8.365566112700000000e+15 6.608685317600000137e+36 1.839190000000000037e+39 1.000000000000000000e+00 0.000000000000000000e+00
8.320142883700000000e+15 6.567804411500000497e+36 1.834189999999999902e+39 1.000000000000000000e+00 0.000000000000000000e+00
8.274843309900000000e+15 6.527034795099999621e+36 1.829190000000000069e+39 1.000000000000000000e+00 0.000000000000000000e+00
8.229667391200000000e+15 6.486376468300000218e+36 1.824189999999999934e+39 1.000000000000000000e+00 0.000000000000000000e+00
8.184615127600000000e+15 6.445829431000000275e+36 1.819190000000000102e+39 1.000000000000000000e+00 0.000000000000000000e+00
8.139686519200000000e+15 6.405393683400000277e+36 1.814189999999999967e+39 1.000000000000000000e+00 0.000000000000000000e+00
8.094881565900000000e+15 6.365069225500000223e+36 1.809190000000000134e+39 1.000000000000000000e+00 0.000000000000000000e+00
8.050200267700000000e+15 6.324856057099999630e+36 1.804189999999999999e+39 1.000000000000000000e+00 0.000000000000000000e+00
8.005642624700000000e+15 6.284754178400000161e+36 1.799189999999999864e+39 1.000000000000000000e+00 0.000000000000000000e+00
7.961208636700000000e+15 6.244763589299999805e+36 1.794190000000000031e+39 1.000000000000000000e+00 0.000000000000000000e+00
7.916898304000000000e+15 6.204884289799999741e+36 1.789189999999999897e+39 1.000000000000000000e+00 0.000000000000000000e+00
7.872711626300000000e+15 6.165116279899999970e+36 1.784190000000000064e+39 1.000000000000000000e+00 0.000000000000000000e+00
7.828648603800000000e+15 6.125459559600000491e+36 1.779189999999999929e+39 1.000000000000000000e+00 0.000000000000000000e+00
7.784709236400000000e+15 6.085914128999999776e+36 1.774190000000000096e+39 1.000000000000000000e+00 0.000000000000000000e+00
7.740893524200000000e+15 6.046479987899999702e+36 1.769189999999999961e+39 1.000000000000000000e+00 0.000000000000000000e+00
7.697201467100000000e+15 6.007157136499999572e+36 1.764190000000000128e+39 1.000000000000000000e+00 0.000000000000000000e+00
7.653633065100000000e+15 5.967945574800000568e+36 1.759189999999999994e+39 1.000000000000000000e+00 0.000000000000000000e+00
7.610188318200000000e+15 5.928845302599999843e+36 1.754189999999999859e+39 1.000000000000000000e+00 0.000000000000000000e+00
7.566867226500000000e+15 5.889856319999999411e+36 1.749190000000000026e+39 1.000000000000000000e+00 0.000000000000000000e+00
7.523669789900000000e+15 5.850978627100000103e+36 1.744189999999999891e+39 1.000000000000000000e+00 0.000000000000000000e+00
7.480596008500000000e+15 5.812212223799999908e+36 1.739190000000000058e+39 1.000000000000000000e+00 0.000000000000000000e+00
7.437645882100000000e+15 5.773557110100000005e+36 1.734189999999999923e+39 1.000000000000000000e+00 0.000000000000000000e+00
7.394819410900000000e+15 5.735013286000000395e+36 1.729190000000000091e+39 1.000000000000000000e+00 0.000000000000000000e+00
7.352116594900000000e+15 5.696580751599999549e+36 1.724189999999999956e+39 1.000000000000000000e+00 0.000000000000000000e+00
7.309537434000000000e+15 5.658259506800000176e+36 1.719190000000000123e+39 1.000000000000000000e+00 0.000000000000000000e+00
7.267081928200000000e+15 5.620049551500000263e+36 1.714189999999999988e+39 1.000000000000000000e+00 0.000000000000000000e+00
7.224750077500000000e+15 5.581950885900000295e+36 1.709189999999999853e+39 1.000000000000000000e+00 0.000000000000000000e+00
7.182541882000000000e+15 5.543963510000000271e+36 1.704190000000000020e+39 1.000000000000000000e+00 0.000000000000000000e+00
7.140457341600000000e+15 5.506087423599999707e+36 1.699189999999999885e+39 1.000000000000000000e+00 0.000000000000000000e+00
7.098496456300000000e+15 5.468322626900000269e+36 1.694190000000000053e+39 1.000000000000000000e+00 0.000000000000000000e+00
7.056659226200000000e+15 5.430669119799999942e+36 1.689189999999999918e+39 1.000000000000000000e+00 0.000000000000000000e+00
7.014945651200000000e+15 5.393126902299999908e+36 1.684190000000000085e+39 1.000000000000000000e+00 0.000000000000000000e+00
6.973355731300000000e+15 5.355695974400000166e+36 1.679189999999999950e+39 1.000000000000000000e+00 0.000000000000000000e+00
6.931889466600000000e+15 5.318376336099999537e+36 1.674190000000000117e+39 1.000000000000000000e+00 0.000000000000000000e+00
6.890546857000000000e+15 5.281167987500000033e+36 1.669189999999999982e+39 1.000000000000000000e+00 0.000000000000000000e+00
6.849327902500000000e+15 5.244070928399999988e+36 1.664190000000000150e+39 1.000000000000000000e+00 0.000000000000000000e+00
6.808232603200000000e+15 5.207085158999999888e+36 1.659190000000000015e+39 1.000000000000000000e+00 0.000000000000000000e+00
6.767260959000000000e+15 5.170210679200000081e+36 1.654189999999999880e+39 1.000000000000000000e+00 0.000000000000000000e+00
6.726412969900000000e+15 5.133447489100000219e+36 1.649190000000000047e+39 1.000000000000000000e+00 0.000000000000000000e+00
6.685688635900000000e+15 5.096795588499999816e+36 1.644189999999999912e+39 1.000000000000000000e+00 0.000000000000000000e+00
6.645087957100000000e+15 5.060254977599999948e+36 1.639190000000000079e+39 1.000000000000000000e+00 0.000000000000000000e+00
6.604610933400000000e+15 5.023825656299999783e+36 1.634189999999999944e+39 1.000000000000000000e+00 0.000000000000000000e+00
6.564257564900000000e+15 4.987507624599999910e+36 1.629190000000000112e+39 1.000000000000000000e+00 0.000000000000000000e+00
6.524027851500000000e+15 4.951300882499999739e+36 1.624189999999999977e+39 1.000000000000000000e+00 0.000000000000000000e+00
6.483921793200000000e+15 4.915205430100000104e+36 1.619190000000000144e+39 1.000000000000000000e+00 0.000000000000000000e+00
6.443939390100000000e+15 4.879221267199999928e+36 1.614190000000000009e+39 1.000000000000000000e+00 0.000000000000000000e+00
6.404080642000000000e+15 4.843348394000000287e+36 1.609189999999999874e+39 1.000000000000000000e+00 0.000000000000000000e+00
6.364345549200000000e+15 4.807586810399999758e+36 1.604190000000000041e+39 1.000000000000000000e+00 0.000000000000000000e+00
6.324734111400000000e+15 4.771936516499999764e+36 1.599189999999999906e+39 1.000000000000000000e+00 0.000000000000000000e+00
6.285246328800000000e+15 4.736397512099999821e+36 1.594190000000000074e+39 1.000000000000000000e+00 0.000000000000000000e+00
6.245882201300000000e+15 4.700969797399999821e+36 1.589189999999999939e+39 1.000000000000000000e+00 0.000000000000000000e+00
6.206641728900000000e+15 4.665653372199999873e+36 1.584190000000000106e+39 1.000000000000000000e+00 0.000000000000000000e+00
6.167524911700000000e+15 4.630448236699999868e+36 1.579189999999999971e+39 1.000000000000000000e+00 0.000000000000000000e+00
6.128531749600000000e+15 4.595354390800000157e+36 1.574190000000000138e+39 1.000000000000000000e+00 0.000000000000000000e+00
6.089662242700000000e+15 4.560371834599999799e+36 1.569190000000000003e+39 1.000000000000000000e+00 0.000000000000000000e+00
6.050916390800000000e+15 4.525500567900000082e+36 1.564189999999999869e+39 1.000000000000000000e+00 0.000000000000000000e+00
6.012294194100000000e+15 4.490740590899999720e+36 1.559190000000000036e+39 1.000000000000000000e+00 0.000000000000000000e+00
5.973795652600000000e+15 4.456091903500000240e+36 1.554189999999999901e+39 1.000000000000000000e+00 0.000000000000000000e+00
5.935420766200000000e+15 4.421554505699999873e+36 1.549190000000000068e+39 1.000000000000000000e+00 0.000000000000000000e+00
5.897169534900000000e+15 4.387128397600000040e+36 1.544189999999999933e+39 1.000000000000000000e+00 0.000000000000000000e+00
5.859041958700000000e+15 4.352813579000000257e+36 1.539190000000000100e+39 1.000000000000000000e+00 0.000000000000000000e+00
5.821038037700000000e+15 4.318610050099999829e+36 1.534189999999999966e+39 1.000000000000000000e+00 0.000000000000000000e+00
5.783157771800000000e+15 4.284517810800000284e+36 1.529190000000000133e+39 1.000000000000000000e+00 0.000000000000000000e+00
5.745401161000000000e+15 4.250536861099999850e+36 1.524189999999999998e+39 1.000000000000000000e+00 0.000000000000000000e+00
5.707768205300000000e+15 4.216667200999999710e+36 1.519189999999999863e+39 1.000000000000000000e+00 0.000000000000000000e+00
5.670258904800000000e+15 4.182908830499999861e+36 1.514190000000000030e+39 1.000000000000000000e+00 0.000000000000000000e+00
5.632873259500000000e+15 4.149261749699999958e+36 1.509189999999999895e+39 1.000000000000000000e+00 0.000000000000000000e+00
5.595611269200000000e+15 4.115725958499999756e+36 1.504190000000000063e+39 1.000000000000000000e+00 0.000000000000000000e+00
5.558472934100000000e+15 4.082301456899999848e+36 1.499189999999999928e+39 1.000000000000000000e+00 0.000000000000000000e+00
5.521458254100000000e+15 4.048988244900000232e+36 1.494190000000000095e+39 1.000000000000000000e+00 0.000000000000000000e+00
5.484567229300000000e+15 4.015786322599999970e+36 1.489189999999999960e+39 1.000000000000000000e+00 0.000000000000000000e+00
5.447799859600000000e+15 3.982695689799999758e+36 1.484190000000000127e+39 1.000000000000000000e+00 0.000000000000000000e+00
5.411156145000000000e+15 3.949716346700000081e+36 1.479189999999999992e+39 1.000000000000000000e+00 0.000000000000000000e+00
5.374636085600000000e+15 3.916848293200000107e+36 1.474189999999999857e+39 1.000000000000000000e+00 0.000000000000000000e+00
5.338239681300000000e+15 3.884091529299999835e+36 1.469190000000000025e+39 1.000000000000000000e+00 0.000000000000000000e+00
5.301966932100000000e+15 3.851446055100000097e+36 1.464189999999999890e+39 1.000000000000000000e+00 0.000000000000000000e+00
5.265817838000000000e+15 3.818911870399999820e+36 1.459190000000000057e+39 1.000000000000000000e+00 0.000000000000000000e+00
5.229792399100000000e+15 3.786488975400000078e+36 1.454189999999999922e+39 1.000000000000000000e+00 0.000000000000000000e+00
5.193890615300000000e+15 3.754177370000000038e+36 1.449190000000000089e+39 1.000000000000000000e+00 0.000000000000000000e+00
5.158112486700000000e+15 3.721977054200000290e+36 1.444189999999999954e+39 1.000000000000000000e+00 0.000000000000000000e+00
5.122458013100000000e+15 3.689888028000000245e+36 1.439190000000000122e+39 1.000000000000000000e+00 0.000000000000000000e+00
5.086927194800000000e+15 3.657910291500000144e+36 1.434189999999999987e+39 1.000000000000000000e+00 0.000000000000000000e+00
5.051520031500000000e+15 3.626043844500000094e+36 1.429189999999999852e+39 1.000000000000000000e+00 0.000000000000000000e+00
5.016236523400000000e+15 3.594288687199999988e+36 1.424190000000000019e+39 1.000000000000000000e+00 0.000000000000000000e+00
4.981076670400000000e+15 3.562644819500000175e+36 1.419189999999999884e+39 1.000000000000000000e+00 0.000000000000000000e+00
4.946040472500000000e+15 3.531112241499999716e+36 1.414190000000000051e+39 1.000000000000000000e+00 0.000000000000000000e+00
4.911127929800000000e+15 3.499690952999999897e+36 1.409189999999999916e+39 1.000000000000000000e+00 0.000000000000000000e+00
4.876339042200000000e+15 3.468380954200000024e+36 1.404190000000000084e+39 1.000000000000000000e+00 0.000000000000000000e+00
4.841673809700000000e+15 3.437182244999999852e+36 1.399189999999999949e+39 1.000000000000000000e+00 0.000000000000000000e+00
4.807132232400000000e+15 3.406094825399999973e+36 1.394190000000000116e+39 1.000000000000000000e+00 0.000000000000000000e+00
4.772714310200000000e+15 3.375118695399999796e+36 1.389189999999999981e+39 1.000000000000000000e+00 0.000000000000000000e+00
4.738420043100000000e+15 3.344253854999999912e+36 1.384190000000000148e+39 1.000000000000000000e+00 0.000000000000000000e+00
4.704249431200000000e+15 3.313500304299999973e+36 1.379190000000000013e+39 1.000000000000000000e+00 0.000000000000000000e+00
4.670202474400000000e+15 3.282858043199999736e+36 1.374189999999999878e+39 1.000000000000000000e+00 0.000000000000000000e+00
4.636279172700000000e+15 3.252327071699999791e+36 1.369190000000000046e+39 1.000000000000000000e+00 0.000000000000000000e+00
4.602479526200000000e+15 3.221907389800000139e+36 1.364189999999999911e+39 1.000000000000000000e+00 0.000000000000000000e+00
4.568803534800000000e+15 3.191598997500000189e+36 1.359189999999999927e+39 1.000000000000000000e+00 0.000000000000000000e+00
4.535251198500000000e+15 3.161401894900000184e+36 1.354189999999999943e+39 1.000000000000000000e+00 0.000000000000000000e+00
4.501822517400000000e+15 3.131316081800000229e+36 1.349189999999999959e+39 1.000000000000000000e+00 0.000000000000000000e+00
4.468517491400000000e+15 3.101341558400000219e+36 1.344189999999999975e+39 1.000000000000000000e+00 0.000000000000000000e+00
4.435336120500000000e+15 3.071478324599999911e+36 1.339189999999999992e+39 1.000000000000000000e+00 0.000000000000000000e+00
4.402278404800000000e+15 3.041726380500000138e+36 1.334190000000000008e+39 1.000000000000000000e+00 0.000000000000000000e+00
4.369344344100000000e+15 3.012085725899999824e+36 1.329190000000000024e+39 1.000000000000000000e+00 0.000000000000000000e+00
4.336533938700000000e+15 2.982556361000000046e+36 1.324190000000000040e+39 1.000000000000000000e+00 0.000000000000000000e+00
4.303847188300000000e+15 2.953138285699999970e+36 1.319190000000000056e+39 1.000000000000000000e+00 0.000000000000000000e+00
4.271284093100000000e+15 2.923831500000000187e+36 1.314190000000000072e+39 1.000000000000000000e+00 0.000000000000000000e+00
4.238844653000000000e+15 2.894636003900000106e+36 1.309189999999999938e+39 1.000000000000000000e+00 0.000000000000000000e+00
4.206528868100000000e+15 2.865551797499999969e+36 1.304189999999999954e+39 1.000000000000000000e+00 0.000000000000000000e+00
4.174336738300000000e+15 2.836578880599999883e+36 1.299189999999999970e+39 1.000000000000000000e+00 0.000000000000000000e+00
4.142268263600000000e+15 2.807717253399999741e+36 1.294189999999999986e+39 1.000000000000000000e+00 0.000000000000000000e+00
4.110323444000000000e+15 2.778966915799999892e+36 1.289190000000000002e+39 1.000000000000000000e+00 0.000000000000000000e+00
4.078502279600000000e+15 2.750327867799999745e+36 1.284190000000000018e+39 1.000000000000000000e+00 0.000000000000000000e+00
4.046804770300000000e+15 2.721800109500000133e+36 1.279190000000000035e+39 1.000000000000000000e+00 0.000000000000000000e+00
4.015230916200000000e+15 2.693383640699999981e+36 1.274190000000000051e+39 1.000000000000000000e+00 0.000000000000000000e+00
3.983780717100000000e+15 2.665078461599999774e+36 1.269190000000000067e+39 1.000000000000000000e+00 0.000000000000000000e+00
3.952454173200000000e+15 2.636884572099999859e+36 1.264189999999999932e+39 1.000000000000000000e+00 0.000000000000000000e+00
3.921251284500000000e+15 2.608801972199999942e+36 1.259189999999999948e+39 1.000000000000000000e+00 0.000000000000000000e+00
3.890172050800000000e+15 2.580830661900000022e+36 1.254189999999999964e+39 1.000000000000000000e+00 0.000000000000000000e+00
3.859216472400000000e+15 2.552970641300000046e+36 1.249189999999999980e+39 1.000000000000000000e+00 0.000000000000000000e+00
3.828384549000000000e+15 2.525221910300000068e+36 1.244189999999999997e+39 1.000000000000000000e+00 0.000000000000000000e+00
3.797676280800000000e+15 2.497584468900000088e+36 1.239190000000000013e+39 1.000000000000000000e+00 0.000000000000000000e+00
3.767091667700000000e+15 2.470058317100000105e+36 1.234190000000000029e+39 1.000000000000000000e+00 0.000000000000000000e+00
3.736630709700000000e+15 2.442643454900000119e+36 1.229190000000000045e+39 1.000000000000000000e+00 0.000000000000000000e+00
3.706293406900000000e+15 2.415339882400000078e+36 1.224190000000000061e+39 1.000000000000000000e+00 0.000000000000000000e+00
3.676079759200000000e+15 2.388147599400000087e+36 1.219189999999999926e+39 1.000000000000000000e+00 0.000000000000000000e+00
3.645989766600000000e+15 2.361066606100000041e+36 1.214189999999999943e+39 1.000000000000000000e+00 0.000000000000000000e+00
3.616023429100000000e+15 2.334096902399999992e+36 1.209189999999999959e+39 1.000000000000000000e+00 0.000000000000000000e+00
3.586180746800000000e+15 2.307238488299999941e+36 1.204189999999999975e+39 1.000000000000000000e+00 0.000000000000000000e+00
3.556461719700000000e+15 2.280491363900000129e+36 1.199189999999999991e+39 1.000000000000000000e+00 0.000000000000000000e+00
3.526866347600000000e+15 2.253855529100000020e+36 1.194190000000000007e+39 1.000000000000000000e+00 0.000000000000000000e+00
3.497394630700000000e+15 2.227330983799999961e+36 1.189190000000000023e+39 1.000000000000000000e+00 0.000000000000000000e+00
3.468046568900000000e+15 2.200917728200000142e+36 1.184190000000000040e+39 1.000000000000000000e+00 0.000000000000000000e+00
3.438822162300000000e+15 2.174615762299999972e+36 1.179190000000000056e+39 1.000000000000000000e+00 0.000000000000000000e+00
3.409721410800000000e+15 2.148425085900000147e+36 1.174190000000000072e+39 1.000000000000000000e+00 0.000000000000000000e+00
3.380744314400000000e+15 2.122345699199999972e+36 1.169189999999999937e+39 1.000000000000000000e+00 0.000000000000000000e+00
3.351890873200000000e+15 2.096377602000000143e+36 1.164189999999999953e+39 1.000000000000000000e+00 0.000000000000000000e+00
3.323161087000000000e+15 2.070520794499999963e+36 1.159189999999999969e+39 1.000000000000000000e+00 0.000000000000000000e+00
3.294554956100000000e+15 2.044775276600000075e+36 1.154189999999999985e+39 1.000000000000000000e+00 0.000000000000000000e+00
3.266072480200000000e+15 2.019141048400000132e+36 1.149190000000000002e+39 1.000000000000000000e+00 0.000000000000000000e+00
3.237713659500000000e+15 1.993618109699999944e+36 1.144190000000000018e+39 1.000000000000000000e+00 0.000000000000000000e+00
3.209478493900000000e+15 1.968206460699999996e+36 1.139190000000000034e+39 1.000000000000000000e+00 0.000000000000000000e+00
3.181366983500000000e+15 1.942906101300000046e+36 1.134190000000000050e+39 1.000000000000000000e+00 0.000000000000000000e+00
3.153379128100000000e+15 1.917717031500000092e+36 1.129190000000000066e+39 1.000000000000000000e+00 0.000000000000000000e+00
3.125514927900000000e+15 1.892639251300000136e+36 1.124189999999999931e+39 1.000000000000000000e+00 0.000000000000000000e+00
3.097774382900000000e+15 1.867672760800000125e+36 1.119189999999999947e+39 1.000000000000000000e+00 0.000000000000000000e+00
3.070157493000000000e+15 1.842817559799999869e+36 1.114189999999999964e+39 1.000000000000000000e+00 0.000000000000000000e+00
3.042664258200000000e+15 1.818073648499999853e+36 1.109189999999999980e+39 1.000000000000000000e+00 0.000000000000000000e+00
3.015294678500000000e+15 1.793441026800000129e+36 1.104189999999999996e+39 1.000000000000000000e+00 0.000000000000000000e+00
2.988048754000000000e+15 1.768919694800000055e+36 1.099190000000000012e+39 1.000000000000000000e+00 0.000000000000000000e+00
2.960926484600000000e+15 1.744509652300000030e+36 1.094190000000000028e+39 1.000000000000000000e+00 0.000000000000000000e+00
2.933927870300000000e+15 1.720210899499999951e+36 1.089190000000000044e+39 1.000000000000000000e+00 0.000000000000000000e+00
2.907052911200000000e+15 1.696023436299999869e+36 1.084190000000000061e+39 1.000000000000000000e+00 0.000000000000000000e+00
2.880301607200000000e+15 1.671947262700000079e+36 1.079189999999999926e+39 1.000000000000000000e+00 0.000000000000000000e+00
2.853673958300000000e+15 1.647982378699999992e+36 1.074189999999999942e+39 1.000000000000000000e+00 0.000000000000000000e+00
2.827169964600000000e+15 1.624128784299999902e+36 1.069189999999999958e+39 1.000000000000000000e+00 0.000000000000000000e+00
2.800789626000000000e+15 1.600386479600000052e+36 1.064189999999999974e+39 1.000000000000000000e+00 0.000000000000000000e+00
2.774532942500000000e+15 1.576755464399999957e+36 1.059189999999999990e+39 1.000000000000000000e+00 0.000000000000000000e+00
2.748399914200000000e+15 1.553235738900000102e+36 1.054190000000000007e+39 1.000000000000000000e+00 0.000000000000000000e+00
2.722390541000000000e+15 1.529827303099999897e+36 1.049190000000000023e+39 1.000000000000000000e+00 0.000000000000000000e+00
2.696504822900000000e+15 1.506530156800000036e+36 1.044190000000000039e+39 1.000000000000000000e+00 0.000000000000000000e+00
2.670742760000000000e+15 1.483344300099999878e+36 1.039190000000000055e+39 1.000000000000000000e+00 0.000000000000000000e+00
2.645104352100000000e+15 1.460269733099999960e+36 1.034190000000000071e+39 1.000000000000000000e+00 0.000000000000000000e+00
2.619589599500000000e+15 1.437306455700000039e+36 1.029189999999999936e+39 1.000000000000000000e+00 0.000000000000000000e+00
2.594198501900000000e+15 1.414454467900000116e+36 1.024189999999999952e+39 1.000000000000000000e+00 0.000000000000000000e+00
2.568931059500000000e+15 1.391713769699999894e+36 1.019189999999999969e+39 1.000000000000000000e+00 0.000000000000000000e+00
2.543787272200000000e+15 1.369084361199999913e+36 1.014189999999999985e+39 1.000000000000000000e+00 0.000000000000000000e+00
2.518767140100000000e+15 1.346566242299999929e+36 1.009190000000000001e+39 1.000000000000000000e+00 0.000000000000000000e+00
2.493870663100000000e+15 1.324159412899999995e+36 1.004190000000000017e+39 1.000000000000000000e+00 0.000000000000000000e+00
2.469078072400000000e+15 1.301846081399999958e+36 9.991859999999999875e+38 1.000000000000000000e+00 0.000000000000000000e+00
2.444429004600000000e+15 1.279661920300000048e+36 9.941860000000000037e+38 1.000000000000000000e+00 0.000000000000000000e+00
2.419903591900000000e+15 1.257589048899999935e+36 9.891860000000000198e+38 1.000000000000000000e+00 0.000000000000000000e+00
2.395501834300000000e+15 1.235627467099999967e+36 9.841860000000000360e+38 1.000000000000000000e+00 0.000000000000000000e+00
2.371223731900000000e+15 1.213777174899999997e+36 9.791860000000000522e+38 1.000000000000000000e+00 0.000000000000000000e+00
2.347069284600000000e+15 1.192038172300000024e+36 9.741860000000000683e+38 1.000000000000000000e+00 0.000000000000000000e+00
2.323038492400000000e+15 1.170410459399999996e+36 9.691859999999999334e+38 1.000000000000000000e+00 0.000000000000000000e+00
2.299131355400000000e+15 1.148894036099999965e+36 9.641859999999999496e+38 1.000000000000000000e+00 0.000000000000000000e+00
2.275347873500000000e+15 1.127488902399999932e+36 9.591859999999999657e+38 1.000000000000000000e+00 0.000000000000000000e+00
2.251688046700000000e+15 1.106195058300000043e+36 9.541859999999999819e+38 1.000000000000000000e+00 0.000000000000000000e+00
2.228151875100000000e+15 1.085012503800000004e+36 9.491859999999999981e+38 1.000000000000000000e+00 0.000000000000000000e+00
2.204739358600000000e+15 1.063941238899999963e+36 9.441860000000000142e+38 1.000000000000000000e+00 0.000000000000000000e+00
2.181450497200000000e+15 1.042981263700000014e+36 9.391860000000000304e+38 1.000000000000000000e+00 0.000000000000000000e+00
2.158285291000000000e+15 1.022132578100000063e+36 9.341860000000000466e+38 1.000000000000000000e+00 0.000000000000000000e+00
2.135243739900000000e+15 1.001395182099999961e+36 9.291860000000000627e+38 1.000000000000000000e+00 0.000000000000000000e+00
2.112325843900000000e+15 9.807690757000000043e+35 9.241859999999999278e+38 1.000000000000000000e+00 0.000000000000000000e+00
2.089531603100000000e+15 9.602542589500000185e+35 9.191859999999999440e+38 1.000000000000000000e+00 0.000000000000000000e+00
2.066861017400000000e+15 9.398507318099999364e+35 9.141859999999999601e+38 1.000000000000000000e+00 0.000000000000000000e+00
2.044314086800000000e+15 9.195584942800000531e+35 9.091859999999999763e+38 1.000000000000000000e+00 0.000000000000000000e+00
2.021890811300000000e+15 8.993775463800000332e+35 9.041859999999999925e+38 1.000000000000000000e+00 0.000000000000000000e+00
1.999591191000000000e+15 8.793078880999999707e+35 8.991860000000000086e+38 1.000000000000000000e+00 0.000000000000000000e+00
1.977415225800000000e+15 8.593495194400000132e+35 8.941860000000000248e+38 1.000000000000000000e+00 0.000000000000000000e+00
1.955362915800000000e+15 8.395024403899999592e+35 8.891860000000000410e+38 1.000000000000000000e+00 0.000000000000000000e+00
1.933434260900000000e+15 8.197666509600000101e+35 8.841860000000000571e+38 1.000000000000000000e+00 0.000000000000000000e+00
1.911629261100000000e+15 8.001421511600000722e+35 8.791860000000000733e+38 1.000000000000000000e+00 0.000000000000000000e+00
1.889947916400000000e+15 7.806289409700000378e+35 8.741859999999999384e+38 1.000000000000000000e+00 0.000000000000000000e+00
1.868390226900000000e+15 7.612270203999999608e+35 8.691859999999999545e+38 1.000000000000000000e+00 0.000000000000000000e+00
1.846956192500000000e+15 7.419363894499999887e+35 8.641859999999999707e+38 1.000000000000000000e+00 0.000000000000000000e+00
1.825645813300000000e+15 7.227570481199999740e+35 8.591859999999999869e+38 1.000000000000000000e+00 0.000000000000000000e+00
1.804459089100000000e+15 7.036889964100000642e+35 8.541860000000000030e+38 1.000000000000000000e+00 0.000000000000000000e+00
1.783396020100000000e+15 6.847322343199999641e+35 8.491860000000000192e+38 1.000000000000000000e+00 0.000000000000000000e+00
1.762456606300000000e+15 6.658867618400000628e+35 8.441860000000000354e+38 3.358490565999999955e+00 0.000000000000000000e+00
1.747679106000000000e+15 6.527332844300000316e+35 8.391860000000000515e+38 3.358490565999999955e+00 0.000000000000000000e+00
1.732988075000000000e+15 6.397633501699999701e+35 8.341860000000000677e+38 3.358490565999999955e+00 0.000000000000000000e+00
1.718382814100000000e+15 6.269754750500000168e+35 8.291859999999999328e+38 3.358490565999999955e+00 0.000000000000000000e+00
1.703862625600000000e+15 6.143681782300000090e+35 8.241859999999999489e+38 3.358490565999999955e+00 0.000000000000000000e+00
1.689426813400000000e+15 6.019399820700000126e+35 8.191859999999999651e+38 3.358490565999999955e+00 0.000000000000000000e+00
1.675074682900000000e+15 5.896894121400000070e+35 8.141859999999999813e+38 3.358490565999999955e+00 0.000000000000000000e+00
1.660805540900000000e+15 5.776149972200000331e+35 8.091859999999999974e+38 3.358490565999999955e+00 0.000000000000000000e+00
1.646618696000000000e+15 5.657152693500000186e+35 8.041860000000000136e+38 3.358490565999999955e+00 0.000000000000000000e+00
1.632513458100000000e+15 5.539887637999999863e+35 7.991860000000000298e+38 3.358490565999999955e+00 0.000000000000000000e+00
1.618489138600000000e+15 5.424340190999999939e+35 7.941860000000000459e+38 3.358490565999999955e+00 0.000000000000000000e+00
1.604545050600000000e+15 5.310495770699999996e+35 7.891860000000000621e+38 3.358490565999999955e+00 0.000000000000000000e+00
1.590680508600000000e+15 5.198339828100000305e+35 7.841859999999999272e+38 3.358490565999999955e+00 0.000000000000000000e+00
1.576894828800000000e+15 5.087857847100000142e+35 7.791859999999999433e+38 3.358490565999999955e+00 0.000000000000000000e+00
1.563187328900000000e+15 4.979035344800000145e+35 7.741859999999999595e+38 3.358490565999999955e+00 0.000000000000000000e+00
1.549557328200000000e+15 4.871857871699999695e+35 7.691859999999999757e+38 3.358490565999999955e+00 0.000000000000000000e+00
1.536004147500000000e+15 4.766311011600000069e+35 7.641859999999999918e+38 3.358490565999999955e+00 0.000000000000000000e+00
1.522527109100000000e+15 4.662380381900000152e+35 7.591860000000000080e+38 3.358490565999999955e+00 0.000000000000000000e+00
1.509125537200000000e+15 4.560051633600000123e+35 7.541860000000000242e+38 3.358490565999999955e+00 0.000000000000000000e+00
1.495798757300000000e+15 4.459310451600000118e+35 7.491860000000000403e+38 3.358490565999999955e+00 0.000000000000000000e+00
1.482546096600000000e+15 4.360142554899999828e+35 7.441860000000000565e+38 3.358490565999999955e+00 0.000000000000000000e+00
1.469366884000000000e+15 4.262533696500000177e+35 7.391860000000000727e+38 3.358490565999999955e+00 0.000000000000000000e+00
1.456260449700000000e+15 4.166469663699999767e+35 7.341859999999999377e+38 3.358490565999999955e+00 0.000000000000000000e+00
1.443226126000000000e+15 4.071936278199999845e+35 7.291859999999999539e+38 3.358490565999999955e+00 0.000000000000000000e+00
1.430263246500000000e+15 3.978919396199999672e+35 7.241859999999999701e+38 3.358490565999999955e+00 0.000000000000000000e+00
1.417371146400000000e+15 3.887404908899999953e+35 7.191859999999999862e+38 3.358490565999999955e+00 0.000000000000000000e+00
1.404549162800000000e+15 3.797378742099999946e+35 7.141860000000000024e+38 3.358490565999999955e+00 0.000000000000000000e+00
1.391796634200000000e+15 3.708826856700000151e+35 7.091860000000000186e+38 3.358490565999999955e+00 0.000000000000000000e+00
1.379112900900000000e+15 3.621735248899999693e+35 7.041860000000000347e+38 3.358490565999999955e+00 0.000000000000000000e+00
1.366497304800000000e+15 3.536089950100000215e+35 6.991860000000000509e+38 3.358490565999999955e+00 0.000000000000000000e+00
1.353949189500000000e+15 3.451877027299999910e+35 6.941860000000000671e+38 3.358490565999999955e+00 0.000000000000000000e+00
1.341467900400000000e+15 3.369082583199999960e+35 6.891859999999999321e+38 3.358490565999999955e+00 0.000000000000000000e+00
1.329052784300000000e+15 3.287692756299999913e+35 6.841859999999999483e+38 3.358490565999999955e+00 0.000000000000000000e+00
1.316703190000000000e+15 3.207693721099999858e+35 6.791859999999999645e+38 3.358490565999999955e+00 0.000000000000000000e+00
1.304418467800000000e+15 3.129071688300000031e+35 6.741859999999999806e+38 3.358490565999999955e+00 0.000000000000000000e+00
1.292197969800000000e+15 3.051812904800000071e+35 6.691859999999999968e+38 3.358490565999999955e+00 0.000000000000000000e+00
1.280041049700000000e+15 2.975903654199999869e+35 6.641860000000000130e+38 3.358490565999999955e+00 0.000000000000000000e+00
1.267947063200000000e+15 2.901330256799999932e+35 6.591860000000000291e+38 3.358490565999999955e+00 0.000000000000000000e+00
1.255915367500000000e+15 2.828079069599999908e+35 6.541859999999999698e+38 3.358490565999999955e+00 0.000000000000000000e+00
1.243945321600000000e+15 2.756136486800000171e+35 6.491859999999999859e+38 3.358490565999999955e+00 0.000000000000000000e+00
1.232036286300000000e+15 2.685488939700000170e+35 6.441860000000000021e+38 3.358490565999999955e+00 0.000000000000000000e+00
1.220187624100000000e+15 2.616122897200000014e+35 6.391860000000000183e+38 3.358490565999999955e+00 0.000000000000000000e+00
1.208398699200000000e+15 2.548024865600000135e+35 6.341860000000000344e+38 3.358490565999999955e+00 0.000000000000000000e+00
1.196668877900000000e+15 2.481181389200000084e+35 6.291859999999999750e+38 3.358490565999999955e+00 0.000000000000000000e+00
1.184997527900000000e+15 2.415579049900000072e+35 6.241859999999999912e+38 3.358490565999999955e+00 0.000000000000000000e+00
1.173384019000000000e+15 2.351204468299999869e+35 6.191860000000000074e+38 3.358490565999999955e+00 0.000000000000000000e+00
1.161827722500000000e+15 2.288044302900000043e+35 6.141860000000000236e+38 3.358490565999999955e+00 0.000000000000000000e+00
1.150328011800000000e+15 2.226085251099999955e+35 6.091859999999999642e+38 3.358490565999999955e+00 0.000000000000000000e+00
1.138884262100000000e+15 2.165314048800000032e+35 6.041859999999999803e+38 3.358490565999999955e+00 0.000000000000000000e+00
1.127495850200000000e+15 2.105717470999999833e+35 5.991859999999999965e+38 3.358490565999999955e+00 0.000000000000000000e+00
1.116162155000000000e+15 2.047282331900000058e+35 5.941860000000000127e+38 3.358490565999999955e+00 0.000000000000000000e+00
1.104882557100000000e+15 1.989995485200000105e+35 5.891860000000000288e+38 3.358490565999999955e+00 0.000000000000000000e+00
1.093656439100000000e+15 1.933843823800000143e+35 5.841859999999999694e+38 3.358490565999999955e+00 0.000000000000000000e+00
1.082483185300000000e+15 1.878814280900000020e+35 5.791859999999999856e+38 3.358490565999999955e+00 0.000000000000000000e+00
1.071362182000000000e+15 1.824893829299999921e+35 5.741860000000000018e+38 3.358490565999999955e+00 0.000000000000000000e+00
1.060292817400000000e+15 1.772069482399999849e+35 5.691860000000000180e+38 3.358490565999999955e+00 0.000000000000000000e+00
1.049274481600000000e+15 1.720328293899999847e+35 5.641860000000000341e+38 3.358490565999999955e+00 0.000000000000000000e+00
1.038306566700000000e+15 1.669657358300000112e+35 5.591859999999999747e+38 3.358490565999999955e+00 0.000000000000000000e+00
1.027388466400000000e+15 1.620043810900000066e+35 5.541859999999999909e+38 3.358490565999999955e+00 0.000000000000000000e+00
1.016519576800000000e+15 1.571474828299999940e+35 5.491860000000000071e+38 3.358490565999999955e+00 0.000000000000000000e+00
1.005699295600000000e+15 1.523937628400000036e+35 5.441860000000000232e+38 3.358490565999999955e+00 0.000000000000000000e+00
9.949270226400000000e+14 1.477419470799999925e+35 5.391859999999999638e+38 3.358490565999999955e+00 0.000000000000000000e+00
9.842021596400000000e+14 1.431907657200000041e+35 5.341859999999999800e+38 3.358490565999999955e+00 0.000000000000000000e+00
9.735241103700000000e+14 1.387389531000000091e+35 5.291859999999999962e+38 3.358490565999999955e+00 0.000000000000000000e+00
9.628922805600000000e+14 1.343852478399999980e+35 5.241860000000000124e+38 3.358490565999999955e+00 0.000000000000000000e+00
9.523060779600000000e+14 1.301283928200000030e+35 5.191860000000000285e+38 3.358490565999999955e+00 0.000000000000000000e+00
9.417649123700000000e+14 1.259671351800000059e+35 5.141859999999999691e+38 3.358490565999999955e+00 0.000000000000000000e+00
9.312681955700000000e+14 1.219002264099999973e+35 5.091859999999999853e+38 3.358490565999999955e+00 0.000000000000000000e+00
9.208153414300000000e+14 1.179264223399999969e+35 5.041860000000000015e+38 3.358490565999999955e+00 0.000000000000000000e+00
9.104057658600000000e+14 1.140444831699999931e+35 4.991860000000000176e+38 3.358490565999999955e+00 0.000000000000000000e+00
9.000388868500000000e+14 1.102531734799999971e+35 4.941860000000000338e+38 3.358490565999999955e+00 0.000000000000000000e+00
8.897141244800000000e+14 1.065512623099999930e+35 4.891859999999999744e+38 3.358490565999999955e+00 0.000000000000000000e+00
8.794309009200000000e+14 1.029375231399999963e+35 4.841859999999999906e+38 3.358490565999999955e+00 0.000000000000000000e+00
8.691886404500000000e+14 9.941073394100000741e+34 4.791860000000000068e+38 3.358490565999999955e+00 0.000000000000000000e+00
8.589867694900000000e+14 9.596967718999999955e+34 4.741860000000000229e+38 3.358490565999999955e+00 0.000000000000000000e+00
8.488247166000000000e+14 9.261313992000000340e+34 4.691859999999999635e+38 3.358490565999999955e+00 0.000000000000000000e+00
8.387019124800000000e+14 8.933991373799999706e+34 4.641859999999999797e+38 3.358490565999999955e+00 0.000000000000000000e+00
8.286177900300000000e+14 8.614879485800000603e+34 4.591859999999999959e+38 3.358490565999999955e+00 0.000000000000000000e+00
8.185717843100000000e+14 8.303858413499999814e+34 4.541860000000000120e+38 3.358490565999999955e+00 0.000000000000000000e+00
8.085633326000000000e+14 8.000808709300000273e+34 4.491860000000000282e+38 3.358490565999999955e+00 0.000000000000000000e+00
7.985918743700000000e+14 7.705611396399999557e+34 4.441859999999999688e+38 3.358490565999999955e+00 0.000000000000000000e+00
7.886568513400000000e+14 7.418147971799999555e+34 4.391859999999999850e+38 3.358490565999999955e+00 0.000000000000000000e+00
7.787577074900000000e+14 7.138300409400000261e+34 4.341860000000000012e+38 3.358490565999999955e+00 0.000000000000000000e+00
7.688996593000000000e+14 6.903896546100000448e+34 4.291860000000000173e+38 2.515151515199999910e+00 0.000000000000000000e+00
7.590614071500000000e+14 6.703384415099999582e+34 4.241860000000000335e+38 2.515151515199999910e+00 0.000000000000000000e+00
7.492491830700000000e+14 6.506421565599999997e+34 4.191859999999999741e+38 2.515151515199999910e+00 0.000000000000000000e+00
7.394628285500000000e+14 6.312986383199999824e+34 4.141859999999999903e+38 2.515151515199999910e+00 0.000000000000000000e+00
7.297021841600000000e+14 6.123057128299999951e+34 4.091860000000000064e+38 2.515151515199999910e+00 0.000000000000000000e+00
7.199670895400000000e+14 5.936611933599999819e+34 4.041860000000000226e+38 2.515151515199999910e+00 0.000000000000000000e+00
7.102573833900000000e+14 5.753628801999999780e+34 3.991859999999999632e+38 2.515151515199999910e+00 0.000000000000000000e+00
7.005729034200000000e+14 5.574085603800000249e+34 3.941859999999999794e+38 2.515151515199999910e+00 0.000000000000000000e+00
6.909134863500000000e+14 5.397960074700000185e+34 3.891859999999999956e+38 2.515151515199999910e+00 0.000000000000000000e+00
6.812789679200000000e+14 5.225229813099999727e+34 3.841860000000000117e+38 2.515151515199999910e+00 0.000000000000000000e+00
6.716691828000000000e+14 5.055872277099999751e+34 3.791860000000000279e+38 2.515151515199999910e+00 0.000000000000000000e+00
6.620839646500000000e+14 4.889864782399999625e+34 3.741859999999999685e+38 2.515151515199999910e+00 0.000000000000000000e+00
6.525231460600000000e+14 4.727184499099999926e+34 3.691859999999999847e+38 2.515151515199999910e+00 0.000000000000000000e+00
6.429865585000000000e+14 4.567808448899999754e+34 3.641860000000000008e+38 2.515151515199999910e+00 0.000000000000000000e+00
6.334740323700000000e+14 4.411713502000000175e+34 3.591860000000000170e+38 2.515151515199999910e+00 0.000000000000000000e+00
6.239853969200000000e+14 4.258876374299999683e+34 3.541860000000000332e+38 2.515151515199999910e+00 0.000000000000000000e+00
6.145204802300000000e+14 4.109273623899999838e+34 3.491859999999999738e+38 2.515151515199999910e+00 0.000000000000000000e+00
6.050791092200000000e+14 3.962881647799999877e+34 3.441859999999999900e+38 2.515151515199999910e+00 0.000000000000000000e+00
5.956611095900000000e+14 3.819676678800000168e+34 3.391860000000000061e+38 2.515151515199999910e+00 0.000000000000000000e+00
5.862663058200000000e+14 3.679634781300000013e+34 3.341859999999999845e+38 2.515151515199999910e+00 0.000000000000000000e+00
5.768945211300000000e+14 3.542731848500000034e+34 3.291860000000000007e+38 2.515151515199999910e+00 0.000000000000000000e+00
5.675455774400000000e+14 3.408943597499999998e+34 3.241860000000000169e+38 2.515151515199999910e+00 0.000000000000000000e+00
5.582192953600000000e+14 3.278245566499999819e+34 3.191859999999999952e+38 2.515151515199999910e+00 0.000000000000000000e+00
5.489154941500000000e+14 3.150613109599999829e+34 3.141860000000000114e+38 2.515151515199999910e+00 0.000000000000000000e+00
5.396339917100000000e+14 3.026021393099999892e+34 3.091859999999999898e+38 2.515151515199999910e+00 0.000000000000000000e+00
5.303746045100000000e+14 2.904445391099999922e+34 3.041860000000000060e+38 2.515151515199999910e+00 0.000000000000000000e+00
5.211371475800000000e+14 2.785859880500000212e+34 2.991859999999999844e+38 2.515151515199999910e+00 0.000000000000000000e+00
5.119214344700000000e+14 2.670239436299999788e+34 2.941860000000000005e+38 2.515151515199999910e+00 0.000000000000000000e+00
5.027272772200000000e+14 2.557558426800000031e+34 2.891860000000000167e+38 2.515151515199999910e+00 0.000000000000000000e+00
4.935544862900000000e+14 2.447791008199999817e+34 2.841859999999999951e+38 2.515151515199999910e+00 0.000000000000000000e+00
4.844028705900000000e+14 2.340911118800000220e+34 2.791860000000000113e+38 2.515151515199999910e+00 0.000000000000000000e+00
4.752722373400000000e+14 2.236892474100000037e+34 2.741859999999999896e+38 2.515151515199999910e+00 0.000000000000000000e+00
4.661623921100000000e+14 2.135708559800000128e+34 2.691860000000000058e+38 2.515151515199999910e+00 0.000000000000000000e+00
4.570731387500000000e+14 2.037332626399999941e+34 2.641859999999999842e+38 2.515151515199999910e+00 0.000000000000000000e+00
4.480042793100000000e+14 1.941737682500000097e+34 2.591860000000000004e+38 2.515151515199999910e+00 0.000000000000000000e+00
4.389556140300000000e+14 1.848896487499999961e+34 2.541860000000000165e+38 2.515151515199999910e+00 0.000000000000000000e+00
4.299269412600000000e+14 1.758781544899999990e+34 2.491859999999999949e+38 2.515151515199999910e+00 0.000000000000000000e+00
4.209500000000000000e+14 1.689380000000000018e+34 2.441860000000000111e+38 3.205000000000000071e+00 0.000000000000000000e+00
4.119220000000000000e+14 1.582900000000000029e+34 2.391859999999999895e+38 3.209000000000000075e+00 0.000000000000000000e+00
4.029200000000000000e+14 1.480969999999999998e+34 2.341860000000000057e+38 3.213000000000000078e+00 0.000000000000000000e+00
3.939430000000000000e+14 1.383500000000000107e+34 2.291859999999999841e+38 3.217000000000000082e+00 0.000000000000000000e+00
3.849900000000000000e+14 1.290409999999999975e+34 2.241860000000000002e+38 3.221000000000000085e+00 0.000000000000000000e+00
3.760610000000000000e+14 1.201610000000000016e+34 2.191860000000000164e+38 3.225000000000000089e+00 0.000000000000000000e+00
3.671550000000000000e+14 1.117000000000000044e+34 2.141859999999999948e+38 3.228000000000000203e+00 0.000000000000000000e+00
3.582720000000000000e+14 1.036500000000000027e+34 2.091860000000000109e+38 3.232000000000000206e+00 0.000000000000000000e+00
3.494110000000000000e+14 9.600110000000000256e+33 2.041859999999999893e+38 3.234999999999999876e+00 0.000000000000000000e+00
3.405720000000000000e+14 8.874360000000000112e+33 1.991860000000000055e+38 3.238999999999999879e+00 0.000000000000000000e+00
3.317540000000000000e+14 8.186830000000000216e+33 1.941859999999999839e+38 3.241000000000000103e+00 0.000000000000000000e+00
3.229570000000000000e+14 7.536540000000000150e+33 1.891860000000000001e+38 3.244000000000000217e+00 0.000000000000000000e+00
3.141790000000000000e+14 6.922500000000000512e+33 1.841860000000000162e+38 3.245999999999999996e+00 0.000000000000000000e+00
3.054210000000000000e+14 6.343719999999999596e+33 1.791859999999999946e+38 3.248000000000000220e+00 0.000000000000000000e+00
2.966820000000000000e+14 5.799200000000000172e+33 1.741860000000000108e+38 3.249000000000000110e+00 0.000000000000000000e+00
2.879610000000000000e+14 5.287899999999999865e+33 1.691860000000000081e+38 3.250000000000000000e+00 0.000000000000000000e+00
2.792590000000000000e+14 4.808779999999999758e+33 1.641860000000000053e+38 3.250000000000000000e+00 0.000000000000000000e+00
2.705730000000000000e+14 4.360799999999999782e+33 1.591860000000000026e+38 3.249000000000000110e+00 0.000000000000000000e+00
2.619050000000000000e+14 3.942879999999999910e+33 1.541859999999999999e+38 3.245999999999999996e+00 0.000000000000000000e+00
2.532530000000000000e+14 3.553929999999999979e+33 1.491859999999999972e+38 3.242999999999999883e+00 0.000000000000000000e+00
2.446180000000000000e+14 3.192819999999999869e+33 1.441859999999999945e+38 3.237999999999999989e+00 0.000000000000000000e+00
2.359990000000000000e+14 2.858399999999999770e+33 1.391859999999999917e+38 3.230999999999999872e+00 0.000000000000000000e+00
2.273970000000000000e+14 2.549430000000000109e+33 1.341860000000000079e+38 3.221999999999999975e+00 0.000000000000000000e+00
2.188110000000000000e+14 2.264499999999999905e+33 1.291860000000000052e+38 3.209999999999999964e+00 0.000000000000000000e+00
2.102470000000000000e+14 2.002049999999999917e+33 1.241860000000000025e+38 3.194999999999999840e+00 0.000000000000000000e+00
2.016960000000000000e+14 1.762539999999999956e+33 1.191859999999999997e+38 3.176000000000000156e+00 0.000000000000000000e+00
1.931550000000000000e+14 1.544949999999999931e+33 1.141859999999999970e+38 3.153000000000000025e+00 0.000000000000000000e+00
1.846250000000000000e+14 1.348150000000000009e+33 1.091859999999999943e+38 3.124000000000000110e+00 0.000000000000000000e+00
1.761040000000000000e+14 1.170999999999999938e+33 1.041859999999999916e+38 3.088999999999999968e+00 0.000000000000000000e+00
1.675930000000000000e+14 1.012350000000000051e+33 9.918640000000000100e+37 3.047000000000000153e+00 0.000000000000000000e+00
1.590900000000000000e+14 8.710570000000000535e+32 9.418639999999999828e+37 2.995000000000000107e+00 0.000000000000000000e+00
1.505960000000000000e+14 7.459599999999999884e+32 8.918639999999999556e+37 2.934000000000000163e+00 0.000000000000000000e+00
1.420390000000000000e+14 6.616569999999999990e+32 8.414769999999999924e+37 3.016000000000000014e+00 1.305750000000000081e+29
1.415500000000000000e+14 6.566329999999999868e+32 8.385920000000000119e+37 3.025999999999999801e+00 1.673459999999999990e+29
1.410600000000000000e+14 6.515119999999999748e+32 8.357070000000000313e+37 3.033999999999999808e+00 1.912290000000000022e+29
1.405710000000000000e+14 6.463809999999999732e+32 8.328219999999999563e+37 3.040999999999999925e+00 2.110000000000000152e+29
1.400820000000000000e+14 6.412590000000000199e+32 8.299380000000000061e+37 3.048000000000000043e+00 2.287300000000000133e+29
1.395920000000000000e+14 6.361529999999999922e+32 8.270530000000000256e+37 3.055000000000000160e+00 2.452650000000000041e+29
1.391030000000000000e+14 6.310649999999999890e+32 8.241680000000000450e+37 3.063000000000000167e+00 2.610340000000000114e+29
1.386130000000000000e+14 6.259989999999999918e+32 8.212829999999999700e+37 3.069999999999999840e+00 2.762810000000000148e+29
1.381240000000000000e+14 6.209550000000000004e+32 8.183979999999999895e+37 3.076999999999999957e+00 2.911580000000000001e+29
1.376350000000000000e+14 6.159340000000000283e+32 8.155140000000000393e+37 2.536999999999999922e+00 3.057680000000000160e+29
1.371460000000000000e+14 6.109380000000000302e+32 8.126289999999999643e+37 2.532000000000000028e+00 3.201800000000000316e+29
1.366560000000000000e+14 6.059659999999999926e+32 8.097439999999999838e+37 2.527000000000000135e+00 3.344409999999999771e+29
1.361670000000000000e+14 6.010210000000000278e+32 8.068590000000000032e+37 2.521999999999999797e+00 3.485899999999999665e+29
1.356780000000000000e+14 5.961009999999999650e+32 8.039740000000000227e+37 2.516999999999999904e+00 3.626519999999999963e+29
1.351890000000000000e+14 5.912070000000000335e+32 8.010899999999999780e+37 2.512000000000000011e+00 3.766489999999999649e+29
1.346990000000000000e+14 5.863400000000000307e+32 7.982049999999999975e+37 2.507000000000000117e+00 3.905939999999999690e+29
1.342100000000000000e+14 5.815000000000000286e+32 7.953200000000000169e+37 2.501999999999999780e+00 4.045010000000000207e+29
1.337210000000000000e+14 5.766870000000000272e+32 7.924350000000000364e+37 2.496999999999999886e+00 4.183780000000000062e+29
1.332320000000000000e+14 5.719019999999999678e+32 7.895499999999999614e+37 2.491999999999999993e+00 4.322319999999999669e+29
1.327430000000000000e+14 5.671439999999999811e+32 7.866660000000000112e+37 2.486000000000000210e+00 4.460700000000000142e+29
1.322540000000000000e+14 5.624140000000000085e+32 7.837810000000000306e+37 2.480999999999999872e+00 4.598939999999999791e+29
1.317650000000000000e+14 5.577119999999999780e+32 7.808959999999999556e+37 2.475999999999999979e+00 4.737090000000000015e+29
1.312760000000000000e+14 5.530380000000000335e+32 7.780109999999999751e+37 2.471000000000000085e+00 4.875169999999999827e+29
1.307870000000000000e+14 5.483920000000000311e+32 7.751259999999999945e+37 2.464999999999999858e+00 5.013200000000000349e+29
1.302980000000000000e+14 5.437749999999999840e+32 7.722420000000000443e+37 2.459999999999999964e+00 5.151180000000000175e+29
1.298090000000000000e+14 5.391860000000000231e+32 7.693569999999999693e+37 2.455000000000000071e+00 5.289119999999999866e+29
1.293200000000000000e+14 5.346250000000000041e+32 7.664719999999999888e+37 2.448999999999999844e+00 5.427029999999999983e+29
1.288310000000000000e+14 5.304770000000000305e+32 7.635870000000000083e+37 2.443999999999999950e+00 3.448269999999999764e+29
1.283420000000000000e+14 5.259789999999999892e+32 7.607020000000000277e+37 2.438000000000000167e+00 3.519639999999999974e+29
1.278530000000000000e+14 5.215090000000000340e+32 7.578179999999999831e+37 2.432999999999999829e+00 3.591010000000000185e+29
1.268750000000000000e+14 5.134880000000000165e+32 7.520480000000000220e+37 2.422000000000000153e+00 1.958500000000000051e+29
1.258970000000000000e+14 5.047699999999999758e+32 7.462779999999999664e+37 2.411000000000000032e+00 2.004079999999999887e+29
1.210100000000000000e+14 4.628559999999999859e+32 7.174300000000000328e+37 2.354000000000000092e+00 2.233749999999999943e+29
1.166130000000000000e+14 4.274959999999999996e+32 6.914669999999999852e+37 2.302000000000000046e+00 2.438969999999999929e+29
1.161240000000000000e+14 4.237030000000000165e+32 6.885820000000000046e+37 2.295999999999999819e+00 2.461510000000000058e+29
1.156360000000000000e+14 4.199370000000000341e+32 6.856979999999999600e+37 2.290000000000000036e+00 2.483989999999999985e+29
1.151480000000000000e+14 4.161979999999999804e+32 6.828129999999999794e+37 2.283999999999999808e+00 2.506399999999999851e+29
1.146590000000000000e+14 4.124849999999999860e+32 6.799279999999999989e+37 2.278000000000000025e+00 2.528740000000000008e+29
1.136820000000000000e+14 4.051399999999999993e+32 6.741580000000000378e+37 2.266000000000000014e+00 2.573179999999999864e+29
1.112410000000000000e+14 3.872370000000000151e+32 6.597339999999999765e+37 2.236000000000000210e+00 2.682799999999999960e+29
1.078230000000000000e+14 3.632559999999999782e+32 6.395409999999999845e+37 2.193000000000000060e+00 2.832170000000000080e+29
1.073350000000000000e+14 3.599309999999999831e+32 6.366560000000000039e+37 2.186999999999999833e+00 2.853080000000000157e+29
1.068470000000000000e+14 3.575730000000000183e+32 6.337710000000000234e+37 2.180000000000000160e+00 3.236929999999999867e+29
1.063590000000000000e+14 3.543170000000000091e+32 6.308860000000000428e+37 2.173999999999999932e+00 3.238759999999999890e+29
1.058700000000000000e+14 3.510850000000000324e+32 6.280019999999999982e+37 2.168000000000000149e+00 3.240449999999999793e+29
1.053820000000000000e+14 3.478780000000000298e+32 6.251170000000000176e+37 2.161999999999999922e+00 3.241989999999999716e+29
1.048940000000000000e+14 3.446939999999999743e+32 6.222320000000000371e+37 2.154999999999999805e+00 3.243390000000000223e+29
1.044060000000000000e+14 3.415340000000000235e+32 6.193469999999999621e+37 2.149000000000000021e+00 3.244640000000000046e+29
1.039180000000000000e+14 3.383980000000000334e+32 6.164619999999999816e+37 2.142999999999999794e+00 3.245749999999999749e+29
1.034300000000000000e+14 3.352860000000000038e+32 6.135780000000000314e+37 2.136000000000000121e+00 3.246710000000000177e+29
1.029420000000000000e+14 3.321969999999999935e+32 6.106929999999999564e+37 2.129999999999999893e+00 3.247529999999999780e+29
1.024540000000000000e+14 3.291320000000000158e+32 6.078079999999999758e+37 2.124000000000000110e+00 3.248209999999999965e+29
1.019660000000000000e+14 3.260899999999999853e+32 6.049229999999999953e+37 2.116999999999999993e+00 3.248740000000000172e+29
1.014780000000000000e+14 3.230710000000000102e+32 6.020380000000000147e+37 2.111000000000000210e+00 3.249130000000000258e+29
1.009900000000000000e+14 3.200749999999999823e+32 5.991539999999999701e+37 2.104999999999999982e+00 3.249380000000000222e+29
1.005020000000000000e+14 3.171009999999999963e+32 5.962689999999999895e+37 2.097999999999999865e+00 3.249490000000000066e+29
1.000140000000000000e+14 3.141510000000000069e+32 5.933840000000000090e+37 2.092000000000000082e+00 3.249449999999999931e+29
9.952630000000000000e+13 3.112229999999999874e+32 5.904990000000000284e+37 2.085999999999999854e+00 3.249280000000000237e+29
9.903840000000000000e+13 3.083170000000000098e+32 5.876139999999999534e+37 2.079000000000000181e+00 3.248959999999999859e+29
9.855050000000000000e+13 3.054340000000000155e+32 5.847300000000000032e+37 2.072999999999999954e+00 3.248509999999999923e+29
9.806260000000000000e+13 3.025729999999999911e+32 5.818450000000000227e+37 2.065999999999999837e+00 3.247919999999999865e+29
9.757480000000000000e+13 2.997329999999999952e+32 5.789600000000000421e+37 2.060000000000000053e+00 3.247179999999999829e+29
9.708690000000000000e+13 2.969159999999999826e+32 5.760749999999999671e+37 2.053999999999999826e+00 3.246310000000000233e+29
9.659910000000000000e+13 2.941210000000000119e+32 5.731899999999999866e+37 2.047000000000000153e+00 3.245309999999999670e+29
9.611130000000000000e+13 2.913469999999999977e+32 5.703060000000000364e+37 2.040999999999999925e+00 3.244169999999999690e+29
9.562350000000000000e+13 2.885940000000000120e+32 5.674209999999999614e+37 2.033999999999999808e+00 3.242890000000000293e+29
9.513580000000000000e+13 2.858629999999999963e+32 5.645359999999999809e+37 2.028000000000000025e+00 3.241479999999999929e+29
9.464800000000000000e+13 2.831530000000000091e+32 5.616510000000000003e+37 2.021999999999999797e+00 3.239940000000000005e+29
9.416030000000000000e+13 2.804640000000000145e+32 5.587660000000000198e+37 2.015000000000000124e+00 3.238259999999999961e+29
9.367250000000000000e+13 2.777949999999999990e+32 5.558819999999999751e+37 2.008999999999999897e+00 3.236460000000000215e+29
9.318480000000000000e+13 2.751479999999999894e+32 5.529969999999999946e+37 2.001999999999999780e+00 3.234520000000000347e+29
9.269710000000000000e+13 2.725209999999999950e+32 5.501120000000000140e+37 1.995999999999999996e+00 3.232450000000000217e+29
9.220950000000000000e+13 2.699149999999999931e+32 5.472270000000000335e+37 1.989999999999999991e+00 3.230259999999999681e+29
9.172180000000000000e+13 2.673279999999999931e+32 5.443419999999999585e+37 1.983000000000000096e+00 3.227929999999999728e+29
9.123410000000000000e+13 2.647619999999999856e+32 5.414580000000000083e+37 1.977000000000000091e+00 3.225480000000000074e+29
9.074650000000000000e+13 2.622159999999999933e+32 5.385730000000000277e+37 1.969999999999999973e+00 3.222910000000000014e+29
9.025890000000000000e+13 2.596900000000000162e+32 5.356880000000000472e+37 1.963999999999999968e+00 3.220209999999999691e+29
8.977130000000000000e+13 2.571839999999999823e+32 5.328029999999999722e+37 1.957999999999999963e+00 3.217379999999999809e+29
8.928370000000000000e+13 2.546969999999999862e+32 5.299179999999999916e+37 1.951000000000000068e+00 3.214440000000000082e+29
8.879610000000000000e+13 2.522289999999999919e+32 5.270340000000000414e+37 1.945000000000000062e+00 3.211370000000000093e+29
8.830860000000000000e+13 2.499839999999999886e+32 5.241489999999999664e+37 1.937999999999999945e+00 3.890850000000000270e+29
8.782100000000000000e+13 2.475580000000000155e+32 5.212639999999999859e+37 1.931999999999999940e+00 3.876629999999999742e+29
8.733350000000000000e+13 2.451499999999999947e+32 5.183790000000000054e+37 1.925999999999999934e+00 3.862350000000000066e+29
8.684600000000000000e+13 2.427599999999999984e+32 5.154940000000000248e+37 1.919000000000000039e+00 3.847990000000000121e+29
8.635850000000000000e+13 2.403900000000000173e+32 5.126099999999999802e+37 1.913000000000000034e+00 3.833570000000000324e+29
8.587100000000000000e+13 2.380379999999999887e+32 5.097249999999999996e+37 1.907000000000000028e+00 3.819089999999999973e+29
8.538350000000000000e+13 2.357039999999999845e+32 5.068400000000000191e+37 1.901000000000000023e+00 3.804539999999999914e+29
8.489610000000000000e+13 2.333880000000000048e+32 5.039550000000000385e+37 1.893999999999999906e+00 3.789920000000000146e+29
8.440860000000000000e+13 2.310909999999999909e+32 5.010699999999999635e+37 1.887999999999999901e+00 3.775249999999999681e+29
8.392120000000000000e+13 2.288109999999999881e+32 4.981860000000000133e+37 1.881999999999999895e+00 3.760510000000000211e+29
8.343380000000000000e+13 2.265499999999999872e+32 4.953010000000000328e+37 1.875999999999999890e+00 3.745710000000000187e+29
8.294640000000000000e+13 2.243049999999999840e+32 4.924159999999999578e+37 1.868999999999999995e+00 3.730860000000000170e+29
8.245900000000000000e+13 2.220789999999999826e+32 4.895309999999999772e+37 1.862999999999999989e+00 3.715950000000000302e+29
8.197160000000000000e+13 2.198690000000000150e+32 4.866459999999999967e+37 1.856999999999999984e+00 3.700979999999999879e+29
8.148430000000000000e+13 2.176769999999999998e+32 4.837620000000000465e+37 1.850999999999999979e+00 3.685950000000000309e+29
8.099690000000000000e+13 2.155019999999999957e+32 4.808769999999999715e+37 1.844999999999999973e+00 3.670870000000000043e+29
8.050960000000000000e+13 2.133429999999999894e+32 4.779919999999999909e+37 1.838999999999999968e+00 3.655739999999999784e+29
8.002230000000000000e+13 2.112020000000000075e+32 4.751070000000000104e+37 1.832999999999999963e+00 3.640549999999999674e+29
7.953500000000000000e+13 2.090769999999999874e+32 4.722220000000000299e+37 1.826999999999999957e+00 3.625320000000000133e+29
7.904770000000000000e+13 2.069680000000000010e+32 4.693379999999999852e+37 1.820999999999999952e+00 3.610030000000000037e+29
7.856050000000000000e+13 2.048759999999999898e+32 4.664530000000000047e+37 1.814999999999999947e+00 3.594689999999999948e+29
7.807320000000000000e+13 2.028000000000000123e+32 4.635680000000000241e+37 1.808999999999999941e+00 3.579309999999999724e+29
7.758600000000000000e+13 2.007389999999999831e+32 4.606830000000000436e+37 1.802999999999999936e+00 3.563869999999999649e+29
7.709880000000000000e+13 1.986950000000000011e+32 4.577979999999999686e+37 1.796999999999999931e+00 3.548390000000000143e+29
7.661150000000000000e+13 1.966670000000000168e+32 4.549140000000000184e+37 1.790999999999999925e+00 3.532859999999999940e+29
7.612440000000000000e+13 1.946540000000000169e+32 4.520290000000000378e+37 1.784999999999999920e+00 3.517279999999999744e+29
7.563720000000000000e+13 1.926560000000000014e+32 4.491439999999999628e+37 1.778999999999999915e+00 3.501669999999999975e+29
7.515000000000000000e+13 1.906739999999999836e+32 4.462589999999999823e+37 1.772999999999999909e+00 3.485999999999999651e+29
7.466290000000000000e+13 1.887069999999999862e+32 4.433740000000000017e+37 1.768000000000000016e+00 3.470289999999999896e+29
7.417570000000000000e+13 1.867550000000000093e+32 4.404899999999999571e+37 1.762000000000000011e+00 3.454540000000000005e+29
7.368860000000000000e+13 1.848180000000000167e+32 4.376049999999999765e+37 1.756000000000000005e+00 3.438749999999999980e+29
7.320150000000000000e+13 1.828949999999999951e+32 4.347199999999999960e+37 1.750999999999999890e+00 3.422909999999999962e+29
7.271440000000000000e+13 1.809869999999999939e+32 4.318350000000000154e+37 1.745000000000000107e+00 3.407039999999999666e+29
7.222730000000000000e+13 1.790940000000000131e+32 4.289500000000000349e+37 1.739000000000000101e+00 3.391120000000000081e+29
7.174020000000000000e+13 1.772150000000000033e+32 4.260659999999999902e+37 1.733999999999999986e+00 3.375159999999999658e+29
7.125320000000000000e+13 1.753500000000000006e+32 4.231810000000000097e+37 1.727999999999999980e+00 3.359169999999999660e+29
7.076610000000000000e+13 1.734979999999999915e+32 4.202959999999999819e+37 1.723000000000000087e+00 3.343129999999999670e+29
7.027910000000000000e+13 1.716610000000000028e+32 4.174110000000000014e+37 1.717999999999999972e+00 3.327050000000000249e+29
6.979210000000000000e+13 1.698379999999999851e+32 4.145260000000000208e+37 1.711999999999999966e+00 3.310939999999999846e+29
6.930510000000000000e+13 1.680279999999999971e+32 4.116420000000000234e+37 1.707000000000000073e+00 3.294790000000000012e+29
6.881810000000000000e+13 1.662310000000000028e+32 4.087569999999999956e+37 1.701999999999999957e+00 3.278590000000000185e+29
6.833120000000000000e+13 1.644480000000000155e+32 4.058720000000000151e+37 1.695999999999999952e+00 3.262369999999999939e+29
6.784420000000000000e+13 1.626779999999999859e+32 4.029869999999999873e+37 1.691000000000000059e+00 3.246099999999999700e+29
6.735730000000000000e+13 1.609210000000000039e+32 4.001020000000000068e+37 1.685999999999999943e+00 3.229799999999999887e+29
6.687030000000000000e+13 1.591769999999999976e+32 3.972180000000000093e+37 1.681000000000000050e+00 3.213459999999999939e+29
6.638340000000000000e+13 1.574450000000000076e+32 3.943329999999999816e+37 1.675999999999999934e+00 3.197079999999999856e+29
6.589650000000000000e+13 1.557270000000000067e+32 3.914480000000000010e+37 1.671000000000000041e+00 3.180670000000000200e+29
6.540960000000000000e+13 1.540200000000000087e+32 3.885630000000000205e+37 1.665999999999999925e+00 3.164220000000000056e+29
6.492280000000000000e+13 1.523260000000000043e+32 3.856779999999999927e+37 1.661000000000000032e+00 3.147730000000000129e+29
6.443590000000000000e+13 1.506439999999999983e+32 3.827939999999999953e+37 1.655999999999999917e+00 3.131209999999999925e+29
6.394910000000000000e+13 1.489740000000000086e+32 3.799090000000000147e+37 1.651999999999999913e+00 3.114640000000000080e+29
6.346220000000000000e+13 1.473159999999999992e+32 3.770239999999999870e+37 1.647000000000000020e+00 3.098050000000000168e+29
6.297540000000000000e+13 1.456700000000000061e+32 3.741390000000000064e+37 1.641999999999999904e+00 3.081409999999999910e+29
6.248860000000000000e+13 1.440359999999999933e+32 3.712539999999999787e+37 1.637999999999999901e+00 3.064740000000000079e+29
6.200180000000000000e+13 1.424120000000000061e+32 3.683699999999999812e+37 1.633000000000000007e+00 3.048030000000000113e+29
6.151510000000000000e+13 1.408009999999999946e+32 3.654850000000000007e+37 1.629000000000000004e+00 3.031289999999999870e+29
6.102830000000000000e+13 1.392000000000000086e+32 3.626000000000000201e+37 1.624000000000000110e+00 3.014509999999999843e+29
6.054150000000000000e+13 1.376110000000000030e+32 3.597149999999999924e+37 1.620000000000000107e+00 2.997690000000000034e+29
6.005480000000000000e+13 1.360320000000000049e+32 3.568300000000000118e+37 1.616000000000000103e+00 2.980830000000000089e+29
5.956810000000000000e+13 1.344650000000000052e+32 3.539460000000000144e+37 1.612000000000000099e+00 2.963930000000000009e+29
5.908140000000000000e+13 1.329079999999999951e+32 3.510609999999999866e+37 1.606999999999999984e+00 2.947000000000000003e+29
5.859470000000000000e+13 1.313609999999999925e+32 3.481760000000000061e+37 1.602999999999999980e+00 2.930020000000000005e+29
5.810800000000000000e+13 1.298249999999999929e+32 3.452909999999999783e+37 1.598999999999999977e+00 2.913010000000000081e+29
5.762140000000000000e+13 1.282999999999999963e+32 3.424059999999999978e+37 1.594999999999999973e+00 2.895960000000000022e+29
5.713470000000000000e+13 1.267839999999999939e+32 3.395220000000000003e+37 1.590999999999999970e+00 2.878859999999999970e+29
5.664810000000000000e+13 1.252789999999999944e+32 3.366370000000000198e+37 1.588000000000000078e+00 2.861729999999999993e+29
5.616150000000000000e+13 1.237830000000000072e+32 3.337519999999999920e+37 1.584000000000000075e+00 2.844550000000000023e+29
5.567490000000000000e+13 1.222969999999999915e+32 3.308670000000000115e+37 1.580000000000000071e+00 2.827340000000000127e+29
5.518830000000000000e+13 1.208210000000000015e+32 3.279819999999999837e+37 1.576999999999999957e+00 2.810079999999999887e+29
5.470170000000000000e+13 1.193550000000000010e+32 3.250979999999999863e+37 1.572999999999999954e+00 2.792770000000000005e+29
5.421520000000000000e+13 1.178969999999999994e+32 3.222130000000000057e+37 1.570000000000000062e+00 2.775429999999999847e+29
5.372860000000000000e+13 1.164500000000000008e+32 3.193279999999999780e+37 1.566000000000000059e+00 2.758040000000000047e+29
5.324210000000000000e+13 1.150110000000000010e+32 3.164429999999999974e+37 1.562999999999999945e+00 2.740599999999999902e+29
5.275560000000000000e+13 1.135809999999999955e+32 3.135580000000000169e+37 1.560000000000000053e+00 2.723119999999999974e+29
5.226910000000000000e+13 1.121600000000000022e+32 3.106740000000000194e+37 1.556999999999999940e+00 2.705590000000000054e+29
5.178260000000000000e+13 1.107480000000000031e+32 3.077889999999999917e+37 1.554000000000000048e+00 2.688010000000000140e+29
5.129610000000000000e+13 1.093449999999999983e+32 3.049040000000000111e+37 1.550999999999999934e+00 2.670390000000000091e+29
5.080960000000000000e+13 1.079499999999999923e+32 3.020189999999999833e+37 1.548000000000000043e+00 2.652709999999999839e+29
5.032320000000000000e+13 1.065639999999999986e+32 2.991340000000000028e+37 1.544999999999999929e+00 2.634990000000000157e+29
4.983680000000000000e+13 1.051860000000000037e+32 2.962500000000000054e+37 1.542000000000000037e+00 2.617209999999999919e+29
4.935040000000000000e+13 1.038160000000000077e+32 2.933649999999999776e+37 1.540000000000000036e+00 2.599389999999999898e+29
4.886400000000000000e+13 1.024550000000000060e+32 2.904799999999999971e+37 1.536999999999999922e+00 2.581510000000000027e+29
4.837760000000000000e+13 1.011010000000000078e+32 2.875950000000000165e+37 1.534999999999999920e+00 2.563569999999999953e+29
4.789120000000000000e+13 9.975539999999999932e+31 2.847099999999999887e+37 1.532000000000000028e+00 2.545579999999999886e+29
4.740480000000000000e+13 9.841749999999999656e+31 2.818259999999999913e+37 1.530000000000000027e+00 2.527529999999999968e+29
4.691850000000000000e+13 9.708720000000000174e+31 2.789410000000000108e+37 1.528000000000000025e+00 2.509430000000000057e+29
4.643220000000000000e+13 9.576439999999999910e+31 2.760559999999999830e+37 1.524999999999999911e+00 2.491269999999999944e+29
4.594590000000000000e+13 9.444910000000000666e+31 2.731710000000000025e+37 1.522999999999999909e+00 2.473049999999999979e+29
4.545960000000000000e+13 9.314120000000000868e+31 2.702860000000000219e+37 1.520999999999999908e+00 2.454759999999999955e+29
4.497330000000000000e+13 9.184049999999999167e+31 2.674019999999999773e+37 1.520000000000000018e+00 2.436419999999999937e+29
4.448700000000000000e+13 9.054699999999999165e+31 2.645169999999999967e+37 1.518000000000000016e+00 2.418009999999999859e+29
4.400080000000000000e+13 8.926049999999999516e+31 2.616320000000000162e+37 1.516000000000000014e+00 2.399530000000000072e+29
4.351460000000000000e+13 8.798090000000000444e+31 2.587469999999999884e+37 1.514000000000000012e+00 2.380990000000000082e+29
4.302830000000000000e+13 8.670820000000000150e+31 2.558620000000000078e+37 1.512999999999999901e+00 2.362389999999999890e+29
4.254210000000000000e+13 8.544230000000000660e+31 2.529780000000000104e+37 1.510999999999999899e+00 2.343710000000000131e+29
4.205600000000000000e+13 8.418310000000000400e+31 2.500929999999999826e+37 1.510000000000000009e+00 2.324959999999999960e+29
4.156980000000000000e+13 8.293039999999999823e+31 2.472080000000000021e+37 1.508999999999999897e+00 2.306140000000000081e+29
4.108360000000000000e+13 8.168430000000000505e+31 2.443230000000000216e+37 1.508000000000000007e+00 2.287250000000000141e+29
4.059750000000000000e+13 8.044450000000000422e+31 2.414379999999999938e+37 1.506999999999999895e+00 2.268279999999999930e+29
4.011140000000000000e+13 7.921110000000000249e+31 2.385539999999999964e+37 1.506000000000000005e+00 2.249240000000000011e+29
3.962530000000000000e+13 7.798390000000000438e+31 2.356690000000000158e+37 1.504999999999999893e+00 2.230120000000000174e+29
3.913920000000000000e+13 7.676290000000000090e+31 2.327839999999999880e+37 1.504000000000000004e+00 2.210920000000000066e+29
3.865310000000000000e+13 7.554789999999999658e+31 2.298990000000000075e+37 1.502999999999999892e+00 2.191640000000000040e+29
3.816710000000000000e+13 7.433899999999999815e+31 2.270139999999999797e+37 1.502999999999999892e+00 2.172269999999999886e+29
3.768100000000000000e+13 7.313600000000000113e+31 2.241299999999999823e+37 1.502000000000000002e+00 2.152830000000000024e+29
3.719500000000000000e+13 7.193879999999999880e+31 2.212450000000000018e+37 1.502000000000000002e+00 2.133290000000000175e+29
3.670900000000000000e+13 7.074749999999999789e+31 2.183600000000000212e+37 1.502000000000000002e+00 2.113670000000000056e+29
3.622300000000000000e+13 6.956190000000000293e+31 2.154749999999999934e+37 1.500999999999999890e+00 2.093960000000000162e+29
3.573710000000000000e+13 6.838189999999999817e+31 2.125899999999999893e+37 1.500999999999999890e+00 2.074160000000000139e+29
3.525110000000000000e+13 6.720759999999999936e+31 2.097059999999999918e+37 1.500999999999999890e+00 2.054260000000000130e+29
3.476520000000000000e+13 6.603880000000000203e+31 2.068210000000000113e+37 1.500999999999999890e+00 2.034269999999999993e+29
3.427930000000000000e+13 6.487549999999999717e+31 2.039360000000000071e+37 1.502000000000000002e+00 2.014179999999999870e+29
3.379340000000000000e+13 6.371770000000000280e+31 2.010510000000000030e+37 1.502000000000000002e+00 1.993999999999999971e+29
3.330750000000000000e+13 6.256519999999999641e+31 1.981659999999999988e+37 1.502000000000000002e+00 1.973709999999999876e+29
3.282160000000000000e+13 6.141810000000000278e+31 1.952820000000000014e+37 1.502999999999999892e+00 1.953330000000000006e+29
3.233580000000000000e+13 6.027629999999999714e+31 1.923969999999999972e+37 1.502999999999999892e+00 1.932839999999999939e+29
3.185000000000000000e+13 5.913979999999999751e+31 1.895119999999999931e+37 1.504000000000000004e+00 1.912240000000000029e+29
3.136420000000000000e+13 5.800849999999999714e+31 1.866269999999999889e+37 1.504999999999999893e+00 1.891540000000000133e+29
3.087840000000000000e+13 5.688239999999999604e+31 1.837420000000000084e+37 1.506000000000000005e+00 1.870719999999999832e+29
3.039260000000000000e+13 5.576150000000000322e+31 1.808580000000000110e+37 1.506999999999999895e+00 1.849790000000000038e+29
2.990690000000000000e+13 5.464580000000000065e+31 1.779730000000000068e+37 1.508000000000000007e+00 1.828750000000000049e+29
2.942120000000000000e+13 5.353510000000000188e+31 1.750880000000000026e+37 1.508999999999999897e+00 1.807599999999999865e+29
2.893550000000000000e+13 5.242960000000000239e+31 1.722029999999999985e+37 1.510000000000000009e+00 1.786329999999999979e+29
2.844980000000000000e+13 5.132920000000000442e+31 1.693179999999999943e+37 1.512000000000000011e+00 1.764929999999999830e+29
2.796410000000000000e+13 5.023389999999999898e+31 1.664339999999999969e+37 1.512999999999999901e+00 1.743419999999999837e+29
2.747850000000000000e+13 4.914359999999999733e+31 1.635489999999999927e+37 1.514999999999999902e+00 1.721779999999999932e+29
2.699290000000000000e+13 4.805850000000000397e+31 1.606639999999999886e+37 1.516000000000000014e+00 1.700010000000000117e+29
2.650730000000000000e+13 4.697850000000000312e+31 1.577790000000000080e+37 1.518000000000000016e+00 1.678119999999999896e+29
2.602170000000000000e+13 4.590360000000000381e+31 1.548940000000000039e+37 1.520000000000000018e+00 1.656089999999999906e+29
2.553610000000000000e+13 4.483379999999999703e+31 1.520100000000000064e+37 1.522000000000000020e+00 1.633939999999999862e+29
2.505060000000000000e+13 4.376919999999999851e+31 1.491250000000000023e+37 1.524000000000000021e+00 1.611650000000000050e+29
2.456510000000000000e+13 4.270979999999999927e+31 1.462399999999999981e+37 1.526000000000000023e+00 1.589220000000000116e+29
2.407960000000000000e+13 4.165559999999999929e+31 1.433549999999999940e+37 1.528999999999999915e+00 1.566650000000000062e+29
2.359410000000000000e+13 4.060669999999999632e+31 1.404699999999999898e+37 1.530999999999999917e+00 1.543940000000000062e+29
2.310870000000000000e+13 3.956309999999999935e+31 1.375859999999999924e+37 1.534000000000000030e+00 1.521089999999999941e+29
2.262330000000000000e+13 3.852479999999999938e+31 1.347009999999999882e+37 1.536000000000000032e+00 1.498090000000000018e+29
2.213790000000000000e+13 3.749209999999999862e+31 1.318160000000000077e+37 1.538999999999999924e+00 1.474939999999999939e+29
2.165250000000000000e+13 3.646480000000000161e+31 1.289310000000000035e+37 1.542000000000000037e+00 1.451640000000000058e+29
2.116720000000000000e+13 3.544309999999999930e+31 1.260459999999999994e+37 1.544999999999999929e+00 1.428190000000000022e+29
2.068180000000000000e+13 3.442709999999999844e+31 1.231620000000000019e+37 1.548000000000000043e+00 1.404590000000000007e+29
2.019660000000000000e+13 3.341690000000000126e+31 1.202769999999999978e+37 1.550999999999999934e+00 1.380819999999999946e+29
1.971130000000000000e+13 3.241260000000000101e+31 1.173919999999999936e+37 1.554999999999999938e+00 1.356900000000000081e+29
1.922610000000000000e+13 3.141429999999999990e+31 1.145069999999999895e+37 1.558000000000000052e+00 1.332809999999999995e+29
1.874080000000000000e+13 3.042210000000000019e+31 1.116220000000000089e+37 1.562000000000000055e+00 1.308560000000000071e+29
1.825570000000000000e+13 2.943620000000000184e+31 1.087380000000000115e+37 1.564999999999999947e+00 1.284139999999999926e+29
1.777050000000000000e+13 2.845680000000000032e+31 1.058529999999999955e+37 1.568999999999999950e+00 1.259550000000000086e+29
1.728540000000000000e+13 2.748390000000000014e+31 1.029680000000000032e+37 1.572999999999999954e+00 1.234790000000000023e+29
1.680030000000000000e+13 2.651779999999999900e+31 1.000829999999999990e+37 1.576999999999999957e+00 1.209850000000000056e+29
1.631520000000000000e+13 2.555870000000000138e+31 9.719840000000000463e+36 1.580999999999999961e+00 1.184730000000000010e+29
1.583020000000000000e+13 2.460670000000000050e+31 9.431359999999999946e+36 1.584999999999999964e+00 1.159430000000000058e+29
1.534520000000000000e+13 2.366220000000000082e+31 9.142879999999999429e+36 1.588999999999999968e+00 1.133950000000000027e+29
1.486020000000000000e+13 2.272519999999999783e+31 8.854400000000000092e+36 1.594000000000000083e+00 1.108280000000000058e+29
1.437530000000000000e+13 2.179619999999999821e+31 8.565919999999999574e+36 1.598000000000000087e+00 1.082409999999999941e+29
1.389040000000000000e+13 2.087540000000000194e+31 8.277440000000000238e+36 1.602999999999999980e+00 1.056350000000000061e+29
1.340550000000000000e+13 1.996309999999999997e+31 7.988959999999999720e+36 1.608000000000000096e+00 1.030100000000000068e+29
1.292070000000000000e+13 1.905959999999999901e+31 7.700480000000000384e+36 1.612999999999999989e+00 1.003630000000000036e+29
1.243590000000000000e+13 1.816529999999999901e+31 7.411999999999999866e+36 1.616999999999999993e+00 9.769669999999999320e+28
1.195110000000000000e+13 1.728059999999999990e+31 7.123520000000000530e+36 1.622999999999999998e+00 9.500869999999999222e+28
1.146640000000000000e+13 1.640579999999999940e+31 6.835040000000000012e+36 1.627999999999999892e+00 9.229909999999999920e+28
1.098180000000000000e+13 1.554149999999999966e+31 6.546559999999999495e+36 1.633000000000000007e+00 8.956710000000000794e+28
1.049710000000000000e+13 1.468810000000000065e+31 6.258080000000000158e+36 1.637999999999999901e+00 8.681230000000000652e+28
1.001250000000000000e+13 1.384620000000000001e+31 5.969599999999999641e+36 1.643999999999999906e+00 8.403390000000000632e+28
9.527980000000000000e+12 1.301619999999999994e+31 5.681120000000000304e+36 1.649000000000000021e+00 8.123110000000000111e+28
9.043480000000000000e+12 1.219900000000000033e+31 5.392639999999999787e+36 1.653999999999999915e+00 7.840310000000000228e+28
8.559030000000000000e+12 1.139510000000000109e+31 5.104159999999999860e+36 1.659999999999999920e+00 7.554870000000000048e+28
8.074620000000000000e+12 1.060519999999999987e+31 4.815679999999999933e+36 1.665000000000000036e+00 7.266670000000000397e+28
7.590270000000000000e+12 9.830309999999999918e+30 4.527200000000000006e+36 1.669999999999999929e+00 6.975579999999999607e+28
7.105970000000000000e+12 9.071219999999999989e+30 4.238720000000000079e+36 1.675000000000000044e+00 6.681420000000000234e+28
6.621730000000000000e+12 8.328949999999999939e+30 3.950240000000000152e+36 1.679999999999999938e+00 6.383970000000000129e+28
6.137540000000000000e+12 7.604609999999999614e+30 3.661760000000000225e+36 1.685000000000000053e+00 6.082990000000000064e+28
5.653420000000000000e+12 6.899459999999999960e+30 3.373279999999999707e+36 1.687999999999999945e+00 5.778150000000000332e+28
5.169360000000000000e+12 6.214869999999999659e+30 3.084799999999999780e+36 1.691000000000000059e+00 5.469039999999999725e+28
4.685370000000000000e+12 5.552419999999999614e+30 2.796319999999999853e+36 1.693000000000000060e+00 5.155140000000000356e+28
4.201450000000000000e+12 4.913880000000000139e+30 2.507839999999999926e+36 1.693000000000000060e+00 4.835720000000000287e+28
3.717610000000000000e+12 4.301279999999999821e+30 2.219359999999999999e+36 1.689999999999999947e+00 4.509819999999999972e+28
3.233860000000000000e+12 3.716950000000000020e+30 1.930880000000000072e+36 1.683000000000000052e+00 4.176030000000000100e+28
2.750190000000000000e+12 3.163559999999999797e+30 1.642400000000000145e+36 1.671000000000000041e+00 3.832250000000000176e+28
2.266630000000000000e+12 2.644099999999999857e+30 1.353919999999999923e+36 1.649000000000000021e+00 3.475099999999999869e+28
1.783180000000000000e+12 2.161770000000000030e+30 1.065439999999999996e+36 1.612000000000000099e+00 3.098450000000000111e+28
1.299870000000000000e+12 1.718770000000000005e+30 7.769600000000000691e+35 1.550000000000000044e+00 2.689200000000000201e+28
4.299000000000000000e+11 7.805000000000000069e+29 2.572000000000000181e+35 1.330000000000000071e+00 1.506450000000000062e+28
4.188000000000000000e+11 7.537999999999999717e+29 2.505999999999999897e+35 1.330000000000000071e+00 1.455129999999999927e+28
3.325000000000000000e+11 5.815999999999999745e+29 1.990000000000000163e+35 1.330000000000000071e+00 1.165809999999999924e+28
2.640000000000000000e+11 4.472999999999999815e+29 1.581000000000000083e+35 1.330000000000000071e+00 9.297799999999999813e+27
2.096000000000000000e+11 3.289999999999999843e+29 1.256000000000000028e+35 1.330000000000000071e+00 6.841069999999999801e+27
1.844000000000000000e+11 2.892000000000000018e+29 1.105000000000000000e+35 1.330000000000000071e+00 6.221810000000000396e+27
1.664000000000000000e+11 2.597000000000000095e+29 9.975999999999999784e+34 1.330000000000000071e+00 3.996079999999999920e+27
1.322000000000000000e+11 2.033000000000000102e+29 7.923999999999999875e+34 1.330000000000000071e+00 3.293160000000000158e+27
1.049000000000000000e+11 1.494999999999999961e+29 6.294000000000000085e+34 1.330000000000000071e+00 2.422460000000000012e+27
8.332000000000000000e+10 1.100000000000000064e+29 4.999999999999999843e+34 1.330000000000000071e+00 1.782300000000000002e+27
6.617000000000000000e+10 8.088999999999999432e+28 3.971999999999999897e+34 1.330000000000000071e+00 1.311289999999999924e+27
5.254000000000000000e+10 5.949000000000000344e+28 3.155000000000000010e+34 1.330000000000000071e+00 9.646129999999999985e+26
4.172000000000000000e+10 4.628000000000000126e+28 2.505999999999999897e+34 1.330000000000000071e+00 7.875200000000000595e+26
3.313000000000000000e+10 3.403999999999999866e+28 1.989999999999999932e+34 1.330000000000000071e+00 5.791050000000000196e+26
2.631000000000000000e+10 2.502999999999999803e+28 1.580999999999999991e+34 1.330000000000000071e+00 4.261170000000000143e+26
2.090000000000000000e+10 1.938000000000000082e+28 1.255999999999999936e+34 1.330000000000000071e+00 3.451690000000000088e+26
1.659000000000000000e+10 1.425000000000000067e+28 9.976000000000000246e+33 1.330000000000000071e+00 2.538950000000000110e+26
1.318000000000000000e+10 1.048000000000000007e+28 7.924000000000000337e+33 1.330000000000000071e+00 1.867689999999999969e+26
1.046000000000000000e+10 7.701999999999999683e+27 6.294000000000000085e+33 1.330000000000000071e+00 1.373879999999999975e+26
8.312000000000000000e+09 5.662000000000000348e+27 4.999999999999999728e+33 1.330000000000000071e+00 1.010819999999999921e+26
6.601000000000000000e+09 4.362000000000000029e+27 3.972000000000000127e+33 1.330000000000000071e+00 8.130089999999999436e+25
4.164000000000000000e+09 2.356000000000000079e+27 2.505999999999999955e+33 1.330000000000000071e+00 4.399369999999999874e+25
2.626000000000000000e+09 1.272000000000000034e+27 1.580999999999999991e+33 1.330000000000000071e+00 2.380450000000000180e+25
1.657000000000000000e+09 6.859999999999999767e+26 9.975999999999999957e+32 1.330000000000000071e+00 1.288319999999999913e+25
1.316000000000000000e+09 5.036000000000000296e+26 7.924000000000000337e+32 1.330000000000000071e+00 9.477099999999999527e+24
1.045000000000000000e+09 4.128999999999999924e+26 6.293999999999999941e+32 1.330000000000000071e+00 6.794269999999999770e+24
8.301000000000000000e+08 3.039000000000000162e+26 4.999999999999999728e+32 1.330000000000000071e+00 4.998809999999999830e+24
5.237000000000000000e+08 1.628999999999999891e+26 3.154999999999999923e+32 1.330000000000000071e+00 2.705450000000000161e+24
3.304000000000000000e+08 8.737999999999999925e+25 1.990000000000000076e+32 1.330000000000000071e+00 1.463449999999999964e+24
2.624000000000000000e+08 6.675999999999999817e+25 1.580999999999999919e+32 1.330000000000000071e+00 1.123400000000000065e+24
1.315000000000000000e+08 2.603999999999999941e+25 7.923999999999999616e+31 1.330000000000000071e+00 4.472499999999999827e+23
6.589000000000000000e+07 1.006000000000000014e+25 3.972000000000000199e+31 1.330000000000000071e+00 1.780890000000000165e+23
3.302000000000000000e+07 3.832999999999999839e+24 1.989999999999999986e+31 1.330000000000000071e+00 7.086450000000000092e+22
1.655000000000000000e+07 1.435000000000000086e+24 9.975999999999999642e+30 1.330000000000000071e+00 2.822060000000000131e+22
8.293000000000000000e+06 5.250000000000000315e+23 4.999999999999999818e+30 1.330000000000000071e+00 1.123529999999999934e+22
6.588000000000000000e+06 3.910999999999999759e+23 3.972000000000000087e+30 1.330000000000000071e+00 8.163429999999999541e+21
2.622000000000000000e+06 9.754999999999999214e+22 1.581000000000000009e+30 1.330000000000000071e+00 2.390210000000000197e+21
1.044000000000000000e+06 2.318000000000000105e+22 6.293999999999999902e+29 1.330000000000000071e+00 6.999960000000000000e+20
4.156000000000000000e+05 5.265999999999999476e+21 2.505999999999999907e+29 1.330000000000000071e+00 2.050380000000000000e+20
1.654000000000000000e+05 1.151000000000000000e+21 9.976000000000000768e+28 1.330000000000000071e+00 6.004390000000000000e+19
6.587000000000000000e+04 2.431000000000000000e+20 3.972000000000000263e+28 1.330000000000000071e+00 1.758760000000000000e+19
2.622000000000000000e+04 4.968000000000000000e+19 1.581000000000000061e+28 1.330000000000000071e+00 5.149550000000000000e+18
1.044000000000000000e+04 9.744000000000000000e+18 6.294999999999999717e+27 1.330000000000000071e+00 1.508420000000000000e+18
