9.839462835900000000e+15 7.962897331600000335e+36 1.998319999999999984e+39 1.000000000000000000e+00 0.000000000000000000e+00
9.790285761400000000e+15 7.918637964500000353e+36 1.993319999999999849e+39 1.000000000000000000e+00 0.000000000000000000e+00
9.741231887000000000e+15 7.874489477500000547e+36 1.988320000000000016e+39 1.000000000000000000e+00 0.000000000000000000e+00
9.692301212700000000e+15 7.830451870700000568e+36 1.983319999999999881e+39 1.000000000000000000e+00 0.000000000000000000e+00
9.643493738700000000e+15 7.786525144100000417e+36 1.978320000000000049e+39 1.000000000000000000e+00 0.000000000000000000e+00
9.594809464800000000e+15 7.742709297600000440e+36 1.973319999999999914e+39 1.000000000000000000e+00 0.000000000000000000e+00
9.546248391100000000e+15 7.699004331199999459e+36 1.968320000000000081e+39 1.000000000000000000e+00 0.000000000000000000e+00
9.497810517600000000e+15 7.655410245100000318e+36 1.963319999999999946e+39 1.000000000000000000e+00 0.000000000000000000e+00
9.449495844200000000e+15 7.611927039000000519e+36 1.958320000000000113e+39 1.000000000000000000e+00 0.000000000000000000e+00
9.401304371000000000e+15 7.568554713200000200e+36 1.953319999999999978e+39 1.000000000000000000e+00 0.000000000000000000e+00
9.353236098000000000e+15 7.525293267500000057e+36 1.948320000000000146e+39 1.000000000000000000e+00 0.000000000000000000e+00
9.305291025200000000e+15 7.482142701900000088e+36 1.943320000000000011e+39 1.000000000000000000e+00 0.000000000000000000e+00
9.257469152500000000e+15 7.439103016499999947e+36 1.938319999999999876e+39 1.000000000000000000e+00 0.000000000000000000e+00
9.209770480000000000e+15 7.396174211299999633e+36 1.933320000000000043e+39 1.000000000000000000e+00 0.000000000000000000e+00
9.162195007700000000e+15 7.353356286199999494e+36 1.928319999999999908e+39 1.000000000000000000e+00 0.000000000000000000e+00
9.114742735600000000e+15 7.310649241300000364e+36 1.923320000000000075e+39 1.000000000000000000e+00 0.000000000000000000e+00
9.067413663600000000e+15 7.268053076500000228e+36 1.918319999999999940e+39 1.000000000000000000e+00 0.000000000000000000e+00
9.020207791900000000e+15 7.225567791899999919e+36 1.913320000000000108e+39 1.000000000000000000e+00 0.000000000000000000e+00
8.973125120300000000e+15 7.183193387499999437e+36 1.908319999999999973e+39 1.000000000000000000e+00 0.000000000000000000e+00
8.926165648800000000e+15 7.140929863200000312e+36 1.903320000000000140e+39 1.000000000000000000e+00 0.000000000000000000e+00
8.879329377600000000e+15 7.098777219099999833e+36 1.898320000000000005e+39 1.000000000000000000e+00 0.000000000000000000e+00
8.832616306500000000e+15 7.056735455099999529e+36 1.893319999999999870e+39 1.000000000000000000e+00 0.000000000000000000e+00
8.786026435600000000e+15 7.014804571300000234e+36 1.888320000000000037e+39 1.000000000000000000e+00 0.000000000000000000e+00
8.739559764800000000e+15 6.972984567599999933e+36 1.883319999999999903e+39 1.000000000000000000e+00 0.000000000000000000e+00
8.693216294300000000e+15 6.931275444099999459e+36 1.878320000000000070e+39 1.000000000000000000e+00 0.000000000000000000e+00
8.646996023900000000e+15 6.889677200799999993e+36 1.873319999999999935e+39 1.000000000000000000e+00 0.000000000000000000e+00
8.600898953700000000e+15 6.848189837599999522e+36 1.868320000000000102e+39 1.000000000000000000e+00 0.000000000000000000e+00
8.554925083700000000e+15 6.806813354600000059e+36 1.863319999999999967e+39 1.000000000000000000e+00 0.000000000000000000e+00
8.509074413800000000e+15 6.765547751699999590e+36 1.858320000000000134e+39 1.000000000000000000e+00 0.000000000000000000e+00
8.463346944100000000e+15 6.724393029000000130e+36 1.853320000000000000e+39 1.000000000000000000e+00 0.000000000000000000e+00
8.417742674600000000e+15 6.683349186399999664e+36 1.848319999999999865e+39 1.000000000000000000e+00 0.000000000000000000e+00
8.372261605300000000e+15 6.642416224000000205e+36 1.843320000000000032e+39 1.000000000000000000e+00 0.000000000000000000e+00
8.326903736100000000e+15 6.601594141800000575e+36 1.838319999999999897e+39 1.000000000000000000e+00 0.000000000000000000e+00
8.281669067100000000e+15 6.560882939699999939e+36 1.833320000000000064e+39 1.000000000000000000e+00 0.000000000000000000e+00
8.236557598300000000e+15 6.520282617800000310e+36 1.828319999999999929e+39 1.000000000000000000e+00 0.000000000000000000e+00
8.191569329700000000e+15 6.479793175999999677e+36 1.823320000000000097e+39 1.000000000000000000e+00 0.000000000000000000e+00
8.146704261200000000e+15 6.439414614400000051e+36 1.818319999999999962e+39 1.000000000000000000e+00 0.000000000000000000e+00
8.101962392900000000e+15 6.399146932899999420e+36 1.813320000000000129e+39 1.000000000000000000e+00 0.000000000000000000e+00
8.057343724800000000e+15 6.358990131599999797e+36 1.808319999999999994e+39 1.000000000000000000e+00 0.000000000000000000e+00
8.012848256900000000e+15 6.318944210500000001e+36 1.803319999999999859e+39 1.000000000000000000e+00 0.000000000000000000e+00
7.968475989100000000e+15 6.279009169500000381e+36 1.798320000000000026e+39 1.000000000000000000e+00 0.000000000000000000e+00
7.924226921500000000e+15 6.239185008700000588e+36 1.793319999999999891e+39 1.000000000000000000e+00 0.000000000000000000e+00
7.880101054100000000e+15 6.199471727999999789e+36 1.788320000000000059e+39 1.000000000000000000e+00 0.000000000000000000e+00
7.836098386900000000e+15 6.159869327499999999e+36 1.783319999999999924e+39 1.000000000000000000e+00 0.000000000000000000e+00
7.792218919800000000e+15 6.120377807100000383e+36 1.778320000000000091e+39 1.000000000000000000e+00 0.000000000000000000e+00
7.748462652900000000e+15 6.080997166899999415e+36 1.773319999999999956e+39 1.000000000000000000e+00 0.000000000000000000e+00
7.704829586200000000e+15 6.041727406899999454e+36 1.768320000000000123e+39 1.000000000000000000e+00 0.000000000000000000e+00
7.661319719700000000e+15 6.002568526999999669e+36 1.763319999999999988e+39 1.000000000000000000e+00 0.000000000000000000e+00
7.617933053300000000e+15 5.963520527299999710e+36 1.758319999999999853e+39 1.000000000000000000e+00 0.000000000000000000e+00
7.574669587100000000e+15 5.924583407699999928e+36 1.753320000000000021e+39 1.000000000000000000e+00 0.000000000000000000e+00
7.531529321100000000e+15 5.885757168299999972e+36 1.748319999999999886e+39 1.000000000000000000e+00 0.000000000000000000e+00
7.488512255300000000e+15 5.847041809000000192e+36 1.743320000000000053e+39 1.000000000000000000e+00 0.000000000000000000e+00
7.445618389600000000e+15 5.808437329900000239e+36 1.738319999999999918e+39 1.000000000000000000e+00 0.000000000000000000e+00
7.402847724100000000e+15 5.769943731000000113e+36 1.733320000000000085e+39 1.000000000000000000e+00 0.000000000000000000e+00
7.360200258800000000e+15 5.731561012200000163e+36 1.728319999999999950e+39 1.000000000000000000e+00 0.000000000000000000e+00
7.317675993700000000e+15 5.693289173600000040e+36 1.723320000000000118e+39 1.000000000000000000e+00 0.000000000000000000e+00
7.275274928700000000e+15 5.655128215100000092e+36 1.718319999999999983e+39 1.000000000000000000e+00 0.000000000000000000e+00
7.232997063900000000e+15 5.617078136799999971e+36 1.713320000000000150e+39 1.000000000000000000e+00 0.000000000000000000e+00
7.190842399300000000e+15 5.579138938699999678e+36 1.708320000000000015e+39 1.000000000000000000e+00 0.000000000000000000e+00
7.148810934900000000e+15 5.541310620699999560e+36 1.703319999999999880e+39 1.000000000000000000e+00 0.000000000000000000e+00
7.106902670600000000e+15 5.503593182799999617e+36 1.698320000000000047e+39 1.000000000000000000e+00 0.000000000000000000e+00
7.065117606500000000e+15 5.465986625099999502e+36 1.693319999999999912e+39 1.000000000000000000e+00 0.000000000000000000e+00
7.023455742600000000e+15 5.428490947600000395e+36 1.688320000000000080e+39 1.000000000000000000e+00 0.000000000000000000e+00
6.981917078900000000e+15 5.391106150200000282e+36 1.683319999999999945e+39 1.000000000000000000e+00 0.000000000000000000e+00
6.940501615300000000e+15 5.353832232999999996e+36 1.678320000000000112e+39 1.000000000000000000e+00 0.000000000000000000e+00
6.899209351900000000e+15 5.316669196000000128e+36 1.673319999999999977e+39 1.000000000000000000e+00 0.000000000000000000e+00
6.858040288700000000e+15 5.279617039099999845e+36 1.668320000000000144e+39 1.000000000000000000e+00 0.000000000000000000e+00
6.816994425700000000e+15 5.242675762399999980e+36 1.663320000000000009e+39 1.000000000000000000e+00 0.000000000000000000e+00
6.776071762800000000e+15 5.205845365800000290e+36 1.658319999999999875e+39 1.000000000000000000e+00 0.000000000000000000e+00
6.735272300100000000e+15 5.169125849399999837e+36 1.653320000000000042e+39 1.000000000000000000e+00 0.000000000000000000e+00
6.694596037600000000e+15 5.132517213100000150e+36 1.648319999999999907e+39 1.000000000000000000e+00 0.000000000000000000e+00
6.654042975200000000e+15 5.096019457000000289e+36 1.643320000000000074e+39 1.000000000000000000e+00 0.000000000000000000e+00
6.613613113100000000e+15 5.059632581000000014e+36 1.638319999999999939e+39 1.000000000000000000e+00 0.000000000000000000e+00
6.573306451100000000e+15 5.023356585200000157e+36 1.633320000000000106e+39 1.000000000000000000e+00 0.000000000000000000e+00
6.533122989300000000e+15 4.987191469600000126e+36 1.628319999999999972e+39 1.000000000000000000e+00 0.000000000000000000e+00
6.493062727600000000e+15 4.951137234100000271e+36 1.623320000000000139e+39 1.000000000000000000e+00 0.000000000000000000e+00
6.453125666100000000e+15 4.915193878800000244e+36 1.618320000000000004e+39 1.000000000000000000e+00 0.000000000000000000e+00
6.413311804900000000e+15 4.879361403599999801e+36 1.613319999999999869e+39 1.000000000000000000e+00 0.000000000000000000e+00
6.373621143700000000e+15 4.843639808599999776e+36 1.608320000000000036e+39 1.000000000000000000e+00 0.000000000000000000e+00
6.334053682800000000e+15 4.808029093800000168e+36 1.603319999999999901e+39 1.000000000000000000e+00 0.000000000000000000e+00
6.294609422000000000e+15 4.772529259100000146e+36 1.598320000000000069e+39 1.000000000000000000e+00 0.000000000000000000e+00
6.255288361400000000e+15 4.737140304599999951e+36 1.593319999999999934e+39 1.000000000000000000e+00 0.000000000000000000e+00
6.216090501000000000e+15 4.701862230199999931e+36 1.588320000000000101e+39 1.000000000000000000e+00 0.000000000000000000e+00
6.177015840800000000e+15 4.666695035999999738e+36 1.583319999999999966e+39 1.000000000000000000e+00 0.000000000000000000e+00
6.138064380700000000e+15 4.631638721899999721e+36 1.578320000000000133e+39 1.000000000000000000e+00 0.000000000000000000e+00
6.099236120800000000e+15 4.596693288000000121e+36 1.573319999999999998e+39 1.000000000000000000e+00 0.000000000000000000e+00
6.060531061100000000e+15 4.561858734200000106e+36 1.568319999999999863e+39 1.000000000000000000e+00 0.000000000000000000e+00
6.021949201500000000e+15 4.527135060599999918e+36 1.563320000000000031e+39 1.000000000000000000e+00 0.000000000000000000e+00
5.983490542200000000e+15 4.492522267200000148e+36 1.558319999999999896e+39 1.000000000000000000e+00 0.000000000000000000e+00
5.945155083000000000e+15 4.458020353899999964e+36 1.553320000000000063e+39 1.000000000000000000e+00 0.000000000000000000e+00
5.906942824000000000e+15 4.423629320800000196e+36 1.548319999999999928e+39 1.000000000000000000e+00 0.000000000000000000e+00
5.868853765100000000e+15 4.389349167900000256e+36 1.543320000000000095e+39 1.000000000000000000e+00 0.000000000000000000e+00
5.830887906400000000e+15 4.355179895099999901e+36 1.538319999999999960e+39 1.000000000000000000e+00 0.000000000000000000e+00
5.793045247900000000e+15 4.321121502399999721e+36 1.533320000000000128e+39 1.000000000000000000e+00 0.000000000000000000e+00
5.755325789600000000e+15 4.287173989899999959e+36 1.528319999999999993e+39 1.000000000000000000e+00 0.000000000000000000e+00
5.717729531500000000e+15 4.253337357600000024e+36 1.523319999999999858e+39 1.000000000000000000e+00 0.000000000000000000e+00
5.680256473500000000e+15 4.219611605400000265e+36 1.518320000000000025e+39 1.000000000000000000e+00 0.000000000000000000e+00
5.642906615700000000e+15 4.185996733399999742e+36 1.513319999999999890e+39 1.000000000000000000e+00 0.000000000000000000e+00
5.605679958100000000e+15 4.152492741499999985e+36 1.508320000000000057e+39 1.000000000000000000e+00 0.000000000000000000e+00
5.568576500600000000e+15 4.119099629800000055e+36 1.503319999999999922e+39 1.000000000000000000e+00 0.000000000000000000e+00
5.531596243400000000e+15 4.085817398299999953e+36 1.498320000000000090e+39 1.000000000000000000e+00 0.000000000000000000e+00
5.494739186300000000e+15 4.052646046900000026e+36 1.493319999999999955e+39 1.000000000000000000e+00 0.000000000000000000e+00
5.458005329300000000e+15 4.019585575699999926e+36 1.488320000000000122e+39 1.000000000000000000e+00 0.000000000000000000e+00
5.421394672600000000e+15 3.986635984600000001e+36 1.483319999999999987e+39 1.000000000000000000e+00 0.000000000000000000e+00
5.384907216000000000e+15 3.953797273699999904e+36 1.478319999999999852e+39 1.000000000000000000e+00 0.000000000000000000e+00
5.348542959600000000e+15 3.921069442899999982e+36 1.473320000000000019e+39 1.000000000000000000e+00 0.000000000000000000e+00
5.312301903400000000e+15 3.888452492299999887e+36 1.468319999999999884e+39 1.000000000000000000e+00 0.000000000000000000e+00
5.276184047300000000e+15 3.855946421900000210e+36 1.463320000000000052e+39 1.000000000000000000e+00 0.000000000000000000e+00
5.240189391500000000e+15 3.823551231600000118e+36 1.458319999999999917e+39 1.000000000000000000e+00 0.000000000000000000e+00
5.204317935800000000e+15 3.791266921499999853e+36 1.453320000000000084e+39 1.000000000000000000e+00 0.000000000000000000e+00
5.168569680200000000e+15 3.759093491499999764e+36 1.448319999999999949e+39 1.000000000000000000e+00 0.000000000000000000e+00
5.132944624900000000e+15 3.727030941700000092e+36 1.443320000000000116e+39 1.000000000000000000e+00 0.000000000000000000e+00
5.097442769700000000e+15 3.695079272000000005e+36 1.438319999999999981e+39 1.000000000000000000e+00 0.000000000000000000e+00
5.062064114700000000e+15 3.663238482499999745e+36 1.433320000000000149e+39 1.000000000000000000e+00 0.000000000000000000e+00
5.026808659900000000e+15 3.631508573199999903e+36 1.428320000000000014e+39 1.000000000000000000e+00 0.000000000000000000e+00
4.991676405200000000e+15 3.599889544000000237e+36 1.423319999999999879e+39 1.000000000000000000e+00 0.000000000000000000e+00
4.956667350800000000e+15 3.568381394999999807e+36 1.418320000000000046e+39 1.000000000000000000e+00 0.000000000000000000e+00
4.921781496500000000e+15 3.536984126100000143e+36 1.413319999999999911e+39 1.000000000000000000e+00 0.000000000000000000e+00
4.887018842300000000e+15 3.505697737399999715e+36 1.408320000000000078e+39 1.000000000000000000e+00 0.000000000000000000e+00
4.852379388400000000e+15 3.474522228800000054e+36 1.403319999999999944e+39 1.000000000000000000e+00 0.000000000000000000e+00
4.817863134600000000e+15 3.443457600400000219e+36 1.398320000000000111e+39 1.000000000000000000e+00 0.000000000000000000e+00
4.783470081000000000e+15 3.412503852200000212e+36 1.393319999999999976e+39 1.000000000000000000e+00 0.000000000000000000e+00
4.749200227600000000e+15 3.381660984099999790e+36 1.388320000000000143e+39 1.000000000000000000e+00 0.000000000000000000e+00
4.715053574300000000e+15 3.350928996199999786e+36 1.383320000000000008e+39 1.000000000000000000e+00 0.000000000000000000e+00
4.681030121300000000e+15 3.320307888399999957e+36 1.378319999999999873e+39 1.000000000000000000e+00 0.000000000000000000e+00
4.647129868400000000e+15 3.289797660799999955e+36 1.373320000000000041e+39 1.000000000000000000e+00 0.000000000000000000e+00
4.613352815600000000e+15 3.259398313300000128e+36 1.368319999999999906e+39 1.000000000000000000e+00 0.000000000000000000e+00
4.579698963100000000e+15 3.229109846000000129e+36 1.363320000000000073e+39 1.000000000000000000e+00 0.000000000000000000e+00
4.546168310700000000e+15 3.198932258899999957e+36 1.358319999999999938e+39 1.000000000000000000e+00 0.000000000000000000e+00
4.512760858500000000e+15 3.168865551899999960e+36 1.353319999999999954e+39 1.000000000000000000e+00 0.000000000000000000e+00
4.479476606500000000e+15 3.138909725099999791e+36 1.348319999999999970e+39 1.000000000000000000e+00 0.000000000000000000e+00
4.446315554600000000e+15 3.109064778399999797e+36 1.343319999999999986e+39 1.000000000000000000e+00 0.000000000000000000e+00
4.413277702900000000e+15 3.079330711900000220e+36 1.338320000000000003e+39 1.000000000000000000e+00 0.000000000000000000e+00
4.380363051400000000e+15 3.049707525599999881e+36 1.333320000000000019e+39 1.000000000000000000e+00 0.000000000000000000e+00
4.347571600100000000e+15 3.020195219399999716e+36 1.328320000000000035e+39 1.000000000000000000e+00 0.000000000000000000e+00
4.314903349000000000e+15 2.990793793299999727e+36 1.323320000000000051e+39 1.000000000000000000e+00 0.000000000000000000e+00
4.282358298000000000e+15 2.961503247400000156e+36 1.318320000000000067e+39 1.000000000000000000e+00 0.000000000000000000e+00
4.249936447200000000e+15 2.932323581699999822e+36 1.313319999999999932e+39 1.000000000000000000e+00 0.000000000000000000e+00
4.217637796500000000e+15 2.903254796199999905e+36 1.308319999999999949e+39 1.000000000000000000e+00 0.000000000000000000e+00
4.185462346100000000e+15 2.874296890699999921e+36 1.303319999999999965e+39 1.000000000000000000e+00 0.000000000000000000e+00
4.153410095800000000e+15 2.845449865500000007e+36 1.298319999999999981e+39 1.000000000000000000e+00 0.000000000000000000e+00
4.121481045700000000e+15 2.816713720400000268e+36 1.293319999999999997e+39 1.000000000000000000e+00 0.000000000000000000e+00
4.089675195800000000e+15 2.788088455499999766e+36 1.288320000000000013e+39 1.000000000000000000e+00 0.000000000000000000e+00
4.057992546000000000e+15 2.759574070700000030e+36 1.283320000000000029e+39 1.000000000000000000e+00 0.000000000000000000e+00
4.026433096400000000e+15 2.731170566100000121e+36 1.278320000000000046e+39 1.000000000000000000e+00 0.000000000000000000e+00
3.994996847000000000e+15 2.702877941599999797e+36 1.273320000000000062e+39 1.000000000000000000e+00 0.000000000000000000e+00
3.963683797800000000e+15 2.674696197299999890e+36 1.268319999999999927e+39 1.000000000000000000e+00 0.000000000000000000e+00
3.932493948700000000e+15 2.646625333099999864e+36 1.263319999999999943e+39 1.000000000000000000e+00 0.000000000000000000e+00
3.901427299900000000e+15 2.618665349099999960e+36 1.258319999999999959e+39 1.000000000000000000e+00 0.000000000000000000e+00
3.870483851200000000e+15 2.590816245299999883e+36 1.253319999999999975e+39 1.000000000000000000e+00 0.000000000000000000e+00
3.839663602600000000e+15 2.563078021599999982e+36 1.248319999999999991e+39 1.000000000000000000e+00 0.000000000000000000e+00
3.808966554300000000e+15 2.535450678099999908e+36 1.243320000000000008e+39 1.000000000000000000e+00 0.000000000000000000e+00
3.778392706100000000e+15 2.507934214700000009e+36 1.238320000000000024e+39 1.000000000000000000e+00 0.000000000000000000e+00
3.747942058100000000e+15 2.480528631499999938e+36 1.233320000000000040e+39 1.000000000000000000e+00 0.000000000000000000e+00
3.717614610200000000e+15 2.453233928499999989e+36 1.228320000000000056e+39 1.000000000000000000e+00 0.000000000000000000e+00
3.687410362600000000e+15 2.426050105599999920e+36 1.223320000000000072e+39 1.000000000000000000e+00 0.000000000000000000e+00
3.657329315100000000e+15 2.398977162899999974e+36 1.218319999999999937e+39 1.000000000000000000e+00 0.000000000000000000e+00
3.627371467800000000e+15 2.372015100299999907e+36 1.213319999999999953e+39 1.000000000000000000e+00 0.000000000000000000e+00
3.597536820700000000e+15 2.345163917899999964e+36 1.208319999999999970e+39 1.000000000000000000e+00 0.000000000000000000e+00
3.567825373700000000e+15 2.318423615599999900e+36 1.203319999999999986e+39 1.000000000000000000e+00 0.000000000000000000e+00
3.538237126900000000e+15 2.291794193499999959e+36 1.198320000000000002e+39 1.000000000000000000e+00 0.000000000000000000e+00
3.508772080300000000e+15 2.265275651499999898e+36 1.193320000000000018e+39 1.000000000000000000e+00 0.000000000000000000e+00
3.479430233900000000e+15 2.238867989799999906e+36 1.188320000000000034e+39 1.000000000000000000e+00 0.000000000000000000e+00
3.450211587600000000e+15 2.212571208100000143e+36 1.183320000000000050e+39 1.000000000000000000e+00 0.000000000000000000e+00
3.421116141500000000e+15 2.186385306599999911e+36 1.178320000000000067e+39 1.000000000000000000e+00 0.000000000000000000e+00
3.392143895600000000e+15 2.160310285300000098e+36 1.173319999999999932e+39 1.000000000000000000e+00 0.000000000000000000e+00
3.363294849900000000e+15 2.134346144200000111e+36 1.168319999999999948e+39 1.000000000000000000e+00 0.000000000000000000e+00
3.334569004300000000e+15 2.108492883200000005e+36 1.163319999999999964e+39 1.000000000000000000e+00 0.000000000000000000e+00
3.305966358900000000e+15 2.082750502300000074e+36 1.158319999999999980e+39 1.000000000000000000e+00 0.000000000000000000e+00
3.277486913700000000e+15 2.057119001599999971e+36 1.153319999999999996e+39 1.000000000000000000e+00 0.000000000000000000e+00
3.249130668700000000e+15 2.031598381099999990e+36 1.148320000000000013e+39 1.000000000000000000e+00 0.000000000000000000e+00
3.220897623800000000e+15 2.006188640699999888e+36 1.143320000000000029e+39 1.000000000000000000e+00 0.000000000000000000e+00
3.192787779100000000e+15 1.980889780499999910e+36 1.138320000000000045e+39 1.000000000000000000e+00 0.000000000000000000e+00
3.164801134600000000e+15 1.955701800400000107e+36 1.133320000000000061e+39 1.000000000000000000e+00 0.000000000000000000e+00
3.136937690300000000e+15 1.930624700500000131e+36 1.128319999999999926e+39 1.000000000000000000e+00 0.000000000000000000e+00
3.109197446100000000e+15 1.905658480799999982e+36 1.123319999999999942e+39 1.000000000000000000e+00 0.000000000000000000e+00
3.081580402200000000e+15 1.880803141200000008e+36 1.118319999999999958e+39 1.000000000000000000e+00 0.000000000000000000e+00
3.054086558300000000e+15 1.856058681799999862e+36 1.113319999999999975e+39 1.000000000000000000e+00 0.000000000000000000e+00
3.026715914700000000e+15 1.831425102499999891e+36 1.108319999999999991e+39 1.000000000000000000e+00 0.000000000000000000e+00
2.999468471200000000e+15 1.806902403400000043e+36 1.103320000000000007e+39 1.000000000000000000e+00 0.000000000000000000e+00
2.972344228000000000e+15 1.782490584400000075e+36 1.098320000000000023e+39 1.000000000000000000e+00 0.000000000000000000e+00
2.945343184800000000e+15 1.758189645599999934e+36 1.093320000000000039e+39 1.000000000000000000e+00 0.000000000000000000e+00
2.918465341900000000e+15 1.733999586999999915e+36 1.088320000000000055e+39 1.000000000000000000e+00 0.000000000000000000e+00
2.891710699100000000e+15 1.709920408500000072e+36 1.083320000000000072e+39 1.000000000000000000e+00 0.000000000000000000e+00
2.865079256600000000e+15 1.685952110200000056e+36 1.078319999999999937e+39 1.000000000000000000e+00 0.000000000000000000e+00
2.838571014100000000e+15 1.662094691999999920e+36 1.073319999999999953e+39 1.000000000000000000e+00 0.000000000000000000e+00
2.812185971900000000e+15 1.638348153999999907e+36 1.068319999999999969e+39 1.000000000000000000e+00 0.000000000000000000e+00
2.785924129800000000e+15 1.614712496100000069e+36 1.063319999999999985e+39 1.000000000000000000e+00 0.000000000000000000e+00
2.759785487900000000e+15 1.591187718400000058e+36 1.058320000000000001e+39 1.000000000000000000e+00 0.000000000000000000e+00
2.733770046200000000e+15 1.567773820899999874e+36 1.053320000000000018e+39 1.000000000000000000e+00 0.000000000000000000e+00
2.707877804700000000e+15 1.544470803499999866e+36 1.048320000000000034e+39 1.000000000000000000e+00 0.000000000000000000e+00
2.682108763300000000e+15 1.521278666299999980e+36 1.043320000000000050e+39 1.000000000000000000e+00 0.000000000000000000e+00
2.656462922100000000e+15 1.498197409199999975e+36 1.038320000000000066e+39 1.000000000000000000e+00 0.000000000000000000e+00
2.630940281100000000e+15 1.475227032300000091e+36 1.033319999999999931e+39 1.000000000000000000e+00 0.000000000000000000e+00
2.605540840300000000e+15 1.452367535500000088e+36 1.028319999999999947e+39 1.000000000000000000e+00 0.000000000000000000e+00
2.580264599600000000e+15 1.429618918899999913e+36 1.023319999999999963e+39 1.000000000000000000e+00 0.000000000000000000e+00
2.555111559100000000e+15 1.406981182499999859e+36 1.018319999999999980e+39 1.000000000000000000e+00 0.000000000000000000e+00
2.530081718800000000e+15 1.384454326199999981e+36 1.013319999999999996e+39 1.000000000000000000e+00 0.000000000000000000e+00
2.505175078700000000e+15 1.362038350099999930e+36 1.008320000000000012e+39 1.000000000000000000e+00 0.000000000000000000e+00
2.480391638700000000e+15 1.339733254100000055e+36 1.003320000000000028e+39 1.000000000000000000e+00 0.000000000000000000e+00
2.455741238400000000e+15 1.317547893799999965e+36 9.983220000000000672e+38 1.000000000000000000e+00 0.000000000000000000e+00
2.431204149500000000e+15 1.295464513800000019e+36 9.933219999999999322e+38 1.000000000000000000e+00 0.000000000000000000e+00
2.406790260800000000e+15 1.273492013899999954e+36 9.883219999999999484e+38 1.000000000000000000e+00 0.000000000000000000e+00
2.382499572200000000e+15 1.251630394299999958e+36 9.833219999999999646e+38 1.000000000000000000e+00 0.000000000000000000e+00
2.358332083800000000e+15 1.229879654700000042e+36 9.783219999999999807e+38 1.000000000000000000e+00 0.000000000000000000e+00
2.334287795600000000e+15 1.208239795299999954e+36 9.733219999999999969e+38 1.000000000000000000e+00 0.000000000000000000e+00
2.310366707600000000e+15 1.186710816099999989e+36 9.683220000000000131e+38 1.000000000000000000e+00 0.000000000000000000e+00
2.286568819800000000e+15 1.165292717099999998e+36 9.633220000000000292e+38 1.000000000000000000e+00 0.000000000000000000e+00
2.262894132100000000e+15 1.143985498200000035e+36 9.583220000000000454e+38 1.000000000000000000e+00 0.000000000000000000e+00
2.239342644600000000e+15 1.122789159399999952e+36 9.533220000000000616e+38 1.000000000000000000e+00 0.000000000000000000e+00
2.215914357300000000e+15 1.101703700799999991e+36 9.483219999999999266e+38 1.000000000000000000e+00 0.000000000000000000e+00
2.192609270100000000e+15 1.080729122400000006e+36 9.433219999999999428e+38 1.000000000000000000e+00 0.000000000000000000e+00
2.169427383200000000e+15 1.059865424100000048e+36 9.383219999999999590e+38 1.000000000000000000e+00 0.000000000000000000e+00
2.146368696400000000e+15 1.039112606000000065e+36 9.333219999999999751e+38 1.000000000000000000e+00 0.000000000000000000e+00
2.123433209700000000e+15 1.018470667999999962e+36 9.283219999999999913e+38 1.000000000000000000e+00 0.000000000000000000e+00
2.100620923300000000e+15 9.979396102199999415e+35 9.233220000000000075e+38 1.000000000000000000e+00 0.000000000000000000e+00
2.077931837000000000e+15 9.775194325800000160e+35 9.183220000000000236e+38 1.000000000000000000e+00 0.000000000000000000e+00
2.055365950900000000e+15 9.572101350899999443e+35 9.133220000000000398e+38 1.000000000000000000e+00 0.000000000000000000e+00
2.032923265000000000e+15 9.370117177500000215e+35 9.083220000000000560e+38 1.000000000000000000e+00 0.000000000000000000e+00
2.010603779200000000e+15 9.169241805800000599e+35 9.033220000000000721e+38 1.000000000000000000e+00 0.000000000000000000e+00
1.988407493700000000e+15 8.969475235599999520e+35 8.983219999999999372e+38 1.000000000000000000e+00 0.000000000000000000e+00
1.966334408300000000e+15 8.770817467000000467e+35 8.933219999999999534e+38 1.000000000000000000e+00 0.000000000000000000e+00
1.944384523000000000e+15 8.573268500000000488e+35 8.883219999999999695e+38 1.000000000000000000e+00 0.000000000000000000e+00
1.922557838000000000e+15 8.376828334500000523e+35 8.833219999999999857e+38 1.000000000000000000e+00 0.000000000000000000e+00
1.900854353100000000e+15 8.181496970599999632e+35 8.783220000000000019e+38 1.000000000000000000e+00 0.000000000000000000e+00
1.879274068400000000e+15 7.987274408299999291e+35 8.733220000000000180e+38 1.000000000000000000e+00 0.000000000000000000e+00
1.857816983900000000e+15 7.794160647599999501e+35 8.683220000000000342e+38 1.000000000000000000e+00 0.000000000000000000e+00
1.836483099500000000e+15 7.602155688399999724e+35 8.633220000000000504e+38 1.000000000000000000e+00 0.000000000000000000e+00
1.815272415400000000e+15 7.411259530800000497e+35 8.583220000000000666e+38 1.000000000000000000e+00 0.000000000000000000e+00
1.794184931400000000e+15 7.221472174800000344e+35 8.533219999999999316e+38 1.000000000000000000e+00 0.000000000000000000e+00
1.773220647500000000e+15 7.032793620399999267e+35 8.483219999999999478e+38 1.000000000000000000e+00 0.000000000000000000e+00
1.752379563900000000e+15 6.845223867499999678e+35 8.433219999999999639e+38 1.000000000000000000e+00 0.000000000000000000e+00
1.731661680400000000e+15 6.658762916200000639e+35 8.383219999999999801e+38 1.000000000000000000e+00 0.000000000000000000e+00
1.711066997100000000e+15 6.473410766499999937e+35 8.333219999999999963e+38 1.000000000000000000e+00 0.000000000000000000e+00
1.690595514000000000e+15 6.289167418399999785e+35 8.283220000000000124e+38 1.000000000000000000e+00 0.000000000000000000e+00
1.670247231000000000e+15 6.106032871799999647e+35 8.233220000000000286e+38 1.000000000000000000e+00 0.000000000000000000e+00
1.650022148200000000e+15 5.924007126800000058e+35 8.183220000000000448e+38 1.000000000000000000e+00 0.000000000000000000e+00
1.629920265600000000e+15 5.743090183299999745e+35 8.133220000000000610e+38 3.544529262100000189e+00 0.000000000000000000e+00
1.616019799900000000e+15 5.618921417299999965e+35 8.083219999999999260e+38 3.544529262100000189e+00 0.000000000000000000e+00
1.602204006500000000e+15 5.496691711700000359e+35 8.033219999999999422e+38 3.544529262100000189e+00 0.000000000000000000e+00
1.588472077900000000e+15 5.376382572199999635e+35 7.983219999999999583e+38 3.544529262100000189e+00 0.000000000000000000e+00
1.574823209100000000e+15 5.257975567100000191e+35 7.933219999999999745e+38 3.544529262100000189e+00 0.000000000000000000e+00
1.561256598000000000e+15 5.141452327300000002e+35 7.883219999999999907e+38 3.544529262100000189e+00 0.000000000000000000e+00
1.547771445300000000e+15 5.026794546799999732e+35 7.833220000000000068e+38 3.544529262100000189e+00 0.000000000000000000e+00
1.534366954500000000e+15 4.913983982500000182e+35 7.783220000000000230e+38 3.544529262100000189e+00 0.000000000000000000e+00
1.521042331500000000e+15 4.803002454900000156e+35 7.733220000000000392e+38 3.544529262100000189e+00 0.000000000000000000e+00
1.507796785400000000e+15 4.693831847800000004e+35 7.683220000000000554e+38 3.544529262100000189e+00 0.000000000000000000e+00
1.494629527900000000e+15 4.586454108499999753e+35 7.633220000000000715e+38 3.544529262100000189e+00 0.000000000000000000e+00
1.481539773400000000e+15 4.480851248599999715e+35 7.583219999999999366e+38 3.544529262100000189e+00 0.000000000000000000e+00
1.468526739300000000e+15 4.377005343400000215e+35 7.533219999999999527e+38 3.544529262100000189e+00 0.000000000000000000e+00
1.455589645600000000e+15 4.274898532600000185e+35 7.483219999999999689e+38 3.544529262100000189e+00 0.000000000000000000e+00
1.442727715400000000e+15 4.174513020099999780e+35 7.433219999999999851e+38 3.544529262100000189e+00 0.000000000000000000e+00
1.429940174200000000e+15 4.075831074699999716e+35 7.383220000000000012e+38 3.544529262100000189e+00 0.000000000000000000e+00
1.417226250600000000e+15 3.978835029999999991e+35 7.333220000000000174e+38 3.544529262100000189e+00 0.000000000000000000e+00
1.404585176200000000e+15 3.883507284499999686e+35 7.283220000000000336e+38 3.544529262100000189e+00 0.000000000000000000e+00
1.392016185000000000e+15 3.789830301999999853e+35 7.233220000000000498e+38 3.544529262100000189e+00 0.000000000000000000e+00
1.379518514300000000e+15 3.697786611800000161e+35 7.183220000000000659e+38 3.544529262100000189e+00 0.000000000000000000e+00
1.367091404000000000e+15 3.607358808599999838e+35 7.133219999999999310e+38 3.544529262100000189e+00 0.000000000000000000e+00
1.354734096900000000e+15 3.518529553199999954e+35 7.083219999999999471e+38 3.544529262100000189e+00 0.000000000000000000e+00
1.342445838800000000e+15 3.431281572300000135e+35 7.033219999999999633e+38 3.544529262100000189e+00 0.000000000000000000e+00
1.330225878300000000e+15 3.345597659100000311e+35 6.983219999999999795e+38 3.544529262100000189e+00 0.000000000000000000e+00
1.318073467000000000e+15 3.261460672900000040e+35 6.933219999999999957e+38 3.544529262100000189e+00 0.000000000000000000e+00
1.305987859300000000e+15 3.178853540099999828e+35 6.883220000000000118e+38 3.544529262100000189e+00 0.000000000000000000e+00
1.293968312600000000e+15 3.097759253699999917e+35 6.833220000000000280e+38 3.544529262100000189e+00 0.000000000000000000e+00
1.282014087100000000e+15 3.018160873999999986e+35 6.783219999999999686e+38 3.544529262100000189e+00 0.000000000000000000e+00
1.270124446100000000e+15 2.940041528599999892e+35 6.733219999999999848e+38 3.544529262100000189e+00 0.000000000000000000e+00
1.258298655800000000e+15 2.863384412799999972e+35 6.683220000000000009e+38 3.544529262100000189e+00 0.000000000000000000e+00
1.246535985300000000e+15 2.788172789599999942e+35 6.633220000000000171e+38 3.544529262100000189e+00 0.000000000000000000e+00
1.234835706800000000e+15 2.714389990099999933e+35 6.583220000000000333e+38 3.544529262100000189e+00 0.000000000000000000e+00
1.223197095400000000e+15 2.642019413500000127e+35 6.533219999999999739e+38 3.544529262100000189e+00 0.000000000000000000e+00
1.211619429100000000e+15 2.571044527899999892e+35 6.483219999999999901e+38 3.544529262100000189e+00 0.000000000000000000e+00
1.200101989100000000e+15 2.501448869799999886e+35 6.433220000000000062e+38 3.544529262100000189e+00 0.000000000000000000e+00
1.188644059500000000e+15 2.433216044900000091e+35 6.383220000000000224e+38 3.544529262100000189e+00 0.000000000000000000e+00
1.177244927400000000e+15 2.366329727899999839e+35 6.333219999999999630e+38 3.544529262100000189e+00 0.000000000000000000e+00
1.165903883000000000e+15 2.300773663299999905e+35 6.283219999999999792e+38 3.544529262100000189e+00 0.000000000000000000e+00
1.154620219500000000e+15 2.236531665100000150e+35 6.233219999999999953e+38 3.544529262100000189e+00 0.000000000000000000e+00
1.143393233200000000e+15 2.173587617400000167e+35 6.183220000000000115e+38 3.544529262100000189e+00 0.000000000000000000e+00
1.132222223400000000e+15 2.111925474499999819e+35 6.133220000000000277e+38 3.544529262100000189e+00 0.000000000000000000e+00
1.121106492500000000e+15 2.051529261099999943e+35 6.083219999999999683e+38 3.544529262100000189e+00 0.000000000000000000e+00
1.110045346000000000e+15 1.992383072900000042e+35 6.033219999999999845e+38 3.544529262100000189e+00 0.000000000000000000e+00
1.099038092600000000e+15 1.934471076400000161e+35 5.983220000000000006e+38 3.544529262100000189e+00 0.000000000000000000e+00
1.088084043900000000e+15 1.877777509599999854e+35 5.933220000000000168e+38 3.544529262100000189e+00 0.000000000000000000e+00
1.077182514900000000e+15 1.822286681800000061e+35 5.883220000000000330e+38 3.544529262100000189e+00 0.000000000000000000e+00
1.066332823400000000e+15 1.767982974299999859e+35 5.833219999999999736e+38 3.544529262100000189e+00 0.000000000000000000e+00
1.055534290600000000e+15 1.714850840600000120e+35 5.783219999999999897e+38 3.544529262100000189e+00 0.000000000000000000e+00
1.044786240900000000e+15 1.662874806399999822e+35 5.733220000000000059e+38 3.544529262100000189e+00 0.000000000000000000e+00
1.034088001600000000e+15 1.612039470299999998e+35 5.683220000000000221e+38 3.544529262100000189e+00 0.000000000000000000e+00
1.023438903500000000e+15 1.562329503500000089e+35 5.633219999999999627e+38 3.544529262100000189e+00 0.000000000000000000e+00
1.012838280300000000e+15 1.513729650899999989e+35 5.583219999999999789e+38 3.544529262100000189e+00 0.000000000000000000e+00
1.002285469200000000e+15 1.466224730599999934e+35 5.533219999999999950e+38 3.544529262100000189e+00 0.000000000000000000e+00
9.917798104800000000e+14 1.419799634899999981e+35 5.483220000000000112e+38 3.544529262100000189e+00 0.000000000000000000e+00
9.813206475800000000e+14 1.374439329900000063e+35 5.433220000000000274e+38 3.544529262100000189e+00 0.000000000000000000e+00
9.709073273300000000e+14 1.330128856400000038e+35 5.383219999999999680e+38 3.544529262100000189e+00 0.000000000000000000e+00
9.605391997500000000e+14 1.286853329900000055e+35 5.333219999999999841e+38 3.544529262100000189e+00 0.000000000000000000e+00
9.502156181900000000e+14 1.244597940999999935e+35 5.283220000000000003e+38 3.544529262100000189e+00 0.000000000000000000e+00
9.399359392500000000e+14 1.203347955700000047e+35 5.233220000000000165e+38 3.544529262100000189e+00 0.000000000000000000e+00
9.296995228500000000e+14 1.163088715699999973e+35 5.183220000000000326e+38 3.544529262100000189e+00 0.000000000000000000e+00
9.195057322500000000e+14 1.123805638900000082e+35 5.133219999999999733e+38 3.544529262100000189e+00 0.000000000000000000e+00
9.093539340200000000e+14 1.085484219500000041e+35 5.083219999999999894e+38 3.544529262100000189e+00 0.000000000000000000e+00
8.992434980900000000e+14 1.048110028400000045e+35 5.033220000000000056e+38 3.544529262100000189e+00 0.000000000000000000e+00
8.891737977600000000e+14 1.011668713600000013e+35 4.983220000000000218e+38 3.544529262100000189e+00 0.000000000000000000e+00
8.791442097100000000e+14 9.761460005799999343e+34 4.933219999999999624e+38 3.544529262100000189e+00 0.000000000000000000e+00
8.691541140200000000e+14 9.415276926099999830e+34 4.883219999999999785e+38 3.544529262100000189e+00 0.000000000000000000e+00
8.592028941600000000e+14 9.077996710199999807e+34 4.833219999999999947e+38 3.544529262100000189e+00 0.000000000000000000e+00
8.492899370500000000e+14 8.749478956900000723e+34 4.783220000000000109e+38 3.544529262100000189e+00 0.000000000000000000e+00
8.394146330600000000e+14 8.429584053499999413e+34 4.733220000000000270e+38 3.544529262100000189e+00 0.000000000000000000e+00
8.295763760000000000e+14 8.118173179900000168e+34 4.683219999999999677e+38 3.544529262100000189e+00 0.000000000000000000e+00
8.197745631600000000e+14 7.815108312200000151e+34 4.633219999999999838e+38 3.544529262100000189e+00 0.000000000000000000e+00
8.100085953300000000e+14 7.520252226500000222e+34 4.583220000000000000e+38 3.544529262100000189e+00 0.000000000000000000e+00
8.002778768300000000e+14 7.233468503200000017e+34 4.533220000000000162e+38 3.544529262100000189e+00 0.000000000000000000e+00
7.905818154600000000e+14 6.954621530299999630e+34 4.483220000000000323e+38 3.544529262100000189e+00 0.000000000000000000e+00
7.809198226200000000e+14 6.683576508299999947e+34 4.433219999999999729e+38 3.544529262100000189e+00 0.000000000000000000e+00
7.712913132300000000e+14 6.420199453600000442e+34 4.383219999999999891e+38 3.544529262100000189e+00 0.000000000000000000e+00
7.616957058200000000e+14 6.164357203100000103e+34 4.333220000000000053e+38 3.544529262100000189e+00 0.000000000000000000e+00
7.521332959400000000e+14 5.945518859299999845e+34 4.283220000000000215e+38 2.960784313700000059e+00 0.000000000000000000e+00
7.425954101900000000e+14 5.742369255399999572e+34 4.233220000000000376e+38 2.960784313700000059e+00 0.000000000000000000e+00
7.330838788700000000e+14 5.543870432099999818e+34 4.183219999999999782e+38 2.960784313700000059e+00 0.000000000000000000e+00
7.235984028300000000e+14 5.349969599300000330e+34 4.133219999999999944e+38 2.960784313700000059e+00 0.000000000000000000e+00
7.141386827800000000e+14 5.160613942199999622e+34 4.083220000000000106e+38 2.960784313700000059e+00 0.000000000000000000e+00
7.047044193000000000e+14 4.975750620900000384e+34 4.033220000000000267e+38 2.960784313700000059e+00 0.000000000000000000e+00
6.952953128300000000e+14 4.795326770099999939e+34 3.983219999999999673e+38 2.960784313700000059e+00 0.000000000000000000e+00
6.859110636300000000e+14 4.619289498800000067e+34 3.933219999999999835e+38 2.960784313700000059e+00 0.000000000000000000e+00
6.765513718600000000e+14 4.447585890000000230e+34 3.883219999999999997e+38 2.960784313700000059e+00 0.000000000000000000e+00
6.672159374900000000e+14 4.280163000400000015e+34 3.833220000000000159e+38 2.960784313700000059e+00 0.000000000000000000e+00
6.579044603700000000e+14 4.116967859599999814e+34 3.783220000000000320e+38 2.960784313700000059e+00 0.000000000000000000e+00
6.486166401800000000e+14 3.957947470599999825e+34 3.733219999999999726e+38 2.960784313700000059e+00 0.000000000000000000e+00
6.393521764400000000e+14 3.803048808499999888e+34 3.683219999999999888e+38 2.960784313700000059e+00 0.000000000000000000e+00
6.301107685200000000e+14 3.652218820799999807e+34 3.633220000000000050e+38 2.960784313700000059e+00 0.000000000000000000e+00
6.208921156200000000e+14 3.505404426500000231e+34 3.583220000000000211e+38 2.960784313700000059e+00 0.000000000000000000e+00
6.116959168100000000e+14 3.362552516299999945e+34 3.533220000000000373e+38 2.960784313700000059e+00 0.000000000000000000e+00
6.025218709500000000e+14 3.223609951499999923e+34 3.483219999999999779e+38 2.960784313700000059e+00 0.000000000000000000e+00
5.933696767700000000e+14 3.088523564000000099e+34 3.433219999999999941e+38 2.960784313700000059e+00 0.000000000000000000e+00
5.842390328000000000e+14 2.957240155900000163e+34 3.383220000000000103e+38 2.960784313700000059e+00 0.000000000000000000e+00
5.751296374200000000e+14 2.829706498699999789e+34 3.333219999999999886e+38 2.960784313700000059e+00 0.000000000000000000e+00
5.660411888200000000e+14 2.705869333200000213e+34 3.283220000000000048e+38 2.960784313700000059e+00 0.000000000000000000e+00
5.569733850300000000e+14 2.585675368699999841e+34 3.233219999999999832e+38 2.960784313700000059e+00 0.000000000000000000e+00
5.479259238900000000e+14 2.469071282899999987e+34 3.183219999999999994e+38 2.960784313700000059e+00 0.000000000000000000e+00
5.388985030500000000e+14 2.356003720800000156e+34 3.133220000000000155e+38 2.960784313700000059e+00 0.000000000000000000e+00
5.298908199800000000e+14 2.246419294899999953e+34 3.083219999999999939e+38 2.960784313700000059e+00 0.000000000000000000e+00
5.209025719600000000e+14 2.140264584000000098e+34 3.033220000000000101e+38 2.960784313700000059e+00 0.000000000000000000e+00
5.119334560800000000e+14 2.037486133100000097e+34 2.983219999999999885e+38 2.960784313700000059e+00 0.000000000000000000e+00
5.029831692300000000e+14 1.938030452400000009e+34 2.933220000000000047e+38 2.960784313700000059e+00 0.000000000000000000e+00
4.940514081100000000e+14 1.841844017199999958e+34 2.883219999999999830e+38 2.960784313700000059e+00 0.000000000000000000e+00
4.851378692000000000e+14 1.748873266900000062e+34 2.833219999999999992e+38 2.960784313700000059e+00 0.000000000000000000e+00
4.762422487900000000e+14 1.659064604299999990e+34 2.783220000000000154e+38 2.960784313700000059e+00 0.000000000000000000e+00
4.673642429500000000e+14 1.572364395300000021e+34 2.733219999999999938e+38 2.960784313700000059e+00 0.000000000000000000e+00
4.585035475400000000e+14 1.488718967900000057e+34 2.683220000000000099e+38 2.960784313700000059e+00 0.000000000000000000e+00
4.496598581900000000e+14 1.408074611699999926e+34 2.633219999999999883e+38 2.960784313700000059e+00 0.000000000000000000e+00
4.408328703400000000e+14 1.330377576799999980e+34 2.583220000000000045e+38 2.960784313700000059e+00 0.000000000000000000e+00
4.320222791600000000e+14 1.255574073400000042e+34 2.533219999999999829e+38 2.960784313700000059e+00 0.000000000000000000e+00
4.232277796300000000e+14 1.183610270900000065e+34 2.483219999999999991e+38 2.960784313700000059e+00 0.000000000000000000e+00
4.144580000000000000e+14 1.125959999999999933e+34 2.433220000000000152e+38 3.736000000000000210e+00 0.000000000000000000e+00
4.056840000000000000e+14 1.041709999999999932e+34 2.383219999999999936e+38 3.750000000000000000e+00 0.000000000000000000e+00
3.969310000000000000e+14 9.618699999999999770e+33 2.333220000000000098e+38 3.766000000000000014e+00 0.000000000000000000e+00
3.881960000000000000e+14 8.863170000000000383e+33 2.283219999999999882e+38 3.781000000000000139e+00 0.000000000000000000e+00
3.794790000000000000e+14 8.149279999999999701e+33 2.233220000000000043e+38 3.798000000000000043e+00 0.000000000000000000e+00
3.707800000000000000e+14 7.475809999999999859e+33 2.183219999999999827e+38 3.814999999999999947e+00 0.000000000000000000e+00
3.620980000000000000e+14 6.841539999999999534e+33 2.133219999999999989e+38 3.833000000000000185e+00 0.000000000000000000e+00
3.534320000000000000e+14 6.245259999999999842e+33 2.083220000000000151e+38 3.851999999999999869e+00 0.000000000000000000e+00
3.447830000000000000e+14 5.685740000000000479e+33 2.033219999999999935e+38 3.870999999999999996e+00 0.000000000000000000e+00
3.361480000000000000e+14 5.161760000000000122e+33 1.983220000000000096e+38 3.891000000000000014e+00 0.000000000000000000e+00
3.275290000000000000e+14 4.672099999999999755e+33 1.933219999999999880e+38 3.911000000000000032e+00 0.000000000000000000e+00
3.189230000000000000e+14 4.215539999999999782e+33 1.883220000000000042e+38 3.932999999999999829e+00 0.000000000000000000e+00
3.103320000000000000e+14 3.790860000000000033e+33 1.833219999999999826e+38 3.955000000000000071e+00 0.000000000000000000e+00
3.017540000000000000e+14 3.396839999999999763e+33 1.783219999999999987e+38 3.978000000000000203e+00 0.000000000000000000e+00
2.931910000000000000e+14 3.032370000000000272e+33 1.733220000000000149e+38 4.001000000000000334e+00 0.000000000000000000e+00
2.846400000000000000e+14 2.696289999999999884e+33 1.683219999999999933e+38 4.024000000000000021e+00 0.000000000000000000e+00
2.760990000000000000e+14 2.387290000000000110e+33 1.633219999999999906e+38 4.048000000000000043e+00 0.000000000000000000e+00
2.675690000000000000e+14 2.104189999999999873e+33 1.583220000000000068e+38 4.070999999999999730e+00 0.000000000000000000e+00
2.590480000000000000e+14 1.845790000000000134e+33 1.533220000000000040e+38 4.094999999999999751e+00 0.000000000000000000e+00
2.505360000000000000e+14 1.610919999999999951e+33 1.483220000000000013e+38 4.116999999999999993e+00 0.000000000000000000e+00
2.420330000000000000e+14 1.398399999999999976e+33 1.433219999999999986e+38 4.136999999999999567e+00 0.000000000000000000e+00
2.335380000000000000e+14 1.207049999999999998e+33 1.383219999999999959e+38 4.155000000000000249e+00 0.000000000000000000e+00
2.250500000000000000e+14 1.035699999999999938e+33 1.333219999999999931e+38 4.168999999999999595e+00 0.000000000000000000e+00
2.165680000000000000e+14 8.832089999999999613e+32 1.283220000000000093e+38 4.176000000000000156e+00 0.000000000000000000e+00
2.080930000000000000e+14 7.484100000000000302e+32 1.233220000000000066e+38 4.174999999999999822e+00 0.000000000000000000e+00
1.996240000000000000e+14 6.301560000000000136e+32 1.183220000000000039e+38 4.160000000000000142e+00 0.000000000000000000e+00
1.911600000000000000e+14 5.273080000000000315e+32 1.133220000000000012e+38 4.128000000000000114e+00 0.000000000000000000e+00
1.827010000000000000e+14 4.387290000000000146e+32 1.083219999999999984e+38 4.070999999999999730e+00 0.000000000000000000e+00
1.742460000000000000e+14 3.632900000000000004e+32 1.033219999999999957e+38 3.979999999999999982e+00 0.000000000000000000e+00
1.637750000000000000e+14 3.266420000000000156e+32 9.712930000000000717e+37 4.227999999999999758e+00 2.370250000000000048e+28
1.632880000000000000e+14 3.245479999999999776e+32 9.684080000000000912e+37 4.243999999999999773e+00 1.157440000000000022e+29
1.628000000000000000e+14 3.227320000000000175e+32 9.655229999999999218e+37 4.269000000000000128e+00 1.620800000000000167e+29
1.623130000000000000e+14 3.207869999999999900e+32 9.626379999999999412e+37 4.288999999999999702e+00 1.877510000000000070e+29
1.618250000000000000e+14 3.188260000000000008e+32 9.597540000000000854e+37 4.309000000000000163e+00 2.071869999999999969e+29
1.613380000000000000e+14 3.168689999999999930e+32 9.568689999999999160e+37 4.328000000000000291e+00 2.235200000000000091e+29
1.608510000000000000e+14 3.149220000000000108e+32 9.539839999999999355e+37 4.347000000000000419e+00 2.380170000000000128e+29
1.603630000000000000e+14 3.129879999999999862e+32 9.510989999999999549e+37 4.365999999999999659e+00 2.513149999999999955e+29
1.598760000000000000e+14 3.110689999999999821e+32 9.482139999999999744e+37 4.384000000000000341e+00 2.637790000000000114e+29
1.593880000000000000e+14 3.091669999999999891e+32 9.453299999999999297e+37 4.402999999999999581e+00 2.756360000000000002e+29
1.589010000000000000e+14 3.072809999999999938e+32 9.424449999999999492e+37 4.421000000000000263e+00 2.870369999999999971e+29
1.584130000000000000e+14 3.054109999999999962e+32 9.395599999999999686e+37 4.440000000000000391e+00 2.980839999999999946e+29
1.579260000000000000e+14 3.035589999999999872e+32 9.366749999999999881e+37 4.458000000000000185e+00 3.088530000000000032e+29
1.574390000000000000e+14 3.017239999999999892e+32 9.337900000000000075e+37 4.475999999999999979e+00 3.193969999999999732e+29
1.569510000000000000e+14 2.999070000000000157e+32 9.309059999999999629e+37 4.493999999999999773e+00 3.297590000000000321e+29
1.564640000000000000e+14 2.981060000000000039e+32 9.280209999999999823e+37 4.511000000000000121e+00 3.399689999999999999e+29
1.559760000000000000e+14 2.963239999999999940e+32 9.251360000000000018e+37 4.528999999999999915e+00 3.500520000000000137e+29
1.554890000000000000e+14 2.945589999999999951e+32 9.222510000000000212e+37 4.546999999999999709e+00 3.600280000000000004e+29
1.550020000000000000e+14 2.928110000000000074e+32 9.193660000000000407e+37 4.564000000000000057e+00 3.699109999999999721e+29
1.545140000000000000e+14 2.910810000000000082e+32 9.164819999999999960e+37 4.581999999999999851e+00 3.797150000000000111e+29
1.540270000000000000e+14 2.893679999999999840e+32 9.135970000000000155e+37 4.599000000000000199e+00 3.894480000000000040e+29
1.535390000000000000e+14 2.876720000000000069e+32 9.107120000000000350e+37 4.615999999999999659e+00 3.991210000000000052e+29
1.530520000000000000e+14 2.859939999999999823e+32 9.078270000000000544e+37 4.633000000000000007e+00 4.087380000000000285e+29
1.525650000000000000e+14 2.843339999999999822e+32 9.049420000000000739e+37 4.650000000000000355e+00 4.183059999999999742e+29
1.520770000000000000e+14 2.826900000000000158e+32 9.020580000000000292e+37 4.666999999999999815e+00 4.278289999999999966e+29
1.515900000000000000e+14 2.810640000000000019e+32 8.991730000000000487e+37 4.684000000000000163e+00 4.373120000000000247e+29
1.511030000000000000e+14 2.794539999999999857e+32 8.962880000000000681e+37 4.700000000000000178e+00 4.467559999999999738e+29
1.506150000000000000e+14 2.778619999999999940e+32 8.934030000000000876e+37 1.854999999999999982e+00 4.561640000000000124e+29
1.501280000000000000e+14 2.762870000000000134e+32 8.905179999999999181e+37 1.842000000000000082e+00 4.655390000000000275e+29
1.496410000000000000e+14 2.747279999999999946e+32 8.876340000000000624e+37 1.828000000000000069e+00 4.748820000000000050e+29
1.491540000000000000e+14 2.731859999999999868e+32 8.847490000000000818e+37 1.814000000000000057e+00 4.841949999999999866e+29
1.486660000000000000e+14 2.716609999999999902e+32 8.818639999999999124e+37 1.800000000000000044e+00 4.934779999999999725e+29
1.481790000000000000e+14 2.701519999999999913e+32 8.789789999999999318e+37 1.786999999999999922e+00 5.027330000000000046e+29
1.476920000000000000e+14 2.686600000000000035e+32 8.760939999999999513e+37 1.772999999999999909e+00 5.119600000000000124e+29
1.472040000000000000e+14 2.671840000000000134e+32 8.732099999999999066e+37 1.760000000000000009e+00 5.211589999999999961e+29
1.467170000000000000e+14 2.657239999999999851e+32 8.703249999999999261e+37 1.747000000000000108e+00 5.303319999999999975e+29
1.462300000000000000e+14 2.642799999999999905e+32 8.674399999999999455e+37 1.733000000000000096e+00 5.394790000000000166e+29
1.457430000000000000e+14 2.628519999999999937e+32 8.645549999999999650e+37 1.719999999999999973e+00 5.485989999999999974e+29
1.452550000000000000e+14 2.616220000000000140e+32 8.616699999999999845e+37 1.707999999999999963e+00 3.593680000000000231e+29
1.447680000000000000e+14 2.602269999999999901e+32 8.587859999999999398e+37 1.695000000000000062e+00 3.639760000000000348e+29
1.442810000000000000e+14 2.588479999999999998e+32 8.559009999999999593e+37 1.681999999999999940e+00 3.685760000000000196e+29
1.437930000000000000e+14 2.574839999999999940e+32 8.530159999999999787e+37 1.669999999999999929e+00 3.731669999999999915e+29
1.433060000000000000e+14 2.561350000000000086e+32 8.501309999999999982e+37 1.657000000000000028e+00 3.777490000000000210e+29
1.428190000000000000e+14 2.548010000000000075e+32 8.472460000000000176e+37 1.643999999999999906e+00 3.823219999999999673e+29
1.423320000000000000e+14 2.534819999999999908e+32 8.443619999999999730e+37 1.631000000000000005e+00 3.868839999999999996e+29
1.418450000000000000e+14 2.521779999999999945e+32 8.414769999999999924e+37 1.618999999999999995e+00 3.914370000000000191e+29
1.413570000000000000e+14 2.508880000000000053e+32 8.385920000000000119e+37 1.606999999999999984e+00 3.959789999999999838e+29
1.408700000000000000e+14 2.499679999999999909e+32 8.357070000000000313e+37 1.598000000000000087e+00 2.290139999999999874e+29
1.398960000000000000e+14 2.474660000000000104e+32 8.299380000000000061e+37 1.572999999999999954e+00 2.315640000000000149e+29
1.394080000000000000e+14 2.462350000000000174e+32 8.270530000000000256e+37 1.560999999999999943e+00 2.328460000000000171e+29
1.384340000000000000e+14 2.438150000000000163e+32 8.212829999999999700e+37 1.538000000000000034e+00 2.354239999999999984e+29
1.374600000000000000e+14 2.414480000000000033e+32 8.155140000000000393e+37 1.514999999999999902e+00 2.380150000000000060e+29
1.359980000000000000e+14 2.379949999999999902e+32 8.068590000000000032e+37 1.481000000000000094e+00 2.419180000000000116e+29
1.340490000000000000e+14 2.335660000000000067e+32 7.953200000000000169e+37 1.437999999999999945e+00 2.471410000000000070e+29
1.325880000000000000e+14 2.303680000000000163e+32 7.866660000000000112e+37 1.407000000000000028e+00 2.510620000000000030e+29
1.296650000000000000e+14 2.242750000000000152e+32 7.693569999999999693e+37 1.348999999999999977e+00 2.588889999999999972e+29
1.291780000000000000e+14 2.232960000000000046e+32 7.664719999999999888e+37 1.340000000000000080e+00 2.601900000000000107e+29
1.262560000000000000e+14 2.176290000000000065e+32 7.491630000000000414e+37 1.288999999999999924e+00 2.679670000000000120e+29
1.243070000000000000e+14 2.140329999999999912e+32 7.376239999999999607e+37 1.258000000000000007e+00 2.731230000000000098e+29
1.233330000000000000e+14 2.122850000000000034e+32 7.318539999999999996e+37 1.243999999999999995e+00 2.756920000000000135e+29
1.184630000000000000e+14 2.039869999999999935e+32 7.030059999999999715e+37 1.183000000000000052e+00 2.884679999999999924e+29
1.179760000000000000e+14 2.031930000000000064e+32 7.001220000000000213e+37 1.177000000000000046e+00 2.897420000000000027e+29
1.165150000000000000e+14 2.008460000000000085e+32 6.914669999999999852e+37 1.163000000000000034e+00 2.935610000000000061e+29
1.160280000000000000e+14 2.000739999999999913e+32 6.885820000000000046e+37 1.157999999999999918e+00 2.948339999999999955e+29
1.145670000000000000e+14 1.977889999999999937e+32 6.799279999999999989e+37 1.145999999999999908e+00 2.986559999999999914e+29
1.140800000000000000e+14 1.970360000000000143e+32 6.770430000000000183e+37 1.141999999999999904e+00 2.999309999999999875e+29
1.135930000000000000e+14 1.962879999999999937e+32 6.741580000000000378e+37 1.139000000000000012e+00 3.012070000000000047e+29
1.131060000000000000e+14 1.955450000000000039e+32 6.712739999999999931e+37 1.135000000000000009e+00 3.024840000000000076e+29
1.116450000000000000e+14 1.933369999999999909e+32 6.626189999999999571e+37 1.125999999999999890e+00 3.063239999999999939e+29
1.072620000000000000e+14 1.868850000000000180e+32 6.366560000000000039e+37 1.106999999999999984e+00 3.179559999999999793e+29
1.062880000000000000e+14 1.854780000000000137e+32 6.308860000000000428e+37 1.104000000000000092e+00 3.205730000000000044e+29
1.033670000000000000e+14 1.812960000000000179e+32 6.135780000000000314e+37 1.100000000000000089e+00 3.285209999999999674e+29
1.023930000000000000e+14 1.799100000000000061e+32 6.078079999999999758e+37 1.100000000000000089e+00 3.312060000000000110e+29
1.004450000000000000e+14 1.771469999999999949e+32 5.962689999999999895e+37 1.100999999999999979e+00 3.366410000000000188e+29
9.947140000000000000e+13 1.757660000000000140e+32 5.904990000000000284e+37 1.102000000000000091e+00 3.393919999999999686e+29
9.898450000000000000e+13 1.750760000000000122e+32 5.876139999999999534e+37 1.102999999999999980e+00 3.407759999999999987e+29
9.801080000000000000e+13 1.736949999999999952e+32 5.818450000000000227e+37 1.104999999999999982e+00 3.435629999999999998e+29
9.655020000000000000e+13 1.716199999999999951e+32 5.731899999999999866e+37 1.108999999999999986e+00 3.477929999999999663e+29
9.606330000000000000e+13 1.709269999999999892e+32 5.703060000000000364e+37 1.110000000000000098e+00 3.492169999999999907e+29
9.557640000000000000e+13 1.702339999999999833e+32 5.674209999999999614e+37 1.112000000000000099e+00 3.506470000000000002e+29
9.508960000000000000e+13 1.695389999999999868e+32 5.645359999999999809e+37 1.114000000000000101e+00 3.520839999999999805e+29
9.460270000000000000e+13 1.688430000000000128e+32 5.616510000000000003e+37 1.114999999999999991e+00 3.535280000000000021e+29
9.265540000000000000e+13 1.660489999999999834e+32 5.501120000000000140e+37 1.124000000000000110e+00 3.593780000000000217e+29
9.216850000000000000e+13 1.653470000000000014e+32 5.472270000000000335e+37 1.125999999999999890e+00 3.608590000000000099e+29
9.168170000000000000e+13 1.648060000000000101e+32 5.443419999999999585e+37 1.122999999999999998e+00 4.285519999999999932e+29
9.119490000000000000e+13 1.641089999999999868e+32 5.414580000000000083e+37 1.125000000000000000e+00 4.287019999999999720e+29
9.070810000000000000e+13 1.634089999999999954e+32 5.385730000000000277e+37 1.127999999999999892e+00 4.288470000000000219e+29
9.022130000000000000e+13 1.627090000000000040e+32 5.356880000000000472e+37 1.129999999999999893e+00 4.289889999999999738e+29
8.973440000000000000e+13 1.620060000000000086e+32 5.328029999999999722e+37 1.133000000000000007e+00 4.291250000000000109e+29
8.924760000000000000e+13 1.613019999999999997e+32 5.299179999999999916e+37 1.135000000000000009e+00 4.292570000000000345e+29
8.876080000000000000e+13 1.605960000000000002e+32 5.270340000000000414e+37 1.137999999999999901e+00 4.293839999999999884e+29
8.827400000000000000e+13 1.598869999999999966e+32 5.241489999999999664e+37 1.141000000000000014e+00 4.295060000000000135e+29
8.778720000000000000e+13 1.591779999999999930e+32 5.212639999999999859e+37 1.143999999999999906e+00 4.296219999999999830e+29
8.730040000000000000e+13 1.584650000000000079e+32 5.183790000000000054e+37 1.147000000000000020e+00 4.297330000000000237e+29
8.681370000000000000e+13 1.577509999999999915e+32 5.154940000000000248e+37 1.149999999999999911e+00 4.298380000000000089e+29
8.632690000000000000e+13 1.570350000000000024e+32 5.126099999999999802e+37 1.153000000000000025e+00 4.299379999999999948e+29
8.584010000000000000e+13 1.563170000000000046e+32 5.097249999999999996e+37 1.155999999999999917e+00 4.300310000000000098e+29
8.535330000000000000e+13 1.555960000000000026e+32 5.068400000000000191e+37 1.159000000000000030e+00 4.301179999999999694e+29
8.486660000000000000e+13 1.548729999999999920e+32 5.039550000000000385e+37 1.161999999999999922e+00 4.301990000000000143e+29
8.437980000000000000e+13 1.541480000000000087e+32 5.010699999999999635e+37 1.165999999999999925e+00 4.302740000000000037e+29
8.389300000000000000e+13 1.534200000000000032e+32 4.981860000000000133e+37 1.169000000000000039e+00 4.303409999999999661e+29
8.340630000000000000e+13 1.526900000000000071e+32 4.953010000000000328e+37 1.173000000000000043e+00 4.304020000000000138e+29
8.291950000000000000e+13 1.519580000000000022e+32 4.924159999999999578e+37 1.175999999999999934e+00 4.304550000000000345e+29
8.243280000000000000e+13 1.512229999999999932e+32 4.895309999999999772e+37 1.179999999999999938e+00 4.305010000000000139e+29
8.194600000000000000e+13 1.504849999999999982e+32 4.866459999999999967e+37 1.183000000000000052e+00 4.305389999999999663e+29
8.145930000000000000e+13 1.497449999999999945e+32 4.837620000000000465e+37 1.187000000000000055e+00 4.305700000000000183e+29
8.097260000000000000e+13 1.490020000000000047e+32 4.808769999999999715e+37 1.191000000000000059e+00 4.305919999999999870e+29
8.048580000000000000e+13 1.482559999999999927e+32 4.779919999999999909e+37 1.193999999999999950e+00 4.306069999999999849e+29
7.999910000000000000e+13 1.475080000000000081e+32 4.751070000000000104e+37 1.197999999999999954e+00 4.306129999999999700e+29
7.951240000000000000e+13 1.467570000000000014e+32 4.722220000000000299e+37 1.201999999999999957e+00 4.306100000000000126e+29
7.902570000000000000e+13 1.460030000000000087e+32 4.693379999999999852e+37 1.205999999999999961e+00 4.305979999999999721e+29
7.853900000000000000e+13 1.452459999999999938e+32 4.664530000000000047e+37 1.209999999999999964e+00 4.305769999999999891e+29
7.805230000000000000e+13 1.444870000000000063e+32 4.635680000000000241e+37 1.213999999999999968e+00 4.305460000000000076e+29
7.756560000000000000e+13 1.437240000000000012e+32 4.606830000000000436e+37 1.217999999999999972e+00 4.305060000000000132e+29
7.707890000000000000e+13 1.429590000000000055e+32 4.577979999999999686e+37 1.221999999999999975e+00 4.304560000000000203e+29
7.659220000000000000e+13 1.421910000000000057e+32 4.549140000000000184e+37 1.225999999999999979e+00 4.303949999999999726e+29
7.610550000000000000e+13 1.414200000000000018e+32 4.520290000000000378e+37 1.229999999999999982e+00 4.303239999999999966e+29
7.561880000000000000e+13 1.406449999999999985e+32 4.491439999999999628e+37 1.233999999999999986e+00 4.302430000000000221e+29
7.513220000000000000e+13 1.398680000000000045e+32 4.462589999999999823e+37 1.237999999999999989e+00 4.301500000000000071e+29
7.464550000000000000e+13 1.390880000000000064e+32 4.433740000000000017e+37 1.241999999999999993e+00 4.300469999999999935e+29
7.415880000000000000e+13 1.383050000000000042e+32 4.404899999999999571e+37 1.247000000000000108e+00 4.299310000000000239e+29
7.367220000000000000e+13 1.375180000000000026e+32 4.376049999999999765e+37 1.250999999999999890e+00 4.298039999999999996e+29
7.318550000000000000e+13 1.367289999999999922e+32 4.347199999999999960e+37 1.254999999999999893e+00 4.296650000000000051e+29
7.269890000000000000e+13 1.359360000000000005e+32 4.318350000000000154e+37 1.260000000000000009e+00 4.295139999999999701e+29
7.221230000000000000e+13 1.351410000000000000e+32 4.289500000000000349e+37 1.264000000000000012e+00 4.293499999999999792e+29
7.172560000000000000e+13 1.343420000000000000e+32 4.260659999999999902e+37 1.268000000000000016e+00 4.291730000000000323e+29
7.123900000000000000e+13 1.335399999999999960e+32 4.231810000000000097e+37 1.272999999999999909e+00 4.289829999999999887e+29
7.075240000000000000e+13 1.327350000000000060e+32 4.202959999999999819e+37 1.276999999999999913e+00 4.287790000000000034e+29
7.026580000000000000e+13 1.319269999999999938e+32 4.174110000000000014e+37 1.282000000000000028e+00 4.285619999999999918e+29
6.977920000000000000e+13 1.311150000000000002e+32 4.145260000000000208e+37 1.286000000000000032e+00 4.283299999999999822e+29
6.929260000000000000e+13 1.303009999999999979e+32 4.116420000000000234e+37 1.290999999999999925e+00 4.280840000000000310e+29
6.880600000000000000e+13 1.294829999999999961e+32 4.087569999999999956e+37 1.294999999999999929e+00 4.278239999999999973e+29
6.831940000000000000e+13 1.286620000000000083e+32 4.058720000000000151e+37 1.300000000000000044e+00 4.275479999999999799e+29
6.783280000000000000e+13 1.278370000000000030e+32 4.029869999999999873e+37 1.304000000000000048e+00 4.272570000000000350e+29
6.734620000000000000e+13 1.270100000000000070e+32 4.001020000000000068e+37 1.308999999999999941e+00 4.269499999999999657e+29
6.685970000000000000e+13 1.261789999999999936e+32 3.972180000000000093e+37 1.312999999999999945e+00 4.266279999999999689e+29
6.637310000000000000e+13 1.253449999999999941e+32 3.943329999999999816e+37 1.318000000000000060e+00 4.262890000000000026e+29
6.588650000000000000e+13 1.245080000000000085e+32 3.914480000000000010e+37 1.322000000000000064e+00 4.259329999999999965e+29
6.540000000000000000e+13 1.236670000000000055e+32 3.885630000000000205e+37 1.326999999999999957e+00 4.255610000000000068e+29
6.491350000000000000e+13 1.228229999999999984e+32 3.856779999999999927e+37 1.332000000000000073e+00 4.251709999999999914e+29
6.442690000000000000e+13 1.219760000000000052e+32 3.827939999999999953e+37 1.336000000000000076e+00 4.247640000000000065e+29
6.394040000000000000e+13 1.211260000000000080e+32 3.799090000000000147e+37 1.340999999999999970e+00 4.243389999999999961e+29
6.345390000000000000e+13 1.202719999999999933e+32 3.770239999999999870e+37 1.346000000000000085e+00 4.238949999999999743e+29
6.296740000000000000e+13 1.194160000000000059e+32 3.741390000000000064e+37 1.350000000000000089e+00 4.234329999999999972e+29
6.248080000000000000e+13 1.185560000000000011e+32 3.712539999999999787e+37 1.354999999999999982e+00 4.229520000000000087e+29
6.199430000000000000e+13 1.176919999999999968e+32 3.683699999999999812e+37 1.360000000000000098e+00 4.224520000000000088e+29
6.150790000000000000e+13 1.168260000000000018e+32 3.654850000000000007e+37 1.364999999999999991e+00 4.219320000000000118e+29
6.102140000000000000e+13 1.159560000000000074e+32 3.626000000000000201e+37 1.368999999999999995e+00 4.213920000000000176e+29
6.053490000000000000e+13 1.151449999999999911e+32 3.597149999999999924e+37 1.370999999999999996e+00 5.179190000000000307e+29
6.004840000000000000e+13 1.142719999999999926e+32 3.568300000000000118e+37 1.375000000000000000e+00 5.159790000000000228e+29
5.956200000000000000e+13 1.133960000000000081e+32 3.539460000000000144e+37 1.379999999999999893e+00 5.140119999999999764e+29
5.907550000000000000e+13 1.125170000000000014e+32 3.510609999999999866e+37 1.385000000000000009e+00 5.120159999999999905e+29
5.858910000000000000e+13 1.116339999999999953e+32 3.481760000000000061e+37 1.389000000000000012e+00 5.099909999999999945e+29
5.810260000000000000e+13 1.107489999999999985e+32 3.452909999999999783e+37 1.393999999999999906e+00 5.079379999999999744e+29
5.761620000000000000e+13 1.098600000000000022e+32 3.424059999999999978e+37 1.399000000000000021e+00 5.058539999999999727e+29
5.712980000000000000e+13 1.089680000000000019e+32 3.395220000000000003e+37 1.403999999999999915e+00 5.037410000000000313e+29
5.664330000000000000e+13 1.080729999999999975e+32 3.366370000000000198e+37 1.407999999999999918e+00 5.015990000000000097e+29
5.615690000000000000e+13 1.071750000000000070e+32 3.337519999999999920e+37 1.413000000000000034e+00 4.994250000000000206e+29
5.567050000000000000e+13 1.062729999999999991e+32 3.308670000000000115e+37 1.417999999999999927e+00 4.972220000000000216e+29
5.518410000000000000e+13 1.053690000000000004e+32 3.279819999999999837e+37 1.421999999999999931e+00 4.949869999999999849e+29
5.469780000000000000e+13 1.044610000000000024e+32 3.250979999999999863e+37 1.427000000000000046e+00 4.927220000000000228e+29
5.421140000000000000e+13 1.035509999999999956e+32 3.222130000000000057e+37 1.431999999999999940e+00 4.904250000000000230e+29
5.372500000000000000e+13 1.026370000000000074e+32 3.193279999999999780e+37 1.437000000000000055e+00 4.880969999999999713e+29
5.323870000000000000e+13 1.017199999999999970e+32 3.164429999999999974e+37 1.441000000000000059e+00 4.857359999999999664e+29
5.275230000000000000e+13 1.008000000000000007e+32 3.135580000000000169e+37 1.445999999999999952e+00 4.833439999999999800e+29
5.226600000000000000e+13 9.987750000000000688e+31 3.106740000000000194e+37 1.451000000000000068e+00 4.809189999999999700e+29
5.177970000000000000e+13 9.895169999999999780e+31 3.077889999999999917e+37 1.455999999999999961e+00 4.784619999999999928e+29
5.129330000000000000e+13 9.802300000000000039e+31 3.049040000000000111e+37 1.459999999999999964e+00 4.759719999999999920e+29
5.080700000000000000e+13 9.709129999999999891e+31 3.020189999999999833e+37 1.465000000000000080e+00 4.734479999999999820e+29
5.032070000000000000e+13 9.615659999999999334e+31 2.991340000000000028e+37 1.469999999999999973e+00 4.708910000000000188e+29
4.983450000000000000e+13 9.521909999999999717e+31 2.962500000000000054e+37 1.475000000000000089e+00 4.683010000000000322e+29
4.934820000000000000e+13 9.427869999999999466e+31 2.933649999999999776e+37 1.479000000000000092e+00 4.656759999999999801e+29
4.886190000000000000e+13 9.333550000000000155e+31 2.904799999999999971e+37 1.483999999999999986e+00 4.630179999999999749e+29
4.837560000000000000e+13 9.238940000000000209e+31 2.875950000000000165e+37 1.489000000000000101e+00 4.603249999999999746e+29
4.788940000000000000e+13 9.144059999999999176e+31 2.847099999999999887e+37 1.493999999999999995e+00 4.575979999999999650e+29
4.740320000000000000e+13 9.048900000000000884e+31 2.818259999999999913e+37 1.497999999999999998e+00 4.548360000000000308e+29
4.691690000000000000e+13 8.953459999999999929e+31 2.789410000000000108e+37 1.502999999999999892e+00 4.520379999999999749e+29
4.643070000000000000e+13 8.857759999999999462e+31 2.760559999999999830e+37 1.508000000000000007e+00 4.492059999999999802e+29
4.594450000000000000e+13 8.761789999999999708e+31 2.731710000000000025e+37 1.512000000000000011e+00 4.463380000000000046e+29
4.545830000000000000e+13 8.665550000000000668e+31 2.702860000000000219e+37 1.516999999999999904e+00 4.434350000000000339e+29
4.497210000000000000e+13 8.569060000000000086e+31 2.674019999999999773e+37 1.522000000000000020e+00 4.404950000000000262e+29
4.448600000000000000e+13 8.472309999999999992e+31 2.645169999999999967e+37 1.526000000000000023e+00 4.375200000000000235e+29
4.399980000000000000e+13 8.375310000000000158e+31 2.616320000000000162e+37 1.530999999999999917e+00 4.345089999999999695e+29
4.351370000000000000e+13 8.278060000000000585e+31 2.587469999999999884e+37 1.536000000000000032e+00 4.314610000000000193e+29
4.302750000000000000e+13 8.180569999999999243e+31 2.558620000000000078e+37 1.540999999999999925e+00 4.283760000000000321e+29
4.254140000000000000e+13 8.082829999999999964e+31 2.529780000000000104e+37 1.544999999999999929e+00 4.252549999999999936e+29
4.205530000000000000e+13 7.984870000000000266e+31 2.500929999999999826e+37 1.550000000000000044e+00 4.220969999999999885e+29
4.156920000000000000e+13 7.886669999999999700e+31 2.472080000000000021e+37 1.554999999999999938e+00 4.189010000000000310e+29
4.108310000000000000e+13 7.788239999999999843e+31 2.443230000000000216e+37 1.558999999999999941e+00 4.156690000000000223e+29
4.059700000000000000e+13 7.689589999999999566e+31 2.414379999999999938e+37 1.564000000000000057e+00 4.123989999999999908e+29
4.011100000000000000e+13 7.590730000000000445e+31 2.385539999999999964e+37 1.568999999999999950e+00 4.090910000000000068e+29
3.962490000000000000e+13 7.491659999999999777e+31 2.356690000000000158e+37 1.572999999999999954e+00 4.057459999999999859e+29
3.913890000000000000e+13 7.392380000000000265e+31 2.327839999999999880e+37 1.578000000000000069e+00 4.023639999999999983e+29
3.865290000000000000e+13 7.292899999999999880e+31 2.298990000000000075e+37 1.582000000000000073e+00 3.989430000000000022e+29
3.816690000000000000e+13 7.193220000000000424e+31 2.270139999999999797e+37 1.586999999999999966e+00 3.954839999999999832e+29
3.768090000000000000e+13 7.093359999999999642e+31 2.241299999999999823e+37 1.592000000000000082e+00 3.919879999999999977e+29
3.719490000000000000e+13 6.993309999999999563e+31 2.212450000000000018e+37 1.596000000000000085e+00 3.884530000000000035e+29
3.670890000000000000e+13 6.893089999999999732e+31 2.183600000000000212e+37 1.600999999999999979e+00 3.848790000000000008e+29
3.622300000000000000e+13 6.792700000000000151e+31 2.154749999999999934e+37 1.604999999999999982e+00 3.812680000000000314e+29
3.573700000000000000e+13 6.692149999999999692e+31 2.125899999999999893e+37 1.610000000000000098e+00 3.776179999999999831e+29
3.525110000000000000e+13 6.591440000000000156e+31 2.097059999999999918e+37 1.614999999999999991e+00 3.739299999999999824e+29
3.476520000000000000e+13 6.490580000000000416e+31 2.068210000000000113e+37 1.618999999999999995e+00 3.702029999999999731e+29
3.427930000000000000e+13 6.389580000000000245e+31 2.039360000000000071e+37 1.624000000000000110e+00 3.664370000000000256e+29
3.379340000000000000e+13 6.288439999999999644e+31 2.010510000000000030e+37 1.627999999999999892e+00 3.626329999999999849e+29
3.330760000000000000e+13 6.187179999999999961e+31 1.981659999999999988e+37 1.633000000000000007e+00 3.587909999999999919e+29
3.282170000000000000e+13 6.085810000000000067e+31 1.952820000000000014e+37 1.637000000000000011e+00 3.549099999999999902e+29
3.233590000000000000e+13 5.984320000000000191e+31 1.923969999999999972e+37 1.641999999999999904e+00 3.509899999999999800e+29
3.185010000000000000e+13 5.882729999999999878e+31 1.895119999999999931e+37 1.645999999999999908e+00 3.470320000000000173e+29
3.136430000000000000e+13 5.781049999999999804e+31 1.866269999999999889e+37 1.651000000000000023e+00 3.430360000000000319e+29
3.087850000000000000e+13 5.679289999999999740e+31 1.837420000000000084e+37 1.655000000000000027e+00 3.390009999999999675e+29
3.039280000000000000e+13 5.577460000000000362e+31 1.808580000000000110e+37 1.659999999999999920e+00 3.349269999999999649e+29
2.990700000000000000e+13 5.475569999999999641e+31 1.779730000000000068e+37 1.663999999999999924e+00 3.308159999999999957e+29
2.942130000000000000e+13 5.373620000000000280e+31 1.750880000000000026e+37 1.669000000000000039e+00 3.266660000000000178e+29
2.893560000000000000e+13 5.271630000000000024e+31 1.722029999999999985e+37 1.673000000000000043e+00 3.224780000000000173e+29
2.844990000000000000e+13 5.169620000000000221e+31 1.693179999999999943e+37 1.677999999999999936e+00 3.182519999999999939e+29
2.796420000000000000e+13 5.067580000000000197e+31 1.664339999999999969e+37 1.681999999999999940e+00 3.139879999999999829e+29
2.747860000000000000e+13 4.965540000000000173e+31 1.635489999999999927e+37 1.685999999999999943e+00 3.096870000000000053e+29
2.699300000000000000e+13 4.863500000000000149e+31 1.606639999999999886e+37 1.691000000000000059e+00 3.053480000000000048e+29
2.650730000000000000e+13 4.761490000000000346e+31 1.577790000000000080e+37 1.695000000000000062e+00 3.009720000000000026e+29
2.602180000000000000e+13 4.659500000000000090e+31 1.548940000000000039e+37 1.699000000000000066e+00 2.965580000000000128e+29
2.553620000000000000e+13 4.557570000000000276e+31 1.520100000000000064e+37 1.703999999999999959e+00 2.921080000000000069e+29
2.505060000000000000e+13 4.455690000000000229e+31 1.491250000000000023e+37 1.707999999999999963e+00 2.876209999999999992e+29
2.456510000000000000e+13 4.353880000000000398e+31 1.462399999999999981e+37 1.711999999999999966e+00 2.830980000000000107e+29
2.407960000000000000e+13 4.252170000000000102e+31 1.433549999999999940e+37 1.717000000000000082e+00 2.785390000000000061e+29
2.359410000000000000e+13 4.150570000000000016e+31 1.404699999999999898e+37 1.721000000000000085e+00 2.739439999999999855e+29
2.310870000000000000e+13 4.049089999999999913e+31 1.375859999999999924e+37 1.725000000000000089e+00 2.693129999999999840e+29
2.262320000000000000e+13 3.947740000000000017e+31 1.347009999999999882e+37 1.729000000000000092e+00 2.646480000000000085e+29
2.213780000000000000e+13 3.846559999999999872e+31 1.318160000000000077e+37 1.733999999999999986e+00 2.599480000000000027e+29
2.165250000000000000e+13 3.745560000000000152e+31 1.289310000000000035e+37 1.737999999999999989e+00 2.552130000000000018e+29
2.116710000000000000e+13 3.644750000000000180e+31 1.260459999999999994e+37 1.741999999999999993e+00 2.504450000000000126e+29
2.068180000000000000e+13 3.544169999999999950e+31 1.231620000000000019e+37 1.745999999999999996e+00 2.456430000000000141e+29
2.019640000000000000e+13 3.443819999999999913e+31 1.202769999999999978e+37 1.750000000000000000e+00 2.408079999999999922e+29
1.971120000000000000e+13 3.343729999999999839e+31 1.173919999999999936e+37 1.754000000000000004e+00 2.359400000000000171e+29
1.922590000000000000e+13 3.243929999999999949e+31 1.145069999999999895e+37 1.758000000000000007e+00 2.310409999999999901e+29
1.874070000000000000e+13 3.144439999999999791e+31 1.116220000000000089e+37 1.762999999999999901e+00 2.261110000000000167e+29
1.825550000000000000e+13 3.045290000000000035e+31 1.087380000000000115e+37 1.766999999999999904e+00 2.211490000000000056e+29
1.777030000000000000e+13 2.946499999999999778e+31 1.058529999999999955e+37 1.770000000000000018e+00 2.161579999999999846e+29
1.728520000000000000e+13 2.848089999999999918e+31 1.029680000000000032e+37 1.774000000000000021e+00 2.111370000000000029e+29
1.680000000000000000e+13 2.750110000000000222e+31 1.000829999999999990e+37 1.778000000000000025e+00 2.060870000000000113e+29
1.631500000000000000e+13 2.652579999999999787e+31 9.719840000000000463e+36 1.782000000000000028e+00 2.010089999999999954e+29
1.582990000000000000e+13 2.555530000000000186e+31 9.431359999999999946e+36 1.786000000000000032e+00 1.959040000000000115e+29
1.534490000000000000e+13 2.459009999999999834e+31 9.142879999999999429e+36 1.790000000000000036e+00 1.907719999999999892e+29
1.485990000000000000e+13 2.363029999999999856e+31 8.854400000000000092e+36 1.792999999999999927e+00 1.856139999999999847e+29
1.437490000000000000e+13 2.267649999999999794e+31 8.565919999999999574e+36 1.796999999999999931e+00 1.804320000000000046e+29
1.389000000000000000e+13 2.172899999999999868e+31 8.277440000000000238e+36 1.800999999999999934e+00 1.752260000000000138e+29
1.340510000000000000e+13 2.078820000000000073e+31 7.988959999999999720e+36 1.804000000000000048e+00 1.699960000000000124e+29
1.292030000000000000e+13 1.985469999999999949e+31 7.700480000000000384e+36 1.806999999999999940e+00 1.647449999999999928e+29
1.243550000000000000e+13 1.892889999999999943e+31 7.411999999999999866e+36 1.810999999999999943e+00 1.594720000000000044e+29
1.195070000000000000e+13 1.801120000000000047e+31 7.123520000000000530e+36 1.814000000000000057e+00 1.541790000000000013e+29
1.146600000000000000e+13 1.710240000000000025e+31 6.835040000000000012e+36 1.816999999999999948e+00 1.488670000000000044e+29
1.098130000000000000e+13 1.620280000000000100e+31 6.546559999999999495e+36 1.820000000000000062e+00 1.435380000000000028e+29
1.049670000000000000e+13 1.531320000000000033e+31 6.258080000000000158e+36 1.822000000000000064e+00 1.381909999999999933e+29
1.001210000000000000e+13 1.443420000000000042e+31 5.969599999999999641e+36 1.824999999999999956e+00 1.328280000000000000e+29
9.527520000000000000e+12 1.356659999999999890e+31 5.681120000000000304e+36 1.826999999999999957e+00 1.274509999999999947e+29
9.043020000000000000e+12 1.271100000000000019e+31 5.392639999999999787e+36 1.828999999999999959e+00 1.220599999999999948e+29
8.558560000000000000e+12 1.186839999999999965e+31 5.104159999999999860e+36 1.830999999999999961e+00 1.166570000000000072e+29
8.074160000000000000e+12 1.103969999999999941e+31 4.815679999999999933e+36 1.832000000000000073e+00 1.112409999999999933e+29
7.589810000000000000e+12 1.022579999999999932e+31 4.527200000000000006e+36 1.832000000000000073e+00 1.058149999999999984e+29
7.105520000000000000e+12 9.427800000000000377e+30 4.238720000000000079e+36 1.832000000000000073e+00 1.003790000000000048e+29
6.621280000000000000e+12 8.646900000000000145e+30 3.950240000000000152e+36 1.830999999999999961e+00 9.493279999999999799e+28
6.137110000000000000e+12 7.884389999999999571e+30 3.661760000000000225e+36 1.830000000000000071e+00 8.947680000000000730e+28
5.653000000000000000e+12 7.141709999999999580e+30 3.373279999999999707e+36 1.826000000000000068e+00 8.401050000000000469e+28
5.168960000000000000e+12 6.420439999999999947e+30 3.084799999999999780e+36 1.820999999999999952e+00 7.853259999999999985e+28
4.684990000000000000e+12 5.722370000000000421e+30 2.796319999999999853e+36 1.814000000000000057e+00 7.304060000000000192e+28
4.201090000000000000e+12 5.049510000000000155e+30 2.507839999999999926e+36 1.804000000000000048e+00 6.753010000000000308e+28
3.717280000000000000e+12 4.404119999999999957e+30 2.219359999999999999e+36 1.790000000000000036e+00 6.199390000000000012e+28
3.233560000000000000e+12 3.788740000000000031e+30 1.930880000000000072e+36 1.770000000000000018e+00 5.641989999999999792e+28
2.749930000000000000e+12 3.206279999999999966e+30 1.642400000000000145e+36 1.741999999999999993e+00 5.078790000000000214e+28
2.266410000000000000e+12 2.659869999999999885e+30 1.353919999999999923e+36 1.701999999999999957e+00 4.506109999999999932e+28
1.783010000000000000e+12 2.152619999999999913e+30 1.065439999999999996e+36 1.641999999999999904e+00 3.916720000000000123e+28
4.299000000000000000e+11 7.805000000000000069e+29 2.572000000000000181e+35 1.330000000000000071e+00 1.506450000000000062e+28
4.188000000000000000e+11 7.537999999999999717e+29 2.505999999999999897e+35 1.330000000000000071e+00 1.455129999999999927e+28
3.325000000000000000e+11 5.815999999999999745e+29 1.990000000000000163e+35 1.330000000000000071e+00 1.165809999999999924e+28
2.640000000000000000e+11 4.472999999999999815e+29 1.581000000000000083e+35 1.330000000000000071e+00 9.297799999999999813e+27
2.096000000000000000e+11 3.289999999999999843e+29 1.256000000000000028e+35 1.330000000000000071e+00 6.841069999999999801e+27
1.844000000000000000e+11 2.892000000000000018e+29 1.105000000000000000e+35 1.330000000000000071e+00 6.221810000000000396e+27
1.664000000000000000e+11 2.597000000000000095e+29 9.975999999999999784e+34 1.330000000000000071e+00 3.996079999999999920e+27
1.322000000000000000e+11 2.033000000000000102e+29 7.923999999999999875e+34 1.330000000000000071e+00 3.293160000000000158e+27
1.049000000000000000e+11 1.494999999999999961e+29 6.294000000000000085e+34 1.330000000000000071e+00 2.422460000000000012e+27
8.332000000000000000e+10 1.100000000000000064e+29 4.999999999999999843e+34 1.330000000000000071e+00 1.782300000000000002e+27
6.617000000000000000e+10 8.088999999999999432e+28 3.971999999999999897e+34 1.330000000000000071e+00 1.311289999999999924e+27
5.254000000000000000e+10 5.949000000000000344e+28 3.155000000000000010e+34 1.330000000000000071e+00 9.646129999999999985e+26
4.172000000000000000e+10 4.628000000000000126e+28 2.505999999999999897e+34 1.330000000000000071e+00 7.875200000000000595e+26
3.313000000000000000e+10 3.403999999999999866e+28 1.989999999999999932e+34 1.330000000000000071e+00 5.791050000000000196e+26
2.631000000000000000e+10 2.502999999999999803e+28 1.580999999999999991e+34 1.330000000000000071e+00 4.261170000000000143e+26
2.090000000000000000e+10 1.938000000000000082e+28 1.255999999999999936e+34 1.330000000000000071e+00 3.451690000000000088e+26
1.659000000000000000e+10 1.425000000000000067e+28 9.976000000000000246e+33 1.330000000000000071e+00 2.538950000000000110e+26
1.318000000000000000e+10 1.048000000000000007e+28 7.924000000000000337e+33 1.330000000000000071e+00 1.867689999999999969e+26
1.046000000000000000e+10 7.701999999999999683e+27 6.294000000000000085e+33 1.330000000000000071e+00 1.373879999999999975e+26
8.312000000000000000e+09 5.662000000000000348e+27 4.999999999999999728e+33 1.330000000000000071e+00 1.010819999999999921e+26
6.601000000000000000e+09 4.362000000000000029e+27 3.972000000000000127e+33 1.330000000000000071e+00 8.130089999999999436e+25
4.164000000000000000e+09 2.356000000000000079e+27 2.505999999999999955e+33 1.330000000000000071e+00 4.399369999999999874e+25
2.626000000000000000e+09 1.272000000000000034e+27 1.580999999999999991e+33 1.330000000000000071e+00 2.380450000000000180e+25
1.657000000000000000e+09 6.859999999999999767e+26 9.975999999999999957e+32 1.330000000000000071e+00 1.288319999999999913e+25
1.316000000000000000e+09 5.036000000000000296e+26 7.924000000000000337e+32 1.330000000000000071e+00 9.477099999999999527e+24
1.045000000000000000e+09 4.128999999999999924e+26 6.293999999999999941e+32 1.330000000000000071e+00 6.794269999999999770e+24
8.301000000000000000e+08 3.039000000000000162e+26 4.999999999999999728e+32 1.330000000000000071e+00 4.998809999999999830e+24
5.237000000000000000e+08 1.628999999999999891e+26 3.154999999999999923e+32 1.330000000000000071e+00 2.705450000000000161e+24
3.304000000000000000e+08 8.737999999999999925e+25 1.990000000000000076e+32 1.330000000000000071e+00 1.463449999999999964e+24
2.624000000000000000e+08 6.675999999999999817e+25 1.580999999999999919e+32 1.330000000000000071e+00 1.123400000000000065e+24
1.315000000000000000e+08 2.603999999999999941e+25 7.923999999999999616e+31 1.330000000000000071e+00 4.472499999999999827e+23
6.589000000000000000e+07 1.006000000000000014e+25 3.972000000000000199e+31 1.330000000000000071e+00 1.780890000000000165e+23
3.302000000000000000e+07 3.832999999999999839e+24 1.989999999999999986e+31 1.330000000000000071e+00 7.086450000000000092e+22
1.655000000000000000e+07 1.435000000000000086e+24 9.975999999999999642e+30 1.330000000000000071e+00 2.822060000000000131e+22
8.293000000000000000e+06 5.250000000000000315e+23 4.999999999999999818e+30 1.330000000000000071e+00 1.123529999999999934e+22
6.588000000000000000e+06 3.910999999999999759e+23 3.972000000000000087e+30 1.330000000000000071e+00 8.163429999999999541e+21
2.622000000000000000e+06 9.754999999999999214e+22 1.581000000000000009e+30 1.330000000000000071e+00 2.390210000000000197e+21
1.044000000000000000e+06 2.318000000000000105e+22 6.293999999999999902e+29 1.330000000000000071e+00 6.999960000000000000e+20
4.156000000000000000e+05 5.265999999999999476e+21 2.505999999999999907e+29 1.330000000000000071e+00 2.050380000000000000e+20
1.654000000000000000e+05 1.151000000000000000e+21 9.976000000000000768e+28 1.330000000000000071e+00 6.004390000000000000e+19
6.587000000000000000e+04 2.431000000000000000e+20 3.972000000000000263e+28 1.330000000000000071e+00 1.758760000000000000e+19
2.622000000000000000e+04 4.968000000000000000e+19 1.581000000000000061e+28 1.330000000000000071e+00 5.149550000000000000e+18
1.044000000000000000e+04 9.744000000000000000e+18 6.294999999999999717e+27 1.330000000000000071e+00 1.508420000000000000e+18
