9.712501907000000000e+15 7.804372468499999723e+36 1.999380000000000033e+39 1.000000000000000000e+00 0.000000000000000000e+00
9.663985079200000000e+15 7.760707323500000167e+36 1.994379999999999898e+39 1.000000000000000000e+00 0.000000000000000000e+00
9.615589733000000000e+15 7.717151511900000218e+36 1.989380000000000065e+39 1.000000000000000000e+00 0.000000000000000000e+00
9.567315868400000000e+15 7.673705033799999527e+36 1.984379999999999931e+39 1.000000000000000000e+00 0.000000000000000000e+00
9.519163485300000000e+15 7.630367888999999971e+36 1.979380000000000098e+39 1.000000000000000000e+00 0.000000000000000000e+00
9.471132583900000000e+15 7.587140077699999674e+36 1.974379999999999963e+39 1.000000000000000000e+00 0.000000000000000000e+00
9.423223164000000000e+15 7.544021599800000164e+36 1.969380000000000130e+39 1.000000000000000000e+00 0.000000000000000000e+00
9.375435225700000000e+15 7.501012455300000260e+36 1.964379999999999995e+39 1.000000000000000000e+00 0.000000000000000000e+00
9.327768768900000000e+15 7.458112644299999615e+36 1.959379999999999860e+39 1.000000000000000000e+00 0.000000000000000000e+00
9.280223793800000000e+15 7.415322166600000105e+36 1.954380000000000028e+39 1.000000000000000000e+00 0.000000000000000000e+00
9.232800300200000000e+15 7.372641022399999853e+36 1.949379999999999893e+39 1.000000000000000000e+00 0.000000000000000000e+00
9.185498288300000000e+15 7.330069211600000388e+36 1.944380000000000060e+39 1.000000000000000000e+00 0.000000000000000000e+00
9.138317757900000000e+15 7.287606734300000182e+36 1.939379999999999925e+39 1.000000000000000000e+00 0.000000000000000000e+00
9.091258709000000000e+15 7.245253590299999931e+36 1.934380000000000092e+39 1.000000000000000000e+00 0.000000000000000000e+00
9.044321141800000000e+15 7.203009779800000118e+36 1.929379999999999957e+39 1.000000000000000000e+00 0.000000000000000000e+00
8.997505056100000000e+15 7.160875302699999912e+36 1.924380000000000125e+39 1.000000000000000000e+00 0.000000000000000000e+00
8.950810452000000000e+15 7.118850159100000145e+36 1.919379999999999990e+39 1.000000000000000000e+00 0.000000000000000000e+00
8.904237329600000000e+15 7.076934348800000333e+36 1.914379999999999855e+39 1.000000000000000000e+00 0.000000000000000000e+00
8.857785688600000000e+15 7.035127871999999779e+36 1.909380000000000022e+39 1.000000000000000000e+00 0.000000000000000000e+00
8.811455529300000000e+15 6.993430728600000012e+36 1.904379999999999887e+39 1.000000000000000000e+00 0.000000000000000000e+00
8.765246851500000000e+15 6.951842918599999852e+36 1.899380000000000054e+39 1.000000000000000000e+00 0.000000000000000000e+00
8.719159655400000000e+15 6.910364442000000479e+36 1.894379999999999919e+39 1.000000000000000000e+00 0.000000000000000000e+00
8.673193940800000000e+15 6.868995298900000364e+36 1.889380000000000087e+39 1.000000000000000000e+00 0.000000000000000000e+00
8.627349707800000000e+15 6.827735489199999856e+36 1.884379999999999952e+39 1.000000000000000000e+00 0.000000000000000000e+00
8.581626956300000000e+15 6.786585012900000134e+36 1.879380000000000119e+39 1.000000000000000000e+00 0.000000000000000000e+00
8.536025686500000000e+15 6.745543870000000020e+36 1.874379999999999984e+39 1.000000000000000000e+00 0.000000000000000000e+00
8.490545898200000000e+15 6.704612060600000344e+36 1.869379999999999849e+39 1.000000000000000000e+00 0.000000000000000000e+00
8.445187591500000000e+15 6.663789584600000275e+36 1.864380000000000016e+39 1.000000000000000000e+00 0.000000000000000000e+00
8.399950766400000000e+15 6.623076441999999812e+36 1.859379999999999881e+39 1.000000000000000000e+00 0.000000000000000000e+00
8.354835422900000000e+15 6.582472632800000137e+36 1.854380000000000049e+39 1.000000000000000000e+00 0.000000000000000000e+00
8.309841560900000000e+15 6.541978157000000068e+36 1.849379999999999914e+39 1.000000000000000000e+00 0.000000000000000000e+00
8.264969180500000000e+15 6.501593014700000438e+36 1.844380000000000081e+39 1.000000000000000000e+00 0.000000000000000000e+00
8.220218281800000000e+15 6.461317205800000415e+36 1.839379999999999946e+39 1.000000000000000000e+00 0.000000000000000000e+00
8.175588864500000000e+15 6.421150730299999998e+36 1.834380000000000113e+39 1.000000000000000000e+00 0.000000000000000000e+00
8.131080928900000000e+15 6.381093588200000368e+36 1.829379999999999978e+39 1.000000000000000000e+00 0.000000000000000000e+00
8.086694474900000000e+15 6.341145779599999996e+36 1.824380000000000146e+39 1.000000000000000000e+00 0.000000000000000000e+00
8.042429502400000000e+15 6.301307304400000412e+36 1.819380000000000011e+39 1.000000000000000000e+00 0.000000000000000000e+00
7.998286011500000000e+15 6.261578162600000434e+36 1.814379999999999876e+39 1.000000000000000000e+00 0.000000000000000000e+00
7.954264002200000000e+15 6.221958354200000063e+36 1.809380000000000043e+39 1.000000000000000000e+00 0.000000000000000000e+00
7.910363474500000000e+15 6.182447879300000131e+36 1.804379999999999908e+39 1.000000000000000000e+00 0.000000000000000000e+00
7.866584428400000000e+15 6.143046737700000153e+36 1.799380000000000075e+39 1.000000000000000000e+00 0.000000000000000000e+00
7.822926863800000000e+15 6.103754929599999434e+36 1.794379999999999940e+39 1.000000000000000000e+00 0.000000000000000000e+00
7.779390780800000000e+15 6.064572454899999502e+36 1.789380000000000108e+39 1.000000000000000000e+00 0.000000000000000000e+00
7.735976179400000000e+15 6.025499313700000009e+36 1.784379999999999973e+39 1.000000000000000000e+00 0.000000000000000000e+00
7.692683059600000000e+15 5.986535505800000470e+36 1.779380000000000140e+39 1.000000000000000000e+00 0.000000000000000000e+00
7.649511421400000000e+15 5.947681031400000190e+36 1.774380000000000005e+39 1.000000000000000000e+00 0.000000000000000000e+00
7.606461264700000000e+15 5.908935890399999517e+36 1.769379999999999870e+39 1.000000000000000000e+00 0.000000000000000000e+00
7.563532589600000000e+15 5.870300082900000463e+36 1.764380000000000037e+39 1.000000000000000000e+00 0.000000000000000000e+00
7.520725396100000000e+15 5.831773608700000183e+36 1.759379999999999903e+39 1.000000000000000000e+00 0.000000000000000000e+00
7.478039684200000000e+15 5.793356468000000342e+36 1.754380000000000070e+39 1.000000000000000000e+00 0.000000000000000000e+00
7.435475453900000000e+15 5.755048660700000108e+36 1.749379999999999935e+39 1.000000000000000000e+00 0.000000000000000000e+00
7.393032705100000000e+15 5.716850186799999480e+36 1.744380000000000102e+39 1.000000000000000000e+00 0.000000000000000000e+00
7.350711438000000000e+15 5.678761046400000472e+36 1.739379999999999967e+39 1.000000000000000000e+00 0.000000000000000000e+00
7.308511652400000000e+15 5.640781239300000237e+36 1.734380000000000135e+39 1.000000000000000000e+00 0.000000000000000000e+00
7.266433348300000000e+15 5.602910765700000442e+36 1.729380000000000000e+39 1.000000000000000000e+00 0.000000000000000000e+00
7.224476525900000000e+15 5.565149625500000254e+36 1.724379999999999865e+39 1.000000000000000000e+00 0.000000000000000000e+00
7.182641185100000000e+15 5.527497818800000504e+36 1.719380000000000032e+39 1.000000000000000000e+00 0.000000000000000000e+00
7.140927325800000000e+15 5.489955345399999528e+36 1.714379999999999897e+39 1.000000000000000000e+00 0.000000000000000000e+00
7.099334948100000000e+15 5.452522205500000172e+36 1.709380000000000064e+39 1.000000000000000000e+00 0.000000000000000000e+00
7.057864052000000000e+15 5.415198399000000423e+36 1.704379999999999929e+39 1.000000000000000000e+00 0.000000000000000000e+00
7.016514637500000000e+15 5.377983925900000280e+36 1.699380000000000097e+39 1.000000000000000000e+00 0.000000000000000000e+00
6.975286704500000000e+15 5.340878786300000576e+36 1.694379999999999962e+39 1.000000000000000000e+00 0.000000000000000000e+00
6.934180253200000000e+15 5.303882980099999888e+36 1.689380000000000129e+39 1.000000000000000000e+00 0.000000000000000000e+00
6.893195283400000000e+15 5.266996507199999745e+36 1.684379999999999994e+39 1.000000000000000000e+00 0.000000000000000000e+00
6.852331795200000000e+15 5.230219367900000283e+36 1.679379999999999859e+39 1.000000000000000000e+00 0.000000000000000000e+00
6.811589788500000000e+15 5.193551561900000186e+36 1.674380000000000026e+39 1.000000000000000000e+00 0.000000000000000000e+00
6.770969263500000000e+15 5.156993089399999937e+36 1.669379999999999891e+39 1.000000000000000000e+00 0.000000000000000000e+00
6.730470220000000000e+15 5.120543950200000234e+36 1.664380000000000059e+39 1.000000000000000000e+00 0.000000000000000000e+00
6.690092658200000000e+15 5.084204144600000031e+36 1.659379999999999924e+39 1.000000000000000000e+00 0.000000000000000000e+00
6.649836577900000000e+15 5.047973672299999782e+36 1.654380000000000091e+39 1.000000000000000000e+00 0.000000000000000000e+00
6.609701979100000000e+15 5.011852533399999730e+36 1.649379999999999956e+39 1.000000000000000000e+00 0.000000000000000000e+00
6.569688862000000000e+15 4.975840728000000118e+36 1.644380000000000123e+39 1.000000000000000000e+00 0.000000000000000000e+00
6.529797226400000000e+15 4.939938256000000112e+36 1.639379999999999988e+39 1.000000000000000000e+00 0.000000000000000000e+00
6.490027072500000000e+15 4.904145117399999712e+36 1.634379999999999853e+39 1.000000000000000000e+00 0.000000000000000000e+00
6.450378400100000000e+15 4.868461312299999751e+36 1.629380000000000021e+39 1.000000000000000000e+00 0.000000000000000000e+00
6.410851209300000000e+15 4.832886840499999745e+36 1.624379999999999886e+39 1.000000000000000000e+00 0.000000000000000000e+00
6.371445500000000000e+15 4.797421702200000178e+36 1.619380000000000053e+39 1.000000000000000000e+00 0.000000000000000000e+00
6.332161272400000000e+15 4.762065897300000218e+36 1.614379999999999918e+39 1.000000000000000000e+00 0.000000000000000000e+00
6.292998526300000000e+15 4.726819425900000106e+36 1.609380000000000085e+39 1.000000000000000000e+00 0.000000000000000000e+00
6.253957261800000000e+15 4.691682287799999949e+36 1.604379999999999950e+39 1.000000000000000000e+00 0.000000000000000000e+00
6.215037478900000000e+15 4.656654483200000231e+36 1.599380000000000118e+39 1.000000000000000000e+00 0.000000000000000000e+00
6.176239177600000000e+15 4.621736012000000119e+36 1.594379999999999983e+39 1.000000000000000000e+00 0.000000000000000000e+00
6.137562357800000000e+15 4.586926874200000204e+36 1.589380000000000150e+39 1.000000000000000000e+00 0.000000000000000000e+00
6.099007019600000000e+15 4.552227069900000138e+36 1.584380000000000015e+39 1.000000000000000000e+00 0.000000000000000000e+00
6.060573163000000000e+15 4.517636598900000027e+36 1.579379999999999880e+39 1.000000000000000000e+00 0.000000000000000000e+00
6.022260788000000000e+15 4.483155461399999764e+36 1.574380000000000047e+39 1.000000000000000000e+00 0.000000000000000000e+00
5.984069894600000000e+15 4.448783657399999941e+36 1.569379999999999912e+39 1.000000000000000000e+00 0.000000000000000000e+00
5.946000482800000000e+15 4.414521186700000071e+36 1.564380000000000080e+39 1.000000000000000000e+00 0.000000000000000000e+00
5.908052552500000000e+15 4.380368049500000051e+36 1.559379999999999945e+39 1.000000000000000000e+00 0.000000000000000000e+00
5.870226103800000000e+15 4.346324245599999985e+36 1.554380000000000112e+39 1.000000000000000000e+00 0.000000000000000000e+00
5.832521136700000000e+15 4.312389775199999768e+36 1.549379999999999977e+39 1.000000000000000000e+00 0.000000000000000000e+00
5.794937651200000000e+15 4.278564638299999990e+36 1.544380000000000144e+39 1.000000000000000000e+00 0.000000000000000000e+00
5.757475647200000000e+15 4.244848834700000167e+36 1.539380000000000009e+39 1.000000000000000000e+00 0.000000000000000000e+00
5.720135124900000000e+15 4.211242364600000192e+36 1.534379999999999875e+39 1.000000000000000000e+00 0.000000000000000000e+00
5.682916084100000000e+15 4.177745227899999824e+36 1.529380000000000042e+39 1.000000000000000000e+00 0.000000000000000000e+00
5.645818524900000000e+15 4.144357424600000243e+36 1.524379999999999907e+39 1.000000000000000000e+00 0.000000000000000000e+00
5.608842447300000000e+15 4.111078954799999920e+36 1.519380000000000074e+39 1.000000000000000000e+00 0.000000000000000000e+00
5.571987851200000000e+15 4.077909818300000142e+36 1.514379999999999939e+39 1.000000000000000000e+00 0.000000000000000000e+00
5.535254736800000000e+15 4.044850015300000213e+36 1.509380000000000107e+39 1.000000000000000000e+00 0.000000000000000000e+00
5.498643103900000000e+15 4.011899545699999891e+36 1.504379999999999972e+39 1.000000000000000000e+00 0.000000000000000000e+00
5.462152952600000000e+15 3.979058409499999765e+36 1.499380000000000139e+39 1.000000000000000000e+00 0.000000000000000000e+00
5.425784282900000000e+15 3.946326606800000078e+36 1.494380000000000004e+39 1.000000000000000000e+00 0.000000000000000000e+00
5.389537094700000000e+15 3.913704137499999998e+36 1.489379999999999869e+39 1.000000000000000000e+00 0.000000000000000000e+00
5.353411388200000000e+15 3.881191001600000115e+36 1.484380000000000036e+39 1.000000000000000000e+00 0.000000000000000000e+00
5.317407163200000000e+15 3.848787199099999838e+36 1.479379999999999901e+39 1.000000000000000000e+00 0.000000000000000000e+00
5.281524419800000000e+15 3.816492729999999758e+36 1.474380000000000069e+39 1.000000000000000000e+00 0.000000000000000000e+00
5.245763158000000000e+15 3.784307594400000117e+36 1.469379999999999934e+39 1.000000000000000000e+00 0.000000000000000000e+00
5.210123377800000000e+15 3.752231792200000082e+36 1.464380000000000101e+39 1.000000000000000000e+00 0.000000000000000000e+00
5.174605079100000000e+15 3.720265323400000244e+36 1.459379999999999966e+39 1.000000000000000000e+00 0.000000000000000000e+00
5.139208262100000000e+15 3.688408188100000256e+36 1.454380000000000133e+39 1.000000000000000000e+00 0.000000000000000000e+00
5.103932926600000000e+15 3.656660386100000221e+36 1.449379999999999998e+39 1.000000000000000000e+00 0.000000000000000000e+00
5.068779072700000000e+15 3.625021917600000035e+36 1.444379999999999863e+39 1.000000000000000000e+00 0.000000000000000000e+00
5.033746700300000000e+15 3.593492782500000047e+36 1.439380000000000031e+39 1.000000000000000000e+00 0.000000000000000000e+00
4.998835809600000000e+15 3.562072980800000255e+36 1.434379999999999896e+39 1.000000000000000000e+00 0.000000000000000000e+00
4.964046400400000000e+15 3.530762512599999721e+36 1.429380000000000063e+39 1.000000000000000000e+00 0.000000000000000000e+00
4.929378472800000000e+15 3.499561377799999975e+36 1.424379999999999928e+39 1.000000000000000000e+00 0.000000000000000000e+00
4.894832026800000000e+15 3.468469576300000183e+36 1.419380000000000095e+39 1.000000000000000000e+00 0.000000000000000000e+00
4.860407062400000000e+15 3.437487108399999891e+36 1.414379999999999960e+39 1.000000000000000000e+00 0.000000000000000000e+00
4.826103579600000000e+15 3.406613973800000145e+36 1.409380000000000128e+39 1.000000000000000000e+00 0.000000000000000000e+00
4.791921578300000000e+15 3.375850172700000247e+36 1.404379999999999993e+39 1.000000000000000000e+00 0.000000000000000000e+00
4.757861058600000000e+15 3.345195704999999956e+36 1.399379999999999858e+39 1.000000000000000000e+00 0.000000000000000000e+00
4.723922020500000000e+15 3.314650570699999862e+36 1.394380000000000025e+39 1.000000000000000000e+00 0.000000000000000000e+00
4.690104464000000000e+15 3.284214769799999964e+36 1.389379999999999890e+39 1.000000000000000000e+00 0.000000000000000000e+00
4.656408389000000000e+15 3.253888302300000264e+36 1.384380000000000057e+39 1.000000000000000000e+00 0.000000000000000000e+00
4.622833795700000000e+15 3.223671168299999821e+36 1.379379999999999922e+39 1.000000000000000000e+00 0.000000000000000000e+00
4.589380683900000000e+15 3.193563367700000166e+36 1.374380000000000090e+39 1.000000000000000000e+00 0.000000000000000000e+00
4.556049053700000000e+15 3.163564900500000118e+36 1.369379999999999955e+39 1.000000000000000000e+00 0.000000000000000000e+00
4.522838905100000000e+15 3.133675766799999918e+36 1.364380000000000122e+39 1.000000000000000000e+00 0.000000000000000000e+00
4.489750238100000000e+15 3.103895966499999915e+36 1.359379999999999987e+39 1.000000000000000000e+00 0.000000000000000000e+00
4.456783052600000000e+15 3.074225499499999866e+36 1.354380000000000003e+39 1.000000000000000000e+00 0.000000000000000000e+00
4.423937348700000000e+15 3.044664366099999909e+36 1.349380000000000019e+39 1.000000000000000000e+00 0.000000000000000000e+00
4.391213126400000000e+15 3.015212565999999906e+36 1.344380000000000036e+39 1.000000000000000000e+00 0.000000000000000000e+00
4.358610385700000000e+15 2.985870099399999751e+36 1.339380000000000052e+39 1.000000000000000000e+00 0.000000000000000000e+00
4.326129126600000000e+15 2.956636966100000142e+36 1.334380000000000068e+39 1.000000000000000000e+00 0.000000000000000000e+00
4.293769349000000000e+15 2.927513166299999791e+36 1.329379999999999933e+39 1.000000000000000000e+00 0.000000000000000000e+00
4.261531053100000000e+15 2.898498699999999879e+36 1.324379999999999949e+39 1.000000000000000000e+00 0.000000000000000000e+00
4.229414238700000000e+15 2.869593566999999922e+36 1.319379999999999965e+39 1.000000000000000000e+00 0.000000000000000000e+00
4.197418905900000000e+15 2.840797767499999813e+36 1.314379999999999982e+39 1.000000000000000000e+00 0.000000000000000000e+00
4.165545054600000000e+15 2.812111301399999902e+36 1.309379999999999998e+39 1.000000000000000000e+00 0.000000000000000000e+00
4.133792685000000000e+15 2.783534168700000187e+36 1.304380000000000014e+39 1.000000000000000000e+00 0.000000000000000000e+00
4.102161796900000000e+15 2.755066369400000078e+36 1.299380000000000030e+39 1.000000000000000000e+00 0.000000000000000000e+00
4.070652390400000000e+15 2.726707903599999819e+36 1.294380000000000046e+39 1.000000000000000000e+00 0.000000000000000000e+00
4.039264465500000000e+15 2.698458771199999756e+36 1.289380000000000062e+39 1.000000000000000000e+00 0.000000000000000000e+00
4.007998022200000000e+15 2.670318972199999890e+36 1.284379999999999927e+39 1.000000000000000000e+00 0.000000000000000000e+00
3.976853060500000000e+15 2.642288506599999925e+36 1.279379999999999944e+39 1.000000000000000000e+00 0.000000000000000000e+00
3.945829580300000000e+15 2.614367374500000105e+36 1.274379999999999960e+39 1.000000000000000000e+00 0.000000000000000000e+00
3.914927581700000000e+15 2.586555575699999944e+36 1.269379999999999976e+39 1.000000000000000000e+00 0.000000000000000000e+00
3.884147064700000000e+15 2.558853110399999926e+36 1.264379999999999992e+39 1.000000000000000000e+00 0.000000000000000000e+00
3.853488029300000000e+15 2.531259978600000053e+36 1.259380000000000008e+39 1.000000000000000000e+00 0.000000000000000000e+00
3.822950475400000000e+15 2.503776180100000134e+36 1.254380000000000024e+39 1.000000000000000000e+00 0.000000000000000000e+00
3.792534403200000000e+15 2.476401715100000064e+36 1.249380000000000041e+39 1.000000000000000000e+00 0.000000000000000000e+00
3.762239812500000000e+15 2.449136583499999896e+36 1.244380000000000057e+39 1.000000000000000000e+00 0.000000000000000000e+00
3.732066703400000000e+15 2.421980785299999924e+36 1.239380000000000073e+39 1.000000000000000000e+00 0.000000000000000000e+00
3.702015075900000000e+15 2.394934320499999854e+36 1.234379999999999938e+39 1.000000000000000000e+00 0.000000000000000000e+00
3.672084929900000000e+15 2.367997189199999929e+36 1.229379999999999954e+39 1.000000000000000000e+00 0.000000000000000000e+00
3.642276265600000000e+15 2.341169391199999957e+36 1.224379999999999970e+39 1.000000000000000000e+00 0.000000000000000000e+00
3.612589082800000000e+15 2.314450926700000129e+36 1.219379999999999986e+39 1.000000000000000000e+00 0.000000000000000000e+00
3.583023381600000000e+15 2.287841795699999856e+36 1.214380000000000003e+39 1.000000000000000000e+00 0.000000000000000000e+00
3.553579162000000000e+15 2.261341998000000127e+36 1.209380000000000019e+39 1.000000000000000000e+00 0.000000000000000000e+00
3.524256424000000000e+15 2.234951533799999951e+36 1.204380000000000035e+39 1.000000000000000000e+00 0.000000000000000000e+00
3.495055167500000000e+15 2.208670402999999972e+36 1.199380000000000051e+39 1.000000000000000000e+00 0.000000000000000000e+00
3.465975392600000000e+15 2.182498605599999895e+36 1.194380000000000067e+39 1.000000000000000000e+00 0.000000000000000000e+00
3.437017099400000000e+15 2.156436141600000015e+36 1.189379999999999932e+39 1.000000000000000000e+00 0.000000000000000000e+00
3.408180287600000000e+15 2.130483011099999984e+36 1.184379999999999949e+39 1.000000000000000000e+00 0.000000000000000000e+00
3.379464957500000000e+15 2.104639213999999854e+36 1.179379999999999965e+39 1.000000000000000000e+00 0.000000000000000000e+00
3.350871109000000000e+15 2.078904750299999921e+36 1.174379999999999981e+39 1.000000000000000000e+00 0.000000000000000000e+00
3.322398742000000000e+15 2.053279619999999890e+36 1.169379999999999997e+39 1.000000000000000000e+00 0.000000000000000000e+00
3.294047856600000000e+15 2.027763823200000002e+36 1.164380000000000013e+39 1.000000000000000000e+00 0.000000000000000000e+00
3.265818452800000000e+15 2.002357359700000069e+36 1.159380000000000029e+39 1.000000000000000000e+00 0.000000000000000000e+00
3.237710530600000000e+15 1.977060229699999985e+36 1.154380000000000046e+39 1.000000000000000000e+00 0.000000000000000000e+00
3.209724089900000000e+15 1.951872433100000098e+36 1.149380000000000062e+39 1.000000000000000000e+00 0.000000000000000000e+00
3.181859130900000000e+15 1.926793970000000059e+36 1.144379999999999927e+39 1.000000000000000000e+00 0.000000000000000000e+00
3.154115653400000000e+15 1.901824840299999922e+36 1.139379999999999943e+39 1.000000000000000000e+00 0.000000000000000000e+00
3.126493657500000000e+15 1.876965043900000035e+36 1.134379999999999959e+39 1.000000000000000000e+00 0.000000000000000000e+00
3.098993143200000000e+15 1.852214580999999996e+36 1.129379999999999975e+39 1.000000000000000000e+00 0.000000000000000000e+00
3.071614110400000000e+15 1.827573451600000102e+36 1.124379999999999991e+39 1.000000000000000000e+00 0.000000000000000000e+00
3.044356559300000000e+15 1.803041655499999867e+36 1.119380000000000008e+39 1.000000000000000000e+00 0.000000000000000000e+00
3.017220489700000000e+15 1.778619192900000071e+36 1.114380000000000024e+39 1.000000000000000000e+00 0.000000000000000000e+00
2.990205901700000000e+15 1.754306063699999881e+36 1.109380000000000040e+39 1.000000000000000000e+00 0.000000000000000000e+00
2.963312795300000000e+15 1.730102267899999888e+36 1.104380000000000056e+39 1.000000000000000000e+00 0.000000000000000000e+00
2.936541170400000000e+15 1.706007805600000039e+36 1.099380000000000072e+39 1.000000000000000000e+00 0.000000000000000000e+00
2.909891027200000000e+15 1.682022676700000092e+36 1.094379999999999937e+39 1.000000000000000000e+00 0.000000000000000000e+00
2.883362365500000000e+15 1.658146881100000099e+36 1.089379999999999954e+39 1.000000000000000000e+00 0.000000000000000000e+00
2.856955185400000000e+15 1.634380419099999903e+36 1.084379999999999970e+39 1.000000000000000000e+00 0.000000000000000000e+00
2.830669486900000000e+15 1.610723290399999955e+36 1.079379999999999986e+39 1.000000000000000000e+00 0.000000000000000000e+00
2.804505269900000000e+15 1.587175495199999857e+36 1.074380000000000002e+39 1.000000000000000000e+00 0.000000000000000000e+00
2.778462534600000000e+15 1.563737033300000008e+36 1.069380000000000018e+39 1.000000000000000000e+00 0.000000000000000000e+00
2.752541280800000000e+15 1.540407904900000008e+36 1.064380000000000034e+39 1.000000000000000000e+00 0.000000000000000000e+00
2.726741508600000000e+15 1.517188109999999857e+36 1.059380000000000051e+39 1.000000000000000000e+00 0.000000000000000000e+00
2.701063218000000000e+15 1.494077648399999956e+36 1.054380000000000067e+39 1.000000000000000000e+00 0.000000000000000000e+00
2.675506409000000000e+15 1.471076520299999903e+36 1.049379999999999932e+39 1.000000000000000000e+00 0.000000000000000000e+00
2.650071081500000000e+15 1.448184725600000047e+36 1.044379999999999948e+39 1.000000000000000000e+00 0.000000000000000000e+00
2.624757235700000000e+15 1.425402264300000093e+36 1.039379999999999964e+39 1.000000000000000000e+00 0.000000000000000000e+00
2.599564871400000000e+15 1.402729136400000040e+36 1.034379999999999980e+39 1.000000000000000000e+00 0.000000000000000000e+00
2.574493988700000000e+15 1.380165342000000132e+36 1.029379999999999996e+39 1.000000000000000000e+00 0.000000000000000000e+00
2.549544587500000000e+15 1.357710881000000125e+36 1.024380000000000013e+39 1.000000000000000000e+00 0.000000000000000000e+00
2.524716668000000000e+15 1.335365753400000019e+36 1.019380000000000029e+39 1.000000000000000000e+00 0.000000000000000000e+00
2.500010230000000000e+15 1.313129959199999963e+36 1.014380000000000045e+39 1.000000000000000000e+00 0.000000000000000000e+00
2.475425273600000000e+15 1.291003498500000051e+36 1.009380000000000061e+39 1.000000000000000000e+00 0.000000000000000000e+00
2.450961798800000000e+15 1.268986371200000040e+36 1.004379999999999926e+39 1.000000000000000000e+00 0.000000000000000000e+00
2.426614949400000000e+15 1.247074206600000007e+36 9.993790000000000064e+38 1.000000000000000000e+00 0.000000000000000000e+00
2.402394462000000000e+15 1.225275768000000042e+36 9.943790000000000226e+38 1.000000000000000000e+00 0.000000000000000000e+00
2.378295456300000000e+15 1.203586662799999979e+36 9.893790000000000388e+38 1.000000000000000000e+00 0.000000000000000000e+00
2.354317932100000000e+15 1.182006891100000059e+36 9.843790000000000549e+38 1.000000000000000000e+00 0.000000000000000000e+00
2.330461889500000000e+15 1.160536452699999946e+36 9.793790000000000711e+38 1.000000000000000000e+00 0.000000000000000000e+00
2.306727328400000000e+15 1.139175347799999978e+36 9.743789999999999362e+38 1.000000000000000000e+00 0.000000000000000000e+00
2.283114249000000000e+15 1.117923576300000058e+36 9.693789999999999523e+38 1.000000000000000000e+00 0.000000000000000000e+00
2.259622651100000000e+15 1.096781138200000040e+36 9.643789999999999685e+38 1.000000000000000000e+00 0.000000000000000000e+00
2.236252534900000000e+15 1.075748033600000019e+36 9.593789999999999847e+38 1.000000000000000000e+00 0.000000000000000000e+00
2.213003900200000000e+15 1.054824262400000047e+36 9.543790000000000008e+38 1.000000000000000000e+00 0.000000000000000000e+00
2.189876747000000000e+15 1.034009824500000029e+36 9.493790000000000170e+38 1.000000000000000000e+00 0.000000000000000000e+00
2.166871075500000000e+15 1.013304720199999955e+36 9.443790000000000332e+38 1.000000000000000000e+00 0.000000000000000000e+00
2.143986885500000000e+15 9.927089491999999826e+35 9.393790000000000493e+38 1.000000000000000000e+00 0.000000000000000000e+00
2.121224177200000000e+15 9.722225116599999393e+35 9.343790000000000655e+38 1.000000000000000000e+00 0.000000000000000000e+00
2.098582950400000000e+15 9.518454075400000528e+35 9.293789999999999306e+38 1.000000000000000000e+00 0.000000000000000000e+00
2.076063205200000000e+15 9.315776368499999340e+35 9.243789999999999467e+38 1.000000000000000000e+00 0.000000000000000000e+00
2.053664941500000000e+15 9.114191995799999720e+35 9.193789999999999629e+38 1.000000000000000000e+00 0.000000000000000000e+00
2.031388159500000000e+15 8.913700957300000190e+35 9.143789999999999791e+38 1.000000000000000000e+00 0.000000000000000000e+00
2.009232859000000000e+15 8.714303252999999276e+35 9.093789999999999952e+38 1.000000000000000000e+00 0.000000000000000000e+00
1.987199040100000000e+15 8.515998883000000467e+35 9.043790000000000114e+38 1.000000000000000000e+00 0.000000000000000000e+00
1.965286702800000000e+15 8.318787847200000273e+35 8.993790000000000276e+38 1.000000000000000000e+00 0.000000000000000000e+00
1.943495847100000000e+15 8.122670145600000171e+35 8.943790000000000437e+38 1.000000000000000000e+00 0.000000000000000000e+00
1.921826472900000000e+15 7.927645778200000160e+35 8.893790000000000599e+38 1.000000000000000000e+00 0.000000000000000000e+00
1.900278580300000000e+15 7.733714745099999302e+35 8.843789999999999250e+38 1.000000000000000000e+00 0.000000000000000000e+00
1.878852169300000000e+15 7.540877046200000010e+35 8.793789999999999411e+38 3.222222222200000097e+00 0.000000000000000000e+00
1.863448857400000000e+15 7.403591360100000581e+35 8.743789999999999573e+38 3.222222222200000097e+00 0.000000000000000000e+00
1.848132221000000000e+15 7.268039183800000310e+35 8.693789999999999735e+38 3.222222222200000097e+00 0.000000000000000000e+00
1.832901654600000000e+15 7.134208409500000692e+35 8.643789999999999896e+38 3.222222222200000097e+00 0.000000000000000000e+00
1.817756553700000000e+15 7.002086944500000265e+35 8.593790000000000058e+38 3.222222222200000097e+00 0.000000000000000000e+00
1.802696314500000000e+15 6.871662712099999449e+35 8.543790000000000220e+38 3.222222222200000097e+00 0.000000000000000000e+00
1.787720333800000000e+15 6.742923650800000675e+35 8.493790000000000381e+38 3.222222222200000097e+00 0.000000000000000000e+00
1.772828009300000000e+15 6.615857715100000136e+35 8.443790000000000543e+38 3.222222222200000097e+00 0.000000000000000000e+00
1.758018739700000000e+15 6.490452874999999862e+35 8.393790000000000705e+38 3.222222222200000097e+00 0.000000000000000000e+00
1.743291924100000000e+15 6.366697116500000076e+35 8.343789999999999355e+38 3.222222222200000097e+00 0.000000000000000000e+00
1.728646962700000000e+15 6.244578441299999792e+35 8.293789999999999517e+38 3.222222222200000097e+00 0.000000000000000000e+00
1.714083256400000000e+15 6.124084867300000246e+35 8.243789999999999679e+38 3.222222222200000097e+00 0.000000000000000000e+00
1.699600206800000000e+15 6.005204428300000328e+35 8.193789999999999840e+38 3.222222222200000097e+00 0.000000000000000000e+00
1.685197216500000000e+15 5.887925174100000070e+35 8.143790000000000002e+38 3.222222222200000097e+00 0.000000000000000000e+00
1.670873688700000000e+15 5.772235170999999648e+35 8.093790000000000164e+38 3.222222222200000097e+00 0.000000000000000000e+00
1.656629027500000000e+15 5.658122501400000181e+35 8.043790000000000325e+38 3.222222222200000097e+00 0.000000000000000000e+00
1.642462638000000000e+15 5.545575263899999843e+35 7.993790000000000487e+38 3.222222222200000097e+00 0.000000000000000000e+00
1.628373925900000000e+15 5.434581573800000236e+35 7.943790000000000649e+38 3.222222222200000097e+00 0.000000000000000000e+00
1.614362297700000000e+15 5.325129562800000354e+35 7.893789999999999299e+38 3.222222222200000097e+00 0.000000000000000000e+00
1.600427160900000000e+15 5.217207379100000073e+35 7.843789999999999461e+38 3.222222222200000097e+00 0.000000000000000000e+00
1.586567923700000000e+15 5.110803187700000283e+35 7.793789999999999623e+38 3.222222222200000097e+00 0.000000000000000000e+00
1.572783995200000000e+15 5.005905170300000140e+35 7.743789999999999784e+38 3.222222222200000097e+00 0.000000000000000000e+00
1.559074785300000000e+15 4.902501525500000356e+35 7.693789999999999946e+38 3.222222222200000097e+00 0.000000000000000000e+00
1.545439704800000000e+15 4.800580468599999905e+35 7.643790000000000108e+38 3.222222222200000097e+00 0.000000000000000000e+00
1.531878165300000000e+15 4.700130232199999994e+35 7.593790000000000269e+38 3.222222222200000097e+00 0.000000000000000000e+00
1.518389579400000000e+15 4.601139065799999691e+35 7.543790000000000431e+38 3.222222222200000097e+00 0.000000000000000000e+00
1.504973360300000000e+15 4.503595236200000293e+35 7.493790000000000593e+38 3.222222222200000097e+00 0.000000000000000000e+00
1.491628922200000000e+15 4.407487027400000362e+35 7.443790000000000754e+38 3.222222222200000097e+00 0.000000000000000000e+00
1.478355680200000000e+15 4.312802740699999950e+35 7.393789999999999405e+38 3.222222222200000097e+00 0.000000000000000000e+00
1.465153050300000000e+15 4.219530694999999998e+35 7.343789999999999567e+38 3.222222222200000097e+00 0.000000000000000000e+00
1.452020449200000000e+15 4.127659226599999786e+35 7.293789999999999728e+38 3.222222222200000097e+00 0.000000000000000000e+00
1.438957294700000000e+15 4.037176689500000021e+35 7.243789999999999890e+38 3.222222222200000097e+00 0.000000000000000000e+00
1.425963005400000000e+15 3.948071455499999683e+35 7.193790000000000052e+38 3.222222222200000097e+00 0.000000000000000000e+00
1.413037000700000000e+15 3.860331914000000121e+35 7.143790000000000213e+38 3.222222222200000097e+00 0.000000000000000000e+00
1.400178701000000000e+15 3.773946472600000154e+35 7.093790000000000375e+38 3.222222222200000097e+00 0.000000000000000000e+00
1.387387527500000000e+15 3.688903556699999829e+35 7.043790000000000537e+38 3.222222222200000097e+00 0.000000000000000000e+00
1.374662902600000000e+15 3.605191610000000155e+35 6.993790000000000698e+38 3.222222222200000097e+00 0.000000000000000000e+00
1.362004249100000000e+15 3.522799094200000016e+35 6.943789999999999349e+38 3.222222222200000097e+00 0.000000000000000000e+00
1.349410991300000000e+15 3.441714489399999795e+35 6.893789999999999511e+38 3.222222222200000097e+00 0.000000000000000000e+00
1.336882553900000000e+15 3.361926294199999700e+35 6.843789999999999672e+38 3.222222222200000097e+00 0.000000000000000000e+00
1.324418362800000000e+15 3.283423025799999931e+35 6.793789999999999834e+38 3.222222222200000097e+00 0.000000000000000000e+00
1.312017844900000000e+15 3.206193219700000173e+35 6.743789999999999996e+38 3.222222222200000097e+00 0.000000000000000000e+00
1.299680427800000000e+15 3.130225430400000042e+35 6.693790000000000157e+38 3.222222222200000097e+00 0.000000000000000000e+00
1.287405540200000000e+15 3.055508231199999852e+35 6.643790000000000319e+38 3.222222222200000097e+00 0.000000000000000000e+00
1.275192611700000000e+15 2.982030214300000045e+35 6.593789999999999725e+38 3.222222222200000097e+00 0.000000000000000000e+00
1.263041072900000000e+15 2.909779991000000056e+35 6.543789999999999887e+38 3.222222222200000097e+00 0.000000000000000000e+00
1.250950355300000000e+15 2.838746191700000152e+35 6.493790000000000049e+38 3.222222222200000097e+00 0.000000000000000000e+00
1.238919891400000000e+15 2.768917466299999898e+35 6.443790000000000210e+38 3.222222222200000097e+00 0.000000000000000000e+00
1.226949114600000000e+15 2.700282483899999862e+35 6.393790000000000372e+38 3.222222222200000097e+00 0.000000000000000000e+00
1.215037459400000000e+15 2.632829933099999908e+35 6.343789999999999778e+38 3.222222222200000097e+00 0.000000000000000000e+00
1.203184361300000000e+15 2.566548522300000071e+35 6.293789999999999940e+38 3.222222222200000097e+00 0.000000000000000000e+00
1.191389256500000000e+15 2.501426979499999849e+35 6.243790000000000101e+38 3.222222222200000097e+00 0.000000000000000000e+00
1.179651582500000000e+15 2.437454052800000155e+35 6.193790000000000263e+38 3.222222222200000097e+00 0.000000000000000000e+00
1.167970777700000000e+15 2.374618510000000059e+35 6.143789999999999669e+38 3.222222222200000097e+00 0.000000000000000000e+00
1.156346281600000000e+15 2.312909139300000182e+35 6.093789999999999831e+38 3.222222222200000097e+00 0.000000000000000000e+00
1.144777534400000000e+15 2.252314749100000145e+35 6.043789999999999993e+38 3.222222222200000097e+00 0.000000000000000000e+00
1.133263977700000000e+15 2.192824168099999843e+35 5.993790000000000154e+38 3.222222222200000097e+00 0.000000000000000000e+00
1.121805054000000000e+15 2.134426245500000155e+35 5.943790000000000316e+38 3.222222222200000097e+00 0.000000000000000000e+00
1.110400206600000000e+15 2.077109851300000123e+35 5.893789999999999722e+38 3.222222222200000097e+00 0.000000000000000000e+00
1.099048880200000000e+15 2.020863876099999943e+35 5.843789999999999884e+38 3.222222222200000097e+00 0.000000000000000000e+00
1.087750520300000000e+15 1.965677231700000125e+35 5.793790000000000045e+38 3.222222222200000097e+00 0.000000000000000000e+00
1.076504573700000000e+15 1.911538850700000085e+35 5.743790000000000207e+38 3.222222222200000097e+00 0.000000000000000000e+00
1.065310487800000000e+15 1.858437686899999922e+35 5.693790000000000369e+38 3.222222222200000097e+00 0.000000000000000000e+00
1.054167711600000000e+15 1.806362715699999992e+35 5.643789999999999775e+38 3.222222222200000097e+00 0.000000000000000000e+00
1.043075694900000000e+15 1.755302933800000027e+35 5.593789999999999937e+38 3.222222222200000097e+00 0.000000000000000000e+00
1.032033888600000000e+15 1.705247359600000180e+35 5.543790000000000098e+38 3.222222222200000097e+00 0.000000000000000000e+00
1.021041744600000000e+15 1.656185033199999919e+35 5.493790000000000260e+38 3.222222222200000097e+00 0.000000000000000000e+00
1.010098716100000000e+15 1.608105016700000011e+35 5.443789999999999666e+38 3.222222222200000097e+00 0.000000000000000000e+00
9.992042573800000000e+14 1.560996394500000069e+35 5.393789999999999828e+38 3.222222222200000097e+00 0.000000000000000000e+00
9.883578236600000000e+14 1.514848272799999931e+35 5.343789999999999989e+38 3.222222222200000097e+00 0.000000000000000000e+00
9.775588714200000000e+14 1.469649780700000032e+35 5.293790000000000151e+38 3.222222222200000097e+00 0.000000000000000000e+00
9.668068582300000000e+14 1.425390069600000028e+35 5.243790000000000313e+38 3.222222222200000097e+00 0.000000000000000000e+00
9.561012428000000000e+14 1.382058313799999988e+35 5.193789999999999719e+38 3.222222222200000097e+00 0.000000000000000000e+00
9.454414849800000000e+14 1.339643710300000062e+35 5.143789999999999881e+38 3.222222222200000097e+00 0.000000000000000000e+00
9.348270458000000000e+14 1.298135479400000011e+35 5.093790000000000042e+38 3.222222222200000097e+00 0.000000000000000000e+00
9.242573874200000000e+14 1.257522864499999981e+35 5.043790000000000204e+38 3.222222222200000097e+00 0.000000000000000000e+00
9.137319731900000000e+14 1.217795132700000036e+35 4.993790000000000366e+38 3.222222222200000097e+00 0.000000000000000000e+00
9.032502676400000000e+14 1.178941574300000054e+35 4.943789999999999772e+38 3.222222222200000097e+00 0.000000000000000000e+00
8.928117364800000000e+14 1.140951503899999922e+35 4.893789999999999933e+38 3.222222222200000097e+00 0.000000000000000000e+00
8.824158466300000000e+14 1.103814259700000013e+35 4.843790000000000095e+38 3.222222222200000097e+00 0.000000000000000000e+00
8.720620662100000000e+14 1.067519204099999989e+35 4.793790000000000257e+38 3.222222222200000097e+00 0.000000000000000000e+00
8.617498645800000000e+14 1.032055724200000007e+35 4.743789999999999663e+38 3.222222222200000097e+00 0.000000000000000000e+00
8.514787123000000000e+14 9.974132313300000045e+34 4.693789999999999825e+38 3.222222222200000097e+00 0.000000000000000000e+00
8.412480811800000000e+14 9.635811617599999361e+34 4.643789999999999986e+38 3.222222222200000097e+00 0.000000000000000000e+00
8.310574442900000000e+14 9.305489766799999970e+34 4.593790000000000148e+38 3.222222222200000097e+00 0.000000000000000000e+00
8.209062759400000000e+14 8.983061624900000431e+34 4.543790000000000310e+38 3.222222222200000097e+00 0.000000000000000000e+00
8.107940517300000000e+14 8.668422309899999474e+34 4.493789999999999716e+38 3.222222222200000097e+00 0.000000000000000000e+00
8.007202485200000000e+14 8.361467195899999176e+34 4.443789999999999878e+38 3.222222222200000097e+00 0.000000000000000000e+00
7.906843444800000000e+14 8.062091915299999628e+34 4.393790000000000039e+38 3.222222222200000097e+00 0.000000000000000000e+00
7.806858190700000000e+14 7.770192361300000380e+34 4.343790000000000201e+38 3.222222222200000097e+00 0.000000000000000000e+00
7.707204153000000000e+14 7.497583929199999572e+34 4.293790000000000363e+38 2.960784313700000059e+00 0.000000000000000000e+00
7.607921682400000000e+14 7.242025964799999758e+34 4.243789999999999769e+38 2.960784313700000059e+00 0.000000000000000000e+00
7.508969928600000000e+14 6.992304181000000170e+34 4.193789999999999930e+38 2.960784313700000059e+00 0.000000000000000000e+00
7.410345147200000000e+14 6.748352497399999620e+34 4.143790000000000092e+38 2.960784313700000059e+00 0.000000000000000000e+00
7.312043591800000000e+14 6.510104803000000126e+34 4.093790000000000254e+38 2.960784313700000059e+00 0.000000000000000000e+00
7.214061514500000000e+14 6.277494955300000418e+34 4.043789999999999660e+38 2.960784313700000059e+00 0.000000000000000000e+00
7.116395165200000000e+14 6.050456780000000226e+34 3.993789999999999822e+38 2.960784313700000059e+00 0.000000000000000000e+00
7.019040792400000000e+14 5.828924071000000282e+34 3.943789999999999983e+38 2.960784313700000059e+00 0.000000000000000000e+00
6.921994642400000000e+14 5.612830589399999709e+34 3.893790000000000145e+38 2.960784313700000059e+00 0.000000000000000000e+00
6.825252959900000000e+14 5.402110063499999713e+34 3.843790000000000307e+38 2.960784313700000059e+00 0.000000000000000000e+00
6.728811987700000000e+14 5.196696188299999973e+34 3.793789999999999713e+38 2.960784313700000059e+00 0.000000000000000000e+00
6.632667966400000000e+14 4.996522624800000042e+34 3.743789999999999874e+38 2.960784313700000059e+00 0.000000000000000000e+00
6.536817135000000000e+14 4.801522999699999950e+34 3.693790000000000036e+38 2.960784313700000059e+00 0.000000000000000000e+00
6.441255730300000000e+14 4.611630905099999880e+34 3.643790000000000198e+38 2.960784313700000059e+00 0.000000000000000000e+00
6.345979987200000000e+14 4.426779897600000133e+34 3.593790000000000359e+38 2.960784313700000059e+00 0.000000000000000000e+00
6.250986138500000000e+14 4.246903498399999996e+34 3.543789999999999766e+38 2.960784313700000059e+00 0.000000000000000000e+00
6.156270415200000000e+14 4.071935191900000095e+34 3.493789999999999927e+38 2.960784313700000059e+00 0.000000000000000000e+00
6.061829045800000000e+14 3.901808426200000002e+34 3.443790000000000089e+38 2.960784313700000059e+00 0.000000000000000000e+00
5.967658257000000000e+14 3.736456611599999864e+34 3.393789999999999873e+38 2.960784313700000059e+00 0.000000000000000000e+00
5.873754273100000000e+14 3.575813120799999997e+34 3.343790000000000035e+38 2.960784313700000059e+00 0.000000000000000000e+00
5.780113316600000000e+14 3.419811287900000127e+34 3.293789999999999818e+38 2.960784313700000059e+00 0.000000000000000000e+00
5.686731607400000000e+14 3.268384407800000126e+34 3.243789999999999980e+38 2.960784313700000059e+00 0.000000000000000000e+00
5.593605363300000000e+14 3.121465735700000096e+34 3.193790000000000142e+38 2.960784313700000059e+00 0.000000000000000000e+00
5.500730799800000000e+14 2.978988486500000187e+34 3.143789999999999926e+38 2.960784313700000059e+00 0.000000000000000000e+00
5.408104130200000000e+14 2.840885833999999892e+34 3.093790000000000087e+38 2.960784313700000059e+00 0.000000000000000000e+00
5.315721565200000000e+14 2.707090910499999773e+34 3.043789999999999871e+38 2.960784313700000059e+00 0.000000000000000000e+00
5.223579313300000000e+14 2.577536805699999974e+34 2.993790000000000033e+38 2.960784313700000059e+00 0.000000000000000000e+00
5.131673580400000000e+14 2.452156566199999841e+34 2.943789999999999817e+38 2.960784313700000059e+00 0.000000000000000000e+00
5.040000570000000000e+14 2.330883194799999786e+34 2.893789999999999979e+38 2.960784313700000059e+00 0.000000000000000000e+00
4.948556483100000000e+14 2.213649649599999860e+34 2.843790000000000140e+38 2.960784313700000059e+00 0.000000000000000000e+00
4.857337518100000000e+14 2.100388843299999775e+34 2.793789999999999924e+38 2.960784313700000059e+00 0.000000000000000000e+00
4.766339870700000000e+14 1.991033642300000012e+34 2.743790000000000086e+38 2.960784313700000059e+00 0.000000000000000000e+00
4.675559734000000000e+14 1.885516865999999999e+34 2.693789999999999870e+38 2.960784313700000059e+00 0.000000000000000000e+00
4.584993298400000000e+14 1.783771285399999993e+34 2.643790000000000031e+38 2.960784313700000059e+00 0.000000000000000000e+00
4.494636751500000000e+14 1.685729622900000097e+34 2.593789999999999815e+38 2.960784313700000059e+00 0.000000000000000000e+00
4.404486278100000000e+14 1.591324550900000064e+34 2.543789999999999977e+38 2.960784313700000059e+00 0.000000000000000000e+00
4.314538060100000000e+14 1.500488690699999896e+34 2.493790000000000139e+38 2.960784313700000059e+00 0.000000000000000000e+00
4.224980000000000000e+14 1.405780000000000071e+34 2.443789999999999923e+38 2.653999999999999915e+00 0.000000000000000000e+00
4.135220000000000000e+14 1.330089999999999915e+34 2.393790000000000084e+38 2.653999999999999915e+00 0.000000000000000000e+00
4.045620000000000000e+14 1.257049999999999909e+34 2.343789999999999868e+38 2.654999999999999805e+00 0.000000000000000000e+00
3.956180000000000000e+14 1.186649999999999920e+34 2.293790000000000030e+38 2.654999999999999805e+00 0.000000000000000000e+00
3.866920000000000000e+14 1.118839999999999971e+34 2.243789999999999814e+38 2.656000000000000139e+00 0.000000000000000000e+00
3.777810000000000000e+14 1.053600000000000026e+34 2.193789999999999975e+38 2.656000000000000139e+00 0.000000000000000000e+00
3.688860000000000000e+14 9.908820000000000188e+33 2.143790000000000137e+38 2.656000000000000139e+00 0.000000000000000000e+00
3.600070000000000000e+14 9.306640000000000013e+33 2.093789999999999921e+38 2.654999999999999805e+00 0.000000000000000000e+00
3.511430000000000000e+14 8.729029999999999751e+33 2.043790000000000083e+38 2.653999999999999915e+00 0.000000000000000000e+00
3.422950000000000000e+14 8.175620000000000221e+33 1.993789999999999867e+38 2.653000000000000025e+00 0.000000000000000000e+00
3.334620000000000000e+14 7.646000000000000551e+33 1.943790000000000028e+38 2.652000000000000135e+00 0.000000000000000000e+00
3.246440000000000000e+14 7.139759999999999873e+33 1.893789999999999812e+38 2.649999999999999911e+00 0.000000000000000000e+00
3.158400000000000000e+14 6.656470000000000507e+33 1.843789999999999974e+38 2.649000000000000021e+00 0.000000000000000000e+00
3.070510000000000000e+14 6.195690000000000031e+33 1.793790000000000136e+38 2.645999999999999908e+00 0.000000000000000000e+00
2.982760000000000000e+14 5.756940000000000096e+33 1.743789999999999919e+38 2.642999999999999794e+00 0.000000000000000000e+00
2.895160000000000000e+14 5.339770000000000450e+33 1.693790000000000081e+38 2.640000000000000124e+00 0.000000000000000000e+00
2.807690000000000000e+14 4.943659999999999908e+33 1.643790000000000054e+38 2.636000000000000121e+00 0.000000000000000000e+00
2.720360000000000000e+14 4.568119999999999986e+33 1.593790000000000027e+38 2.632000000000000117e+00 0.000000000000000000e+00
2.633170000000000000e+14 4.212609999999999807e+33 1.543789999999999999e+38 2.625999999999999890e+00 0.000000000000000000e+00
2.546110000000000000e+14 3.876590000000000222e+33 1.493789999999999972e+38 2.620999999999999996e+00 0.000000000000000000e+00
2.459190000000000000e+14 3.559489999999999951e+33 1.443789999999999945e+38 2.613999999999999879e+00 0.000000000000000000e+00
2.372410000000000000e+14 3.260710000000000196e+33 1.393789999999999918e+38 2.607000000000000206e+00 0.000000000000000000e+00
2.285750000000000000e+14 2.979639999999999717e+33 1.343790000000000080e+38 2.597999999999999865e+00 0.000000000000000000e+00
2.199230000000000000e+14 2.715630000000000202e+33 1.293790000000000052e+38 2.588999999999999968e+00 0.000000000000000000e+00
2.112860000000000000e+14 2.467980000000000073e+33 1.243790000000000025e+38 2.577999999999999847e+00 0.000000000000000000e+00
2.026620000000000000e+14 2.235919999999999989e+33 1.193789999999999998e+38 2.565999999999999837e+00 0.000000000000000000e+00
1.940530000000000000e+14 2.018539999999999889e+33 1.143789999999999971e+38 2.552999999999999936e+00 0.000000000000000000e+00
1.854630000000000000e+14 1.814420000000000099e+33 1.093789999999999943e+38 2.539000000000000146e+00 0.000000000000000000e+00
1.768950000000000000e+14 1.622729999999999898e+33 1.043789999999999916e+38 2.520999999999999908e+00 0.000000000000000000e+00
1.683370000000000000e+14 1.445259999999999872e+33 9.937900000000000780e+37 2.500999999999999890e+00 0.000000000000000000e+00
1.597890000000000000e+14 1.281420000000000059e+33 9.437900000000000508e+37 2.478000000000000203e+00 0.000000000000000000e+00
1.497020000000000000e+14 1.139670000000000005e+33 8.847490000000000818e+37 2.479000000000000092e+00 1.484240000000000035e+29
1.492100000000000000e+14 1.133030000000000005e+33 8.818639999999999124e+37 2.482000000000000206e+00 2.772300000000000007e+29
1.487180000000000000e+14 1.125550000000000014e+33 8.789789999999999318e+37 2.483000000000000096e+00 3.170099999999999860e+29
1.482260000000000000e+14 1.118019999999999932e+33 8.760939999999999513e+37 2.484999999999999876e+00 3.480170000000000192e+29
1.477340000000000000e+14 1.110499999999999984e+33 8.732099999999999066e+37 2.486000000000000210e+00 3.748169999999999699e+29
1.472420000000000000e+14 1.102980000000000035e+33 8.703249999999999261e+37 2.487000000000000099e+00 3.991440000000000301e+29
1.467490000000000000e+14 1.095469999999999932e+33 8.674399999999999455e+37 2.487999999999999989e+00 4.218520000000000231e+29
1.462570000000000000e+14 1.087979999999999952e+33 8.645549999999999650e+37 2.488999999999999879e+00 4.434289999999999784e+29
1.457650000000000000e+14 1.080499999999999962e+33 8.616699999999999845e+37 2.490000000000000213e+00 4.641759999999999805e+29
1.452730000000000000e+14 1.073049999999999941e+33 8.587859999999999398e+37 2.491000000000000103e+00 4.842939999999999867e+29
1.447810000000000000e+14 1.065610000000000053e+33 8.559009999999999593e+37 2.407999999999999918e+00 5.039229999999999775e+29
1.442890000000000000e+14 1.058199999999999990e+33 8.530159999999999787e+37 2.406000000000000139e+00 5.231630000000000091e+29
1.437970000000000000e+14 1.050810000000000050e+33 8.501309999999999982e+37 2.404999999999999805e+00 5.420870000000000289e+29
1.433050000000000000e+14 1.043439999999999945e+33 8.472460000000000176e+37 2.403000000000000025e+00 5.607539999999999724e+29
1.428140000000000000e+14 1.036089999999999964e+33 8.443619999999999730e+37 2.402000000000000135e+00 5.792039999999999746e+29
1.423220000000000000e+14 1.028769999999999951e+33 8.414769999999999924e+37 2.399999999999999911e+00 5.974740000000000022e+29
1.418300000000000000e+14 1.021470000000000062e+33 8.385920000000000119e+37 2.398000000000000131e+00 6.155899999999999670e+29
1.413380000000000000e+14 1.014190000000000007e+33 8.357070000000000313e+37 2.396999999999999797e+00 6.335739999999999787e+29
1.408460000000000000e+14 1.006940000000000066e+33 8.328219999999999563e+37 2.395000000000000018e+00 6.514429999999999361e+29
1.403550000000000000e+14 9.997150000000000263e+32 8.299380000000000061e+37 2.394000000000000128e+00 6.692120000000000484e+29
1.398630000000000000e+14 9.925130000000000059e+32 8.270530000000000256e+37 2.391999999999999904e+00 6.868930000000000043e+29
1.393710000000000000e+14 9.853360000000000316e+32 8.241680000000000450e+37 2.390000000000000124e+00 7.044950000000000275e+29
1.388800000000000000e+14 9.781849999999999725e+32 8.212829999999999700e+37 2.388999999999999790e+00 7.220260000000000045e+29
1.383880000000000000e+14 9.710579999999999461e+32 8.183979999999999895e+37 2.387000000000000011e+00 7.394919999999999906e+29
1.378960000000000000e+14 9.639579999999999924e+32 8.155140000000000393e+37 2.386000000000000121e+00 7.568999999999999568e+29
1.374050000000000000e+14 9.568839999999999540e+32 8.126289999999999643e+37 2.383999999999999897e+00 7.742539999999999869e+29
1.369130000000000000e+14 9.498349999999999617e+32 8.097439999999999838e+37 2.382000000000000117e+00 7.915569999999999679e+29
1.364220000000000000e+14 9.428130000000000420e+32 8.068590000000000032e+37 2.380999999999999783e+00 8.088120000000000682e+29
1.359300000000000000e+14 9.358170000000000377e+32 8.039740000000000227e+37 2.379000000000000004e+00 8.260220000000000342e+29
1.354390000000000000e+14 9.288479999999999619e+32 8.010899999999999780e+37 2.378000000000000114e+00 8.431889999999999780e+29
1.349470000000000000e+14 9.219049999999999456e+32 7.982049999999999975e+37 2.375999999999999890e+00 8.603130000000000405e+29
1.344560000000000000e+14 9.149890000000000020e+32 7.953200000000000169e+37 2.374000000000000110e+00 8.773969999999999679e+29
1.339640000000000000e+14 9.080999999999999871e+32 7.924350000000000364e+37 2.373000000000000220e+00 8.944410000000000417e+29
1.334730000000000000e+14 9.012390000000000582e+32 7.895499999999999614e+37 2.370999999999999996e+00 9.114449999999999804e+29
1.329820000000000000e+14 8.944040000000000447e+32 7.866660000000000112e+37 2.369000000000000217e+00 9.284090000000000655e+29
1.324900000000000000e+14 8.881759999999999320e+32 7.837810000000000306e+37 2.366999999999999993e+00 5.809659999999999795e+29
1.319990000000000000e+14 8.814010000000000001e+32 7.808959999999999556e+37 2.365000000000000213e+00 5.894699999999999908e+29
1.305260000000000000e+14 8.624990000000000622e+32 7.722420000000000443e+37 2.358999999999999986e+00 3.165930000000000026e+29
1.290520000000000000e+14 8.426220000000000591e+32 7.635870000000000083e+37 2.354000000000000092e+00 3.238009999999999996e+29
1.275790000000000000e+14 8.229920000000000437e+32 7.549330000000000025e+37 2.349000000000000199e+00 3.310230000000000087e+29
1.236520000000000000e+14 7.718579999999999307e+32 7.318539999999999996e+37 2.334000000000000075e+00 3.501960000000000075e+29
1.197260000000000000e+14 7.225119999999999439e+32 7.087760000000000270e+37 2.318999999999999950e+00 3.689910000000000314e+29
1.192360000000000000e+14 7.164700000000000121e+32 7.058910000000000465e+37 2.318000000000000060e+00 3.713000000000000014e+29
1.177640000000000000e+14 6.985140000000000399e+32 6.972370000000000407e+37 2.311999999999999833e+00 3.781660000000000044e+29
1.172740000000000000e+14 6.925860000000000471e+32 6.943519999999999657e+37 2.310000000000000053e+00 3.804320000000000226e+29
1.158030000000000000e+14 6.749689999999999956e+32 6.856979999999999600e+37 2.303999999999999826e+00 3.871569999999999892e+29
1.143320000000000000e+14 6.576080000000000520e+32 6.770430000000000183e+37 2.298000000000000043e+00 3.937650000000000004e+29
1.138410000000000000e+14 6.518779999999999682e+32 6.741580000000000378e+37 2.295999999999999819e+00 3.959399999999999752e+29
1.133510000000000000e+14 6.461759999999999706e+32 6.712739999999999931e+37 2.294000000000000039e+00 3.981000000000000225e+29
1.128610000000000000e+14 6.405019999999999870e+32 6.683890000000000126e+37 2.291999999999999815e+00 4.002459999999999873e+29
1.123710000000000000e+14 6.348570000000000308e+32 6.655040000000000321e+37 2.290000000000000036e+00 4.023770000000000246e+29
1.118810000000000000e+14 6.292400000000000167e+32 6.626189999999999571e+37 2.287999999999999812e+00 4.044920000000000079e+29
1.113910000000000000e+14 6.236510000000000166e+32 6.597339999999999765e+37 2.286000000000000032e+00 4.065919999999999933e+29
1.109000000000000000e+14 6.180909999999999719e+32 6.568500000000000263e+37 2.283999999999999808e+00 4.086759999999999950e+29
1.104100000000000000e+14 6.141590000000000039e+32 6.539650000000000458e+37 2.279999999999999805e+00 4.532499999999999870e+29
1.099200000000000000e+14 6.086869999999999828e+32 6.510799999999999708e+37 2.278000000000000025e+00 4.524260000000000187e+29
1.094300000000000000e+14 6.032420000000000344e+32 6.481949999999999902e+37 2.275999999999999801e+00 4.515869999999999822e+29
1.089400000000000000e+14 5.978250000000000281e+32 6.453100000000000097e+37 2.273000000000000131e+00 4.507330000000000182e+29
1.084500000000000000e+14 5.924360000000000359e+32 6.424259999999999650e+37 2.270999999999999908e+00 4.498639999999999859e+29
1.079600000000000000e+14 5.870749999999999856e+32 6.395409999999999845e+37 2.269000000000000128e+00 4.489789999999999699e+29
1.074700000000000000e+14 5.817420000000000215e+32 6.366560000000000039e+37 2.266999999999999904e+00 4.480790000000000265e+29
1.069810000000000000e+14 5.764359999999999860e+32 6.337710000000000234e+37 2.265000000000000124e+00 4.471630000000000290e+29
1.064910000000000000e+14 5.711589999999999780e+32 6.308860000000000428e+37 2.262000000000000011e+00 4.462320000000000336e+29
1.060010000000000000e+14 5.659089999999999706e+32 6.280019999999999982e+37 2.259999999999999787e+00 4.452859999999999699e+29
1.055110000000000000e+14 5.606869999999999773e+32 6.251170000000000176e+37 2.258000000000000007e+00 4.443230000000000072e+29
1.050210000000000000e+14 5.554929999999999981e+32 6.222320000000000371e+37 2.255999999999999783e+00 4.433449999999999762e+29
1.045320000000000000e+14 5.503260000000000196e+32 6.193469999999999621e+37 2.253000000000000114e+00 4.423520000000000177e+29
1.040420000000000000e+14 5.451879999999999964e+32 6.164619999999999816e+37 2.250999999999999890e+00 4.413430000000000052e+29
1.035520000000000000e+14 5.400769999999999740e+32 6.135780000000000314e+37 2.249000000000000110e+00 4.403180000000000089e+29
1.030620000000000000e+14 5.349930000000000243e+32 6.106929999999999564e+37 2.246999999999999886e+00 4.392780000000000148e+29
1.025730000000000000e+14 5.299380000000000300e+32 6.078079999999999758e+37 2.244000000000000217e+00 4.382219999999999667e+29
1.020830000000000000e+14 5.249099999999999643e+32 6.049229999999999953e+37 2.241999999999999993e+00 4.371500000000000053e+29
1.015940000000000000e+14 5.199089999999999714e+32 6.020380000000000147e+37 2.240000000000000213e+00 4.360629999999999756e+29
1.011040000000000000e+14 5.149359999999999925e+32 5.991539999999999701e+37 2.237000000000000099e+00 4.349600000000000326e+29
1.006150000000000000e+14 5.099910000000000277e+32 5.962689999999999895e+37 2.234999999999999876e+00 4.338420000000000213e+29
1.001250000000000000e+14 5.050729999999999916e+32 5.933840000000000090e+37 2.232000000000000206e+00 4.327090000000000122e+29
9.963550000000000000e+13 5.001829999999999695e+32 5.904990000000000284e+37 2.229999999999999982e+00 4.315600000000000194e+29
9.914610000000000000e+13 4.953200000000000202e+32 5.876139999999999534e+37 2.228000000000000203e+00 4.303960000000000287e+29
9.865670000000000000e+13 4.904839999999999995e+32 5.847300000000000032e+37 2.225000000000000089e+00 4.292169999999999698e+29
9.816730000000000000e+13 4.856759999999999929e+32 5.818450000000000227e+37 2.222999999999999865e+00 4.280219999999999975e+29
9.767790000000000000e+13 4.808949999999999869e+32 5.789600000000000421e+37 2.220000000000000195e+00 4.268130000000000132e+29
9.718850000000000000e+13 4.761419999999999951e+32 5.760749999999999671e+37 2.217999999999999972e+00 4.255879999999999748e+29
9.669920000000000000e+13 4.714160000000000039e+32 5.731899999999999866e+37 2.214999999999999858e+00 4.243489999999999947e+29
9.620990000000000000e+13 4.667170000000000134e+32 5.703060000000000364e+37 2.213000000000000078e+00 4.230950000000000167e+29
9.572060000000000000e+13 4.620450000000000237e+32 5.674209999999999614e+37 2.209999999999999964e+00 4.218259999999999704e+29
9.523140000000000000e+13 4.574009999999999759e+32 5.645359999999999809e+37 2.208000000000000185e+00 4.205419999999999967e+29
9.474220000000000000e+13 4.527840000000000009e+32 5.616510000000000003e+37 2.205000000000000071e+00 4.192440000000000108e+29
9.425300000000000000e+13 4.486049999999999731e+32 5.587660000000000198e+37 2.201999999999999957e+00 5.016780000000000126e+29
9.376380000000000000e+13 4.440459999999999810e+32 5.558819999999999751e+37 2.198999999999999844e+00 4.985340000000000196e+29
9.327470000000000000e+13 4.395139999999999895e+32 5.529969999999999946e+37 2.197000000000000064e+00 4.953879999999999847e+29
9.278550000000000000e+13 4.350100000000000120e+32 5.501120000000000140e+37 2.193999999999999950e+00 4.922410000000000343e+29
9.229650000000000000e+13 4.305320000000000219e+32 5.472270000000000335e+37 2.192000000000000171e+00 4.890919999999999717e+29
9.180740000000000000e+13 4.260800000000000191e+32 5.443419999999999585e+37 2.189000000000000057e+00 4.859429999999999794e+29
9.131840000000000000e+13 4.216560000000000304e+32 5.414580000000000083e+37 2.185999999999999943e+00 4.827920000000000156e+29
9.082930000000000000e+13 4.172580000000000291e+32 5.385730000000000277e+37 2.184000000000000163e+00 4.796409999999999814e+29
9.034040000000000000e+13 4.128870000000000284e+32 5.356880000000000472e+37 2.181000000000000050e+00 4.764890000000000317e+29
8.985140000000000000e+13 4.085420000000000150e+32 5.328029999999999722e+37 2.177999999999999936e+00 4.733370000000000117e+29
8.936250000000000000e+13 4.042240000000000023e+32 5.299179999999999916e+37 2.176000000000000156e+00 4.701849999999999917e+29
8.887360000000000000e+13 3.999329999999999904e+32 5.270340000000000414e+37 2.173000000000000043e+00 4.670329999999999717e+29
8.838470000000000000e+13 3.956679999999999657e+32 5.241489999999999664e+37 2.169999999999999929e+00 4.638810000000000221e+29
8.789580000000000000e+13 3.914300000000000139e+32 5.212639999999999859e+37 2.166999999999999815e+00 4.607290000000000021e+29
8.740700000000000000e+13 3.872179999999999772e+32 5.183790000000000054e+37 2.165000000000000036e+00 4.575790000000000240e+29
8.691820000000000000e+13 3.830320000000000000e+32 5.154940000000000248e+37 2.161999999999999922e+00 4.544289999999999756e+29
8.642940000000000000e+13 3.788730000000000235e+32 5.126099999999999802e+37 2.158999999999999808e+00 4.512799999999999833e+29
8.594070000000000000e+13 3.747400000000000343e+32 5.097249999999999996e+37 2.156000000000000139e+00 4.481330000000000329e+29
8.545190000000000000e+13 3.706330000000000324e+32 5.068400000000000191e+37 2.153000000000000025e+00 4.449869999999999980e+29
8.496320000000000000e+13 3.665520000000000178e+32 5.039550000000000385e+37 2.149999999999999911e+00 4.418430000000000050e+29
8.447460000000000000e+13 3.624980000000000040e+32 5.010699999999999635e+37 2.148000000000000131e+00 4.386999999999999978e+29
8.398590000000000000e+13 3.584689999999999641e+32 4.981860000000000133e+37 2.145000000000000018e+00 4.355600000000000184e+29
8.349730000000000000e+13 3.544669999999999969e+32 4.953010000000000328e+37 2.141999999999999904e+00 4.324229999999999962e+29
8.300870000000000000e+13 3.504910000000000171e+32 4.924159999999999578e+37 2.138999999999999790e+00 4.292880000000000161e+29
8.252010000000000000e+13 3.465400000000000112e+32 4.895309999999999772e+37 2.136000000000000121e+00 4.261550000000000074e+29
8.203160000000000000e+13 3.426160000000000061e+32 4.866459999999999967e+37 2.133000000000000007e+00 4.230260000000000123e+29
8.154310000000000000e+13 3.387169999999999749e+32 4.837620000000000465e+37 2.129999999999999893e+00 4.198999999999999746e+29
8.105460000000000000e+13 3.348440000000000030e+32 4.808769999999999715e+37 2.126999999999999780e+00 4.167770000000000349e+29
8.056610000000000000e+13 3.309970000000000185e+32 4.779919999999999909e+37 2.124000000000000110e+00 4.136579999999999681e+29
8.007770000000000000e+13 3.271760000000000214e+32 4.751070000000000104e+37 2.120999999999999996e+00 4.105429999999999851e+29
7.958920000000000000e+13 3.233810000000000115e+32 4.722220000000000299e+37 2.117999999999999883e+00 4.074310000000000298e+29
7.910090000000000000e+13 3.196099999999999983e+32 4.693379999999999852e+37 2.115000000000000213e+00 4.043240000000000034e+29
7.861250000000000000e+13 3.158659999999999858e+32 4.664530000000000047e+37 2.112000000000000099e+00 4.012219999999999764e+29
7.812420000000000000e+13 3.121469999999999832e+32 4.635680000000000241e+37 2.108999999999999986e+00 3.981240000000000332e+29
7.763580000000000000e+13 3.084540000000000040e+32 4.606830000000000436e+37 2.105999999999999872e+00 3.950310000000000190e+29
7.714760000000000000e+13 3.047859999999999988e+32 4.577979999999999686e+37 2.101999999999999869e+00 3.919430000000000040e+29
7.665930000000000000e+13 3.011430000000000036e+32 4.549140000000000184e+37 2.099000000000000199e+00 3.888599999999999883e+29
7.617110000000000000e+13 2.975259999999999956e+32 4.520290000000000378e+37 2.096000000000000085e+00 3.857830000000000281e+29
7.568280000000000000e+13 2.939329999999999843e+32 4.491439999999999628e+37 2.092999999999999972e+00 3.827119999999999826e+29
7.519470000000000000e+13 2.903670000000000098e+32 4.462589999999999823e+37 2.089999999999999858e+00 3.796460000000000068e+29
7.470650000000000000e+13 2.868249999999999958e+32 4.433740000000000017e+37 2.087000000000000188e+00 3.765870000000000018e+29
7.421840000000000000e+13 2.833079999999999918e+32 4.404899999999999571e+37 2.083000000000000185e+00 3.735329999999999962e+29
7.373030000000000000e+13 2.798170000000000111e+32 4.376049999999999765e+37 2.080000000000000071e+00 3.704860000000000317e+29
7.324220000000000000e+13 2.763499999999999910e+32 4.347199999999999960e+37 2.076999999999999957e+00 3.674459999999999678e+29
7.275410000000000000e+13 2.729080000000000170e+32 4.318350000000000154e+37 2.072999999999999954e+00 3.644130000000000154e+29
7.226610000000000000e+13 2.694910000000000169e+32 4.289500000000000349e+37 2.069999999999999840e+00 3.613859999999999778e+29
7.177810000000000000e+13 2.660989999999999908e+32 4.260659999999999902e+37 2.067000000000000171e+00 3.583669999999999672e+29
7.129010000000000000e+13 2.627320000000000106e+32 4.231810000000000097e+37 2.064000000000000057e+00 3.553549999999999978e+29
7.080220000000000000e+13 2.593900000000000045e+32 4.202959999999999819e+37 2.060000000000000053e+00 3.523509999999999851e+29
7.031420000000000000e+13 2.560719999999999949e+32 4.174110000000000014e+37 2.056999999999999940e+00 3.493540000000000136e+29
6.982630000000000000e+13 2.527789999999999954e+32 4.145260000000000208e+37 2.052999999999999936e+00 3.463659999999999845e+29
6.933840000000000000e+13 2.495099999999999924e+32 4.116420000000000234e+37 2.049999999999999822e+00 3.433849999999999967e+29
6.885060000000000000e+13 2.462659999999999995e+32 4.087569999999999956e+37 2.047000000000000153e+00 3.404130000000000217e+29
6.836280000000000000e+13 2.430460000000000031e+32 4.058720000000000151e+37 2.043000000000000149e+00 3.374490000000000033e+29
6.787500000000000000e+13 2.398500000000000034e+32 4.029869999999999873e+37 2.040000000000000036e+00 3.344939999999999978e+29
6.738720000000000000e+13 2.366790000000000137e+32 4.001020000000000068e+37 2.036000000000000032e+00 3.315470000000000192e+29
6.689940000000000000e+13 2.335319999999999845e+32 3.972180000000000093e+37 2.032999999999999918e+00 3.286089999999999831e+29
6.641170000000000000e+13 2.304089999999999880e+32 3.943329999999999816e+37 2.028999999999999915e+00 3.256810000000000160e+29
6.592400000000000000e+13 2.273110000000000015e+32 3.914480000000000010e+37 2.024999999999999911e+00 3.227610000000000055e+29
6.543630000000000000e+13 2.242359999999999982e+32 3.885630000000000205e+37 2.021999999999999797e+00 3.198509999999999936e+29
6.494870000000000000e+13 2.211860000000000049e+32 3.856779999999999927e+37 2.017999999999999794e+00 3.169499999999999945e+29
6.446110000000000000e+13 2.181589999999999949e+32 3.827939999999999953e+37 2.015000000000000124e+00 3.140600000000000150e+29
6.397350000000000000e+13 2.151560000000000175e+32 3.799090000000000147e+37 2.011000000000000121e+00 3.111779999999999921e+29
6.348590000000000000e+13 2.121770000000000007e+32 3.770239999999999870e+37 2.007000000000000117e+00 3.083069999999999887e+29
6.299830000000000000e+13 2.092220000000000165e+32 3.741390000000000064e+37 2.004000000000000004e+00 3.054459999999999840e+29
6.251080000000000000e+13 2.062909999999999929e+32 3.712539999999999787e+37 2.000000000000000000e+00 3.025950000000000130e+29
6.202330000000000000e+13 2.033829999999999886e+32 3.683699999999999812e+37 1.995999999999999996e+00 2.997540000000000055e+29
6.153580000000000000e+13 2.004980000000000036e+32 3.654850000000000007e+37 1.993000000000000105e+00 2.969240000000000175e+29
6.104840000000000000e+13 1.976379999999999925e+32 3.626000000000000201e+37 1.989000000000000101e+00 2.941039999999999929e+29
6.056100000000000000e+13 1.947999999999999873e+32 3.597149999999999924e+37 1.985000000000000098e+00 2.912949999999999878e+29
6.007360000000000000e+13 1.919860000000000148e+32 3.568300000000000118e+37 1.981000000000000094e+00 2.884970000000000024e+29
5.958620000000000000e+13 1.891949999999999895e+32 3.539460000000000144e+37 1.977999999999999980e+00 2.857100000000000013e+29
5.909890000000000000e+13 1.864279999999999968e+32 3.510609999999999866e+37 1.973999999999999977e+00 2.829339999999999845e+29
5.861150000000000000e+13 1.836830000000000101e+32 3.481760000000000061e+37 1.969999999999999973e+00 2.801689999999999874e+29
5.812420000000000000e+13 1.809619999999999839e+32 3.452909999999999783e+37 1.965999999999999970e+00 2.774150000000000098e+29
5.763700000000000000e+13 1.782640000000000130e+32 3.424059999999999978e+37 1.961999999999999966e+00 2.746720000000000165e+29
5.714970000000000000e+13 1.755880000000000121e+32 3.395220000000000003e+37 1.957999999999999963e+00 2.719409999999999935e+29
5.666250000000000000e+13 1.729360000000000077e+32 3.366370000000000198e+37 1.955000000000000071e+00 2.692209999999999900e+29
5.617530000000000000e+13 1.703060000000000092e+32 3.337519999999999920e+37 1.951000000000000068e+00 2.665129999999999918e+29
5.568810000000000000e+13 1.676989999999999940e+32 3.308670000000000115e+37 1.947000000000000064e+00 2.638169999999999990e+29
5.520100000000000000e+13 1.651149999999999980e+32 3.279819999999999837e+37 1.943000000000000060e+00 2.611319999999999905e+29
5.471390000000000000e+13 1.625530000000000080e+32 3.250979999999999863e+37 1.939000000000000057e+00 2.584600000000000084e+29
5.422680000000000000e+13 1.600140000000000012e+32 3.222130000000000057e+37 1.935000000000000053e+00 2.557990000000000106e+29
5.373970000000000000e+13 1.574970000000000003e+32 3.193279999999999780e+37 1.931000000000000050e+00 2.531499999999999830e+29
5.325270000000000000e+13 1.550030000000000007e+32 3.164429999999999974e+37 1.927000000000000046e+00 2.505129999999999960e+29
5.276560000000000000e+13 1.525310000000000070e+32 3.135580000000000169e+37 1.923000000000000043e+00 2.478890000000000000e+29
5.227860000000000000e+13 1.500810000000000011e+32 3.106740000000000194e+37 1.919000000000000039e+00 2.452770000000000094e+29
5.179170000000000000e+13 1.476530000000000012e+32 3.077889999999999917e+37 1.915000000000000036e+00 2.426760000000000032e+29
5.130470000000000000e+13 1.452480000000000025e+32 3.049040000000000111e+37 1.911000000000000032e+00 2.400890000000000091e+29
5.081780000000000000e+13 1.428639999999999964e+32 3.020189999999999833e+37 1.905999999999999917e+00 2.375129999999999994e+29
5.033090000000000000e+13 1.405029999999999915e+32 2.991340000000000028e+37 1.901999999999999913e+00 2.349500000000000159e+29
4.984410000000000000e+13 1.381629999999999972e+32 2.962500000000000054e+37 1.897999999999999909e+00 2.323990000000000027e+29
4.935720000000000000e+13 1.358450000000000088e+32 2.933649999999999776e+37 1.893999999999999906e+00 2.298610000000000157e+29
4.887040000000000000e+13 1.335490000000000083e+32 2.904799999999999971e+37 1.889999999999999902e+00 2.273349999999999989e+29
4.838360000000000000e+13 1.312740000000000003e+32 2.875950000000000165e+37 1.885999999999999899e+00 2.248220000000000085e+29
4.789680000000000000e+13 1.290209999999999982e+32 2.847099999999999887e+37 1.881999999999999895e+00 2.223220000000000091e+29
4.741010000000000000e+13 1.267890000000000067e+32 2.818259999999999913e+37 1.877000000000000002e+00 2.198340000000000151e+29
4.692340000000000000e+13 1.245790000000000030e+32 2.789410000000000108e+37 1.872999999999999998e+00 2.173579999999999913e+29
4.643670000000000000e+13 1.223899999999999919e+32 2.760559999999999830e+37 1.868999999999999995e+00 2.148960000000000147e+29
4.595000000000000000e+13 1.202219999999999914e+32 2.731710000000000025e+37 1.864999999999999991e+00 2.124449999999999874e+29
4.546340000000000000e+13 1.180750000000000013e+32 2.702860000000000219e+37 1.860000000000000098e+00 2.100080000000000073e+29
4.497680000000000000e+13 1.159499999999999992e+32 2.674019999999999773e+37 1.856000000000000094e+00 2.075829999999999973e+29
4.449020000000000000e+13 1.138449999999999943e+32 2.645169999999999967e+37 1.852000000000000091e+00 2.051710000000000137e+29
4.400360000000000000e+13 1.117619999999999953e+32 2.616320000000000162e+37 1.848000000000000087e+00 2.027719999999999861e+29
4.351710000000000000e+13 1.096989999999999934e+32 2.587469999999999884e+37 1.842999999999999972e+00 2.003849999999999990e+29
4.303050000000000000e+13 1.076560000000000067e+32 2.558620000000000078e+37 1.838999999999999968e+00 1.980110000000000029e+29
4.254410000000000000e+13 1.056350000000000080e+32 2.529780000000000104e+37 1.834999999999999964e+00 1.956490000000000123e+29
4.205760000000000000e+13 1.036340000000000064e+32 2.500929999999999826e+37 1.830000000000000071e+00 1.933000000000000128e+29
4.157120000000000000e+13 1.016530000000000020e+32 2.472080000000000021e+37 1.826000000000000068e+00 1.909640000000000044e+29
4.108470000000000000e+13 9.969339999999999906e+31 2.443230000000000216e+37 1.822000000000000064e+00 1.886400000000000013e+29
4.059840000000000000e+13 9.775359999999999785e+31 2.414379999999999938e+37 1.818000000000000060e+00 1.863280000000000036e+29
4.011200000000000000e+13 9.583400000000000730e+31 2.385539999999999964e+37 1.812999999999999945e+00 1.840299999999999828e+29
3.962570000000000000e+13 9.393449999999999365e+31 2.356690000000000158e+37 1.808999999999999941e+00 1.817430000000000168e+29
3.913940000000000000e+13 9.205509999999999293e+31 2.327839999999999880e+37 1.804999999999999938e+00 1.794690000000000067e+29
3.865310000000000000e+13 9.019570000000000741e+31 2.298990000000000075e+37 1.800000000000000044e+00 1.772079999999999877e+29
3.816680000000000000e+13 8.835610000000000558e+31 2.270139999999999797e+37 1.796000000000000041e+00 1.749579999999999883e+29
3.768060000000000000e+13 8.653630000000000547e+31 2.241299999999999823e+37 1.792000000000000037e+00 1.727210000000000152e+29
3.719440000000000000e+13 8.473619999999999132e+31 2.212450000000000018e+37 1.786999999999999922e+00 1.704969999999999980e+29
3.670820000000000000e+13 8.295570000000000142e+31 2.183600000000000212e+37 1.782999999999999918e+00 1.682840000000000005e+29
3.622200000000000000e+13 8.119470000000000202e+31 2.154749999999999934e+37 1.778999999999999915e+00 1.660830000000000082e+29
3.573590000000000000e+13 7.945320000000000213e+31 2.125899999999999893e+37 1.774000000000000021e+00 1.638950000000000071e+29
3.524980000000000000e+13 7.773099999999999726e+31 2.097059999999999918e+37 1.770000000000000018e+00 1.617179999999999903e+29
3.476370000000000000e+13 7.602799999999999869e+31 2.068210000000000113e+37 1.766000000000000014e+00 1.595530000000000141e+29
3.427770000000000000e+13 7.434419999999999741e+31 2.039360000000000071e+37 1.760999999999999899e+00 1.574000000000000081e+29
3.379170000000000000e+13 7.267949999999999569e+31 2.010510000000000030e+37 1.756999999999999895e+00 1.552590000000000074e+29
3.330570000000000000e+13 7.103379999999999580e+31 1.981659999999999988e+37 1.752999999999999892e+00 1.531290000000000086e+29
3.281970000000000000e+13 6.940690000000000226e+31 1.952820000000000014e+37 1.747999999999999998e+00 1.510099999999999943e+29
3.233370000000000000e+13 6.779890000000000381e+31 1.923969999999999972e+37 1.743999999999999995e+00 1.489030000000000028e+29
3.184780000000000000e+13 6.620949999999999823e+31 1.895119999999999931e+37 1.739999999999999991e+00 1.468079999999999992e+29
3.136190000000000000e+13 6.463880000000000127e+31 1.866269999999999889e+37 1.735999999999999988e+00 1.447229999999999941e+29
3.087610000000000000e+13 6.308659999999999946e+31 1.837420000000000084e+37 1.731999999999999984e+00 1.426490000000000086e+29
3.039020000000000000e+13 6.155290000000000179e+31 1.808580000000000110e+37 1.727000000000000091e+00 1.405869999999999932e+29
2.990440000000000000e+13 6.003750000000000379e+31 1.779730000000000068e+37 1.723000000000000087e+00 1.385349999999999940e+29
2.941860000000000000e+13 5.854039999999999645e+31 1.750880000000000026e+37 1.719000000000000083e+00 1.364929999999999934e+29
2.893290000000000000e+13 5.706150000000000006e+31 1.722029999999999985e+37 1.715000000000000080e+00 1.344629999999999982e+29
2.844720000000000000e+13 5.560069999999999887e+31 1.693179999999999943e+37 1.711000000000000076e+00 1.324419999999999981e+29
2.796150000000000000e+13 5.415790000000000414e+31 1.664339999999999969e+37 1.707000000000000073e+00 1.304320000000000001e+29
2.747580000000000000e+13 5.273300000000000014e+31 1.635489999999999927e+37 1.703000000000000069e+00 1.284320000000000006e+29
2.699010000000000000e+13 5.132589999999999813e+31 1.606639999999999886e+37 1.699000000000000066e+00 1.264409999999999963e+29
2.650450000000000000e+13 4.993659999999999811e+31 1.577790000000000080e+37 1.695000000000000062e+00 1.244600000000000083e+29
2.601890000000000000e+13 4.856500000000000235e+31 1.548940000000000039e+37 1.691000000000000059e+00 1.224890000000000012e+29
2.553340000000000000e+13 4.721089999999999738e+31 1.520100000000000064e+37 1.687000000000000055e+00 1.205270000000000069e+29
2.504780000000000000e+13 4.587430000000000119e+31 1.491250000000000023e+37 1.683999999999999941e+00 1.185740000000000078e+29
2.456230000000000000e+13 4.455519999999999578e+31 1.462399999999999981e+37 1.679999999999999938e+00 1.166310000000000073e+29
2.407680000000000000e+13 4.325340000000000369e+31 1.433549999999999940e+37 1.675999999999999934e+00 1.146949999999999953e+29
2.359140000000000000e+13 4.196889999999999790e+31 1.404699999999999898e+37 1.673000000000000043e+00 1.127689999999999995e+29
2.310600000000000000e+13 4.070159999999999870e+31 1.375859999999999924e+37 1.669000000000000039e+00 1.108499999999999921e+29
2.262060000000000000e+13 3.945139999999999933e+31 1.347009999999999882e+37 1.665999999999999925e+00 1.089399999999999975e+29
2.213520000000000000e+13 3.821820000000000208e+31 1.318160000000000077e+37 1.661999999999999922e+00 1.070369999999999914e+29
2.164990000000000000e+13 3.700199999999999792e+31 1.289310000000000035e+37 1.659000000000000030e+00 1.051419999999999947e+29
2.116460000000000000e+13 3.580280000000000037e+31 1.260459999999999994e+37 1.655000000000000027e+00 1.032530000000000007e+29
2.067930000000000000e+13 3.462040000000000046e+31 1.231620000000000019e+37 1.651999999999999913e+00 1.013719999999999985e+29
2.019410000000000000e+13 3.345479999999999817e+31 1.202769999999999978e+37 1.649000000000000021e+00 9.949770000000000667e+28
1.970890000000000000e+13 3.230590000000000029e+31 1.173919999999999936e+37 1.645999999999999908e+00 9.762939999999999988e+28
1.922370000000000000e+13 3.117369999999999780e+31 1.145069999999999895e+37 1.643000000000000016e+00 9.576709999999999576e+28
1.873850000000000000e+13 3.005810000000000197e+31 1.116220000000000089e+37 1.641000000000000014e+00 9.391040000000000001e+28
1.825340000000000000e+13 2.895920000000000154e+31 1.087380000000000115e+37 1.637999999999999901e+00 9.205899999999999928e+28
1.776830000000000000e+13 2.787680000000000104e+31 1.058529999999999955e+37 1.635000000000000009e+00 9.021249999999999927e+28
1.728330000000000000e+13 2.681090000000000046e+31 1.029680000000000032e+37 1.633000000000000007e+00 8.837040000000000709e+28
1.679830000000000000e+13 2.576149999999999981e+31 1.000829999999999990e+37 1.629999999999999893e+00 8.653239999999999180e+28
1.631330000000000000e+13 2.472859999999999908e+31 9.719840000000000463e+36 1.627999999999999892e+00 8.469799999999999572e+28
1.582830000000000000e+13 2.371210000000000054e+31 9.431359999999999946e+36 1.625999999999999890e+00 8.286670000000000834e+28
1.534340000000000000e+13 2.271219999999999966e+31 9.142879999999999429e+36 1.624000000000000110e+00 8.103810000000000018e+28
1.485850000000000000e+13 2.172870000000000097e+31 8.854400000000000092e+36 1.622000000000000108e+00 7.921149999999999877e+28
1.437370000000000000e+13 2.076159999999999997e+31 8.565919999999999574e+36 1.620999999999999996e+00 7.738640000000000243e+28
1.388890000000000000e+13 1.981109999999999888e+31 8.277440000000000238e+36 1.618999999999999995e+00 7.556230000000000067e+28
1.340410000000000000e+13 1.887709999999999997e+31 7.988959999999999720e+36 1.618000000000000105e+00 7.373839999999999607e+28
1.291940000000000000e+13 1.795980000000000096e+31 7.700480000000000384e+36 1.616999999999999993e+00 7.191399999999999857e+28
1.243470000000000000e+13 1.705909999999999960e+31 7.411999999999999866e+36 1.616000000000000103e+00 7.008849999999999912e+28
1.195000000000000000e+13 1.617520000000000038e+31 7.123520000000000530e+36 1.616000000000000103e+00 6.826090000000000313e+28
1.146540000000000000e+13 1.530810000000000105e+31 6.835040000000000012e+36 1.614999999999999991e+00 6.643040000000000438e+28
1.098080000000000000e+13 1.445799999999999931e+31 6.546559999999999495e+36 1.614999999999999991e+00 6.459599999999999950e+28
1.049620000000000000e+13 1.362499999999999967e+31 6.258080000000000158e+36 1.614999999999999991e+00 6.275670000000000270e+28
1.001170000000000000e+13 1.280939999999999983e+31 5.969599999999999641e+36 1.614999999999999991e+00 6.091129999999999585e+28
9.527290000000000000e+12 1.201119999999999979e+31 5.681120000000000304e+36 1.614999999999999991e+00 5.905849999999999743e+28
9.042870000000000000e+12 1.123079999999999948e+31 5.392639999999999787e+36 1.616000000000000103e+00 5.719680000000000238e+28
8.558500000000000000e+12 1.046849999999999888e+31 5.104159999999999860e+36 1.616999999999999993e+00 5.532469999999999683e+28
8.074180000000000000e+12 9.724510000000000199e+30 4.815679999999999933e+36 1.618000000000000105e+00 5.344029999999999900e+28
7.589910000000000000e+12 8.999260000000000002e+30 4.527200000000000006e+36 1.618999999999999995e+00 5.154150000000000355e+28
7.105680000000000000e+12 8.293180000000000479e+30 4.238720000000000079e+36 1.620999999999999996e+00 4.962590000000000061e+28
6.621510000000000000e+12 7.606790000000000432e+30 3.950240000000000152e+36 1.622999999999999998e+00 4.769059999999999624e+28
6.137390000000000000e+12 6.940669999999999779e+30 3.661760000000000225e+36 1.624000000000000110e+00 4.573249999999999930e+28
5.653330000000000000e+12 6.295509999999999548e+30 3.373279999999999707e+36 1.625999999999999890e+00 4.374749999999999770e+28
5.169330000000000000e+12 5.672109999999999627e+30 3.084799999999999780e+36 1.627999999999999892e+00 4.173069999999999954e+28
4.685390000000000000e+12 5.071429999999999879e+30 2.796319999999999853e+36 1.629000000000000004e+00 3.967610000000000213e+28
4.201520000000000000e+12 4.494580000000000150e+30 2.507839999999999926e+36 1.629000000000000004e+00 3.757609999999999916e+28
3.717720000000000000e+12 3.942880000000000252e+30 2.219359999999999999e+36 1.629000000000000004e+00 3.542040000000000071e+28
3.233990000000000000e+12 3.417919999999999962e+30 1.930880000000000072e+36 1.625000000000000000e+00 3.319529999999999919e+28
2.750350000000000000e+12 2.921570000000000141e+30 1.642400000000000145e+36 1.618999999999999995e+00 3.088069999999999886e+28
2.266800000000000000e+12 2.456089999999999908e+30 1.353919999999999923e+36 1.604999999999999982e+00 2.844609999999999786e+28
1.783350000000000000e+12 2.023990000000000035e+30 1.065439999999999996e+36 1.582000000000000073e+00 2.583899999999999919e+28
4.299000000000000000e+11 7.805000000000000069e+29 2.572000000000000181e+35 1.330000000000000071e+00 1.506450000000000062e+28
4.188000000000000000e+11 7.537999999999999717e+29 2.505999999999999897e+35 1.330000000000000071e+00 1.455129999999999927e+28
3.325000000000000000e+11 5.815999999999999745e+29 1.990000000000000163e+35 1.330000000000000071e+00 1.165809999999999924e+28
2.640000000000000000e+11 4.472999999999999815e+29 1.581000000000000083e+35 1.330000000000000071e+00 9.297799999999999813e+27
2.096000000000000000e+11 3.289999999999999843e+29 1.256000000000000028e+35 1.330000000000000071e+00 6.841069999999999801e+27
1.844000000000000000e+11 2.892000000000000018e+29 1.105000000000000000e+35 1.330000000000000071e+00 6.221810000000000396e+27
1.664000000000000000e+11 2.597000000000000095e+29 9.975999999999999784e+34 1.330000000000000071e+00 3.996079999999999920e+27
1.322000000000000000e+11 2.033000000000000102e+29 7.923999999999999875e+34 1.330000000000000071e+00 3.293160000000000158e+27
1.049000000000000000e+11 1.494999999999999961e+29 6.294000000000000085e+34 1.330000000000000071e+00 2.422460000000000012e+27
8.332000000000000000e+10 1.100000000000000064e+29 4.999999999999999843e+34 1.330000000000000071e+00 1.782300000000000002e+27
6.617000000000000000e+10 8.088999999999999432e+28 3.971999999999999897e+34 1.330000000000000071e+00 1.311289999999999924e+27
5.254000000000000000e+10 5.949000000000000344e+28 3.155000000000000010e+34 1.330000000000000071e+00 9.646129999999999985e+26
4.172000000000000000e+10 4.628000000000000126e+28 2.505999999999999897e+34 1.330000000000000071e+00 7.875200000000000595e+26
3.313000000000000000e+10 3.403999999999999866e+28 1.989999999999999932e+34 1.330000000000000071e+00 5.791050000000000196e+26
2.631000000000000000e+10 2.502999999999999803e+28 1.580999999999999991e+34 1.330000000000000071e+00 4.261170000000000143e+26
2.090000000000000000e+10 1.938000000000000082e+28 1.255999999999999936e+34 1.330000000000000071e+00 3.451690000000000088e+26
1.659000000000000000e+10 1.425000000000000067e+28 9.976000000000000246e+33 1.330000000000000071e+00 2.538950000000000110e+26
1.318000000000000000e+10 1.048000000000000007e+28 7.924000000000000337e+33 1.330000000000000071e+00 1.867689999999999969e+26
1.046000000000000000e+10 7.701999999999999683e+27 6.294000000000000085e+33 1.330000000000000071e+00 1.373879999999999975e+26
8.312000000000000000e+09 5.662000000000000348e+27 4.999999999999999728e+33 1.330000000000000071e+00 1.010819999999999921e+26
6.601000000000000000e+09 4.362000000000000029e+27 3.972000000000000127e+33 1.330000000000000071e+00 8.130089999999999436e+25
4.164000000000000000e+09 2.356000000000000079e+27 2.505999999999999955e+33 1.330000000000000071e+00 4.399369999999999874e+25
2.626000000000000000e+09 1.272000000000000034e+27 1.580999999999999991e+33 1.330000000000000071e+00 2.380450000000000180e+25
1.657000000000000000e+09 6.859999999999999767e+26 9.975999999999999957e+32 1.330000000000000071e+00 1.288319999999999913e+25
1.316000000000000000e+09 5.036000000000000296e+26 7.924000000000000337e+32 1.330000000000000071e+00 9.477099999999999527e+24
1.045000000000000000e+09 4.128999999999999924e+26 6.293999999999999941e+32 1.330000000000000071e+00 6.794269999999999770e+24
8.301000000000000000e+08 3.039000000000000162e+26 4.999999999999999728e+32 1.330000000000000071e+00 4.998809999999999830e+24
5.237000000000000000e+08 1.628999999999999891e+26 3.154999999999999923e+32 1.330000000000000071e+00 2.705450000000000161e+24
3.304000000000000000e+08 8.737999999999999925e+25 1.990000000000000076e+32 1.330000000000000071e+00 1.463449999999999964e+24
2.624000000000000000e+08 6.675999999999999817e+25 1.580999999999999919e+32 1.330000000000000071e+00 1.123400000000000065e+24
1.315000000000000000e+08 2.603999999999999941e+25 7.923999999999999616e+31 1.330000000000000071e+00 4.472499999999999827e+23
6.589000000000000000e+07 1.006000000000000014e+25 3.972000000000000199e+31 1.330000000000000071e+00 1.780890000000000165e+23
3.302000000000000000e+07 3.832999999999999839e+24 1.989999999999999986e+31 1.330000000000000071e+00 7.086450000000000092e+22
1.655000000000000000e+07 1.435000000000000086e+24 9.975999999999999642e+30 1.330000000000000071e+00 2.822060000000000131e+22
8.293000000000000000e+06 5.250000000000000315e+23 4.999999999999999818e+30 1.330000000000000071e+00 1.123529999999999934e+22
6.588000000000000000e+06 3.910999999999999759e+23 3.972000000000000087e+30 1.330000000000000071e+00 8.163429999999999541e+21
2.622000000000000000e+06 9.754999999999999214e+22 1.581000000000000009e+30 1.330000000000000071e+00 2.390210000000000197e+21
1.044000000000000000e+06 2.318000000000000105e+22 6.293999999999999902e+29 1.330000000000000071e+00 6.999960000000000000e+20
4.156000000000000000e+05 5.265999999999999476e+21 2.505999999999999907e+29 1.330000000000000071e+00 2.050380000000000000e+20
1.654000000000000000e+05 1.151000000000000000e+21 9.976000000000000768e+28 1.330000000000000071e+00 6.004390000000000000e+19
6.587000000000000000e+04 2.431000000000000000e+20 3.972000000000000263e+28 1.330000000000000071e+00 1.758760000000000000e+19
2.622000000000000000e+04 4.968000000000000000e+19 1.581000000000000061e+28 1.330000000000000071e+00 5.149550000000000000e+18
1.044000000000000000e+04 9.744000000000000000e+18 6.294999999999999717e+27 1.330000000000000071e+00 1.508420000000000000e+18
