1.000051336800000000e+16 8.089364900499999988e+36 1.995439999999999947e+39 1.000000000000000000e+00 0.000000000000000000e+00
9.950459323800000000e+15 8.044316260899999734e+36 1.990440000000000115e+39 1.000000000000000000e+00 0.000000000000000000e+00
9.900530858200000000e+15 7.999380641800000479e+36 1.985439999999999980e+39 1.000000000000000000e+00 0.000000000000000000e+00
9.850727971000000000e+15 7.954558043299999513e+36 1.980440000000000147e+39 1.000000000000000000e+00 0.000000000000000000e+00
9.801050662100000000e+15 7.909848465400000377e+36 1.975440000000000012e+39 1.000000000000000000e+00 0.000000000000000000e+00
9.751498931700000000e+15 7.865251907999999878e+36 1.970439999999999877e+39 1.000000000000000000e+00 0.000000000000000000e+00
9.702072779700000000e+15 7.820768371200000030e+36 1.965440000000000044e+39 1.000000000000000000e+00 0.000000000000000000e+00
9.652772206100000000e+15 7.776397854999999650e+36 1.960439999999999909e+39 1.000000000000000000e+00 0.000000000000000000e+00
9.603597210900000000e+15 7.732140359300000269e+36 1.955440000000000077e+39 1.000000000000000000e+00 0.000000000000000000e+00
9.554547794100000000e+15 7.687995884200000357e+36 1.950439999999999942e+39 1.000000000000000000e+00 0.000000000000000000e+00
9.505623955700000000e+15 7.643964429600000263e+36 1.945440000000000109e+39 1.000000000000000000e+00 0.000000000000000000e+00
9.456825695700000000e+15 7.600045995599999638e+36 1.940439999999999974e+39 1.000000000000000000e+00 0.000000000000000000e+00
9.408153014100000000e+15 7.556240582199999663e+36 1.935440000000000141e+39 1.000000000000000000e+00 0.000000000000000000e+00
9.359605910900000000e+15 7.512548189299999505e+36 1.930440000000000006e+39 1.000000000000000000e+00 0.000000000000000000e+00
9.311184386100000000e+15 7.468968816999999998e+36 1.925439999999999871e+39 1.000000000000000000e+00 0.000000000000000000e+00
9.262888439700000000e+15 7.425502465200000308e+36 1.920440000000000039e+39 1.000000000000000000e+00 0.000000000000000000e+00
9.214718071700000000e+15 7.382149134000000088e+36 1.915439999999999904e+39 1.000000000000000000e+00 0.000000000000000000e+00
9.166673282100000000e+15 7.338908823400000517e+36 1.910440000000000071e+39 1.000000000000000000e+00 0.000000000000000000e+00
9.118754071000000000e+15 7.295781533299999584e+36 1.905439999999999936e+39 1.000000000000000000e+00 0.000000000000000000e+00
9.070960438200000000e+15 7.252767263800000481e+36 1.900440000000000103e+39 1.000000000000000000e+00 0.000000000000000000e+00
9.023292383800000000e+15 7.209866014899999666e+36 1.895439999999999968e+39 1.000000000000000000e+00 0.000000000000000000e+00
8.975749907800000000e+15 7.167077786499999850e+36 1.890440000000000136e+39 1.000000000000000000e+00 0.000000000000000000e+00
8.928333010200000000e+15 7.124402578699999504e+36 1.885440000000000001e+39 1.000000000000000000e+00 0.000000000000000000e+00
8.881041691100000000e+15 7.081840391400000155e+36 1.880439999999999866e+39 1.000000000000000000e+00 0.000000000000000000e+00
8.833875950300000000e+15 7.039391224700000276e+36 1.875440000000000033e+39 1.000000000000000000e+00 0.000000000000000000e+00
8.786835787900000000e+15 6.997055078599999866e+36 1.870439999999999898e+39 1.000000000000000000e+00 0.000000000000000000e+00
8.739921203900000000e+15 6.954831953000000455e+36 1.865440000000000066e+39 1.000000000000000000e+00 0.000000000000000000e+00
8.693132198400000000e+15 6.912721848000000513e+36 1.860439999999999931e+39 1.000000000000000000e+00 0.000000000000000000e+00
8.646468771200000000e+15 6.870724763500000388e+36 1.855440000000000098e+39 1.000000000000000000e+00 0.000000000000000000e+00
8.599930922400000000e+15 6.828840699599999733e+36 1.850439999999999963e+39 1.000000000000000000e+00 0.000000000000000000e+00
8.553518652100000000e+15 6.787069656299999727e+36 1.845440000000000130e+39 1.000000000000000000e+00 0.000000000000000000e+00
8.507231960100000000e+15 6.745411633499999540e+36 1.840439999999999995e+39 1.000000000000000000e+00 0.000000000000000000e+00
8.461070846500000000e+15 6.703866631300000002e+36 1.835439999999999860e+39 1.000000000000000000e+00 0.000000000000000000e+00
8.415035311400000000e+15 6.662434649699999933e+36 1.830440000000000028e+39 1.000000000000000000e+00 0.000000000000000000e+00
8.369125354600000000e+15 6.621115688599999683e+36 1.825439999999999893e+39 1.000000000000000000e+00 0.000000000000000000e+00
8.323340976300000000e+15 6.579909748100000082e+36 1.820440000000000060e+39 1.000000000000000000e+00 0.000000000000000000e+00
8.277682176300000000e+15 6.538816828100000298e+36 1.815439999999999925e+39 1.000000000000000000e+00 0.000000000000000000e+00
8.232148954700000000e+15 6.497836928699999985e+36 1.810440000000000092e+39 1.000000000000000000e+00 0.000000000000000000e+00
8.186741311600000000e+15 6.456970049900000321e+36 1.805439999999999957e+39 1.000000000000000000e+00 0.000000000000000000e+00
8.141459246800000000e+15 6.416216191600000474e+36 1.800440000000000125e+39 1.000000000000000000e+00 0.000000000000000000e+00
8.096302760500000000e+15 6.375575353900000097e+36 1.795439999999999990e+39 1.000000000000000000e+00 0.000000000000000000e+00
8.051271852600000000e+15 6.335047536800000370e+36 1.790439999999999855e+39 1.000000000000000000e+00 0.000000000000000000e+00
8.006366523000000000e+15 6.294632740200000461e+36 1.785440000000000022e+39 1.000000000000000000e+00 0.000000000000000000e+00
7.961586771900000000e+15 6.254330964100000369e+36 1.780439999999999887e+39 1.000000000000000000e+00 0.000000000000000000e+00
7.916932599100000000e+15 6.214142208700000579e+36 1.775440000000000054e+39 1.000000000000000000e+00 0.000000000000000000e+00
7.872404004800000000e+15 6.174066473799999426e+36 1.770439999999999919e+39 1.000000000000000000e+00 0.000000000000000000e+00
7.828000988900000000e+15 6.134103759400000451e+36 1.765440000000000087e+39 1.000000000000000000e+00 0.000000000000000000e+00
7.783723551300000000e+15 6.094254065599999766e+36 1.760439999999999952e+39 1.000000000000000000e+00 0.000000000000000000e+00
7.739571692200000000e+15 6.054517392399999730e+36 1.755440000000000119e+39 1.000000000000000000e+00 0.000000000000000000e+00
7.695545411500000000e+15 6.014893739800000345e+36 1.750439999999999984e+39 1.000000000000000000e+00 0.000000000000000000e+00
7.651644709100000000e+15 5.975383107699999596e+36 1.745439999999999849e+39 1.000000000000000000e+00 0.000000000000000000e+00
7.607869585200000000e+15 5.935985496099999845e+36 1.740440000000000016e+39 1.000000000000000000e+00 0.000000000000000000e+00
7.564220039700000000e+15 5.896700905200000397e+36 1.735439999999999881e+39 1.000000000000000000e+00 0.000000000000000000e+00
7.520696072500000000e+15 5.857529334699999933e+36 1.730440000000000049e+39 1.000000000000000000e+00 0.000000000000000000e+00
7.477297683800000000e+15 5.818470784899999771e+36 1.725439999999999914e+39 1.000000000000000000e+00 0.000000000000000000e+00
7.434024873500000000e+15 5.779525255599999427e+36 1.720440000000000081e+39 1.000000000000000000e+00 0.000000000000000000e+00
7.390877641600000000e+15 5.740692746899999733e+36 1.715439999999999946e+39 1.000000000000000000e+00 0.000000000000000000e+00
7.347855988100000000e+15 5.701973258699999856e+36 1.710440000000000113e+39 1.000000000000000000e+00 0.000000000000000000e+00
7.304959913000000000e+15 5.663366791099999449e+36 1.705439999999999978e+39 1.000000000000000000e+00 0.000000000000000000e+00
7.262189416200000000e+15 5.624873344099999691e+36 1.700440000000000146e+39 1.000000000000000000e+00 0.000000000000000000e+00
7.219544497900000000e+15 5.586492917599999752e+36 1.695440000000000011e+39 1.000000000000000000e+00 0.000000000000000000e+00
7.177025158000000000e+15 5.548225511700000462e+36 1.690439999999999876e+39 1.000000000000000000e+00 0.000000000000000000e+00
7.134631396500000000e+15 5.510071126299999809e+36 1.685440000000000043e+39 1.000000000000000000e+00 0.000000000000000000e+00
7.092363213400000000e+15 5.472029761499999806e+36 1.680439999999999908e+39 1.000000000000000000e+00 0.000000000000000000e+00
7.050220608700000000e+15 5.434101417300000453e+36 1.675440000000000075e+39 1.000000000000000000e+00 0.000000000000000000e+00
7.008203582400000000e+15 5.396286093599999737e+36 1.670439999999999941e+39 1.000000000000000000e+00 0.000000000000000000e+00
6.966312134500000000e+15 5.358583790499999671e+36 1.665440000000000108e+39 1.000000000000000000e+00 0.000000000000000000e+00
6.924546265000000000e+15 5.320994508000000256e+36 1.660439999999999973e+39 1.000000000000000000e+00 0.000000000000000000e+00
6.882905973900000000e+15 5.283518246000000067e+36 1.655440000000000140e+39 1.000000000000000000e+00 0.000000000000000000e+00
6.841391261200000000e+15 5.246155004500000286e+36 1.650440000000000005e+39 1.000000000000000000e+00 0.000000000000000000e+00
6.800002126900000000e+15 5.208904783700000217e+36 1.645439999999999870e+39 1.000000000000000000e+00 0.000000000000000000e+00
6.758738571000000000e+15 5.171767583399999965e+36 1.640440000000000038e+39 1.000000000000000000e+00 0.000000000000000000e+00
6.717600593500000000e+15 5.134743403600000121e+36 1.635439999999999903e+39 1.000000000000000000e+00 0.000000000000000000e+00
6.676588194400000000e+15 5.097832244499999988e+36 1.630440000000000070e+39 1.000000000000000000e+00 0.000000000000000000e+00
6.635701373800000000e+15 5.061034105800000022e+36 1.625439999999999935e+39 1.000000000000000000e+00 0.000000000000000000e+00
6.594940131500000000e+15 5.024348987799999766e+36 1.620440000000000102e+39 1.000000000000000000e+00 0.000000000000000000e+00
6.554304467600000000e+15 4.987776890299999919e+36 1.615439999999999967e+39 1.000000000000000000e+00 0.000000000000000000e+00
6.513794382100000000e+15 4.951317813400000132e+36 1.610440000000000135e+39 1.000000000000000000e+00 0.000000000000000000e+00
6.473409875000000000e+15 4.914971757000000161e+36 1.605440000000000000e+39 1.000000000000000000e+00 0.000000000000000000e+00
6.433150946400000000e+15 4.878738721200000251e+36 1.600439999999999865e+39 1.000000000000000000e+00 0.000000000000000000e+00
6.393017596100000000e+15 4.842618705900000158e+36 1.595440000000000032e+39 1.000000000000000000e+00 0.000000000000000000e+00
6.353009824200000000e+15 4.806611711200000125e+36 1.590439999999999897e+39 1.000000000000000000e+00 0.000000000000000000e+00
6.313127630700000000e+15 4.770717737100000151e+36 1.585440000000000064e+39 1.000000000000000000e+00 0.000000000000000000e+00
6.273371015700000000e+15 4.734936783600000238e+36 1.580439999999999929e+39 1.000000000000000000e+00 0.000000000000000000e+00
6.233739979000000000e+15 4.699268850600000141e+36 1.575440000000000097e+39 1.000000000000000000e+00 0.000000000000000000e+00
6.194234520700000000e+15 4.663713938099999862e+36 1.570439999999999962e+39 1.000000000000000000e+00 0.000000000000000000e+00
6.154854640900000000e+15 4.628272046200000234e+36 1.565440000000000129e+39 1.000000000000000000e+00 0.000000000000000000e+00
6.115600339400000000e+15 4.592943174900000074e+36 1.560439999999999994e+39 1.000000000000000000e+00 0.000000000000000000e+00
6.076471616300000000e+15 4.557727324199999975e+36 1.555439999999999859e+39 1.000000000000000000e+00 0.000000000000000000e+00
6.037468471700000000e+15 4.522624494000000283e+36 1.550440000000000026e+39 1.000000000000000000e+00 0.000000000000000000e+00
5.998590905400000000e+15 4.487634684299999818e+36 1.545439999999999891e+39 1.000000000000000000e+00 0.000000000000000000e+00
5.959838917600000000e+15 4.452757895300000246e+36 1.540440000000000059e+39 1.000000000000000000e+00 0.000000000000000000e+00
5.921212508100000000e+15 4.417994126799999901e+36 1.535439999999999924e+39 1.000000000000000000e+00 0.000000000000000000e+00
5.882711677100000000e+15 4.383343378799999963e+36 1.530440000000000091e+39 1.000000000000000000e+00 0.000000000000000000e+00
5.844336424400000000e+15 4.348805651400000086e+36 1.525439999999999956e+39 1.000000000000000000e+00 0.000000000000000000e+00
5.806086750200000000e+15 4.314380944600000268e+36 1.520440000000000123e+39 1.000000000000000000e+00 0.000000000000000000e+00
5.767962654300000000e+15 4.280069258300000267e+36 1.515439999999999988e+39 1.000000000000000000e+00 0.000000000000000000e+00
5.729964136900000000e+15 4.245870592599999736e+36 1.510439999999999853e+39 1.000000000000000000e+00 0.000000000000000000e+00
5.692091197800000000e+15 4.211784947499999855e+36 1.505440000000000021e+39 1.000000000000000000e+00 0.000000000000000000e+00
5.654343837200000000e+15 4.177812322899999792e+36 1.500439999999999886e+39 1.000000000000000000e+00 0.000000000000000000e+00
5.616722054900000000e+15 4.143952718899999788e+36 1.495440000000000053e+39 1.000000000000000000e+00 0.000000000000000000e+00
5.579225851100000000e+15 4.110206135499999844e+36 1.490439999999999918e+39 1.000000000000000000e+00 0.000000000000000000e+00
5.541855225700000000e+15 4.076572572599999717e+36 1.485440000000000085e+39 1.000000000000000000e+00 0.000000000000000000e+00
5.504610178600000000e+15 4.043052030199999998e+36 1.480439999999999950e+39 1.000000000000000000e+00 0.000000000000000000e+00
5.467490710000000000e+15 4.009644508499999991e+36 1.475440000000000118e+39 1.000000000000000000e+00 0.000000000000000000e+00
5.430496819800000000e+15 3.976350007299999801e+36 1.470439999999999983e+39 1.000000000000000000e+00 0.000000000000000000e+00
5.393628507900000000e+15 3.943168526600000019e+36 1.465440000000000150e+39 1.000000000000000000e+00 0.000000000000000000e+00
5.356885774500000000e+15 3.910100066499999707e+36 1.460440000000000015e+39 1.000000000000000000e+00 0.000000000000000000e+00
5.320268619500000000e+15 3.877144627000000045e+36 1.455439999999999880e+39 1.000000000000000000e+00 0.000000000000000000e+00
5.283777042900000000e+15 3.844302208000000200e+36 1.450440000000000047e+39 1.000000000000000000e+00 0.000000000000000000e+00
5.247411044700000000e+15 3.811572809599999824e+36 1.445439999999999913e+39 1.000000000000000000e+00 0.000000000000000000e+00
5.211170624800000000e+15 3.778956431800000099e+36 1.440440000000000080e+39 1.000000000000000000e+00 0.000000000000000000e+00
5.175055783400000000e+15 3.746453074500000190e+36 1.435439999999999945e+39 1.000000000000000000e+00 0.000000000000000000e+00
5.139066520400000000e+15 3.714062737799999752e+36 1.430440000000000112e+39 1.000000000000000000e+00 0.000000000000000000e+00
5.103202835800000000e+15 3.681785421699999963e+36 1.425439999999999977e+39 1.000000000000000000e+00 0.000000000000000000e+00
5.067464729600000000e+15 3.649621126099999992e+36 1.420440000000000144e+39 1.000000000000000000e+00 0.000000000000000000e+00
5.031852201800000000e+15 3.617569850999999839e+36 1.415440000000000010e+39 1.000000000000000000e+00 0.000000000000000000e+00
4.996365252400000000e+15 3.585631596599999987e+36 1.410439999999999875e+39 1.000000000000000000e+00 0.000000000000000000e+00
4.961003881300000000e+15 3.553806362699999953e+36 1.405440000000000042e+39 1.000000000000000000e+00 0.000000000000000000e+00
4.925768088700000000e+15 3.522094149299999736e+36 1.400439999999999907e+39 1.000000000000000000e+00 0.000000000000000000e+00
4.890657874500000000e+15 3.490494956500000169e+36 1.395440000000000074e+39 1.000000000000000000e+00 0.000000000000000000e+00
4.855673238700000000e+15 3.459008784300000072e+36 1.390439999999999939e+39 1.000000000000000000e+00 0.000000000000000000e+00
4.820814181300000000e+15 3.427635632700000035e+36 1.385440000000000107e+39 1.000000000000000000e+00 0.000000000000000000e+00
4.786080702300000000e+15 3.396375501599999815e+36 1.380439999999999972e+39 1.000000000000000000e+00 0.000000000000000000e+00
4.751472801700000000e+15 3.365228391000000003e+36 1.375440000000000139e+39 1.000000000000000000e+00 0.000000000000000000e+00
4.716990479500000000e+15 3.334194301099999902e+36 1.370440000000000004e+39 1.000000000000000000e+00 0.000000000000000000e+00
4.682633735800000000e+15 3.303273231599999967e+36 1.365439999999999869e+39 1.000000000000000000e+00 0.000000000000000000e+00
4.648402570400000000e+15 3.272465182799999744e+36 1.360440000000000036e+39 1.000000000000000000e+00 0.000000000000000000e+00
4.614296983400000000e+15 3.241770154499999928e+36 1.355440000000000052e+39 1.000000000000000000e+00 0.000000000000000000e+00
4.580316974800000000e+15 3.211188146800000172e+36 1.350440000000000069e+39 1.000000000000000000e+00 0.000000000000000000e+00
4.546462544600000000e+15 3.180719159600000234e+36 1.345439999999999934e+39 1.000000000000000000e+00 0.000000000000000000e+00
4.512733692800000000e+15 3.150363192999999765e+36 1.340439999999999950e+39 1.000000000000000000e+00 0.000000000000000000e+00
4.479130419400000000e+15 3.120120246999999946e+36 1.335439999999999966e+39 1.000000000000000000e+00 0.000000000000000000e+00
4.445652724500000000e+15 3.089990321499999945e+36 1.330439999999999982e+39 1.000000000000000000e+00 0.000000000000000000e+00
4.412300607900000000e+15 3.059973416499999761e+36 1.325439999999999998e+39 1.000000000000000000e+00 0.000000000000000000e+00
4.379074069700000000e+15 3.030069532199999879e+36 1.320440000000000014e+39 1.000000000000000000e+00 0.000000000000000000e+00
4.345973109900000000e+15 3.000278668399999814e+36 1.315440000000000031e+39 1.000000000000000000e+00 0.000000000000000000e+00
4.312997728600000000e+15 2.970600825199999809e+36 1.310440000000000047e+39 1.000000000000000000e+00 0.000000000000000000e+00
4.280147925600000000e+15 2.941036002500000212e+36 1.305440000000000063e+39 1.000000000000000000e+00 0.000000000000000000e+00
4.247423701000000000e+15 2.911584200400000085e+36 1.300439999999999928e+39 1.000000000000000000e+00 0.000000000000000000e+00
4.214825054800000000e+15 2.882245418799999775e+36 1.295439999999999944e+39 1.000000000000000000e+00 0.000000000000000000e+00
4.182351987100000000e+15 2.853019657800000115e+36 1.290439999999999960e+39 1.000000000000000000e+00 0.000000000000000000e+00
4.150004497700000000e+15 2.823906917399999924e+36 1.285439999999999977e+39 1.000000000000000000e+00 0.000000000000000000e+00
4.117782586800000000e+15 2.794907197500000141e+36 1.280439999999999993e+39 1.000000000000000000e+00 0.000000000000000000e+00
4.085686254200000000e+15 2.766020498199999828e+36 1.275440000000000009e+39 1.000000000000000000e+00 0.000000000000000000e+00
4.053715500000000000e+15 2.737246819500000164e+36 1.270440000000000025e+39 1.000000000000000000e+00 0.000000000000000000e+00
4.021870324300000000e+15 2.708586161299999728e+36 1.265440000000000041e+39 1.000000000000000000e+00 0.000000000000000000e+00
3.990150726900000000e+15 2.680038523699999942e+36 1.260440000000000057e+39 1.000000000000000000e+00 0.000000000000000000e+00
3.958556708000000000e+15 2.651603906599999973e+36 1.255440000000000074e+39 1.000000000000000000e+00 0.000000000000000000e+00
3.927088267400000000e+15 2.623282310100000064e+36 1.250439999999999939e+39 1.000000000000000000e+00 0.000000000000000000e+00
3.895745405300000000e+15 2.595073734199999920e+36 1.245439999999999955e+39 1.000000000000000000e+00 0.000000000000000000e+00
3.864528121500000000e+15 2.566978178799999888e+36 1.240439999999999971e+39 1.000000000000000000e+00 0.000000000000000000e+00
3.833436416200000000e+15 2.538995643999999916e+36 1.235439999999999987e+39 1.000000000000000000e+00 0.000000000000000000e+00
3.802470289200000000e+15 2.511126129800000004e+36 1.230440000000000003e+39 1.000000000000000000e+00 0.000000000000000000e+00
3.771629740700000000e+15 2.483369636099999909e+36 1.225440000000000019e+39 1.000000000000000000e+00 0.000000000000000000e+00
3.740914770600000000e+15 2.455726162999999874e+36 1.220440000000000036e+39 1.000000000000000000e+00 0.000000000000000000e+00
3.710325378800000000e+15 2.428195710399999951e+36 1.215440000000000052e+39 1.000000000000000000e+00 0.000000000000000000e+00
3.679861565500000000e+15 2.400778278400000089e+36 1.210440000000000068e+39 1.000000000000000000e+00 0.000000000000000000e+00
3.649523330500000000e+15 2.373473866999999990e+36 1.205439999999999933e+39 1.000000000000000000e+00 0.000000000000000000e+00
3.619310674000000000e+15 2.346282476100000005e+36 1.200439999999999949e+39 1.000000000000000000e+00 0.000000000000000000e+00
3.589223595900000000e+15 2.319204105800000079e+36 1.195439999999999965e+39 1.000000000000000000e+00 0.000000000000000000e+00
3.559262096200000000e+15 2.292238755999999971e+36 1.190439999999999982e+39 1.000000000000000000e+00 0.000000000000000000e+00
3.529426174800000000e+15 2.265386426799999922e+36 1.185439999999999998e+39 1.000000000000000000e+00 0.000000000000000000e+00
3.499715831900000000e+15 2.238647118199999933e+36 1.180440000000000014e+39 1.000000000000000000e+00 0.000000000000000000e+00
3.470131067400000000e+15 2.212020830100000057e+36 1.175440000000000030e+39 1.000000000000000000e+00 0.000000000000000000e+00
3.440671881300000000e+15 2.185507562599999945e+36 1.170440000000000046e+39 1.000000000000000000e+00 0.000000000000000000e+00
3.411338273500000000e+15 2.159107315599999946e+36 1.165440000000000062e+39 1.000000000000000000e+00 0.000000000000000000e+00
3.382130244200000000e+15 2.132820089299999954e+36 1.160439999999999927e+39 1.000000000000000000e+00 0.000000000000000000e+00
3.353047793300000000e+15 2.106645883400000127e+36 1.155439999999999944e+39 1.000000000000000000e+00 0.000000000000000000e+00
3.324090920800000000e+15 2.080584698200000012e+36 1.150439999999999960e+39 1.000000000000000000e+00 0.000000000000000000e+00
3.295259626700000000e+15 2.054636533500000010e+36 1.145439999999999976e+39 1.000000000000000000e+00 0.000000000000000000e+00
3.266553911000000000e+15 2.028801389300000120e+36 1.140439999999999992e+39 1.000000000000000000e+00 0.000000000000000000e+00
3.237973773600000000e+15 2.003079265699999995e+36 1.135440000000000008e+39 1.000000000000000000e+00 0.000000000000000000e+00
3.209519214700000000e+15 1.977470162699999929e+36 1.130440000000000024e+39 1.000000000000000000e+00 0.000000000000000000e+00
3.181190234200000000e+15 1.951974080299999924e+36 1.125440000000000041e+39 1.000000000000000000e+00 0.000000000000000000e+00
3.152986832100000000e+15 1.926591018400000031e+36 1.120440000000000057e+39 1.000000000000000000e+00 0.000000000000000000e+00
3.124909008400000000e+15 1.901320976999999955e+36 1.115440000000000073e+39 1.000000000000000000e+00 0.000000000000000000e+00
3.096956763100000000e+15 1.876163956299999886e+36 1.110439999999999938e+39 1.000000000000000000e+00 0.000000000000000000e+00
3.069130096200000000e+15 1.851119956099999930e+36 1.105439999999999954e+39 1.000000000000000000e+00 0.000000000000000000e+00
3.041429007700000000e+15 1.826188976400000087e+36 1.100439999999999970e+39 1.000000000000000000e+00 0.000000000000000000e+00
3.013853497600000000e+15 1.801371017300000008e+36 1.095439999999999987e+39 1.000000000000000000e+00 0.000000000000000000e+00
2.986403565900000000e+15 1.776666078799999988e+36 1.090440000000000003e+39 1.000000000000000000e+00 0.000000000000000000e+00
2.959079212700000000e+15 1.752074160800000082e+36 1.085440000000000019e+39 1.000000000000000000e+00 0.000000000000000000e+00
2.931880437800000000e+15 1.727595263399999940e+36 1.080440000000000035e+39 1.000000000000000000e+00 0.000000000000000000e+00
2.904807241300000000e+15 1.703229386599999857e+36 1.075440000000000051e+39 1.000000000000000000e+00 0.000000000000000000e+00
2.877859623200000000e+15 1.678976530299999888e+36 1.070440000000000067e+39 1.000000000000000000e+00 0.000000000000000000e+00
2.851037583500000000e+15 1.654836694599999978e+36 1.065439999999999932e+39 1.000000000000000000e+00 0.000000000000000000e+00
2.824341122200000000e+15 1.630809879500000128e+36 1.060439999999999949e+39 1.000000000000000000e+00 0.000000000000000000e+00
2.797770239300000000e+15 1.606896084900000095e+36 1.055439999999999965e+39 1.000000000000000000e+00 0.000000000000000000e+00
2.771324934900000000e+15 1.583095310799999880e+36 1.050439999999999981e+39 1.000000000000000000e+00 0.000000000000000000e+00
2.745005208800000000e+15 1.559407557399999966e+36 1.045439999999999997e+39 1.000000000000000000e+00 0.000000000000000000e+00
2.718811061100000000e+15 1.535832824499999871e+36 1.040440000000000013e+39 1.000000000000000000e+00 0.000000000000000000e+00
2.692742491800000000e+15 1.512371112099999887e+36 1.035440000000000029e+39 1.000000000000000000e+00 0.000000000000000000e+00
2.666799501000000000e+15 1.489022420299999964e+36 1.030440000000000046e+39 1.000000000000000000e+00 0.000000000000000000e+00
2.640982088500000000e+15 1.465786749100000100e+36 1.025440000000000062e+39 1.000000000000000000e+00 0.000000000000000000e+00
2.615290254400000000e+15 1.442664098400000054e+36 1.020439999999999927e+39 1.000000000000000000e+00 0.000000000000000000e+00
2.589723998800000000e+15 1.419654468300000068e+36 1.015439999999999943e+39 1.000000000000000000e+00 0.000000000000000000e+00
2.564283321500000000e+15 1.396757858800000141e+36 1.010439999999999959e+39 1.000000000000000000e+00 0.000000000000000000e+00
2.538968222600000000e+15 1.373974269800000032e+36 1.005439999999999975e+39 1.000000000000000000e+00 0.000000000000000000e+00
2.513778702200000000e+15 1.351303701399999982e+36 1.000439999999999991e+39 1.000000000000000000e+00 0.000000000000000000e+00
2.488714760100000000e+15 1.328746153599999992e+36 9.954400000000000076e+38 1.000000000000000000e+00 0.000000000000000000e+00
2.463776396500000000e+15 1.306301626299999967e+36 9.904400000000000238e+38 1.000000000000000000e+00 0.000000000000000000e+00
2.438963611200000000e+15 1.283970119500000055e+36 9.854400000000000400e+38 1.000000000000000000e+00 0.000000000000000000e+00
2.414276404300000000e+15 1.261751633400000002e+36 9.804400000000000562e+38 1.000000000000000000e+00 0.000000000000000000e+00
2.389714775900000000e+15 1.239646167800000062e+36 9.754400000000000723e+38 1.000000000000000000e+00 0.000000000000000000e+00
2.365278725800000000e+15 1.217653722699999939e+36 9.704399999999999374e+38 1.000000000000000000e+00 0.000000000000000000e+00
2.340968254200000000e+15 1.195774298200000024e+36 9.654399999999999535e+38 1.000000000000000000e+00 0.000000000000000000e+00
2.316783361000000000e+15 1.174007894300000020e+36 9.604399999999999697e+38 1.000000000000000000e+00 0.000000000000000000e+00
2.292724046100000000e+15 1.152354510999999929e+36 9.554399999999999859e+38 1.000000000000000000e+00 0.000000000000000000e+00
2.268790309700000000e+15 1.130814148199999951e+36 9.504400000000000020e+38 1.000000000000000000e+00 0.000000000000000000e+00
2.244982151600000000e+15 1.109386805899999937e+36 9.454400000000000182e+38 1.000000000000000000e+00 0.000000000000000000e+00
2.221299572000000000e+15 1.088072484199999983e+36 9.404400000000000344e+38 1.000000000000000000e+00 0.000000000000000000e+00
2.197742570700000000e+15 1.066871183099999942e+36 9.354400000000000506e+38 1.000000000000000000e+00 0.000000000000000000e+00
2.174311147900000000e+15 1.045782902599999960e+36 9.304400000000000667e+38 1.000000000000000000e+00 0.000000000000000000e+00
2.151005303500000000e+15 1.024807642599999943e+36 9.254399999999999318e+38 1.000000000000000000e+00 0.000000000000000000e+00
2.127825037400000000e+15 1.003945403199999986e+36 9.204399999999999479e+38 1.000000000000000000e+00 0.000000000000000000e+00
2.104770349800000000e+15 9.831961842899999402e+35 9.154399999999999641e+38 1.000000000000000000e+00 0.000000000000000000e+00
2.081841240600000000e+15 9.625599859799999541e+35 9.104399999999999803e+38 1.000000000000000000e+00 0.000000000000000000e+00
2.059037709800000000e+15 9.420368082400000141e+35 9.054399999999999965e+38 1.000000000000000000e+00 0.000000000000000000e+00
2.036359757300000000e+15 9.216266510600000665e+35 9.004400000000000126e+38 1.000000000000000000e+00 0.000000000000000000e+00
2.013807383300000000e+15 9.013295144399999636e+35 8.954400000000000288e+38 1.000000000000000000e+00 0.000000000000000000e+00
1.991380587700000000e+15 8.811453983800000007e+35 8.904400000000000450e+38 1.000000000000000000e+00 0.000000000000000000e+00
1.969079370500000000e+15 8.610743028800000301e+35 8.854400000000000611e+38 1.000000000000000000e+00 0.000000000000000000e+00
1.946903731700000000e+15 8.411162279499999580e+35 8.804399999999999262e+38 1.000000000000000000e+00 0.000000000000000000e+00
1.924853671200000000e+15 8.212711735699999720e+35 8.754399999999999423e+38 1.000000000000000000e+00 0.000000000000000000e+00
1.902929189200000000e+15 8.015391397600000322e+35 8.704399999999999585e+38 1.000000000000000000e+00 0.000000000000000000e+00
1.881130285600000000e+15 7.819201265099999371e+35 8.654399999999999747e+38 1.000000000000000000e+00 0.000000000000000000e+00
1.859456960400000000e+15 7.624141338199999820e+35 8.604399999999999909e+38 1.000000000000000000e+00 0.000000000000000000e+00
1.837909213600000000e+15 7.430211616900000191e+35 8.554400000000000070e+38 1.000000000000000000e+00 0.000000000000000000e+00
1.816487045200000000e+15 7.237412101200000487e+35 8.504400000000000232e+38 1.000000000000000000e+00 0.000000000000000000e+00
1.795190455200000000e+15 7.045742791199999767e+35 8.454400000000000394e+38 1.000000000000000000e+00 0.000000000000000000e+00
1.774019443600000000e+15 6.855203686800000447e+35 8.404400000000000555e+38 1.000000000000000000e+00 0.000000000000000000e+00
1.752974010400000000e+15 6.665794787999999574e+35 8.354400000000000717e+38 1.000000000000000000e+00 0.000000000000000000e+00
1.732054155600000000e+15 6.477516094800000101e+35 8.304399999999999367e+38 3.392344497599999897e+00 0.000000000000000000e+00
1.717336364300000000e+15 6.346163133099999785e+35 8.254399999999999529e+38 3.392344497599999897e+00 0.000000000000000000e+00
1.702706341500000000e+15 6.216699922599999940e+35 8.204399999999999691e+38 3.392344497599999897e+00 0.000000000000000000e+00
1.688163347700000000e+15 6.089110544100000043e+35 8.154399999999999853e+38 3.392344497599999897e+00 0.000000000000000000e+00
1.673706645500000000e+15 5.963379116599999762e+35 8.104400000000000014e+38 3.392344497599999897e+00 0.000000000000000000e+00
1.659335498900000000e+15 5.839489797299999701e+35 8.054400000000000176e+38 3.392344497599999897e+00 0.000000000000000000e+00
1.645049174000000000e+15 5.717426781400000319e+35 8.004400000000000338e+38 3.392344497599999897e+00 0.000000000000000000e+00
1.630846938500000000e+15 5.597174302900000331e+35 7.954400000000000499e+38 3.392344497599999897e+00 0.000000000000000000e+00
1.616728061900000000e+15 5.478716634199999722e+35 7.904400000000000661e+38 3.392344497599999897e+00 0.000000000000000000e+00
1.602691815600000000e+15 5.362038086600000220e+35 7.854399999999999312e+38 3.392344497599999897e+00 0.000000000000000000e+00
1.588737472800000000e+15 5.247123009999999993e+35 7.804399999999999473e+38 3.392344497599999897e+00 0.000000000000000000e+00
1.574864308400000000e+15 5.133955793600000368e+35 7.754399999999999635e+38 3.392344497599999897e+00 0.000000000000000000e+00
1.561071599100000000e+15 5.022520865700000322e+35 7.704399999999999797e+38 3.392344497599999897e+00 0.000000000000000000e+00
1.547358623600000000e+15 4.912802694000000314e+35 7.654399999999999958e+38 3.392344497599999897e+00 0.000000000000000000e+00
1.533724662400000000e+15 4.804785785500000268e+35 7.604400000000000120e+38 3.392344497599999897e+00 0.000000000000000000e+00
1.520168997600000000e+15 4.698454687199999648e+35 7.554400000000000282e+38 3.392344497599999897e+00 0.000000000000000000e+00
1.506690913500000000e+15 4.593793985599999933e+35 7.504400000000000443e+38 3.392344497599999897e+00 0.000000000000000000e+00
1.493289696100000000e+15 4.490788307299999732e+35 7.454400000000000605e+38 3.392344497599999897e+00 0.000000000000000000e+00
1.479964633100000000e+15 4.389422319099999738e+35 7.404399999999999256e+38 3.392344497599999897e+00 0.000000000000000000e+00
1.466715014400000000e+15 4.289680727999999788e+35 7.354399999999999417e+38 3.392344497599999897e+00 0.000000000000000000e+00
1.453540131500000000e+15 4.191548281499999729e+35 7.304399999999999579e+38 3.392344497599999897e+00 0.000000000000000000e+00
1.440439277900000000e+15 4.095009767600000160e+35 7.254399999999999741e+38 3.392344497599999897e+00 0.000000000000000000e+00
1.427411749000000000e+15 4.000050015399999753e+35 7.204399999999999902e+38 3.392344497599999897e+00 0.000000000000000000e+00
1.414456842100000000e+15 3.906653894599999945e+35 7.154400000000000064e+38 3.392344497599999897e+00 0.000000000000000000e+00
1.401573856400000000e+15 3.814806316499999982e+35 7.104400000000000226e+38 3.392344497599999897e+00 0.000000000000000000e+00
1.388762093000000000e+15 3.724492233199999996e+35 7.054400000000000387e+38 3.392344497599999897e+00 0.000000000000000000e+00
1.376020855000000000e+15 3.635696638700000281e+35 7.004400000000000549e+38 3.392344497599999897e+00 0.000000000000000000e+00
1.363349447400000000e+15 3.548404568499999877e+35 6.954400000000000711e+38 3.392344497599999897e+00 0.000000000000000000e+00
1.350747177000000000e+15 3.462601099899999659e+35 6.904399999999999361e+38 3.392344497599999897e+00 0.000000000000000000e+00
1.338213352800000000e+15 3.378271352300000262e+35 6.854399999999999523e+38 3.392344497599999897e+00 0.000000000000000000e+00
1.325747285500000000e+15 3.295400487399999833e+35 6.804399999999999685e+38 3.392344497599999897e+00 0.000000000000000000e+00
1.313348288100000000e+15 3.213973709300000105e+35 6.754399999999999846e+38 3.392344497599999897e+00 0.000000000000000000e+00
1.301015675300000000e+15 3.133976264500000123e+35 6.704400000000000008e+38 3.392344497599999897e+00 0.000000000000000000e+00
1.288748763800000000e+15 3.055393442499999840e+35 6.654400000000000170e+38 3.392344497599999897e+00 0.000000000000000000e+00
1.276546872500000000e+15 2.978210575600000145e+35 6.604400000000000331e+38 3.392344497599999897e+00 0.000000000000000000e+00
1.264409322100000000e+15 2.902413039499999821e+35 6.554399999999999737e+38 3.392344497599999897e+00 0.000000000000000000e+00
1.252335435400000000e+15 2.827986253100000001e+35 6.504399999999999899e+38 3.392344497599999897e+00 0.000000000000000000e+00
1.240324537200000000e+15 2.754915678900000048e+35 6.454400000000000061e+38 3.392344497599999897e+00 0.000000000000000000e+00
1.228375954400000000e+15 2.683186823200000101e+35 6.404400000000000223e+38 3.392344497599999897e+00 0.000000000000000000e+00
1.216489015900000000e+15 2.612785236400000112e+35 6.354399999999999629e+38 3.392344497599999897e+00 0.000000000000000000e+00
1.204663052600000000e+15 2.543696512900000042e+35 6.304399999999999790e+38 3.392344497599999897e+00 0.000000000000000000e+00
1.192897397400000000e+15 2.475906291599999965e+35 6.254399999999999952e+38 3.392344497599999897e+00 0.000000000000000000e+00
1.181191385600000000e+15 2.409400256100000040e+35 6.204400000000000114e+38 3.392344497599999897e+00 0.000000000000000000e+00
1.169544354200000000e+15 2.344164134599999970e+35 6.154400000000000275e+38 3.392344497599999897e+00 0.000000000000000000e+00
1.157955642600000000e+15 2.280183700500000016e+35 6.104399999999999681e+38 3.392344497599999897e+00 0.000000000000000000e+00
1.146424592000000000e+15 2.217444772599999856e+35 6.054399999999999843e+38 3.392344497599999897e+00 0.000000000000000000e+00
1.134950545900000000e+15 2.155933215100000062e+35 6.004400000000000005e+38 3.392344497599999897e+00 0.000000000000000000e+00
1.123532850000000000e+15 2.095634937700000057e+35 5.954400000000000167e+38 3.392344497599999897e+00 0.000000000000000000e+00
1.112170851900000000e+15 2.036535896399999826e+35 5.904400000000000328e+38 3.392344497599999897e+00 0.000000000000000000e+00
1.100863901500000000e+15 1.978622093299999957e+35 5.854399999999999734e+38 3.392344497599999897e+00 0.000000000000000000e+00
1.089611350900000000e+15 1.921879576800000124e+35 5.804399999999999896e+38 3.392344497599999897e+00 0.000000000000000000e+00
1.078412554300000000e+15 1.866294442099999937e+35 5.754400000000000058e+38 3.392344497599999897e+00 0.000000000000000000e+00
1.067266867900000000e+15 1.811852831299999846e+35 5.704400000000000219e+38 3.392344497599999897e+00 0.000000000000000000e+00
1.056173650500000000e+15 1.758540933600000000e+35 5.654399999999999625e+38 3.392344497599999897e+00 0.000000000000000000e+00
1.045132262800000000e+15 1.706344985699999818e+35 5.604399999999999787e+38 3.392344497599999897e+00 0.000000000000000000e+00
1.034142067700000000e+15 1.655251271800000017e+35 5.554399999999999949e+38 3.392344497599999897e+00 0.000000000000000000e+00
1.023202430400000000e+15 1.605246124400000085e+35 5.504400000000000111e+38 3.392344497599999897e+00 0.000000000000000000e+00
1.012312718500000000e+15 1.556315923700000039e+35 5.454400000000000272e+38 3.392344497599999897e+00 0.000000000000000000e+00
1.001472301500000000e+15 1.508447098600000079e+35 5.404399999999999678e+38 3.392344497599999897e+00 0.000000000000000000e+00
9.906805515800000000e+14 1.461626126900000007e+35 5.354399999999999840e+38 3.392344497599999897e+00 0.000000000000000000e+00
9.799368428100000000e+14 1.415839535099999991e+35 5.304400000000000002e+38 3.392344497599999897e+00 0.000000000000000000e+00
9.692405517600000000e+14 1.371073898999999921e+35 5.254400000000000163e+38 3.392344497599999897e+00 0.000000000000000000e+00
9.585910572600000000e+14 1.327315844200000064e+35 5.204400000000000325e+38 3.392344497599999897e+00 0.000000000000000000e+00
9.479877404600000000e+14 1.284552045899999992e+35 5.154399999999999731e+38 3.392344497599999897e+00 0.000000000000000000e+00
9.374299848200000000e+14 1.242769229499999958e+35 5.104399999999999893e+38 3.392344497599999897e+00 0.000000000000000000e+00
9.269171761400000000e+14 1.201954170899999932e+35 5.054400000000000055e+38 3.392344497599999897e+00 0.000000000000000000e+00
9.164487026100000000e+14 1.162093696599999947e+35 5.004400000000000216e+38 3.392344497599999897e+00 0.000000000000000000e+00
9.060239547500000000e+14 1.123174684300000010e+35 4.954399999999999622e+38 3.392344497599999897e+00 0.000000000000000000e+00
8.956423254900000000e+14 1.085184062799999930e+35 4.904399999999999784e+38 3.392344497599999897e+00 0.000000000000000000e+00
8.853032101500000000e+14 1.048108812799999928e+35 4.854399999999999946e+38 3.392344497599999897e+00 0.000000000000000000e+00
8.750060064700000000e+14 1.011935966799999918e+35 4.804400000000000107e+38 3.392344497599999897e+00 0.000000000000000000e+00
8.647501146000000000e+14 9.766526096999999623e+34 4.754400000000000269e+38 3.392344497599999897e+00 0.000000000000000000e+00
8.545349371600000000e+14 9.422458790100000351e+34 4.704399999999999675e+38 3.392344497599999897e+00 0.000000000000000000e+00
8.443598792100000000e+14 9.087029651799999172e+34 4.654399999999999837e+38 3.392344497599999897e+00 0.000000000000000000e+00
8.342243483000000000e+14 8.760111119599999481e+34 4.604399999999999999e+38 3.392344497599999897e+00 0.000000000000000000e+00
8.241277544600000000e+14 8.441576167900000610e+34 4.554400000000000160e+38 3.392344497599999897e+00 0.000000000000000000e+00
8.140695102400000000e+14 8.131298310699999793e+34 4.504400000000000322e+38 3.392344497599999897e+00 0.000000000000000000e+00
8.040490307100000000e+14 7.829151605999999953e+34 4.454399999999999728e+38 3.392344497599999897e+00 0.000000000000000000e+00
7.940657334700000000e+14 7.535010659100000322e+34 4.404399999999999890e+38 3.392344497599999897e+00 0.000000000000000000e+00
7.841190387000000000e+14 7.248750626099999576e+34 4.354400000000000051e+38 3.392344497599999897e+00 0.000000000000000000e+00
7.742019805300000000e+14 6.994592032599999767e+34 4.304400000000000213e+38 2.428571428600000193e+00 0.000000000000000000e+00
7.643187764800000000e+14 6.798906711400000447e+34 4.254400000000000375e+38 2.428571428600000193e+00 0.000000000000000000e+00
7.544609125900000000e+14 6.606479412699999601e+34 4.204399999999999781e+38 2.428571428600000193e+00 0.000000000000000000e+00
7.446282608200000000e+14 6.417293670599999931e+34 4.154399999999999943e+38 2.428571428600000193e+00 0.000000000000000000e+00
7.348206922100000000e+14 6.231332907400000342e+34 4.104400000000000104e+38 2.428571428600000193e+00 0.000000000000000000e+00
7.250380769500000000e+14 6.048580430600000109e+34 4.054400000000000266e+38 2.428571428600000193e+00 0.000000000000000000e+00
7.152802842800000000e+14 5.869019431099999718e+34 4.004399999999999672e+38 2.428571428600000193e+00 0.000000000000000000e+00
7.055471825600000000e+14 5.692632981300000058e+34 3.954399999999999834e+38 2.428571428600000193e+00 0.000000000000000000e+00
6.958386391700000000e+14 5.519404031799999815e+34 3.904399999999999995e+38 2.428571428600000193e+00 0.000000000000000000e+00
6.861545205500000000e+14 5.349315410199999719e+34 3.854400000000000157e+38 2.428571428600000193e+00 0.000000000000000000e+00
6.764946921600000000e+14 5.182349817300000009e+34 3.804400000000000319e+38 2.428571428600000193e+00 0.000000000000000000e+00
6.668590184500000000e+14 5.018489825800000277e+34 3.754399999999999725e+38 2.428571428600000193e+00 0.000000000000000000e+00
6.572473628400000000e+14 4.857717876600000421e+34 3.704399999999999887e+38 2.428571428600000193e+00 0.000000000000000000e+00
6.476595877200000000e+14 4.700016276600000445e+34 3.654400000000000048e+38 2.428571428600000193e+00 0.000000000000000000e+00
6.380955544200000000e+14 4.545367195700000011e+34 3.604400000000000210e+38 2.428571428600000193e+00 0.000000000000000000e+00
6.285551231700000000e+14 4.393752663799999840e+34 3.554400000000000372e+38 2.428571428600000193e+00 0.000000000000000000e+00
6.190381530900000000e+14 4.245154567800000344e+34 3.504399999999999778e+38 2.428571428600000193e+00 0.000000000000000000e+00
6.095445021600000000e+14 4.099554648400000199e+34 3.454399999999999939e+38 2.428571428600000193e+00 0.000000000000000000e+00
6.000740272000000000e+14 3.956934496800000191e+34 3.404400000000000101e+38 2.428571428600000193e+00 0.000000000000000000e+00
5.906265838400000000e+14 3.817275551299999880e+34 3.354399999999999885e+38 2.428571428600000193e+00 0.000000000000000000e+00
5.812020265000000000e+14 3.680559093800000006e+34 3.304400000000000047e+38 2.428571428600000193e+00 0.000000000000000000e+00
5.718002083500000000e+14 3.546766245900000154e+34 3.254399999999999831e+38 2.428571428600000193e+00 0.000000000000000000e+00
5.624209812700000000e+14 3.415877965399999772e+34 3.204399999999999992e+38 2.428571428600000193e+00 0.000000000000000000e+00
5.530641958700000000e+14 3.287875042199999936e+34 3.154400000000000154e+38 2.428571428600000193e+00 0.000000000000000000e+00
5.437297013800000000e+14 3.162738093999999967e+34 3.104399999999999938e+38 2.428571428600000193e+00 0.000000000000000000e+00
5.344173456800000000e+14 3.040447562200000119e+34 3.054400000000000100e+38 2.428571428600000193e+00 0.000000000000000000e+00
5.251269752500000000e+14 2.920983707300000187e+34 3.004399999999999883e+38 2.428571428600000193e+00 0.000000000000000000e+00
5.158584351200000000e+14 2.804326604200000163e+34 2.954400000000000045e+38 2.428571428600000193e+00 0.000000000000000000e+00
5.066115688200000000e+14 2.690456137700000029e+34 2.904399999999999829e+38 2.428571428600000193e+00 0.000000000000000000e+00
4.973862183800000000e+14 2.579351996600000049e+34 2.854399999999999991e+38 2.428571428600000193e+00 0.000000000000000000e+00
4.881822242800000000e+14 2.470993669299999906e+34 2.804400000000000152e+38 2.428571428600000193e+00 0.000000000000000000e+00
4.789994253600000000e+14 2.365360437600000048e+34 2.754399999999999936e+38 2.428571428600000193e+00 0.000000000000000000e+00
4.698376588400000000e+14 2.262431371300000068e+34 2.704400000000000098e+38 2.428571428600000193e+00 0.000000000000000000e+00
4.606967602300000000e+14 2.162185321700000191e+34 2.654399999999999882e+38 2.428571428600000193e+00 0.000000000000000000e+00
4.515765632900000000e+14 2.064600915599999924e+34 2.604400000000000044e+38 2.428571428600000193e+00 0.000000000000000000e+00
4.424768999900000000e+14 1.969656548300000097e+34 2.554399999999999827e+38 2.428571428600000193e+00 0.000000000000000000e+00
4.333976004300000000e+14 1.877330376999999939e+34 2.504399999999999989e+38 2.428571428600000193e+00 0.000000000000000000e+00
4.243384928200000000e+14 1.787600313000000033e+34 2.454400000000000151e+38 2.428571428600000193e+00 0.000000000000000000e+00
4.152980000000000000e+14 1.702119999999999947e+34 2.404399999999999935e+38 3.104999999999999982e+00 0.000000000000000000e+00
4.062390000000000000e+14 1.597309999999999919e+34 2.354400000000000096e+38 3.108999999999999986e+00 0.000000000000000000e+00
3.972050000000000000e+14 1.496829999999999906e+34 2.304399999999999880e+38 3.112000000000000099e+00 0.000000000000000000e+00
3.881970000000000000e+14 1.400620000000000027e+34 2.254400000000000042e+38 3.115000000000000213e+00 0.000000000000000000e+00
3.792130000000000000e+14 1.308590000000000002e+34 2.204399999999999826e+38 3.117999999999999883e+00 0.000000000000000000e+00
3.702540000000000000e+14 1.220659999999999915e+34 2.154399999999999988e+38 3.120000000000000107e+00 0.000000000000000000e+00
3.613180000000000000e+14 1.136759999999999981e+34 2.104400000000000149e+38 3.123000000000000220e+00 0.000000000000000000e+00
3.524050000000000000e+14 1.056799999999999921e+34 2.054399999999999933e+38 3.125999999999999890e+00 0.000000000000000000e+00
3.435150000000000000e+14 9.806880000000000024e+33 2.004400000000000095e+38 3.128000000000000114e+00 0.000000000000000000e+00
3.346470000000000000e+14 9.083480000000000170e+33 1.954399999999999879e+38 3.129999999999999893e+00 0.000000000000000000e+00
3.258000000000000000e+14 8.396900000000000293e+33 1.904400000000000040e+38 3.132000000000000117e+00 0.000000000000000000e+00
3.169750000000000000e+14 7.746260000000000160e+33 1.854399999999999824e+38 3.133000000000000007e+00 0.000000000000000000e+00
3.081710000000000000e+14 7.130660000000000417e+33 1.804399999999999986e+38 3.133999999999999897e+00 0.000000000000000000e+00
2.993860000000000000e+14 6.549190000000000430e+33 1.754400000000000148e+38 3.134999999999999787e+00 0.000000000000000000e+00
2.906210000000000000e+14 6.000929999999999425e+33 1.704399999999999932e+38 3.134999999999999787e+00 0.000000000000000000e+00
2.818760000000000000e+14 5.484929999999999691e+33 1.654400000000000093e+38 3.134999999999999787e+00 0.000000000000000000e+00
2.731490000000000000e+14 5.000240000000000054e+33 1.604400000000000066e+38 3.133000000000000007e+00 0.000000000000000000e+00
2.644400000000000000e+14 4.545880000000000095e+33 1.554400000000000039e+38 3.130999999999999783e+00 0.000000000000000000e+00
2.557500000000000000e+14 4.120859999999999837e+33 1.504400000000000012e+38 3.128000000000000114e+00 0.000000000000000000e+00
2.470770000000000000e+14 3.724149999999999919e+33 1.454399999999999984e+38 3.124000000000000110e+00 0.000000000000000000e+00
1.391300000000000000e+14 7.469870000000000282e+32 8.241680000000000450e+37 2.927000000000000046e+00 6.489160000000000215e+28
1.386400000000000000e+14 7.418719999999999523e+32 8.212829999999999700e+37 2.942000000000000171e+00 1.604970000000000007e+29
1.381500000000000000e+14 7.358650000000000562e+32 8.183979999999999895e+37 2.947999999999999954e+00 1.850519999999999865e+29
1.376610000000000000e+14 7.298449999999999863e+32 8.155140000000000393e+37 2.954000000000000181e+00 2.052030000000000163e+29
1.371710000000000000e+14 7.238340000000000367e+32 8.126289999999999643e+37 2.959000000000000075e+00 2.232569999999999828e+29
1.366810000000000000e+14 7.178390000000000128e+32 8.097439999999999838e+37 2.964999999999999858e+00 2.401049999999999928e+29
1.361910000000000000e+14 7.118649999999999814e+32 8.068590000000000032e+37 2.970000000000000195e+00 2.561850000000000125e+29
1.357010000000000000e+14 7.059139999999999693e+32 8.039740000000000227e+37 2.611000000000000210e+00 2.717429999999999932e+29
1.352120000000000000e+14 6.999880000000000032e+32 8.010899999999999780e+37 2.607000000000000206e+00 2.869329999999999977e+29
1.347220000000000000e+14 6.940889999999999658e+32 7.982049999999999975e+37 2.603000000000000203e+00 3.018519999999999841e+29
1.342320000000000000e+14 6.882170000000000011e+32 7.953200000000000169e+37 2.599000000000000199e+00 3.165689999999999919e+29
1.337430000000000000e+14 6.823719999999999651e+32 7.924350000000000364e+37 2.595000000000000195e+00 3.311329999999999932e+29
1.332530000000000000e+14 6.765560000000000285e+32 7.895499999999999614e+37 2.591000000000000192e+00 3.455789999999999829e+29
1.327630000000000000e+14 6.707700000000000607e+32 7.866660000000000112e+37 2.587000000000000188e+00 3.599309999999999719e+29
1.322740000000000000e+14 6.650130000000000483e+32 7.837810000000000306e+37 2.583000000000000185e+00 3.742109999999999991e+29
1.317840000000000000e+14 6.592860000000000046e+32 7.808959999999999556e+37 2.579000000000000181e+00 3.884320000000000206e+29
1.312950000000000000e+14 6.535899999999999430e+32 7.780109999999999751e+37 2.575000000000000178e+00 4.026069999999999922e+29
1.308050000000000000e+14 6.479250000000000077e+32 7.751259999999999945e+37 2.571000000000000174e+00 4.167430000000000257e+29
1.303160000000000000e+14 6.422899999999999691e+32 7.722420000000000443e+37 2.567000000000000171e+00 4.308489999999999930e+29
1.298260000000000000e+14 6.366869999999999980e+32 7.693569999999999693e+37 2.563000000000000167e+00 4.449279999999999923e+29
1.293370000000000000e+14 6.311160000000000224e+32 7.664719999999999888e+37 2.559000000000000163e+00 4.589850000000000228e+29
1.288470000000000000e+14 6.255760000000000289e+32 7.635870000000000083e+37 2.555000000000000160e+00 4.730240000000000277e+29
1.283580000000000000e+14 6.200689999999999722e+32 7.607020000000000277e+37 2.551000000000000156e+00 4.870450000000000070e+29
1.278690000000000000e+14 6.145929999999999697e+32 7.578179999999999831e+37 2.545999999999999819e+00 5.010509999999999884e+29
1.273790000000000000e+14 6.091499999999999760e+32 7.549330000000000025e+37 2.541999999999999815e+00 5.150430000000000281e+29
1.268900000000000000e+14 6.037389999999999779e+32 7.520480000000000220e+37 2.537999999999999812e+00 5.290219999999999711e+29
1.264010000000000000e+14 5.983599999999999752e+32 7.491630000000000414e+37 2.533999999999999808e+00 5.429859999999999866e+29
1.259110000000000000e+14 5.930139999999999814e+32 7.462779999999999664e+37 2.529999999999999805e+00 5.569380000000000319e+29
1.254220000000000000e+14 5.881230000000000180e+32 7.433940000000000162e+37 2.524999999999999911e+00 3.497269999999999892e+29
1.249330000000000000e+14 5.828479999999999646e+32 7.405090000000000357e+37 2.520999999999999908e+00 3.569649999999999819e+29
1.229760000000000000e+14 5.630080000000000239e+32 7.289699999999999549e+37 2.501999999999999780e+00 1.955219999999999880e+29
1.200420000000000000e+14 5.328790000000000071e+32 7.116610000000000076e+37 2.475000000000000089e+00 2.096209999999999844e+29
1.195530000000000000e+14 5.279710000000000326e+32 7.087760000000000270e+37 2.471000000000000085e+00 2.119619999999999921e+29
1.190640000000000000e+14 5.230939999999999682e+32 7.058910000000000465e+37 2.466000000000000192e+00 2.143000000000000073e+29
1.185750000000000000e+14 5.182499999999999846e+32 7.030059999999999715e+37 2.462000000000000188e+00 2.166320000000000022e+29
1.166190000000000000e+14 4.991919999999999786e+32 6.914669999999999852e+37 2.443000000000000060e+00 2.259090000000000030e+29
1.141750000000000000e+14 4.760890000000000070e+32 6.770430000000000183e+37 2.419000000000000039e+00 2.373460000000000159e+29
1.136870000000000000e+14 4.715630000000000237e+32 6.741580000000000378e+37 2.414000000000000146e+00 2.396079999999999855e+29
1.122200000000000000e+14 4.581750000000000199e+32 6.655040000000000321e+37 2.399000000000000021e+00 2.463379999999999865e+29
1.117320000000000000e+14 4.537749999999999918e+32 6.626189999999999571e+37 2.394000000000000128e+00 2.485609999999999827e+29
1.112430000000000000e+14 4.494060000000000178e+32 6.597339999999999765e+37 2.388999999999999790e+00 2.507740000000000155e+29
1.107550000000000000e+14 4.450680000000000260e+32 6.568500000000000263e+37 2.383999999999999897e+00 2.529759999999999935e+29
1.073350000000000000e+14 4.155660000000000334e+32 6.366560000000000039e+37 2.349000000000000199e+00 2.680649999999999911e+29
1.068470000000000000e+14 4.125659999999999881e+32 6.337710000000000234e+37 2.342999999999999972e+00 3.016800000000000013e+29
1.063580000000000000e+14 4.085270000000000306e+32 6.308860000000000428e+37 2.337000000000000188e+00 3.018539999999999908e+29
1.058700000000000000e+14 4.045179999999999699e+32 6.280019999999999982e+37 2.331999999999999851e+00 3.020119999999999967e+29
1.053810000000000000e+14 4.005390000000000220e+32 6.251170000000000176e+37 2.326999999999999957e+00 3.021539999999999837e+29
1.048930000000000000e+14 3.965890000000000295e+32 6.222320000000000371e+37 2.321000000000000174e+00 3.022780000000000155e+29
1.044050000000000000e+14 3.926679999999999924e+32 6.193469999999999621e+37 2.315999999999999837e+00 3.023859999999999932e+29
1.039160000000000000e+14 3.887759999999999827e+32 6.164619999999999816e+37 2.310999999999999943e+00 3.024770000000000015e+29
1.034280000000000000e+14 3.849140000000000139e+32 6.135780000000000314e+37 2.305000000000000160e+00 3.025510000000000052e+29
1.029400000000000000e+14 3.810799999999999870e+32 6.106929999999999564e+37 2.299999999999999822e+00 3.026080000000000042e+29
1.024510000000000000e+14 3.772760000000000010e+32 6.078079999999999758e+37 2.294000000000000039e+00 3.026489999999999843e+29
1.019630000000000000e+14 3.734990000000000156e+32 6.049229999999999953e+37 2.289000000000000146e+00 3.026740000000000160e+29
1.014750000000000000e+14 3.697519999999999990e+32 6.020380000000000147e+37 2.283999999999999808e+00 3.026820000000000078e+29
1.009870000000000000e+14 3.660329999999999964e+32 5.991539999999999701e+37 2.278000000000000025e+00 3.026729999999999950e+29
1.004990000000000000e+14 3.623420000000000080e+32 5.962689999999999895e+37 2.273000000000000131e+00 3.026479999999999985e+29
1.000110000000000000e+14 3.586799999999999749e+32 5.933840000000000090e+37 2.266999999999999904e+00 3.026069999999999832e+29
9.952240000000000000e+13 3.550450000000000145e+32 5.904990000000000284e+37 2.261000000000000121e+00 3.025499999999999842e+29
9.903430000000000000e+13 3.514379999999999962e+32 5.876139999999999534e+37 2.255999999999999783e+00 3.024770000000000015e+29
9.854620000000000000e+13 3.478600000000000053e+32 5.847300000000000032e+37 2.250000000000000000e+00 3.023870000000000142e+29
9.805810000000000000e+13 3.443080000000000017e+32 5.818450000000000227e+37 2.245000000000000107e+00 3.022819999999999938e+29
9.757000000000000000e+13 3.407850000000000256e+32 5.789600000000000421e+37 2.238999999999999879e+00 3.021609999999999898e+29
9.708200000000000000e+13 3.372879999999999647e+32 5.760749999999999671e+37 2.233000000000000096e+00 3.020240000000000021e+29
9.659400000000000000e+13 3.338189999999999899e+32 5.731899999999999866e+37 2.226999999999999869e+00 3.018720000000000165e+29
9.610600000000000000e+13 3.303780000000000293e+32 5.703060000000000364e+37 2.221999999999999975e+00 3.017040000000000120e+29
9.561800000000000000e+13 3.269629999999999839e+32 5.674209999999999614e+37 2.216000000000000192e+00 3.015210000000000096e+29
9.513000000000000000e+13 3.235739999999999978e+32 5.645359999999999809e+37 2.209999999999999964e+00 3.013219999999999884e+29
9.464210000000000000e+13 3.202129999999999898e+32 5.616510000000000003e+37 2.204000000000000181e+00 3.011089999999999903e+29
9.415420000000000000e+13 3.168780000000000052e+32 5.587660000000000198e+37 2.198999999999999844e+00 3.008800000000000085e+29
9.366630000000000000e+13 3.135699999999999852e+32 5.558819999999999751e+37 2.193000000000000060e+00 3.006370000000000147e+29
9.317840000000000000e+13 3.102879999999999886e+32 5.529969999999999946e+37 2.186999999999999833e+00 3.003780000000000019e+29
9.269050000000000000e+13 3.070320000000000154e+32 5.501120000000000140e+37 2.181000000000000050e+00 3.001059999999999981e+29
9.220270000000000000e+13 3.038019999999999934e+32 5.472270000000000335e+37 2.174999999999999822e+00 2.998180000000000105e+29
9.171480000000000000e+13 3.005979999999999948e+32 5.443419999999999585e+37 2.169000000000000039e+00 2.995169999999999967e+29
9.122700000000000000e+13 2.974190000000000062e+32 5.414580000000000083e+37 2.162999999999999812e+00 2.992009999999999849e+29
9.073920000000000000e+13 2.945269999999999997e+32 5.385730000000000277e+37 2.157000000000000028e+00 3.607930000000000333e+29
9.025150000000000000e+13 2.914020000000000124e+32 5.356880000000000472e+37 2.150999999999999801e+00 3.593109999999999889e+29
8.976370000000000000e+13 2.883030000000000125e+32 5.328029999999999722e+37 2.145000000000000018e+00 3.578209999999999879e+29
8.927600000000000000e+13 2.852289999999999866e+32 5.299179999999999916e+37 2.138999999999999790e+00 3.563219999999999741e+29
8.878830000000000000e+13 2.821800000000000067e+32 5.270340000000000414e+37 2.133000000000000007e+00 3.548169999999999752e+29
8.830060000000000000e+13 2.791549999999999874e+32 5.241489999999999664e+37 2.126999999999999780e+00 3.533040000000000196e+29
8.781290000000000000e+13 2.761559999999999914e+32 5.212639999999999859e+37 2.120999999999999996e+00 3.517829999999999667e+29
8.732520000000000000e+13 2.731800000000000147e+32 5.183790000000000054e+37 2.115000000000000213e+00 3.502559999999999990e+29
8.683760000000000000e+13 2.702290000000000119e+32 5.154940000000000248e+37 2.108999999999999986e+00 3.487219999999999901e+29
8.634990000000000000e+13 2.673020000000000058e+32 5.126099999999999802e+37 2.103000000000000203e+00 3.471819999999999962e+29
8.586230000000000000e+13 2.644000000000000096e+32 5.097249999999999996e+37 2.096999999999999975e+00 3.456350000000000313e+29
8.537480000000000000e+13 2.615209999999999968e+32 5.068400000000000191e+37 2.091000000000000192e+00 3.440810000000000253e+29
8.488720000000000000e+13 2.586660000000000165e+32 5.039550000000000385e+37 2.084999999999999964e+00 3.425220000000000199e+29
8.439960000000000000e+13 2.558339999999999835e+32 5.010699999999999635e+37 2.079000000000000181e+00 3.409570000000000295e+29
8.391210000000000000e+13 2.530259999999999831e+32 4.981860000000000133e+37 2.072000000000000064e+00 3.393859999999999836e+29
8.342460000000000000e+13 2.502410000000000020e+32 4.953010000000000328e+37 2.065999999999999837e+00 3.378100000000000087e+29
8.293710000000000000e+13 2.474790000000000041e+32 4.924159999999999578e+37 2.060000000000000053e+00 3.362290000000000346e+29
8.244960000000000000e+13 2.447410000000000028e+32 4.895309999999999772e+37 2.053999999999999826e+00 3.346420000000000051e+29
8.196210000000000000e+13 2.420250000000000075e+32 4.866459999999999967e+37 2.048000000000000043e+00 3.330510000000000324e+29
8.147470000000000000e+13 2.393319999999999954e+32 4.837620000000000465e+37 2.040999999999999925e+00 3.314540000000000042e+29
8.098730000000000000e+13 2.366620000000000025e+32 4.808769999999999715e+37 2.035000000000000142e+00 3.298540000000000187e+29
8.049990000000000000e+13 2.340140000000000156e+32 4.779919999999999909e+37 2.028999999999999915e+00 3.282490000000000339e+29
8.001250000000000000e+13 2.313879999999999986e+32 4.751070000000000104e+37 2.023000000000000131e+00 3.266389999999999794e+29
7.952510000000000000e+13 2.287850000000000008e+32 4.722220000000000299e+37 2.016999999999999904e+00 3.250259999999999676e+29
7.903770000000000000e+13 2.262029999999999956e+32 4.693379999999999852e+37 2.009999999999999787e+00 3.234090000000000126e+29
7.855040000000000000e+13 2.236429999999999962e+32 4.664530000000000047e+37 2.004000000000000004e+00 3.217879999999999738e+29
7.806310000000000000e+13 2.211050000000000028e+32 4.635680000000000241e+37 1.997999999999999998e+00 3.201629999999999918e+29
7.757580000000000000e+13 2.185890000000000153e+32 4.606830000000000436e+37 1.991999999999999993e+00 3.185359999999999679e+29
7.708850000000000000e+13 2.160930000000000069e+32 4.577979999999999686e+37 1.985000000000000098e+00 3.169050000000000008e+29
7.660120000000000000e+13 2.136200000000000179e+32 4.549140000000000184e+37 1.979000000000000092e+00 3.152699999999999851e+29
7.611400000000000000e+13 2.111670000000000080e+32 4.520290000000000378e+37 1.973000000000000087e+00 3.136329999999999978e+29
7.562670000000000000e+13 2.087349999999999906e+32 4.491439999999999628e+37 1.965999999999999970e+00 3.119929999999999827e+29
7.513950000000000000e+13 2.063240000000000018e+32 4.462589999999999823e+37 1.959999999999999964e+00 3.103509999999999961e+29
7.465230000000000000e+13 2.039340000000000055e+32 4.433740000000000017e+37 1.953999999999999959e+00 3.087060000000000169e+29
7.416520000000000000e+13 2.015639999999999884e+32 4.404899999999999571e+37 1.947999999999999954e+00 3.070580000000000100e+29
7.367800000000000000e+13 1.992139999999999864e+32 4.376049999999999765e+37 1.941000000000000059e+00 3.054090000000000174e+29
7.319080000000000000e+13 1.968850000000000131e+32 4.347199999999999960e+37 1.935000000000000053e+00 3.037569999999999970e+29
7.270370000000000000e+13 1.945750000000000055e+32 4.318350000000000154e+37 1.929000000000000048e+00 3.021030000000000050e+29
7.221660000000000000e+13 1.922859999999999905e+32 4.289500000000000349e+37 1.923000000000000043e+00 3.004479999999999921e+29
7.172950000000000000e+13 1.900160000000000133e+32 4.260659999999999902e+37 1.915999999999999925e+00 2.987899999999999866e+29
7.124240000000000000e+13 1.877660000000000153e+32 4.231810000000000097e+37 1.909999999999999920e+00 2.971309999999999953e+29
7.075540000000000000e+13 1.855349999999999831e+32 4.202959999999999819e+37 1.903999999999999915e+00 2.954709999999999831e+29
7.026830000000000000e+13 1.833240000000000021e+32 4.174110000000000014e+37 1.897999999999999909e+00 2.938089999999999993e+29
6.978130000000000000e+13 1.811319999999999870e+32 4.145260000000000208e+37 1.891000000000000014e+00 2.921459999999999945e+29
6.929430000000000000e+13 1.789579999999999963e+32 4.116420000000000234e+37 1.885000000000000009e+00 2.904820000000000040e+29
6.880730000000000000e+13 1.768039999999999847e+32 4.087569999999999956e+37 1.879000000000000004e+00 2.888169999999999924e+29
6.832030000000000000e+13 1.746679999999999977e+32 4.058720000000000151e+37 1.872999999999999998e+00 2.871500000000000093e+29
6.783330000000000000e+13 1.725510000000000124e+32 4.029869999999999873e+37 1.866999999999999993e+00 2.854829999999999910e+29
6.734640000000000000e+13 1.704520000000000156e+32 4.001020000000000068e+37 1.860999999999999988e+00 2.838149999999999870e+29
6.685950000000000000e+13 1.683710000000000073e+32 3.972180000000000093e+37 1.854000000000000092e+00 2.821469999999999829e+29
6.637260000000000000e+13 1.663090000000000008e+32 3.943329999999999816e+37 1.848000000000000087e+00 2.804770000000000073e+29
6.588570000000000000e+13 1.642640000000000054e+32 3.914480000000000010e+37 1.842000000000000082e+00 2.788069999999999965e+29
6.539880000000000000e+13 1.622379999999999939e+32 3.885630000000000205e+37 1.836000000000000076e+00 2.771369999999999856e+29
6.491190000000000000e+13 1.602279999999999981e+32 3.856779999999999927e+37 1.830000000000000071e+00 2.754659999999999890e+29
6.442510000000000000e+13 1.582370000000000041e+32 3.827939999999999953e+37 1.824000000000000066e+00 2.737949999999999924e+29
6.393830000000000000e+13 1.562620000000000078e+32 3.799090000000000147e+37 1.818000000000000060e+00 2.721239999999999958e+29
6.345150000000000000e+13 1.543050000000000000e+32 3.770239999999999870e+37 1.812000000000000055e+00 2.704520000000000134e+29
6.296470000000000000e+13 1.523650000000000033e+32 3.741390000000000064e+37 1.806000000000000050e+00 2.687810000000000168e+29
6.247790000000000000e+13 1.504410000000000044e+32 3.712539999999999787e+37 1.800000000000000044e+00 2.671089999999999992e+29
6.199110000000000000e+13 1.485349999999999939e+32 3.683699999999999812e+37 1.794000000000000039e+00 2.654370000000000168e+29
6.150440000000000000e+13 1.466449999999999992e+32 3.654850000000000007e+37 1.788000000000000034e+00 2.637649999999999993e+29
6.101770000000000000e+13 1.447710000000000022e+32 3.626000000000000201e+37 1.782000000000000028e+00 2.620930000000000169e+29
6.053090000000000000e+13 1.429139999999999984e+32 3.597149999999999924e+37 1.776000000000000023e+00 2.604219999999999851e+29
6.004430000000000000e+13 1.410719999999999969e+32 3.568300000000000118e+37 1.770999999999999908e+00 2.587500000000000027e+29
5.955760000000000000e+13 1.392470000000000065e+32 3.539460000000000144e+37 1.764999999999999902e+00 2.570790000000000061e+29
5.907090000000000000e+13 1.374370000000000005e+32 3.510609999999999866e+37 1.758999999999999897e+00 2.554080000000000095e+29
5.858430000000000000e+13 1.356440000000000056e+32 3.481760000000000061e+37 1.752999999999999892e+00 2.537359999999999919e+29
5.809760000000000000e+13 1.338649999999999997e+32 3.452909999999999783e+37 1.747999999999999998e+00 2.520660000000000163e+29
5.761100000000000000e+13 1.321019999999999916e+32 3.424059999999999978e+37 1.741999999999999993e+00 2.503949999999999845e+29
5.712440000000000000e+13 1.303549999999999993e+32 3.395220000000000003e+37 1.735999999999999988e+00 2.487250000000000088e+29
5.663790000000000000e+13 1.286219999999999959e+32 3.366370000000000198e+37 1.731000000000000094e+00 2.470549999999999980e+29
5.615130000000000000e+13 1.269039999999999950e+32 3.337519999999999920e+37 1.725000000000000089e+00 2.453849999999999872e+29
5.566470000000000000e+13 1.252009999999999964e+32 3.308670000000000115e+37 1.719999999999999973e+00 2.437150000000000115e+29
5.517820000000000000e+13 1.235130000000000002e+32 3.279819999999999837e+37 1.713999999999999968e+00 2.420459999999999865e+29
5.469170000000000000e+13 1.218389999999999930e+32 3.250979999999999863e+37 1.709000000000000075e+00 2.403769999999999967e+29
5.420520000000000000e+13 1.201789999999999929e+32 3.222130000000000057e+37 1.703999999999999959e+00 2.387080000000000068e+29
5.371870000000000000e+13 1.185339999999999952e+32 3.193279999999999780e+37 1.697999999999999954e+00 2.370400000000000027e+29
5.323230000000000000e+13 1.169030000000000045e+32 3.164429999999999974e+37 1.693000000000000060e+00 2.353710000000000129e+29
5.274580000000000000e+13 1.152850000000000074e+32 3.135580000000000169e+37 1.687999999999999945e+00 2.337030000000000088e+29
5.225940000000000000e+13 1.136809999999999994e+32 3.106740000000000194e+37 1.683000000000000052e+00 2.320350000000000047e+29
5.177300000000000000e+13 1.120909999999999984e+32 3.077889999999999917e+37 1.677999999999999936e+00 2.303670000000000007e+29
5.128660000000000000e+13 1.105139999999999911e+32 3.049040000000000111e+37 1.673000000000000043e+00 2.287000000000000176e+29
5.080020000000000000e+13 1.089510000000000088e+32 3.020189999999999833e+37 1.667999999999999927e+00 2.270320000000000135e+29
5.031380000000000000e+13 1.074010000000000022e+32 2.991340000000000028e+37 1.663000000000000034e+00 2.253640000000000094e+29
4.982750000000000000e+13 1.058629999999999938e+32 2.962500000000000054e+37 1.657999999999999918e+00 2.236969999999999912e+29
4.934110000000000000e+13 1.043389999999999925e+32 2.933649999999999776e+37 1.653000000000000025e+00 2.220289999999999871e+29
4.885480000000000000e+13 1.028270000000000076e+32 2.904799999999999971e+37 1.647999999999999909e+00 2.203609999999999830e+29
4.836850000000000000e+13 1.013279999999999983e+32 2.875950000000000165e+37 1.643999999999999906e+00 2.186930000000000141e+29
4.788220000000000000e+13 9.984129999999999847e+31 2.847099999999999887e+37 1.639000000000000012e+00 2.170250000000000101e+29
4.739600000000000000e+13 9.836690000000000820e+31 2.818259999999999913e+37 1.635000000000000009e+00 2.153559999999999850e+29
4.690970000000000000e+13 9.690469999999999369e+31 2.789410000000000108e+37 1.629999999999999893e+00 2.136880000000000162e+29
4.642350000000000000e+13 9.545449999999999551e+31 2.760559999999999830e+37 1.625999999999999890e+00 2.120180000000000053e+29
4.593730000000000000e+13 9.401610000000000016e+31 2.731710000000000025e+37 1.620999999999999996e+00 2.103479999999999945e+29
4.545110000000000000e+13 9.258950000000000766e+31 2.702860000000000219e+37 1.616999999999999993e+00 2.086779999999999837e+29
4.496490000000000000e+13 9.117450000000000451e+31 2.674019999999999773e+37 1.612999999999999989e+00 2.070069999999999871e+29
4.447870000000000000e+13 8.977099999999999298e+31 2.645169999999999967e+37 1.608999999999999986e+00 2.053350000000000047e+29
4.399260000000000000e+13 8.837879999999999563e+31 2.616320000000000162e+37 1.604999999999999982e+00 2.036629999999999871e+29
4.350640000000000000e+13 8.699769999999999896e+31 2.587469999999999884e+37 1.600999999999999979e+00 2.019889999999999980e+29
4.302030000000000000e+13 8.562780000000000071e+31 2.558620000000000078e+37 1.596999999999999975e+00 2.003139999999999879e+29
4.253420000000000000e+13 8.426869999999999193e+31 2.529780000000000104e+37 1.592999999999999972e+00 1.986390000000000129e+29
4.204820000000000000e+13 8.292050000000000639e+31 2.500929999999999826e+37 1.588999999999999968e+00 1.969610000000000103e+29
4.156210000000000000e+13 8.158289999999999683e+31 2.472080000000000021e+37 1.586000000000000076e+00 1.952830000000000076e+29
4.107600000000000000e+13 8.025589999999999929e+31 2.443230000000000216e+37 1.582000000000000073e+00 1.936029999999999982e+29
4.059000000000000000e+13 7.893920000000000254e+31 2.414379999999999938e+37 1.578999999999999959e+00 1.919220000000000030e+29
4.010400000000000000e+13 7.763290000000000434e+31 2.385539999999999964e+37 1.574999999999999956e+00 1.902390000000000010e+29
3.961800000000000000e+13 7.633670000000000245e+31 2.356690000000000158e+37 1.572000000000000064e+00 1.885539999999999923e+29
3.913200000000000000e+13 7.505049999999999916e+31 2.327839999999999880e+37 1.568999999999999950e+00 1.868670000000000121e+29
3.864610000000000000e+13 7.377430000000000346e+31 2.298990000000000075e+37 1.566000000000000059e+00 1.851779999999999898e+29
3.816010000000000000e+13 7.250780000000000414e+31 2.270139999999999797e+37 1.562999999999999945e+00 1.834860000000000103e+29
3.767420000000000000e+13 7.125100000000000121e+31 2.241299999999999823e+37 1.560000000000000053e+00 1.817930000000000097e+29
3.718830000000000000e+13 7.000369999999999918e+31 2.212450000000000018e+37 1.556999999999999940e+00 1.800959999999999957e+29
3.670240000000000000e+13 6.876589999999999807e+31 2.183600000000000212e+37 1.554999999999999938e+00 1.783970000000000101e+29
3.621650000000000000e+13 6.753740000000000240e+31 2.154749999999999934e+37 1.552000000000000046e+00 1.766959999999999825e+29
3.573070000000000000e+13 6.631809999999999643e+31 2.125899999999999893e+37 1.550000000000000044e+00 1.749910000000000118e+29
3.524490000000000000e+13 6.510790000000000043e+31 2.097059999999999918e+37 1.546999999999999931e+00 1.732830000000000134e+29
3.475900000000000000e+13 6.390669999999999867e+31 2.068210000000000113e+37 1.544999999999999929e+00 1.715710000000000014e+29
3.427330000000000000e+13 6.271429999999999566e+31 2.039360000000000071e+37 1.542999999999999927e+00 1.698569999999999827e+29
3.378750000000000000e+13 6.153079999999999815e+31 2.010510000000000030e+37 1.540999999999999925e+00 1.681379999999999999e+29
3.330170000000000000e+13 6.035590000000000393e+31 1.981659999999999988e+37 1.538999999999999924e+00 1.664159999999999894e+29
3.281600000000000000e+13 5.918949999999999725e+31 1.952820000000000014e+37 1.536999999999999922e+00 1.646890000000000148e+29
3.233030000000000000e+13 5.803170000000000288e+31 1.923969999999999972e+37 1.534999999999999920e+00 1.629579999999999914e+29
3.184450000000000000e+13 5.688220000000000057e+31 1.895119999999999931e+37 1.534000000000000030e+00 1.612229999999999898e+29
3.135890000000000000e+13 5.574099999999999935e+31 1.866269999999999889e+37 1.532000000000000028e+00 1.594829999999999888e+29
3.087320000000000000e+13 5.460800000000000148e+31 1.837420000000000084e+37 1.530999999999999917e+00 1.577380000000000062e+29
3.038760000000000000e+13 5.348319999999999794e+31 1.808580000000000110e+37 1.528999999999999915e+00 1.559889999999999924e+29
2.990190000000000000e+13 5.236629999999999555e+31 1.779730000000000068e+37 1.528000000000000025e+00 1.542330000000000078e+29
2.941630000000000000e+13 5.125740000000000103e+31 1.750880000000000026e+37 1.526999999999999913e+00 1.524729999999999921e+29
2.893070000000000000e+13 5.015630000000000091e+31 1.722029999999999985e+37 1.526000000000000023e+00 1.507060000000000055e+29
2.844520000000000000e+13 4.906310000000000193e+31 1.693179999999999943e+37 1.526000000000000023e+00 1.489340000000000020e+29
2.795960000000000000e+13 4.797759999999999961e+31 1.664339999999999969e+37 1.524999999999999911e+00 1.471549999999999925e+29
2.747410000000000000e+13 4.689969999999999622e+31 1.635489999999999927e+37 1.524000000000000021e+00 1.453699999999999979e+29
2.698860000000000000e+13 4.582949999999999850e+31 1.606639999999999886e+37 1.524000000000000021e+00 1.435779999999999972e+29
2.650310000000000000e+13 4.476670000000000424e+31 1.577790000000000080e+37 1.524000000000000021e+00 1.417799999999999939e+29
2.601770000000000000e+13 4.371149999999999989e+31 1.548940000000000039e+37 1.524000000000000021e+00 1.399729999999999953e+29
2.553220000000000000e+13 4.266369999999999901e+31 1.520100000000000064e+37 1.524000000000000021e+00 1.381599999999999941e+29
2.504680000000000000e+13 4.162330000000000160e+31 1.491250000000000023e+37 1.524000000000000021e+00 1.363390000000000011e+29
2.456140000000000000e+13 4.059020000000000089e+31 1.462399999999999981e+37 1.524000000000000021e+00 1.345089999999999952e+29
2.407610000000000000e+13 3.956440000000000142e+31 1.433549999999999940e+37 1.524999999999999911e+00 1.326720000000000009e+29
2.359070000000000000e+13 3.854600000000000089e+31 1.404699999999999898e+37 1.524999999999999911e+00 1.308250000000000080e+29
2.310540000000000000e+13 3.753479999999999936e+31 1.375859999999999924e+37 1.526000000000000023e+00 1.289700000000000057e+29
2.262010000000000000e+13 3.653080000000000131e+31 1.347009999999999882e+37 1.526999999999999913e+00 1.271050000000000047e+29
2.213480000000000000e+13 3.553409999999999998e+31 1.318160000000000077e+37 1.528000000000000025e+00 1.252310000000000086e+29
2.164950000000000000e+13 3.454460000000000214e+31 1.289310000000000035e+37 1.528999999999999915e+00 1.233469999999999963e+29
2.116430000000000000e+13 3.356240000000000102e+31 1.260459999999999994e+37 1.530000000000000027e+00 1.214530000000000030e+29
2.067910000000000000e+13 3.258739999999999888e+31 1.231620000000000019e+37 1.532000000000000028e+00 1.195480000000000077e+29
2.019390000000000000e+13 3.161969999999999796e+31 1.202769999999999978e+37 1.532999999999999918e+00 1.176319999999999929e+29
1.970880000000000000e+13 3.065920000000000054e+31 1.173919999999999936e+37 1.534999999999999920e+00 1.157040000000000079e+29
1.922360000000000000e+13 2.970610000000000207e+31 1.145069999999999895e+37 1.536999999999999922e+00 1.137660000000000067e+29
1.873850000000000000e+13 2.876039999999999805e+31 1.116220000000000089e+37 1.538999999999999924e+00 1.118149999999999968e+29
1.825350000000000000e+13 2.782210000000000200e+31 1.087380000000000115e+37 1.540999999999999925e+00 1.098509999999999958e+29
1.776840000000000000e+13 2.689129999999999813e+31 1.058529999999999955e+37 1.544000000000000039e+00 1.078750000000000070e+29
1.728340000000000000e+13 2.596810000000000220e+31 1.029680000000000032e+37 1.546000000000000041e+00 1.058850000000000061e+29
1.679840000000000000e+13 2.505259999999999843e+31 1.000829999999999990e+37 1.548999999999999932e+00 1.038809999999999931e+29
1.631340000000000000e+13 2.414480000000000033e+31 9.719840000000000463e+36 1.552000000000000046e+00 1.018630000000000032e+29
1.582850000000000000e+13 2.324500000000000110e+31 9.431359999999999946e+36 1.554999999999999938e+00 9.983039999999999212e+28
1.534360000000000000e+13 2.235309999999999850e+31 9.142879999999999429e+36 1.558000000000000052e+00 9.778250000000000503e+28
1.485870000000000000e+13 2.146950000000000149e+31 8.854400000000000092e+36 1.560999999999999943e+00 9.571869999999999766e+28
1.437390000000000000e+13 2.059409999999999882e+31 8.565919999999999574e+36 1.564999999999999947e+00 9.363839999999999614e+28
1.388910000000000000e+13 1.972729999999999944e+31 8.277440000000000238e+36 1.568999999999999950e+00 9.154120000000000614e+28
1.340430000000000000e+13 1.886930000000000107e+31 7.988959999999999720e+36 1.572999999999999954e+00 8.942640000000000245e+28
1.291950000000000000e+13 1.802019999999999920e+31 7.700480000000000384e+36 1.576999999999999957e+00 8.729329999999999500e+28
1.243480000000000000e+13 1.718030000000000053e+31 7.411999999999999866e+36 1.580999999999999961e+00 8.514119999999999374e+28
1.195020000000000000e+13 1.634990000000000052e+31 7.123520000000000530e+36 1.584999999999999964e+00 8.296919999999999389e+28
1.146550000000000000e+13 1.552929999999999913e+31 6.835040000000000012e+36 1.590000000000000080e+00 8.077670000000000396e+28
1.098090000000000000e+13 1.471890000000000081e+31 6.546559999999999495e+36 1.594999999999999973e+00 7.856259999999999562e+28
1.049640000000000000e+13 1.391890000000000102e+31 6.258080000000000158e+36 1.600000000000000089e+00 7.632609999999999782e+28
1.001190000000000000e+13 1.312989999999999968e+31 5.969599999999999641e+36 1.604999999999999982e+00 7.406600000000000124e+28
9.527370000000000000e+12 1.235229999999999898e+31 5.681120000000000304e+36 1.610000000000000098e+00 7.178109999999999655e+28
9.042940000000000000e+12 1.158660000000000111e+31 5.392639999999999787e+36 1.614999999999999991e+00 6.947010000000000222e+28
8.558550000000000000e+12 1.083329999999999923e+31 5.104159999999999860e+36 1.620999999999999996e+00 6.713160000000000297e+28
8.074200000000000000e+12 1.009300000000000003e+31 4.815679999999999933e+36 1.625999999999999890e+00 6.476379999999999800e+28
7.589910000000000000e+12 9.366570000000000003e+30 4.527200000000000006e+36 1.631999999999999895e+00 6.236490000000000411e+28
7.105660000000000000e+12 8.654600000000000185e+30 4.238720000000000079e+36 1.637000000000000011e+00 5.993240000000000404e+28
6.621470000000000000e+12 7.958000000000000452e+30 3.950240000000000152e+36 1.643000000000000016e+00 5.746389999999999673e+28
6.137330000000000000e+12 7.277719999999999543e+30 3.661760000000000225e+36 1.647999999999999909e+00 5.495610000000000271e+28
5.653250000000000000e+12 6.614859999999999556e+30 3.373279999999999707e+36 1.653000000000000025e+00 5.240509999999999824e+28
5.169230000000000000e+12 5.970610000000000323e+30 3.084799999999999780e+36 1.657000000000000028e+00 4.980640000000000331e+28
4.685270000000000000e+12 5.346390000000000517e+30 2.796319999999999853e+36 1.659999999999999920e+00 4.715370000000000192e+28
4.201380000000000000e+12 4.743769999999999917e+30 2.507839999999999926e+36 1.661000000000000032e+00 4.443929999999999797e+28
3.717570000000000000e+12 4.164579999999999955e+30 2.219359999999999999e+36 1.661000000000000032e+00 4.165269999999999998e+28
3.233840000000000000e+12 3.610939999999999768e+30 1.930880000000000072e+36 1.657000000000000028e+00 3.877929999999999998e+28
2.750190000000000000e+12 3.085280000000000139e+30 1.642400000000000145e+36 1.647999999999999909e+00 3.579739999999999857e+28
2.266640000000000000e+12 2.590380000000000113e+30 1.353919999999999923e+36 1.629999999999999893e+00 3.267279999999999810e+28
1.783200000000000000e+12 2.129220000000000116e+30 1.065439999999999996e+36 1.598000000000000087e+00 2.934539999999999966e+28
4.299000000000000000e+11 7.805000000000000069e+29 2.572000000000000181e+35 1.330000000000000071e+00 1.506450000000000062e+28
4.188000000000000000e+11 7.537999999999999717e+29 2.505999999999999897e+35 1.330000000000000071e+00 1.455129999999999927e+28
3.325000000000000000e+11 5.815999999999999745e+29 1.990000000000000163e+35 1.330000000000000071e+00 1.165809999999999924e+28
2.640000000000000000e+11 4.472999999999999815e+29 1.581000000000000083e+35 1.330000000000000071e+00 9.297799999999999813e+27
2.096000000000000000e+11 3.289999999999999843e+29 1.256000000000000028e+35 1.330000000000000071e+00 6.841069999999999801e+27
1.844000000000000000e+11 2.892000000000000018e+29 1.105000000000000000e+35 1.330000000000000071e+00 6.221810000000000396e+27
1.664000000000000000e+11 2.597000000000000095e+29 9.975999999999999784e+34 1.330000000000000071e+00 3.996079999999999920e+27
1.322000000000000000e+11 2.033000000000000102e+29 7.923999999999999875e+34 1.330000000000000071e+00 3.293160000000000158e+27
1.049000000000000000e+11 1.494999999999999961e+29 6.294000000000000085e+34 1.330000000000000071e+00 2.422460000000000012e+27
8.332000000000000000e+10 1.100000000000000064e+29 4.999999999999999843e+34 1.330000000000000071e+00 1.782300000000000002e+27
6.617000000000000000e+10 8.088999999999999432e+28 3.971999999999999897e+34 1.330000000000000071e+00 1.311289999999999924e+27
5.254000000000000000e+10 5.949000000000000344e+28 3.155000000000000010e+34 1.330000000000000071e+00 9.646129999999999985e+26
4.172000000000000000e+10 4.628000000000000126e+28 2.505999999999999897e+34 1.330000000000000071e+00 7.875200000000000595e+26
3.313000000000000000e+10 3.403999999999999866e+28 1.989999999999999932e+34 1.330000000000000071e+00 5.791050000000000196e+26
2.631000000000000000e+10 2.502999999999999803e+28 1.580999999999999991e+34 1.330000000000000071e+00 4.261170000000000143e+26
2.090000000000000000e+10 1.938000000000000082e+28 1.255999999999999936e+34 1.330000000000000071e+00 3.451690000000000088e+26
1.659000000000000000e+10 1.425000000000000067e+28 9.976000000000000246e+33 1.330000000000000071e+00 2.538950000000000110e+26
1.318000000000000000e+10 1.048000000000000007e+28 7.924000000000000337e+33 1.330000000000000071e+00 1.867689999999999969e+26
1.046000000000000000e+10 7.701999999999999683e+27 6.294000000000000085e+33 1.330000000000000071e+00 1.373879999999999975e+26
8.312000000000000000e+09 5.662000000000000348e+27 4.999999999999999728e+33 1.330000000000000071e+00 1.010819999999999921e+26
6.601000000000000000e+09 4.362000000000000029e+27 3.972000000000000127e+33 1.330000000000000071e+00 8.130089999999999436e+25
4.164000000000000000e+09 2.356000000000000079e+27 2.505999999999999955e+33 1.330000000000000071e+00 4.399369999999999874e+25
2.626000000000000000e+09 1.272000000000000034e+27 1.580999999999999991e+33 1.330000000000000071e+00 2.380450000000000180e+25
1.657000000000000000e+09 6.859999999999999767e+26 9.975999999999999957e+32 1.330000000000000071e+00 1.288319999999999913e+25
1.316000000000000000e+09 5.036000000000000296e+26 7.924000000000000337e+32 1.330000000000000071e+00 9.477099999999999527e+24
1.045000000000000000e+09 4.128999999999999924e+26 6.293999999999999941e+32 1.330000000000000071e+00 6.794269999999999770e+24
8.301000000000000000e+08 3.039000000000000162e+26 4.999999999999999728e+32 1.330000000000000071e+00 4.998809999999999830e+24
5.237000000000000000e+08 1.628999999999999891e+26 3.154999999999999923e+32 1.330000000000000071e+00 2.705450000000000161e+24
3.304000000000000000e+08 8.737999999999999925e+25 1.990000000000000076e+32 1.330000000000000071e+00 1.463449999999999964e+24
2.624000000000000000e+08 6.675999999999999817e+25 1.580999999999999919e+32 1.330000000000000071e+00 1.123400000000000065e+24
1.315000000000000000e+08 2.603999999999999941e+25 7.923999999999999616e+31 1.330000000000000071e+00 4.472499999999999827e+23
6.589000000000000000e+07 1.006000000000000014e+25 3.972000000000000199e+31 1.330000000000000071e+00 1.780890000000000165e+23
3.302000000000000000e+07 3.832999999999999839e+24 1.989999999999999986e+31 1.330000000000000071e+00 7.086450000000000092e+22
1.655000000000000000e+07 1.435000000000000086e+24 9.975999999999999642e+30 1.330000000000000071e+00 2.822060000000000131e+22
8.293000000000000000e+06 5.250000000000000315e+23 4.999999999999999818e+30 1.330000000000000071e+00 1.123529999999999934e+22
6.588000000000000000e+06 3.910999999999999759e+23 3.972000000000000087e+30 1.330000000000000071e+00 8.163429999999999541e+21
2.622000000000000000e+06 9.754999999999999214e+22 1.581000000000000009e+30 1.330000000000000071e+00 2.390210000000000197e+21
1.044000000000000000e+06 2.318000000000000105e+22 6.293999999999999902e+29 1.330000000000000071e+00 6.999960000000000000e+20
4.156000000000000000e+05 5.265999999999999476e+21 2.505999999999999907e+29 1.330000000000000071e+00 2.050380000000000000e+20
1.654000000000000000e+05 1.151000000000000000e+21 9.976000000000000768e+28 1.330000000000000071e+00 6.004390000000000000e+19
6.587000000000000000e+04 2.431000000000000000e+20 3.972000000000000263e+28 1.330000000000000071e+00 1.758760000000000000e+19
2.622000000000000000e+04 4.968000000000000000e+19 1.581000000000000061e+28 1.330000000000000071e+00 5.149550000000000000e+18
1.044000000000000000e+04 9.744000000000000000e+18 6.294999999999999717e+27 1.330000000000000071e+00 1.508420000000000000e+18
