3.348000e+01  2.000000e+01  -2.000000e+02
3.300000e+01  2.000000e+01  -1.813400e+02
3.240000e+01  2.000000e+01  -1.600000e+02
3.200000e+01  2.000000e+01  -1.460400e+02
3.118000e+01  2.000000e+01  -1.200000e+02
3.100000e+01  2.000000e+01  -1.146600e+02
3.000000e+01  2.000000e+01  -8.789000e+01
2.965000e+01  2.000000e+01  -8.000000e+01
2.900000e+01  2.000000e+01  -6.609000e+01
2.800000e+01  2.000000e+01  -4.639000e+01
2.757000e+01  2.000000e+01  -4.000000e+01
2.700000e+01  2.000000e+01  -3.204000e+01
2.600000e+01  2.000000e+01  -1.838000e+01
2.500000e+01  2.000000e+01  -6.040000e+00
