3.500000e+01  2.000000e+01  -1.975400e+02
3.413000e+01  2.000000e+01  -1.600000e+02
3.400000e+01  2.000000e+01  -1.547500e+02
3.300000e+01  2.000000e+01  -1.195800e+02
3.200000e+01  2.000000e+01  -8.662000e+01
3.179000e+01  2.000000e+01  -8.000000e+01
3.100000e+01  2.000000e+01  -5.564000e+01
3.038000e+01  2.000000e+01  -4.000000e+01
3.000000e+01  2.000000e+01  -3.068000e+01
2.900000e+01  2.000000e+01  -8.400000e-01
2.800000e+01  2.000000e+01  2.986000e+01
2.759000e+01  2.000000e+01  4.000000e+01
