2.500000e+01  2.140000e+01  -4.000000e+01
2.600000e+01  2.204000e+01  -4.000000e+01
2.700000e+01  2.311000e+01  -4.000000e+01
2.800000e+01  2.492000e+01  -4.000000e+01
2.900000e+01  2.734000e+01  -4.000000e+01
3.000000e+01  2.982000e+01  -4.000000e+01
3.100000e+01  3.269000e+01  -4.000000e+01
3.200000e+01  3.552000e+01  -4.000000e+01
3.300000e+01  3.861000e+01  -4.000000e+01
3.342000e+01  4.000000e+01  -4.000000e+01
3.400000e+01  4.209000e+01  -4.000000e+01
3.500000e+01  4.570000e+01  -4.000000e+01
