2.500000e+01  3.895000e+01  -8.000000e+01
2.527000e+01  4.000000e+01  -8.000000e+01
2.600000e+01  4.275000e+01  -8.000000e+01
2.700000e+01  4.656000e+01  -8.000000e+01
2.800000e+01  5.071000e+01  -8.000000e+01
2.900000e+01  5.492000e+01  -8.000000e+01
3.000000e+01  5.951000e+01  -8.000000e+01
3.100000e+01  6.384000e+01  -8.000000e+01
3.200000e+01  6.874000e+01  -8.000000e+01
3.227000e+01  7.000000e+01  -8.000000e+01
3.300000e+01  7.330000e+01  -8.000000e+01
3.400000e+01  7.850000e+01  -8.000000e+01
3.430000e+01  8.000000e+01  -8.000000e+01
