3.323000e+01  3.000000e+01  -2.000000e+02
3.300000e+01  3.000000e+01  -1.881700e+02
3.242000e+01  3.000000e+01  -1.600000e+02
3.200000e+01  3.000000e+01  -1.423200e+02
3.141000e+01  3.000000e+01  -1.200000e+02
3.100000e+01  3.000000e+01  -1.052800e+02
3.007000e+01  3.000000e+01  -8.000000e+01
3.000000e+01  3.000000e+01  -7.833000e+01
2.900000e+01  3.000000e+01  -5.847000e+01
2.800000e+01  3.000000e+01  -4.223000e+01
2.783000e+01  3.000000e+01  -4.000000e+01
2.700000e+01  3.000000e+01  -3.146000e+01
2.600000e+01  3.000000e+01  -2.515000e+01
2.500000e+01  3.000000e+01  -1.923000e+01
