3.480000e+01  4.000000e+01  -2.000000e+02
3.435000e+01  4.000000e+01  -1.600000e+02
3.400000e+01  4.000000e+01  -1.311600e+02
3.381000e+01  4.000000e+01  -1.200000e+02
3.300000e+01  4.000000e+01  -8.397000e+01
3.288000e+01  4.000000e+01  -8.000000e+01
3.200000e+01  4.000000e+01  -5.393000e+01
3.152000e+01  4.000000e+01  -4.000000e+01
3.100000e+01  4.000000e+01  -2.589000e+01
3.000000e+01  4.000000e+01  -3.970000e+00
2.978000e+01  4.000000e+01  0.000000e+00
2.900000e+01  4.000000e+01  1.263000e+01
2.800000e+01  4.000000e+01  2.505000e+01
2.700000e+01  4.000000e+01  3.491000e+01
2.620000e+01  4.000000e+01  4.000000e+01
