2.842000e+01  5.000000e+01  -2.000000e+02
2.900000e+01  5.000000e+01  -1.792300e+02
2.939000e+01  5.000000e+01  -1.600000e+02
2.956000e+01  5.000000e+01  -1.200000e+02
2.934000e+01  5.000000e+01  -8.000000e+01
2.900000e+01  5.000000e+01  -5.391000e+01
2.875000e+01  5.000000e+01  -4.000000e+01
2.800000e+01  5.000000e+01  -6.610000e+00
2.776000e+01  5.000000e+01  0.000000e+00
2.700000e+01  5.000000e+01  1.692000e+01
2.600000e+01  5.000000e+01  3.282000e+01
2.503000e+01  5.000000e+01  4.000000e+01
