2.801000e+01  5.000000e+01  -2.000000e+02
2.900000e+01  5.000000e+01  -1.617000e+02
2.902000e+01  5.000000e+01  -1.600000e+02
2.925000e+01  5.000000e+01  -1.200000e+02
2.907000e+01  5.000000e+01  -8.000000e+01
2.900000e+01  5.000000e+01  -7.285000e+01
2.850000e+01  5.000000e+01  -4.000000e+01
2.800000e+01  5.000000e+01  -1.547000e+01
2.746000e+01  5.000000e+01  0.000000e+00
2.700000e+01  5.000000e+01  1.077000e+01
2.600000e+01  5.000000e+01  2.776000e+01
2.500000e+01  5.000000e+01  3.550000e+01
