3.060000e+01  4.997097e+01  -1.000000e+02

2.907762e+01  4.324656e+01  -9.500000e+01
2.919200e+01  4.366040e+01  -9.500000e+01
3.060000e+01  5.031383e+01  -9.500000e+01

2.916842e+01  4.393755e+01  -9.000000e+01
2.920000e+01  4.404378e+01  -9.000000e+01
3.060000e+01  5.065669e+01  -9.000000e+01

2.914484e+01  4.421470e+01  -8.500000e+01
2.920000e+01  4.440026e+01  -8.500000e+01
3.060000e+01  5.099955e+01  -8.500000e+01

2.912125e+01  4.449185e+01  -8.000000e+01
2.920000e+01  4.475674e+01  -8.000000e+01
3.060000e+01  5.121224e+01  -8.000000e+01
3.154282e+01  5.582774e+01  -8.000000e+01

2.909767e+01  4.476899e+01  -7.500000e+01
2.915839e+01  4.497324e+01  -7.500000e+01
2.920000e+01  4.513738e+01  -7.500000e+01
3.060000e+01  5.139278e+01  -7.500000e+01
3.151333e+01  5.590031e+01  -7.500000e+01
3.289184e+01  6.383675e+01  -7.500000e+01

2.907409e+01  4.504614e+01  -7.000000e+01
2.910927e+01  4.523933e+01  -7.000000e+01
2.920000e+01  4.552555e+01  -7.000000e+01
3.060000e+01  5.157333e+01  -7.000000e+01
3.148384e+01  5.597289e+01  -7.000000e+01
3.200000e+01  5.868307e+01  -7.000000e+01
3.290097e+01  6.397491e+01  -7.000000e+01

2.789314e+01  4.108471e+01  -6.500000e+01
2.820570e+01  4.230808e+01  -6.500000e+01
2.904941e+01  4.532229e+01  -6.500000e+01
2.920000e+01  4.591372e+01  -6.500000e+01
3.060000e+01  5.175387e+01  -6.500000e+01
3.145435e+01  5.604546e+01  -6.500000e+01
3.200000e+01  5.884870e+01  -6.500000e+01
3.291011e+01  6.411307e+01  -6.500000e+01

2.816890e+01  4.263165e+01  -6.000000e+01
2.899952e+01  4.557534e+01  -6.000000e+01
2.917315e+01  4.621720e+01  -6.000000e+01
3.060000e+01  5.201053e+01  -6.000000e+01
3.145938e+01  5.632108e+01  -6.000000e+01
3.200000e+01  5.901433e+01  -6.000000e+01
3.291924e+01  6.425124e+01  -6.000000e+01
3.336071e+01  6.656991e+01  -6.000000e+01
3.340000e+01  6.678072e+01  -6.000000e+01

2.813210e+01  4.295521e+01  -5.500000e+01
2.894964e+01  4.582840e+01  -5.500000e+01
2.908224e+01  4.631860e+01  -5.500000e+01
2.920000e+01  4.674096e+01  -5.500000e+01
3.060000e+01  5.239484e+01  -5.500000e+01
3.143787e+01  5.644063e+01  -5.500000e+01
3.200000e+01  5.917996e+01  -5.500000e+01
3.292837e+01  6.438940e+01  -5.500000e+01
3.330677e+01  6.637679e+01  -5.500000e+01
3.334145e+01  6.665343e+01  -5.500000e+01
3.340000e+01  6.687706e+01  -5.500000e+01

2.809529e+01  4.327877e+01  -5.000000e+01
2.889975e+01  4.608145e+01  -5.000000e+01
2.899133e+01  4.642000e+01  -5.000000e+01
2.920000e+01  4.716841e+01  -5.000000e+01
3.060000e+01  5.277915e+01  -5.000000e+01
3.141637e+01  5.656017e+01  -5.000000e+01
3.200000e+01  5.934559e+01  -5.000000e+01
3.293751e+01  6.452756e+01  -5.000000e+01
3.325283e+01  6.618367e+01  -5.000000e+01
3.330757e+01  6.662037e+01  -5.000000e+01
3.340000e+01  6.697340e+01  -5.000000e+01
3.343829e+01  6.712239e+01  -5.000000e+01

2.805849e+01  4.360234e+01  -4.500000e+01
2.884987e+01  4.633450e+01  -4.500000e+01
2.890042e+01  4.652140e+01  -4.500000e+01
2.920000e+01  4.759587e+01  -4.500000e+01
3.060000e+01  5.316346e+01  -4.500000e+01
3.139486e+01  5.667971e+01  -4.500000e+01
3.200000e+01  5.970929e+01  -4.500000e+01
3.294664e+01  6.466573e+01  -4.500000e+01
3.319888e+01  6.599054e+01  -4.500000e+01
3.327369e+01  6.658732e+01  -4.500000e+01
3.340000e+01  6.706974e+01  -4.500000e+01
3.345232e+01  6.727334e+01  -4.500000e+01

2.879998e+01  4.658756e+01  -4.000000e+01
2.886919e+01  4.683681e+01  -4.000000e+01
3.060000e+01  5.355157e+01  -4.000000e+01
3.140382e+01  5.697581e+01  -4.000000e+01
3.200000e+01  5.991195e+01  -4.000000e+01
3.295577e+01  6.480389e+01  -4.000000e+01
3.314494e+01  6.579742e+01  -4.000000e+01
3.323981e+01  6.655426e+01  -4.000000e+01
3.340000e+01  6.716608e+01  -4.000000e+01
3.346636e+01  6.742429e+01  -4.000000e+01

3.060000e+01  5.393999e+01  -3.500000e+01
3.142438e+01  5.733922e+01  -3.500000e+01
3.200000e+01  6.011461e+01  -3.500000e+01
3.296490e+01  6.494205e+01  -3.500000e+01
3.309099e+01  6.560430e+01  -3.500000e+01
3.320593e+01  6.652120e+01  -3.500000e+01
3.330083e+01  6.662399e+01  -3.500000e+01
3.336293e+01  6.699423e+01  -3.500000e+01
3.340000e+01  6.726242e+01  -3.500000e+01
3.345623e+01  6.748244e+01  -3.500000e+01

3.060000e+01  5.432840e+01  -3.000000e+01
3.063619e+01  5.447555e+01  -3.000000e+01
3.144495e+01  5.770263e+01  -3.000000e+01
3.200000e+01  6.031727e+01  -3.000000e+01
3.297404e+01  6.508022e+01  -3.000000e+01
3.303705e+01  6.541117e+01  -3.000000e+01
3.314191e+01  6.592077e+01  -3.000000e+01
3.317205e+01  6.648815e+01  -3.000000e+01
3.330352e+01  6.688426e+01  -3.000000e+01
3.338165e+01  6.729309e+01  -3.000000e+01
3.345461e+01  6.757126e+01  -3.000000e+01
3.480000e+01  7.565584e+01  -3.000000e+01

3.146551e+01  5.806604e+01  -2.500000e+01
3.298316e+01  6.521851e+01  -2.500000e+01
3.313817e+01  6.645509e+01  -2.500000e+01
3.324411e+01  6.677429e+01  -2.500000e+01
3.330707e+01  6.710374e+01  -2.500000e+01
3.340000e+01  6.745510e+01  -2.500000e+01
3.343736e+01  6.760048e+01  -2.500000e+01
3.480000e+01  7.567549e+01  -2.500000e+01

3.298663e+01  6.548341e+01  -2.000000e+01
3.310429e+01  6.642204e+01  -2.000000e+01
3.318470e+01  6.666432e+01  -2.000000e+01
3.323249e+01  6.691439e+01  -2.000000e+01
3.340000e+01  6.755144e+01  -2.000000e+01
3.480000e+01  7.569514e+01  -2.000000e+01

3.299010e+01  6.574832e+01  -1.500000e+01
3.307041e+01  6.638898e+01  -1.500000e+01
3.312530e+01  6.655435e+01  -1.500000e+01
3.315791e+01  6.672504e+01  -1.500000e+01
3.340000e+01  6.764778e+01  -1.500000e+01
3.480000e+01  7.571479e+01  -1.500000e+01

3.299357e+01  6.601322e+01  -1.000000e+01
3.303653e+01  6.635592e+01  -1.000000e+01
3.308334e+01  6.653569e+01  -1.000000e+01
3.323085e+01  6.709807e+01  -1.000000e+01
3.480000e+01  7.573445e+01  -1.000000e+01

3.299704e+01  6.627813e+01  -5.000000e+00
3.302801e+01  6.641975e+01  -5.000000e+00
3.480000e+01  7.578841e+01  -5.000000e+00

3.480000e+01  7.596784e+01  0.000000e+00

2.780000e+01  3.796552e+01  -9.691069e+01
2.780000e+01  4.083328e+01  -6.379034e+01
 
2.920000e+01  4.356642e+01  -9.669551e+01
2.920000e+01  4.484147e+01  -7.881158e+01
2.920000e+01  4.618725e+01  -6.147675e+01
2.920000e+01  4.761665e+01  -4.475690e+01
 
3.060000e+01  4.980737e+01  -1.023858e+02
3.060000e+01  5.106744e+01  -8.400982e+01
3.060000e+01  5.186698e+01  -6.186770e+01
3.060000e+01  5.319221e+01  -4.462593e+01
3.060000e+01  5.454430e+01  -2.722073e+01
 
3.200000e+01  5.862533e+01  -7.174307e+01
3.200000e+01  5.936974e+01  -4.927087e+01
3.200000e+01  6.036971e+01  -2.870637e+01
 
3.340000e+01  6.671056e+01  -6.364135e+01
3.340000e+01  6.706286e+01  -3.812036e+01
3.340000e+01  6.766377e+01  -1.416984e+01
 
3.480000e+01  7.563878e+01  -3.434027e+01
3.480000e+01  7.574988e+01  -6.073730e+00
3.480000e+01  7.653450e+01  1.579072e+01
 
3.620000e+01  8.389984e+01  1.543779e+00
3.620000e+01  8.420974e+01  2.722797e+01
