2.500000e+01  8.049677e+00  -2.250000e+02
2.504943e+01  8.187677e+00  -2.250000e+02

2.500000e+01  8.421796e+00  -2.200000e+02
2.520907e+01  9.005486e+00  -2.200000e+02

2.500000e+01  8.793914e+00  -2.150000e+02
2.512883e+01  9.153600e+00  -2.150000e+02
2.518443e+01  9.378830e+00  -2.150000e+02

2.500000e+01  9.166032e+00  -2.100000e+02
2.514254e+01  9.710599e+00  -2.100000e+02

2.500000e+01  9.634534e+00  -2.050000e+02
2.510066e+01  1.004237e+01  -2.050000e+02

2.500000e+01  1.013599e+01  -2.000000e+02
2.505878e+01  1.037414e+01  -2.000000e+02

2.501690e+01  1.070591e+01  -1.950000e+02
2.540950e+01  1.146734e+01  -1.950000e+02

2.500000e+01  1.110163e+01  -1.900000e+02
2.504372e+01  1.122620e+01  -1.900000e+02
2.531429e+01  1.171922e+01  -1.900000e+02

2.500000e+01  1.154059e+01  -1.850000e+02
2.519611e+01  1.192595e+01  -1.850000e+02

2.500000e+01  1.197955e+01  -1.800000e+02
2.507793e+01  1.213268e+01  -1.800000e+02

2.500000e+01  1.242391e+01  -1.750000e+02
2.505470e+01  1.255157e+01  -1.750000e+02

2.500000e+01  1.287874e+01  -1.700000e+02
2.521531e+01  1.338118e+01  -1.700000e+02
2.579054e+01  1.451110e+01  -1.700000e+02

2.500000e+01  1.333356e+01  -1.650000e+02
2.536882e+01  1.419422e+01  -1.650000e+02

2.500000e+01  1.378863e+01  -1.600000e+02
2.528391e+01  1.445501e+01  -1.600000e+02

2.500000e+01  1.424873e+01  -1.550000e+02
2.519513e+01  1.470673e+01  -1.550000e+02

2.500000e+01  1.470882e+01  -1.500000e+02
2.510636e+01  1.495845e+01  -1.500000e+02

2.501758e+01  1.521017e+01  -1.450000e+02
2.603519e+01  1.715588e+01  -1.450000e+02

2.513179e+01  1.595829e+01  -1.400000e+02
2.576049e+01  1.730365e+01  -1.400000e+02

2.500000e+01  7.934458e+00  -2.265482e+02
2.500000e+01  9.260851e+00  -2.087260e+02
2.500000e+01  1.083975e+01  -1.929829e+02
2.500000e+01  1.226900e+01  -1.767031e+02
2.500000e+01  1.376707e+01  -1.602343e+02
2.500000e+01  1.526002e+01  -1.440099e+02
 
2.640000e+01  1.168784e+01  -2.105119e+02
 
2.920000e+01  1.904863e+01  -2.931928e+02
 
 
 
 
 
