3.030000e+01  2.000000e+01
3.032945e+01  2.010000e+01
3.035891e+01  2.020000e+01
3.038842e+01  2.030000e+01
3.041799e+01  2.040000e+01
3.044763e+01  2.050000e+01
3.047738e+01  2.060000e+01
3.050724e+01  2.070000e+01
3.053724e+01  2.080000e+01
3.056740e+01  2.090000e+01
3.059774e+01  2.100000e+01
3.062828e+01  2.110000e+01
3.065903e+01  2.120000e+01
3.069003e+01  2.130000e+01
3.072128e+01  2.140000e+01
3.075280e+01  2.150000e+01
3.078463e+01  2.160000e+01
3.081677e+01  2.170000e+01
3.084925e+01  2.180000e+01
3.088208e+01  2.190000e+01
3.091529e+01  2.200000e+01
3.094890e+01  2.210000e+01
3.098293e+01  2.220000e+01
3.101738e+01  2.230000e+01
3.105227e+01  2.240000e+01
3.108755e+01  2.250000e+01
3.112320e+01  2.260000e+01
3.115917e+01  2.270000e+01
3.119544e+01  2.280000e+01
3.123196e+01  2.290000e+01
3.126872e+01  2.300000e+01
3.130567e+01  2.310000e+01
3.134279e+01  2.320000e+01
3.138003e+01  2.330000e+01
3.141736e+01  2.340000e+01
3.145476e+01  2.350000e+01
3.149218e+01  2.360000e+01
3.152959e+01  2.370000e+01
3.156697e+01  2.380000e+01
3.160427e+01  2.390000e+01
3.164147e+01  2.400000e+01
3.167853e+01  2.410000e+01
3.171541e+01  2.420000e+01
3.175208e+01  2.430000e+01
3.178852e+01  2.440000e+01
3.182468e+01  2.450000e+01
3.186053e+01  2.460000e+01
3.189605e+01  2.470000e+01
3.193118e+01  2.480000e+01
3.196591e+01  2.490000e+01
3.200020e+01  2.500000e+01
3.203402e+01  2.510000e+01
3.206738e+01  2.520000e+01
3.210029e+01  2.530000e+01
3.213276e+01  2.540000e+01
3.216481e+01  2.550000e+01
3.219645e+01  2.560000e+01
3.222769e+01  2.570000e+01
3.225854e+01  2.580000e+01
3.228902e+01  2.590000e+01
3.231914e+01  2.600000e+01
3.234892e+01  2.610000e+01
3.237836e+01  2.620000e+01
3.240748e+01  2.630000e+01
3.243629e+01  2.640000e+01
3.246480e+01  2.650000e+01
3.249303e+01  2.660000e+01
3.252100e+01  2.670000e+01
3.254870e+01  2.680000e+01
3.257616e+01  2.690000e+01
3.260339e+01  2.700000e+01
3.263040e+01  2.710000e+01
3.265720e+01  2.720000e+01
3.268381e+01  2.730000e+01
3.271024e+01  2.740000e+01
3.273650e+01  2.750000e+01
3.276261e+01  2.760000e+01
3.278858e+01  2.770000e+01
3.281441e+01  2.780000e+01
3.284013e+01  2.790000e+01
3.286575e+01  2.800000e+01
3.289127e+01  2.810000e+01
3.291672e+01  2.820000e+01
3.294210e+01  2.830000e+01
3.296743e+01  2.840000e+01
3.299272e+01  2.850000e+01
3.301798e+01  2.860000e+01
3.304322e+01  2.870000e+01
3.306844e+01  2.880000e+01
3.309365e+01  2.890000e+01
3.311884e+01  2.900000e+01
3.314401e+01  2.910000e+01
3.316918e+01  2.920000e+01
3.319434e+01  2.930000e+01
3.321949e+01  2.940000e+01
3.324464e+01  2.950000e+01
3.326979e+01  2.960000e+01
3.329493e+01  2.970000e+01
3.332008e+01  2.980000e+01
3.334524e+01  2.990000e+01
3.337040e+01  3.000000e+01
3.339557e+01  3.010000e+01
3.342075e+01  3.020000e+01
3.344593e+01  3.030000e+01
3.347111e+01  3.040000e+01
3.349629e+01  3.050000e+01
3.352147e+01  3.060000e+01
3.354664e+01  3.070000e+01
3.357181e+01  3.080000e+01
3.359696e+01  3.090000e+01
3.362209e+01  3.100000e+01
3.364721e+01  3.110000e+01
3.367231e+01  3.120000e+01
3.369738e+01  3.130000e+01
3.372244e+01  3.140000e+01
3.374746e+01  3.150000e+01
3.377245e+01  3.160000e+01
3.379741e+01  3.170000e+01
3.382234e+01  3.180000e+01
3.384722e+01  3.190000e+01
3.387207e+01  3.200000e+01
3.389687e+01  3.210000e+01
3.392163e+01  3.220000e+01
3.394633e+01  3.230000e+01
3.397099e+01  3.240000e+01
3.399559e+01  3.250000e+01
3.402013e+01  3.260000e+01
3.404462e+01  3.270000e+01
3.406905e+01  3.280000e+01
3.409343e+01  3.290000e+01
3.411776e+01  3.300000e+01
3.414203e+01  3.310000e+01
3.416626e+01  3.320000e+01
3.419044e+01  3.330000e+01
3.421457e+01  3.340000e+01
3.423866e+01  3.350000e+01
3.426270e+01  3.360000e+01
3.428670e+01  3.370000e+01
3.431065e+01  3.380000e+01
3.433457e+01  3.390000e+01
3.435845e+01  3.400000e+01
3.438229e+01  3.410000e+01
3.440610e+01  3.420000e+01
3.442987e+01  3.430000e+01
3.445361e+01  3.440000e+01
3.447732e+01  3.450000e+01
3.450100e+01  3.460000e+01
3.452464e+01  3.470000e+01
3.454826e+01  3.480000e+01
3.457186e+01  3.490000e+01
3.459542e+01  3.500000e+01
3.461897e+01  3.510000e+01
3.464249e+01  3.520000e+01
3.466599e+01  3.530000e+01
3.468948e+01  3.540000e+01
3.471294e+01  3.550000e+01
3.473639e+01  3.560000e+01
3.475982e+01  3.570000e+01
3.478324e+01  3.580000e+01
3.480664e+01  3.590000e+01
3.483004e+01  3.600000e+01
3.485342e+01  3.610000e+01
3.487680e+01  3.620000e+01
3.490017e+01  3.630000e+01
3.492353e+01  3.640000e+01
3.494689e+01  3.650000e+01
3.497024e+01  3.660000e+01
3.499359e+01  3.670000e+01
